,Unnamed: 0,Unnamed: 0.1,Unnamed: 0.1.1,Unnamed: 0.1.1.1,Unnamed: 0.1.1.1.1,Unnamed: 0.1.1.1.1.1,Unnamed: 0.1.1.1.1.1.1,Unnamed: 0.1.1.1.1.1.1.1,Unnamed: 0.1.1.1.1.1.1.1.1,Unnamed: 0.1.1.1.1.1.1.1.1.1,Unnamed: 0.1.1.1.1.1.1.1.1.1.1,Unnamed: 0.1.1.1.1.1.1.1.1.1.1.1,Unnamed: 0.1.1.1.1.1.1.1.1.1.1.1.1,Unnamed: 0.1.1.1.1.1.1.1.1.1.1.1.1.1,Unnamed: 0.1.1.1.1.1.1.1.1.1.1.1.1.1.1,Unnamed: 0.1.1.1.1.1.1.1.1.1.1.1.1.1.1.1,Unnamed: 0.1.1.1.1.1.1.1.1.1.1.1.1.1.1.1.1,Unnamed: 0.1.1.1.1.1.1.1.1.1.1.1.1.1.1.1.1.1,Unnamed: 0.1.1.1.1.1.1.1.1.1.1.1.1.1.1.1.1.1.1,Unnamed: 0.1.1.1.1.1.1.1.1.1.1.1.1.1.1.1.1.1.1.1,Unnamed: 0.1.1.1.1.1.1.1.1.1.1.1.1.1.1.1.1.1.1.1.1,Unnamed: 0.1.1.1.1.1.1.1.1.1.1.1.1.1.1.1.1.1.1.1.1.1,Unnamed: 0.1.1.1.1.1.1.1.1.1.1.1.1.1.1.1.1.1.1.1.1.1.1,Unnamed: 0.1.1.1.1.1.1.1.1.1.1.1.1.1.1.1.1.1.1.1.1.1.1.1,Unnamed: 0.1.1.1.1.1.1.1.1.1.1.1.1.1.1.1.1.1.1.1.1.1.1.1.1,Unnamed: 0.1.1.1.1.1.1.1.1.1.1.1.1.1.1.1.1.1.1.1.1.1.1.1.1.1,Unnamed: 0.1.1.1.1.1.1.1.1.1.1.1.1.1.1.1.1.1.1.1.1.1.1.1.1.1.1,Unnamed: 0.1.1.1.1.1.1.1.1.1.1.1.1.1.1.1.1.1.1.1.1.1.1.1.1.1.1.1,Unnamed: 0.1.1.1.1.1.1.1.1.1.1.1.1.1.1.1.1.1.1.1.1.1.1.1.1.1.1.1.1,Unnamed: 0.1.1.1.1.1.1.1.1.1.1.1.1.1.1.1.1.1.1.1.1.1.1.1.1.1.1.1.1.1,Unnamed: 0.1.1.1.1.1.1.1.1.1.1.1.1.1.1.1.1.1.1.1.1.1.1.1.1.1.1.1.1.1.1,Unnamed: 0.1.1.1.1.1.1.1.1.1.1.1.1.1.1.1.1.1.1.1.1.1.1.1.1.1.1.1.1.1.1.1,Unnamed: 0.1.1.1.1.1.1.1.1.1.1.1.1.1.1.1.1.1.1.1.1.1.1.1.1.1.1.1.1.1.1.1.1,Unnamed: 0.1.1.1.1.1.1.1.1.1.1.1.1.1.1.1.1.1.1.1.1.1.1.1.1.1.1.1.1.1.1.1.1.1,Unnamed: 0.1.1.1.1.1.1.1.1.1.1.1.1.1.1.1.1.1.1.1.1.1.1.1.1.1.1.1.1.1.1.1.1.1.1,Unnamed: 0.1.1.1.1.1.1.1.1.1.1.1.1.1.1.1.1.1.1.1.1.1.1.1.1.1.1.1.1.1.1.1.1.1.1.1,Unnamed: 0.1.1.1.1.1.1.1.1.1.1.1.1.1.1.1.1.1.1.1.1.1.1.1.1.1.1.1.1.1.1.1.1.1.1.1.1,Unnamed: 0.1.1.1.1.1.1.1.1.1.1.1.1.1.1.1.1.1.1.1.1.1.1.1.1.1.1.1.1.1.1.1.1.1.1.1.1.1,Unnamed: 0.1.1.1.1.1.1.1.1.1.1.1.1.1.1.1.1.1.1.1.1.1.1.1.1.1.1.1.1.1.1.1.1.1.1.1.1.1.1,Unnamed: 0.1.1.1.1.1.1.1.1.1.1.1.1.1.1.1.1.1.1.1.1.1.1.1.1.1.1.1.1.1.1.1.1.1.1.1.1.1.1.1,Unnamed: 0.1.1.1.1.1.1.1.1.1.1.1.1.1.1.1.1.1.1.1.1.1.1.1.1.1.1.1.1.1.1.1.1.1.1.1.1.1.1.1.1,Unnamed: 0.1.1.1.1.1.1.1.1.1.1.1.1.1.1.1.1.1.1.1.1.1.1.1.1.1.1.1.1.1.1.1.1.1.1.1.1.1.1.1.1.1,Unnamed: 0.1.1.1.1.1.1.1.1.1.1.1.1.1.1.1.1.1.1.1.1.1.1.1.1.1.1.1.1.1.1.1.1.1.1.1.1.1.1.1.1.1.1,Unnamed: 0.1.1.1.1.1.1.1.1.1.1.1.1.1.1.1.1.1.1.1.1.1.1.1.1.1.1.1.1.1.1.1.1.1.1.1.1.1.1.1.1.1.1.1,Unnamed: 0.1.1.1.1.1.1.1.1.1.1.1.1.1.1.1.1.1.1.1.1.1.1.1.1.1.1.1.1.1.1.1.1.1.1.1.1.1.1.1.1.1.1.1.1,Unnamed: 0.1.1.1.1.1.1.1.1.1.1.1.1.1.1.1.1.1.1.1.1.1.1.1.1.1.1.1.1.1.1.1.1.1.1.1.1.1.1.1.1.1.1.1.1.1,Unnamed: 0.1.1.1.1.1.1.1.1.1.1.1.1.1.1.1.1.1.1.1.1.1.1.1.1.1.1.1.1.1.1.1.1.1.1.1.1.1.1.1.1.1.1.1.1.1.1,Unnamed: 0.1.1.1.1.1.1.1.1.1.1.1.1.1.1.1.1.1.1.1.1.1.1.1.1.1.1.1.1.1.1.1.1.1.1.1.1.1.1.1.1.1.1.1.1.1.1.1,Unnamed: 0.1.1.1.1.1.1.1.1.1.1.1.1.1.1.1.1.1.1.1.1.1.1.1.1.1.1.1.1.1.1.1.1.1.1.1.1.1.1.1.1.1.1.1.1.1.1.1.1,Unnamed: 0.1.1.1.1.1.1.1.1.1.1.1.1.1.1.1.1.1.1.1.1.1.1.1.1.1.1.1.1.1.1.1.1.1.1.1.1.1.1.1.1.1.1.1.1.1.1.1.1.1,Unnamed: 0.1.1.1.1.1.1.1.1.1.1.1.1.1.1.1.1.1.1.1.1.1.1.1.1.1.1.1.1.1.1.1.1.1.1.1.1.1.1.1.1.1.1.1.1.1.1.1.1.1.1,Unnamed: 0.1.1.1.1.1.1.1.1.1.1.1.1.1.1.1.1.1.1.1.1.1.1.1.1.1.1.1.1.1.1.1.1.1.1.1.1.1.1.1.1.1.1.1.1.1.1.1.1.1.1.1,Unnamed: 0.1.1.1.1.1.1.1.1.1.1.1.1.1.1.1.1.1.1.1.1.1.1.1.1.1.1.1.1.1.1.1.1.1.1.1.1.1.1.1.1.1.1.1.1.1.1.1.1.1.1.1.1,Unnamed: 0.1.1.1.1.1.1.1.1.1.1.1.1.1.1.1.1.1.1.1.1.1.1.1.1.1.1.1.1.1.1.1.1.1.1.1.1.1.1.1.1.1.1.1.1.1.1.1.1.1.1.1.1.1,Unnamed: 0.1.1.1.1.1.1.1.1.1.1.1.1.1.1.1.1.1.1.1.1.1.1.1.1.1.1.1.1.1.1.1.1.1.1.1.1.1.1.1.1.1.1.1.1.1.1.1.1.1.1.1.1.1.1,Unnamed: 0.1.1.1.1.1.1.1.1.1.1.1.1.1.1.1.1.1.1.1.1.1.1.1.1.1.1.1.1.1.1.1.1.1.1.1.1.1.1.1.1.1.1.1.1.1.1.1.1.1.1.1.1.1.1.1,Unnamed: 0.1.1.1.1.1.1.1.1.1.1.1.1.1.1.1.1.1.1.1.1.1.1.1.1.1.1.1.1.1.1.1.1.1.1.1.1.1.1.1.1.1.1.1.1.1.1.1.1.1.1.1.1.1.1.1.1,Unnamed: 0.1.1.1.1.1.1.1.1.1.1.1.1.1.1.1.1.1.1.1.1.1.1.1.1.1.1.1.1.1.1.1.1.1.1.1.1.1.1.1.1.1.1.1.1.1.1.1.1.1.1.1.1.1.1.1.1.1,Unnamed: 0.1.1.1.1.1.1.1.1.1.1.1.1.1.1.1.1.1.1.1.1.1.1.1.1.1.1.1.1.1.1.1.1.1.1.1.1.1.1.1.1.1.1.1.1.1.1.1.1.1.1.1.1.1.1.1.1.1.1,Unnamed: 0.1.1.1.1.1.1.1.1.1.1.1.1.1.1.1.1.1.1.1.1.1.1.1.1.1.1.1.1.1.1.1.1.1.1.1.1.1.1.1.1.1.1.1.1.1.1.1.1.1.1.1.1.1.1.1.1.1.1.1,Unnamed: 0.1.1.1.1.1.1.1.1.1.1.1.1.1.1.1.1.1.1.1.1.1.1.1.1.1.1.1.1.1.1.1.1.1.1.1.1.1.1.1.1.1.1.1.1.1.1.1.1.1.1.1.1.1.1.1.1.1.1.1.1,Unnamed: 0.1.1.1.1.1.1.1.1.1.1.1.1.1.1.1.1.1.1.1.1.1.1.1.1.1.1.1.1.1.1.1.1.1.1.1.1.1.1.1.1.1.1.1.1.1.1.1.1.1.1.1.1.1.1.1.1.1.1.1.1.1,Unnamed: 0.1.1.1.1.1.1.1.1.1.1.1.1.1.1.1.1.1.1.1.1.1.1.1.1.1.1.1.1.1.1.1.1.1.1.1.1.1.1.1.1.1.1.1.1.1.1.1.1.1.1.1.1.1.1.1.1.1.1.1.1.1.1,Unnamed: 0.1.1.1.1.1.1.1.1.1.1.1.1.1.1.1.1.1.1.1.1.1.1.1.1.1.1.1.1.1.1.1.1.1.1.1.1.1.1.1.1.1.1.1.1.1.1.1.1.1.1.1.1.1.1.1.1.1.1.1.1.1.1.1,Unnamed: 0.1.1.1.1.1.1.1.1.1.1.1.1.1.1.1.1.1.1.1.1.1.1.1.1.1.1.1.1.1.1.1.1.1.1.1.1.1.1.1.1.1.1.1.1.1.1.1.1.1.1.1.1.1.1.1.1.1.1.1.1.1.1.1.1,Unnamed: 0.1.1.1.1.1.1.1.1.1.1.1.1.1.1.1.1.1.1.1.1.1.1.1.1.1.1.1.1.1.1.1.1.1.1.1.1.1.1.1.1.1.1.1.1.1.1.1.1.1.1.1.1.1.1.1.1.1.1.1.1.1.1.1.1.1,Unnamed: 0.1.1.1.1.1.1.1.1.1.1.1.1.1.1.1.1.1.1.1.1.1.1.1.1.1.1.1.1.1.1.1.1.1.1.1.1.1.1.1.1.1.1.1.1.1.1.1.1.1.1.1.1.1.1.1.1.1.1.1.1.1.1.1.1.1.1,Unnamed: 0.1.1.1.1.1.1.1.1.1.1.1.1.1.1.1.1.1.1.1.1.1.1.1.1.1.1.1.1.1.1.1.1.1.1.1.1.1.1.1.1.1.1.1.1.1.1.1.1.1.1.1.1.1.1.1.1.1.1.1.1.1.1.1.1.1.1.1,Unnamed: 0.1.1.1.1.1.1.1.1.1.1.1.1.1.1.1.1.1.1.1.1.1.1.1.1.1.1.1.1.1.1.1.1.1.1.1.1.1.1.1.1.1.1.1.1.1.1.1.1.1.1.1.1.1.1.1.1.1.1.1.1.1.1.1.1.1.1.1.1,Unnamed: 0.1.1.1.1.1.1.1.1.1.1.1.1.1.1.1.1.1.1.1.1.1.1.1.1.1.1.1.1.1.1.1.1.1.1.1.1.1.1.1.1.1.1.1.1.1.1.1.1.1.1.1.1.1.1.1.1.1.1.1.1.1.1.1.1.1.1.1.1.1,Unnamed: 0.1.1.1.1.1.1.1.1.1.1.1.1.1.1.1.1.1.1.1.1.1.1.1.1.1.1.1.1.1.1.1.1.1.1.1.1.1.1.1.1.1.1.1.1.1.1.1.1.1.1.1.1.1.1.1.1.1.1.1.1.1.1.1.1.1.1.1.1.1.1,Unnamed: 0.1.1.1.1.1.1.1.1.1.1.1.1.1.1.1.1.1.1.1.1.1.1.1.1.1.1.1.1.1.1.1.1.1.1.1.1.1.1.1.1.1.1.1.1.1.1.1.1.1.1.1.1.1.1.1.1.1.1.1.1.1.1.1.1.1.1.1.1.1.1.1,Unnamed: 0.1.1.1.1.1.1.1.1.1.1.1.1.1.1.1.1.1.1.1.1.1.1.1.1.1.1.1.1.1.1.1.1.1.1.1.1.1.1.1.1.1.1.1.1.1.1.1.1.1.1.1.1.1.1.1.1.1.1.1.1.1.1.1.1.1.1.1.1.1.1.1.1,Unnamed: 0.1.1.1.1.1.1.1.1.1.1.1.1.1.1.1.1.1.1.1.1.1.1.1.1.1.1.1.1.1.1.1.1.1.1.1.1.1.1.1.1.1.1.1.1.1.1.1.1.1.1.1.1.1.1.1.1.1.1.1.1.1.1.1.1.1.1.1.1.1.1.1.1.1,Unnamed: 0.1.1.1.1.1.1.1.1.1.1.1.1.1.1.1.1.1.1.1.1.1.1.1.1.1.1.1.1.1.1.1.1.1.1.1.1.1.1.1.1.1.1.1.1.1.1.1.1.1.1.1.1.1.1.1.1.1.1.1.1.1.1.1.1.1.1.1.1.1.1.1.1.1.1,t,x0,x1,x2,x3,x4,x5,x6,x7,x8,x9,x10,x11,x12,x13,x14,x15,x16,x17,x18,x19,u0,u1,L,inst_cost,ctg,path_diff
0,0,0.0,0.0,0.0,0.0,0.0,0.0,0.0,0.0,0.0,0.0,0.0,0.0,0.0,0.0,0.0,0.0,0.0,0.0,0.0,0.0,0.0,0.0,0.0,0.0,0.0,0.0,0.0,0.0,0.0,0.0,0.0,0.0,0.0,0.0,0.0,0.0,0.0,0.0,0.0,0.0,0.0,0.0,0.0,0.0,0.0,0.0,0.0,0.0,0.0,0.0,0.0,0.0,0.0,,,,,,,,,,,,,,,,,,,,,,0.0,273.0,273.0,273.0,273.0,273.0,273.0,273.0,273.0,273.0,273.0,273.0,273.0,273.0,273.0,273.0,273.0,273.0,273.0,273.0,273.0,388.0,451.0,0.0,356.2293,925.3523,0.2062999999999988
1,1,1.0,1.0,1.0,1.0,1.0,1.0,1.0,1.0,1.0,1.0,1.0,1.0,1.0,1.0,1.0,1.0,1.0,1.0,1.0,1.0,1.0,1.0,1.0,1.0,1.0,1.0,1.0,1.0,1.0,1.0,1.0,1.0,1.0,1.0,1.0,1.0,1.0,1.0,1.0,1.0,1.0,1.0,1.0,1.0,1.0,1.0,1.0,1.0,1.0,1.0,1.0,1.0,1.0,,,,,,,,,,,,,,,,,,,,,,0.1,363.7387,343.2384,326.1098,312.1016,300.9827,292.4871,286.3106,282.1433,279.7191,278.8677,279.5552,281.9074,286.2091,292.8793,302.4263,315.3904,332.296,353.6408,379.9573,411.9849,315.0,428.0,356.2293,112.07,569.123,0.2062999999999988
2,2,2.0,2.0,2.0,2.0,2.0,2.0,2.0,2.0,2.0,2.0,2.0,2.0,2.0,2.0,2.0,2.0,2.0,2.0,2.0,2.0,2.0,2.0,2.0,2.0,2.0,2.0,2.0,2.0,2.0,2.0,2.0,2.0,2.0,2.0,2.0,2.0,2.0,2.0,2.0,2.0,2.0,2.0,2.0,2.0,2.0,2.0,2.0,2.0,2.0,2.0,2.0,2.0,2.0,,,,,,,,,,,,,,,,,,,,,,0.2,310.429,306.6356,303.3503,300.4046,297.7408,295.4063,293.5316,292.3021,291.9286,292.6223,294.5795,297.974,302.9595,309.6796,318.2852,328.9606,341.9593,357.652,376.5933,399.6189,293.0,379.0,468.2993,58.89059999999995,457.053,0.2062999999999988
3,3,3.0,3.0,3.0,3.0,3.0,3.0,3.0,3.0,3.0,3.0,3.0,3.0,3.0,3.0,3.0,3.0,3.0,3.0,3.0,3.0,3.0,3.0,3.0,3.0,3.0,3.0,3.0,3.0,3.0,3.0,3.0,3.0,3.0,3.0,3.0,3.0,3.0,3.0,3.0,3.0,3.0,3.0,3.0,3.0,3.0,3.0,3.0,3.0,3.0,3.0,3.0,3.0,3.0,,,,,,,,,,,,,,,,,,,,,,0.3,292.3323,291.9965,291.8794,291.9122,292.0769,292.4048,292.9674,293.8623,295.1982,297.0793,299.595,302.8132,306.7823,311.5403,317.1327,323.638,331.1993,340.0575,350.5851,363.3194,315.0,412.0,527.1899,64.50319999999999,398.1624000000001,0.2062999999999988
4,4,4.0,4.0,4.0,4.0,4.0,4.0,4.0,4.0,4.0,4.0,4.0,4.0,4.0,4.0,4.0,4.0,4.0,4.0,4.0,4.0,4.0,4.0,4.0,4.0,4.0,4.0,4.0,4.0,4.0,4.0,4.0,4.0,4.0,4.0,4.0,4.0,4.0,4.0,4.0,4.0,4.0,4.0,4.0,4.0,4.0,4.0,4.0,4.0,4.0,4.0,4.0,4.0,4.0,,,,,,,,,,,,,,,,,,,,,,0.4,309.1709,304.3831,300.5809,297.7167,295.7414,294.6019,294.2454,294.628,295.7247,297.5397,300.1137,303.5306,307.9207,313.4627,320.3841,328.9626,339.533,352.5034,368.392,387.8942,318.0,412.0,591.6931,48.6214,333.65920000000006,0.2062999999999988
5,5,5.0,5.0,5.0,5.0,5.0,5.0,5.0,5.0,5.0,5.0,5.0,5.0,5.0,5.0,5.0,5.0,5.0,5.0,5.0,5.0,5.0,5.0,5.0,5.0,5.0,5.0,5.0,5.0,5.0,5.0,5.0,5.0,5.0,5.0,5.0,5.0,5.0,5.0,5.0,5.0,5.0,5.0,5.0,5.0,5.0,5.0,5.0,5.0,5.0,5.0,5.0,5.0,5.0,,,,,,,,,,,,,,,,,,,,,,0.5,312.1255,307.3276,303.4995,300.563,298.4607,297.1524,296.6127,296.8314,297.815,299.5886,302.199,305.7173,310.2432,315.9098,322.8915,331.4152,341.7781,354.3736,369.7336,388.5935,283.0,350.0,640.3145,43.84390000000008,285.03780000000006,0.2062999999999988
6,6,6.0,6.0,6.0,6.0,6.0,6.0,6.0,6.0,6.0,6.0,6.0,6.0,6.0,6.0,6.0,6.0,6.0,6.0,6.0,6.0,6.0,6.0,6.0,6.0,6.0,6.0,6.0,6.0,6.0,6.0,6.0,6.0,6.0,6.0,6.0,6.0,6.0,6.0,6.0,6.0,6.0,6.0,6.0,6.0,6.0,6.0,6.0,6.0,6.0,6.0,6.0,6.0,6.0,,,,,,,,,,,,,,,,,,,,,,0.6,284.6816,286.4433,288.1699,289.7934,291.301,292.7307,294.1589,295.6829,297.4011,299.3974,301.7289,304.4217,307.4737,310.8652,314.5793,318.6276,323.082,328.1042,333.971,341.0888,314.0,413.0,684.1584,72.21769999999992,241.1939,0.2062999999999988
7,7,7.0,7.0,7.0,7.0,7.0,7.0,7.0,7.0,7.0,7.0,7.0,7.0,7.0,7.0,7.0,7.0,7.0,7.0,7.0,7.0,7.0,7.0,7.0,7.0,7.0,7.0,7.0,7.0,7.0,7.0,7.0,7.0,7.0,7.0,7.0,7.0,7.0,7.0,7.0,7.0,7.0,7.0,7.0,7.0,7.0,7.0,7.0,7.0,7.0,7.0,7.0,7.0,7.0,,,,,,,,,,,,,,,,,,,,,,0.7,308.2542,303.5444,299.8344,297.085,295.2424,294.2363,293.9892,294.4297,295.5094,297.2188,299.6005,302.7579,306.8591,312.1352,318.8739,327.4108,338.1242,351.4417,367.8726,388.0779,316.0,415.0,756.3761,52.44400000000008,168.97620000000006,0.2062999999999988
8,8,8.0,8.0,8.0,8.0,8.0,8.0,8.0,8.0,8.0,8.0,8.0,8.0,8.0,8.0,8.0,8.0,8.0,8.0,8.0,8.0,8.0,8.0,8.0,8.0,8.0,8.0,8.0,8.0,8.0,8.0,8.0,8.0,8.0,8.0,8.0,8.0,8.0,8.0,8.0,8.0,8.0,8.0,8.0,8.0,8.0,8.0,8.0,8.0,8.0,8.0,8.0,8.0,8.0,,,,,,,,,,,,,,,,,,,,,,0.8,310.4798,305.9782,302.3943,299.654,297.7042,296.5086,296.0467,296.3147,297.327,299.1189,301.7489,305.3023,309.8939,315.6726,322.828,331.6011,342.3005,355.3304,371.234,390.7642,282.0,353.0,808.8201,44.81689999999992,116.5322,0.2062999999999988
9,9,9.0,9.0,9.0,9.0,9.0,9.0,9.0,9.0,9.0,9.0,9.0,9.0,9.0,9.0,9.0,9.0,9.0,9.0,9.0,9.0,9.0,9.0,9.0,9.0,9.0,9.0,9.0,9.0,9.0,9.0,9.0,9.0,9.0,9.0,9.0,9.0,9.0,9.0,9.0,9.0,9.0,9.0,9.0,9.0,9.0,9.0,9.0,9.0,9.0,9.0,9.0,9.0,9.0,,,,,,,,,,,,,,,,,,,,,,0.9,283.7837,285.6303,287.4302,289.12,290.6904,292.1819,293.6735,295.2642,297.0554,299.1341,301.5618,304.3694,307.5606,311.1221,315.0438,319.3449,324.1053,329.496,335.8045,343.4519,315.0,415.0,853.637,71.71530000000007,71.71530000000007,0.2062999999999988
10,10,10.0,10.0,10.0,10.0,10.0,10.0,10.0,10.0,10.0,10.0,10.0,10.0,10.0,10.0,10.0,10.0,10.0,10.0,10.0,10.0,10.0,10.0,10.0,10.0,10.0,10.0,10.0,10.0,10.0,10.0,10.0,10.0,10.0,10.0,10.0,10.0,10.0,10.0,10.0,10.0,10.0,10.0,10.0,10.0,10.0,10.0,10.0,10.0,10.0,10.0,10.0,10.0,10.0,,,,,,,,,,,,,,,,,,,,,,0.0,273.0,273.0,273.0,273.0,273.0,273.0,273.0,273.0,273.0,273.0,273.0,273.0,273.0,273.0,273.0,273.0,273.0,273.0,273.0,273.0,389.0,451.0,0.0,356.1146,945.9978,0.3077000000000112
11,11,11.0,11.0,11.0,11.0,11.0,11.0,11.0,11.0,11.0,11.0,11.0,11.0,11.0,11.0,11.0,11.0,11.0,11.0,11.0,11.0,11.0,11.0,11.0,11.0,11.0,11.0,11.0,11.0,11.0,11.0,11.0,11.0,11.0,11.0,11.0,11.0,11.0,11.0,11.0,11.0,11.0,11.0,11.0,11.0,11.0,11.0,11.0,11.0,11.0,11.0,11.0,11.0,11.0,,,,,,,,,,,,,,,,,,,,,,0.1,364.5135,343.8319,326.5561,312.4294,301.2168,292.6492,286.4192,282.2136,279.763,278.8941,279.5706,281.916,286.2137,292.8817,302.4275,315.391,332.2963,353.641,379.9574,411.985,315.0,427.0,356.1146,111.8313,589.8832,0.3077000000000112
12,12,12.0,12.0,12.0,12.0,12.0,12.0,12.0,12.0,12.0,12.0,12.0,12.0,12.0,12.0,12.0,12.0,12.0,12.0,12.0,12.0,12.0,12.0,12.0,12.0,12.0,12.0,12.0,12.0,12.0,12.0,12.0,12.0,12.0,12.0,12.0,12.0,12.0,12.0,12.0,12.0,12.0,12.0,12.0,12.0,12.0,12.0,12.0,12.0,12.0,12.0,12.0,12.0,12.0,,,,,,,,,,,,,,,,,,,,,,0.2,310.4596,306.6939,303.4307,300.4997,297.8429,295.5077,293.6259,292.3842,291.9944,292.6687,294.6029,297.97,302.9217,309.5987,318.1485,328.7518,341.6579,357.2328,376.0253,398.8623,294.0,380.0,467.9459,58.99539999999996,478.0519,0.3077000000000112
13,13,13.0,13.0,13.0,13.0,13.0,13.0,13.0,13.0,13.0,13.0,13.0,13.0,13.0,13.0,13.0,13.0,13.0,13.0,13.0,13.0,13.0,13.0,13.0,13.0,13.0,13.0,13.0,13.0,13.0,13.0,13.0,13.0,13.0,13.0,13.0,13.0,13.0,13.0,13.0,13.0,13.0,13.0,13.0,13.0,13.0,13.0,13.0,13.0,13.0,13.0,13.0,13.0,13.0,,,,,,,,,,,,,,,,,,,,,,0.3,293.1367,292.6312,292.3703,292.2841,292.3528,292.6049,293.1087,293.9587,295.2607,297.1172,299.6169,302.8287,306.8034,311.5826,317.2162,323.7876,331.4445,340.4318,351.1255,364.0664,316.0,413.0,526.9413,63.68780000000004,419.0565,0.3077000000000112
14,14,14.0,14.0,14.0,14.0,14.0,14.0,14.0,14.0,14.0,14.0,14.0,14.0,14.0,14.0,14.0,14.0,14.0,14.0,14.0,14.0,14.0,14.0,14.0,14.0,14.0,14.0,14.0,14.0,14.0,14.0,14.0,14.0,14.0,14.0,14.0,14.0,14.0,14.0,14.0,14.0,14.0,14.0,14.0,14.0,14.0,14.0,14.0,14.0,14.0,14.0,14.0,14.0,14.0,,,,,,,,,,,,,,,,,,,,,,0.4,309.9977,305.0636,301.1376,298.169,296.1063,294.8947,294.4802,294.818,295.8827,297.6779,300.2446,303.6668,308.0754,313.6496,320.6182,329.2604,339.9131,352.9878,369.0079,388.6774,318.0,412.0,590.6291,47.58820000000003,355.3687,0.3077000000000112
15,15,15.0,15.0,15.0,15.0,15.0,15.0,15.0,15.0,15.0,15.0,15.0,15.0,15.0,15.0,15.0,15.0,15.0,15.0,15.0,15.0,15.0,15.0,15.0,15.0,15.0,15.0,15.0,15.0,15.0,15.0,15.0,15.0,15.0,15.0,15.0,15.0,15.0,15.0,15.0,15.0,15.0,15.0,15.0,15.0,15.0,15.0,15.0,15.0,15.0,15.0,15.0,15.0,15.0,,,,,,,,,,,,,,,,,,,,,,0.5,312.1716,307.4162,303.624,300.7148,298.6308,297.3321,296.7951,297.0118,297.9909,299.7594,302.3652,305.8797,310.4019,316.0638,323.038,331.5499,341.8955,354.4679,369.7996,388.6274,281.0,350.0,638.2173,43.44960000000003,307.7805,0.3077000000000112
16,16,16.0,16.0,16.0,16.0,16.0,16.0,16.0,16.0,16.0,16.0,16.0,16.0,16.0,16.0,16.0,16.0,16.0,16.0,16.0,16.0,16.0,16.0,16.0,16.0,16.0,16.0,16.0,16.0,16.0,16.0,16.0,16.0,16.0,16.0,16.0,16.0,16.0,16.0,16.0,16.0,16.0,16.0,16.0,16.0,16.0,16.0,16.0,16.0,16.0,16.0,16.0,16.0,16.0,,,,,,,,,,,,,,,,,,,,,,0.6,283.107,285.2431,287.2898,289.1784,290.8978,292.4903,294.0387,295.6474,297.4224,299.4542,301.8059,304.508,307.5617,310.9497,314.6567,318.6953,323.1381,328.1474,334.0003,341.1036,292.0,372.0,681.6669,77.6149999999999,264.3309,0.3077000000000112
17,17,17.0,17.0,17.0,17.0,17.0,17.0,17.0,17.0,17.0,17.0,17.0,17.0,17.0,17.0,17.0,17.0,17.0,17.0,17.0,17.0,17.0,17.0,17.0,17.0,17.0,17.0,17.0,17.0,17.0,17.0,17.0,17.0,17.0,17.0,17.0,17.0,17.0,17.0,17.0,17.0,17.0,17.0,17.0,17.0,17.0,17.0,17.0,17.0,17.0,17.0,17.0,17.0,17.0,,,,,,,,,,,,,,,,,,,,,,0.7,290.7364,289.8962,289.459,289.4044,289.7096,290.3509,291.3065,292.5621,294.1167,295.9875,298.2156,300.8696,304.0487,307.8849,312.5438,318.2245,325.162,333.6322,343.9658,356.575,328.0,441.0,759.2819,79.56180000000006,186.71590000000003,0.3077000000000112
18,18,18.0,18.0,18.0,18.0,18.0,18.0,18.0,18.0,18.0,18.0,18.0,18.0,18.0,18.0,18.0,18.0,18.0,18.0,18.0,18.0,18.0,18.0,18.0,18.0,18.0,18.0,18.0,18.0,18.0,18.0,18.0,18.0,18.0,18.0,18.0,18.0,18.0,18.0,18.0,18.0,18.0,18.0,18.0,18.0,18.0,18.0,18.0,18.0,18.0,18.0,18.0,18.0,18.0,,,,,,,,,,,,,,,,,,,,,,0.8,319.1847,311.8281,305.8572,301.2092,297.8117,295.577,294.4097,294.2225,294.9559,296.5973,299.1966,302.8759,307.8331,314.3389,322.729,333.3962,346.7901,363.4378,384.0008,409.3939,289.0,362.0,838.8437,43.31190000000004,107.15409999999996,0.3077000000000112
19,19,19.0,19.0,19.0,19.0,19.0,19.0,19.0,19.0,19.0,19.0,19.0,19.0,19.0,19.0,19.0,19.0,19.0,19.0,19.0,19.0,19.0,19.0,19.0,19.0,19.0,19.0,19.0,19.0,19.0,19.0,19.0,19.0,19.0,19.0,19.0,19.0,19.0,19.0,19.0,19.0,19.0,19.0,19.0,19.0,19.0,19.0,19.0,19.0,19.0,19.0,19.0,19.0,19.0,,,,,,,,,,,,,,,,,,,,,,0.9,289.439,290.0944,290.8439,291.6169,292.4018,293.2418,294.2219,295.4489,297.0316,299.0623,301.604,304.6844,308.2983,312.42,317.0252,322.1223,327.7887,334.2081,341.7014,350.7483,315.0,412.0,882.1556,63.842199999999934,63.842199999999934,0.3077000000000112
20,20,20.0,20.0,20.0,20.0,20.0,20.0,20.0,20.0,20.0,20.0,20.0,20.0,20.0,20.0,20.0,20.0,20.0,20.0,20.0,20.0,20.0,20.0,20.0,20.0,20.0,20.0,20.0,20.0,20.0,20.0,20.0,20.0,20.0,20.0,20.0,20.0,20.0,20.0,20.0,20.0,20.0,20.0,20.0,20.0,20.0,20.0,20.0,20.0,20.0,20.0,20.0,20.0,20.0,,,,,,,,,,,,,,,,,,,,,,0.0,273.0,273.0,273.0,273.0,273.0,273.0,273.0,273.0,273.0,273.0,273.0,273.0,273.0,273.0,273.0,273.0,273.0,273.0,273.0,273.0,391.0,451.0,0.0,355.8932,897.3797,0.3532000000000153
21,21,21.0,21.0,21.0,21.0,21.0,21.0,21.0,21.0,21.0,21.0,21.0,21.0,21.0,21.0,21.0,21.0,21.0,21.0,21.0,21.0,21.0,21.0,21.0,21.0,21.0,21.0,21.0,21.0,21.0,21.0,21.0,21.0,21.0,21.0,21.0,21.0,21.0,21.0,21.0,21.0,21.0,21.0,21.0,21.0,21.0,21.0,21.0,21.0,21.0,21.0,21.0,21.0,21.0,,,,,,,,,,,,,,,,,,,,,,0.1,366.0623,345.0179,327.448,313.0844,301.6846,292.9732,286.6363,282.3541,279.8507,278.9469,279.6013,281.9332,286.2229,292.8865,302.4299,315.3921,332.2968,353.6412,379.9575,411.985,314.0,431.0,355.8932,111.19490000000002,541.4865,0.3532000000000153
22,22,22.0,22.0,22.0,22.0,22.0,22.0,22.0,22.0,22.0,22.0,22.0,22.0,22.0,22.0,22.0,22.0,22.0,22.0,22.0,22.0,22.0,22.0,22.0,22.0,22.0,22.0,22.0,22.0,22.0,22.0,22.0,22.0,22.0,22.0,22.0,22.0,22.0,22.0,22.0,22.0,22.0,22.0,22.0,22.0,22.0,22.0,22.0,22.0,22.0,22.0,22.0,22.0,22.0,,,,,,,,,,,,,,,,,,,,,,0.2,309.7314,306.201,303.1332,300.3557,297.8118,295.5532,293.7186,292.5036,292.1297,292.8195,294.7799,298.1949,303.2284,310.0338,318.7723,329.6383,342.8962,358.9289,378.3072,401.8924,314.0,413.0,467.0881,54.591200000000015,430.2916,0.3532000000000153
23,23,23.0,23.0,23.0,23.0,23.0,23.0,23.0,23.0,23.0,23.0,23.0,23.0,23.0,23.0,23.0,23.0,23.0,23.0,23.0,23.0,23.0,23.0,23.0,23.0,23.0,23.0,23.0,23.0,23.0,23.0,23.0,23.0,23.0,23.0,23.0,23.0,23.0,23.0,23.0,23.0,23.0,23.0,23.0,23.0,23.0,23.0,23.0,23.0,23.0,23.0,23.0,23.0,23.0,,,,,,,,,,,,,,,,,,,,,,0.3,308.9838,304.8981,301.6224,299.0732,297.2011,295.9889,295.4475,295.6124,296.5378,298.2923,300.9543,304.6107,309.3584,315.3107,322.6101,331.447,342.087,354.9057,370.4364,389.4379,285.0,358.0,521.6793,46.36670000000004,375.7004,0.3532000000000153
24,24,24.0,24.0,24.0,24.0,24.0,24.0,24.0,24.0,24.0,24.0,24.0,24.0,24.0,24.0,24.0,24.0,24.0,24.0,24.0,24.0,24.0,24.0,24.0,24.0,24.0,24.0,24.0,24.0,24.0,24.0,24.0,24.0,24.0,24.0,24.0,24.0,24.0,24.0,24.0,24.0,24.0,24.0,24.0,24.0,24.0,24.0,24.0,24.0,24.0,24.0,24.0,24.0,24.0,,,,,,,,,,,,,,,,,,,,,,0.4,286.0836,287.3112,288.5809,289.833,291.0566,292.2863,293.5919,295.0626,296.7906,298.8567,301.3197,304.2129,307.5468,311.3198,315.5364,320.2333,325.5081,331.5492,338.661,347.2824,315.0,414.0,568.046,69.72559999999999,329.3336999999999,0.3532000000000153
25,25,25.0,25.0,25.0,25.0,25.0,25.0,25.0,25.0,25.0,25.0,25.0,25.0,25.0,25.0,25.0,25.0,25.0,25.0,25.0,25.0,25.0,25.0,25.0,25.0,25.0,25.0,25.0,25.0,25.0,25.0,25.0,25.0,25.0,25.0,25.0,25.0,25.0,25.0,25.0,25.0,25.0,25.0,25.0,25.0,25.0,25.0,25.0,25.0,25.0,25.0,25.0,25.0,25.0,,,,,,,,,,,,,,,,,,,,,,0.5,309.0367,304.1373,300.2635,297.376,295.422,294.3341,294.0377,294.4638,295.5655,297.3324,299.8032,303.0744,307.3038,312.7102,319.5681,328.2016,338.9823,352.339,368.7913,389.0206,315.0,415.0,637.7716,50.67849999999999,259.6080999999999,0.3532000000000153
26,26,26.0,26.0,26.0,26.0,26.0,26.0,26.0,26.0,26.0,26.0,26.0,26.0,26.0,26.0,26.0,26.0,26.0,26.0,26.0,26.0,26.0,26.0,26.0,26.0,26.0,26.0,26.0,26.0,26.0,26.0,26.0,26.0,26.0,26.0,26.0,26.0,26.0,26.0,26.0,26.0,26.0,26.0,26.0,26.0,26.0,26.0,26.0,26.0,26.0,26.0,26.0,26.0,26.0,,,,,,,,,,,,,,,,,,,,,,0.6,309.7211,305.4284,302.021,299.4258,297.5916,296.4864,296.0946,296.4179,297.4754,299.3057,301.9691,305.5506,310.1634,315.9539,323.109,331.8672,342.5364,355.5216,371.3682,390.8333,285.0,354.0,688.4501,43.76859999999999,208.9296,0.3532000000000153
27,27,27.0,27.0,27.0,27.0,27.0,27.0,27.0,27.0,27.0,27.0,27.0,27.0,27.0,27.0,27.0,27.0,27.0,27.0,27.0,27.0,27.0,27.0,27.0,27.0,27.0,27.0,27.0,27.0,27.0,27.0,27.0,27.0,27.0,27.0,27.0,27.0,27.0,27.0,27.0,27.0,27.0,27.0,27.0,27.0,27.0,27.0,27.0,27.0,27.0,27.0,27.0,27.0,27.0,,,,,,,,,,,,,,,,,,,,,,0.7,286.1591,287.4602,288.7997,290.1162,291.3973,292.676,294.02,295.516,297.2525,299.3056,301.7281,304.5453,307.7576,311.3514,315.3178,319.6789,324.518,330.0101,336.447,344.2544,315.0,415.0,732.2187,69.68439999999998,165.16099999999994,0.3532000000000153
28,28,28.0,28.0,28.0,28.0,28.0,28.0,28.0,28.0,28.0,28.0,28.0,28.0,28.0,28.0,28.0,28.0,28.0,28.0,28.0,28.0,28.0,28.0,28.0,28.0,28.0,28.0,28.0,28.0,28.0,28.0,28.0,28.0,28.0,28.0,28.0,28.0,28.0,28.0,28.0,28.0,28.0,28.0,28.0,28.0,28.0,28.0,28.0,28.0,28.0,28.0,28.0,28.0,28.0,,,,,,,,,,,,,,,,,,,,,,0.8,309.077,304.2164,300.3782,297.5211,295.5905,294.5172,294.2249,294.6436,295.7261,297.463,299.8961,303.1271,307.3214,312.7071,319.5696,328.2434,339.109,352.6011,369.2423,389.7161,314.0,412.0,801.9031,50.298,95.47659999999996,0.3532000000000153
29,29,29.0,29.0,29.0,29.0,29.0,29.0,29.0,29.0,29.0,29.0,29.0,29.0,29.0,29.0,29.0,29.0,29.0,29.0,29.0,29.0,29.0,29.0,29.0,29.0,29.0,29.0,29.0,29.0,29.0,29.0,29.0,29.0,29.0,29.0,29.0,29.0,29.0,29.0,29.0,29.0,29.0,29.0,29.0,29.0,29.0,29.0,29.0,29.0,29.0,29.0,29.0,29.0,29.0,,,,,,,,,,,,,,,,,,,,,,0.9,308.9481,304.8514,301.6095,299.1498,297.4226,296.3976,296.0619,296.4197,297.4924,299.3195,301.9606,305.4976,310.0381,315.7208,322.7225,331.2709,341.6618,354.287,369.6768,388.5656,283.0,355.0,852.2011,45.17859999999996,45.17859999999996,0.3532000000000153
30,30,30.0,30.0,30.0,30.0,30.0,30.0,30.0,30.0,30.0,30.0,30.0,30.0,30.0,30.0,30.0,30.0,30.0,30.0,30.0,30.0,30.0,30.0,30.0,30.0,30.0,30.0,30.0,30.0,30.0,30.0,30.0,30.0,30.0,30.0,30.0,30.0,30.0,30.0,30.0,30.0,30.0,30.0,30.0,30.0,30.0,30.0,30.0,30.0,30.0,30.0,30.0,30.0,30.0,,,,,,,,,,,,,,,,,,,,,,0.0,273.0,273.0,273.0,273.0,273.0,273.0,273.0,273.0,273.0,273.0,273.0,273.0,273.0,273.0,273.0,273.0,273.0,273.0,273.0,273.0,388.0,452.0,0.0,356.0445,950.9259,0.544399999999996
31,31,31.0,31.0,31.0,31.0,31.0,31.0,31.0,31.0,31.0,31.0,31.0,31.0,31.0,31.0,31.0,31.0,31.0,31.0,31.0,31.0,31.0,31.0,31.0,31.0,31.0,31.0,31.0,31.0,31.0,31.0,31.0,31.0,31.0,31.0,31.0,31.0,31.0,31.0,31.0,31.0,31.0,31.0,31.0,31.0,31.0,31.0,31.0,31.0,31.0,31.0,31.0,31.0,31.0,,,,,,,,,,,,,,,,,,,,,,0.1,363.7388,343.2385,326.1099,312.1018,300.9832,292.4882,286.313,282.1479,279.7275,278.8826,279.5809,281.95,286.2769,292.9838,302.5818,315.6145,332.6094,354.0681,380.5289,412.7411,317.0,426.0,356.0445,111.33399999999996,594.8814,0.544399999999996
32,32,32.0,32.0,32.0,32.0,32.0,32.0,32.0,32.0,32.0,32.0,32.0,32.0,32.0,32.0,32.0,32.0,32.0,32.0,32.0,32.0,32.0,32.0,32.0,32.0,32.0,32.0,32.0,32.0,32.0,32.0,32.0,32.0,32.0,32.0,32.0,32.0,32.0,32.0,32.0,32.0,32.0,32.0,32.0,32.0,32.0,32.0,32.0,32.0,32.0,32.0,32.0,32.0,32.0,,,,,,,,,,,,,,,,,,,,,,0.2,312.0084,307.856,304.2706,301.0807,298.2247,295.7444,293.7633,292.459,292.0339,292.6908,294.617,297.9778,302.9177,309.5708,318.0784,328.6157,341.4271,356.8743,375.5015,398.1287,314.0,412.0,467.3785,56.31390000000005,483.5474,0.544399999999996
33,33,33.0,33.0,33.0,33.0,33.0,33.0,33.0,33.0,33.0,33.0,33.0,33.0,33.0,33.0,33.0,33.0,33.0,33.0,33.0,33.0,33.0,33.0,33.0,33.0,33.0,33.0,33.0,33.0,33.0,33.0,33.0,33.0,33.0,33.0,33.0,33.0,33.0,33.0,33.0,33.0,33.0,33.0,33.0,33.0,33.0,33.0,33.0,33.0,33.0,33.0,33.0,33.0,33.0,,,,,,,,,,,,,,,,,,,,,,0.3,309.0468,305.0154,301.7782,299.2464,297.3689,296.129,295.5406,295.6424,296.4928,298.1638,300.7371,304.3026,308.9604,314.8272,322.0485,330.8168,341.3974,354.1617,369.634,388.5576,287.0,358.0,523.6924,47.37879999999996,427.2335,0.544399999999996
34,34,34.0,34.0,34.0,34.0,34.0,34.0,34.0,34.0,34.0,34.0,34.0,34.0,34.0,34.0,34.0,34.0,34.0,34.0,34.0,34.0,34.0,34.0,34.0,34.0,34.0,34.0,34.0,34.0,34.0,34.0,34.0,34.0,34.0,34.0,34.0,34.0,34.0,34.0,34.0,34.0,34.0,34.0,34.0,34.0,34.0,34.0,34.0,34.0,34.0,34.0,34.0,34.0,34.0,,,,,,,,,,,,,,,,,,,,,,0.4,287.6852,288.5637,289.5339,290.5344,291.551,292.6134,293.7851,295.1489,296.791,298.7875,301.1942,304.0429,307.3438,311.0959,315.3053,320.0094,325.3062,331.3833,338.5432,347.2213,292.0,374.0,571.0712,74.47530000000006,379.8547,0.544399999999996
35,35,35.0,35.0,35.0,35.0,35.0,35.0,35.0,35.0,35.0,35.0,35.0,35.0,35.0,35.0,35.0,35.0,35.0,35.0,35.0,35.0,35.0,35.0,35.0,35.0,35.0,35.0,35.0,35.0,35.0,35.0,35.0,35.0,35.0,35.0,35.0,35.0,35.0,35.0,35.0,35.0,35.0,35.0,35.0,35.0,35.0,35.0,35.0,35.0,35.0,35.0,35.0,35.0,35.0,,,,,,,,,,,,,,,,,,,,,,0.5,290.848,290.1035,289.7336,289.712,290.0173,290.6337,291.5527,292.7751,294.3141,296.1986,298.4761,301.2169,304.5164,308.4993,313.3214,319.1731,326.2839,334.9307,345.4541,358.2867,296.0,444.0,645.5465,80.30849999999998,305.3793999999999,0.544399999999996
36,36,36.0,36.0,36.0,36.0,36.0,36.0,36.0,36.0,36.0,36.0,36.0,36.0,36.0,36.0,36.0,36.0,36.0,36.0,36.0,36.0,36.0,36.0,36.0,36.0,36.0,36.0,36.0,36.0,36.0,36.0,36.0,36.0,36.0,36.0,36.0,36.0,36.0,36.0,36.0,36.0,36.0,36.0,36.0,36.0,36.0,36.0,36.0,36.0,36.0,36.0,36.0,36.0,36.0,,,,,,,,,,,,,,,,,,,,,,0.6,293.8831,292.2771,291.1491,290.4757,290.2412,290.44,291.0799,292.1894,293.8249,296.0804,299.0962,303.0665,308.2433,314.9366,323.5101,334.3776,348.0067,364.943,385.8719,411.744,296.0,381.0,725.855,50.59590000000003,225.0709,0.544399999999996
37,37,37.0,37.0,37.0,37.0,37.0,37.0,37.0,37.0,37.0,37.0,37.0,37.0,37.0,37.0,37.0,37.0,37.0,37.0,37.0,37.0,37.0,37.0,37.0,37.0,37.0,37.0,37.0,37.0,37.0,37.0,37.0,37.0,37.0,37.0,37.0,37.0,37.0,37.0,37.0,37.0,37.0,37.0,37.0,37.0,37.0,37.0,37.0,37.0,37.0,37.0,37.0,37.0,37.0,,,,,,,,,,,,,,,,,,,,,,0.7,293.9768,292.4648,291.4344,290.8703,290.7697,291.1419,292.0063,293.3901,295.3247,297.8413,300.9669,304.722,309.1222,314.1861,319.9518,326.501,333.9902,342.6847,352.993,365.499,316.0,414.0,776.4509,58.27279999999996,174.4749999999999,0.544399999999996
38,38,38.0,38.0,38.0,38.0,38.0,38.0,38.0,38.0,38.0,38.0,38.0,38.0,38.0,38.0,38.0,38.0,38.0,38.0,38.0,38.0,38.0,38.0,38.0,38.0,38.0,38.0,38.0,38.0,38.0,38.0,38.0,38.0,38.0,38.0,38.0,38.0,38.0,38.0,38.0,38.0,38.0,38.0,38.0,38.0,38.0,38.0,38.0,38.0,38.0,38.0,38.0,38.0,38.0,,,,,,,,,,,,,,,,,,,,,,0.8,309.9195,304.9186,300.9479,297.9661,295.9284,294.7831,294.4752,294.9544,296.1859,298.1608,300.9058,304.4909,309.0348,314.7076,321.7335,330.3923,341.027,354.0605,370.033,389.6694,288.0,363.0,834.7237,48.46199999999999,116.20219999999996,0.544399999999996
39,39,39.0,39.0,39.0,39.0,39.0,39.0,39.0,39.0,39.0,39.0,39.0,39.0,39.0,39.0,39.0,39.0,39.0,39.0,39.0,39.0,39.0,39.0,39.0,39.0,39.0,39.0,39.0,39.0,39.0,39.0,39.0,39.0,39.0,39.0,39.0,39.0,39.0,39.0,39.0,39.0,39.0,39.0,39.0,39.0,39.0,39.0,39.0,39.0,39.0,39.0,39.0,39.0,39.0,,,,,,,,,,,,,,,,,,,,,,0.9,288.3846,288.9954,289.7376,290.5551,291.436,292.4092,293.5352,294.8916,296.5598,298.6121,301.1039,304.0707,307.5313,311.4981,315.9939,321.0752,326.8594,333.5531,341.4774,351.0892,315.0,416.0,883.1857,67.74019999999996,67.74019999999996,0.544399999999996
40,40,40.0,40.0,40.0,40.0,40.0,40.0,40.0,40.0,40.0,40.0,40.0,40.0,40.0,40.0,40.0,40.0,40.0,40.0,40.0,40.0,40.0,40.0,40.0,40.0,40.0,40.0,40.0,40.0,40.0,40.0,40.0,40.0,40.0,40.0,40.0,40.0,40.0,40.0,40.0,40.0,40.0,40.0,40.0,40.0,40.0,40.0,40.0,40.0,40.0,40.0,40.0,40.0,40.0,,,,,,,,,,,,,,,,,,,,,,0.0,273.0,273.0,273.0,273.0,273.0,273.0,273.0,273.0,273.0,273.0,273.0,273.0,273.0,273.0,273.0,273.0,273.0,273.0,273.0,273.0,387.0,452.0,0.0,356.1616,935.5162,0.1186000000000149
41,41,41.0,41.0,41.0,41.0,41.0,41.0,41.0,41.0,41.0,41.0,41.0,41.0,41.0,41.0,41.0,41.0,41.0,41.0,41.0,41.0,41.0,41.0,41.0,41.0,41.0,41.0,41.0,41.0,41.0,41.0,41.0,41.0,41.0,41.0,41.0,41.0,41.0,41.0,41.0,41.0,41.0,41.0,41.0,41.0,41.0,41.0,41.0,41.0,41.0,41.0,41.0,41.0,41.0,,,,,,,,,,,,,,,,,,,,,,0.1,362.9637,342.6447,325.6633,311.7738,300.7489,292.326,286.2043,282.0776,279.6836,278.8562,279.5656,281.9414,286.2723,292.9814,302.5806,315.6139,332.6091,354.068,380.5288,412.7411,315.0,430.0,356.1616,111.5725,579.3546,0.1186000000000149
42,42,42.0,42.0,42.0,42.0,42.0,42.0,42.0,42.0,42.0,42.0,42.0,42.0,42.0,42.0,42.0,42.0,42.0,42.0,42.0,42.0,42.0,42.0,42.0,42.0,42.0,42.0,42.0,42.0,42.0,42.0,42.0,42.0,42.0,42.0,42.0,42.0,42.0,42.0,42.0,42.0,42.0,42.0,42.0,42.0,42.0,42.0,42.0,42.0,42.0,42.0,42.0,42.0,42.0,,,,,,,,,,,,,,,,,,,,,,0.2,310.3992,306.5793,303.2736,300.3152,297.6479,295.3186,293.4577,292.2496,291.9047,292.6345,294.6361,298.0856,303.1399,309.9466,318.6618,329.4757,342.6488,358.5608,377.7786,401.1573,292.0,379.0,467.7341,57.99249999999995,467.7821,0.1186000000000149
43,43,43.0,43.0,43.0,43.0,43.0,43.0,43.0,43.0,43.0,43.0,43.0,43.0,43.0,43.0,43.0,43.0,43.0,43.0,43.0,43.0,43.0,43.0,43.0,43.0,43.0,43.0,43.0,43.0,43.0,43.0,43.0,43.0,43.0,43.0,43.0,43.0,43.0,43.0,43.0,43.0,43.0,43.0,43.0,43.0,43.0,43.0,43.0,43.0,43.0,43.0,43.0,43.0,43.0,,,,,,,,,,,,,,,,,,,,,,0.3,291.5309,291.368,291.3988,291.5557,291.8229,292.2347,292.8661,293.8186,295.2042,297.1297,299.6856,302.94,306.9401,311.7216,317.3271,323.8326,331.3795,340.2086,350.6941,363.3764,296.0,377.0,525.7266,67.86860000000001,409.78960000000006,0.1186000000000149
44,44,44.0,44.0,44.0,44.0,44.0,44.0,44.0,44.0,44.0,44.0,44.0,44.0,44.0,44.0,44.0,44.0,44.0,44.0,44.0,44.0,44.0,44.0,44.0,44.0,44.0,44.0,44.0,44.0,44.0,44.0,44.0,44.0,44.0,44.0,44.0,44.0,44.0,44.0,44.0,44.0,44.0,44.0,44.0,44.0,44.0,44.0,44.0,44.0,44.0,44.0,44.0,44.0,44.0,,,,,,,,,,,,,,,,,,,,,,0.4,294.072,292.6463,291.6826,291.1512,291.0318,291.3126,291.9912,293.0745,294.5799,296.536,298.9834,301.9768,305.588,309.9109,315.0675,321.2177,328.5709,337.4016,348.071,361.057,307.0,405.0,593.5952,72.31740000000002,341.92100000000005,0.1186000000000149
45,45,45.0,45.0,45.0,45.0,45.0,45.0,45.0,45.0,45.0,45.0,45.0,45.0,45.0,45.0,45.0,45.0,45.0,45.0,45.0,45.0,45.0,45.0,45.0,45.0,45.0,45.0,45.0,45.0,45.0,45.0,45.0,45.0,45.0,45.0,45.0,45.0,45.0,45.0,45.0,45.0,45.0,45.0,45.0,45.0,45.0,45.0,45.0,45.0,45.0,45.0,45.0,45.0,45.0,,,,,,,,,,,,,,,,,,,,,,0.5,302.7641,299.3333,296.6606,294.708,293.4404,292.8245,292.8318,293.444,294.6604,296.5048,299.0325,302.3355,306.5464,311.8399,318.4342,326.5922,336.6277,348.9201,363.9466,382.3419,316.0,413.0,665.9126,57.12440000000004,269.60360000000003,0.1186000000000149
46,46,46.0,46.0,46.0,46.0,46.0,46.0,46.0,46.0,46.0,46.0,46.0,46.0,46.0,46.0,46.0,46.0,46.0,46.0,46.0,46.0,46.0,46.0,46.0,46.0,46.0,46.0,46.0,46.0,46.0,46.0,46.0,46.0,46.0,46.0,46.0,46.0,46.0,46.0,46.0,46.0,46.0,46.0,46.0,46.0,46.0,46.0,46.0,46.0,46.0,46.0,46.0,46.0,46.0,,,,,,,,,,,,,,,,,,,,,,0.6,310.2281,305.496,301.7208,298.8406,296.8057,295.5757,295.12,295.4205,296.4764,298.3088,300.9652,304.5233,309.0941,314.8265,321.9119,330.5933,341.1798,354.071,369.7985,389.0935,286.0,360.0,723.037,47.68029999999999,212.4792,0.1186000000000149
47,47,47.0,47.0,47.0,47.0,47.0,47.0,47.0,47.0,47.0,47.0,47.0,47.0,47.0,47.0,47.0,47.0,47.0,47.0,47.0,47.0,47.0,47.0,47.0,47.0,47.0,47.0,47.0,47.0,47.0,47.0,47.0,47.0,47.0,47.0,47.0,47.0,47.0,47.0,47.0,47.0,47.0,47.0,47.0,47.0,47.0,47.0,47.0,47.0,47.0,47.0,47.0,47.0,47.0,,,,,,,,,,,,,,,,,,,,,,0.7,286.8699,287.9084,289.0138,290.1262,291.2339,292.3699,293.6016,295.0158,296.7023,298.7409,301.1912,304.0899,307.453,311.2868,315.6053,320.4547,325.9413,332.2608,339.723,348.7716,316.0,412.0,770.7173,69.16750000000002,164.7989,0.1186000000000149
48,48,48.0,48.0,48.0,48.0,48.0,48.0,48.0,48.0,48.0,48.0,48.0,48.0,48.0,48.0,48.0,48.0,48.0,48.0,48.0,48.0,48.0,48.0,48.0,48.0,48.0,48.0,48.0,48.0,48.0,48.0,48.0,48.0,48.0,48.0,48.0,48.0,48.0,48.0,48.0,48.0,48.0,48.0,48.0,48.0,48.0,48.0,48.0,48.0,48.0,48.0,48.0,48.0,48.0,,,,,,,,,,,,,,,,,,,,,,0.8,309.8512,304.7935,300.7844,297.7816,295.7305,294.5622,294.2005,294.575,295.6365,297.3715,299.8143,303.0553,307.2442,312.5901,319.3569,327.8579,338.4542,351.565,367.7,387.528,315.0,414.0,839.8848,50.955299999999966,95.6314,0.1186000000000149
49,49,49.0,49.0,49.0,49.0,49.0,49.0,49.0,49.0,49.0,49.0,49.0,49.0,49.0,49.0,49.0,49.0,49.0,49.0,49.0,49.0,49.0,49.0,49.0,49.0,49.0,49.0,49.0,49.0,49.0,49.0,49.0,49.0,49.0,49.0,49.0,49.0,49.0,49.0,49.0,49.0,49.0,49.0,49.0,49.0,49.0,49.0,49.0,49.0,49.0,49.0,49.0,49.0,49.0,,,,,,,,,,,,,,,,,,,,,,0.9,309.7585,305.4994,302.1184,299.5397,297.7114,296.6009,296.1938,296.4927,297.5181,299.3096,301.9284,305.4597,310.0169,315.7463,322.834,331.5175,342.1023,354.9891,370.7168,390.0316,283.0,352.0,890.8401,44.67610000000002,44.67610000000002,0.1186000000000149
50,50,50.0,50.0,50.0,50.0,50.0,50.0,50.0,50.0,50.0,50.0,50.0,50.0,50.0,50.0,50.0,50.0,50.0,50.0,50.0,50.0,50.0,50.0,50.0,50.0,50.0,50.0,50.0,50.0,50.0,50.0,50.0,50.0,50.0,50.0,50.0,50.0,50.0,50.0,50.0,50.0,50.0,50.0,50.0,50.0,50.0,50.0,50.0,50.0,50.0,50.0,50.0,50.0,50.0,,,,,,,,,,,,,,,,,,,,,,0.0,273.0,273.0,273.0,273.0,273.0,273.0,273.0,273.0,273.0,273.0,273.0,273.0,273.0,273.0,273.0,273.0,273.0,273.0,273.0,273.0,389.0,451.0,0.0,356.1146,900.6695,0.6374000000000137
51,51,51.0,51.0,51.0,51.0,51.0,51.0,51.0,51.0,51.0,51.0,51.0,51.0,51.0,51.0,51.0,51.0,51.0,51.0,51.0,51.0,51.0,51.0,51.0,51.0,51.0,51.0,51.0,51.0,51.0,51.0,51.0,51.0,51.0,51.0,51.0,51.0,51.0,51.0,51.0,51.0,51.0,51.0,51.0,51.0,51.0,51.0,51.0,51.0,51.0,51.0,51.0,51.0,51.0,,,,,,,,,,,,,,,,,,,,,,0.1,364.5135,343.8319,326.5561,312.4294,301.2168,292.6492,286.4192,282.2136,279.763,278.8941,279.5706,281.916,286.2137,292.8817,302.4275,315.391,332.2963,353.641,379.9574,411.985,317.0,429.0,356.1146,111.64999999999998,544.5549,0.6374000000000137
52,52,52.0,52.0,52.0,52.0,52.0,52.0,52.0,52.0,52.0,52.0,52.0,52.0,52.0,52.0,52.0,52.0,52.0,52.0,52.0,52.0,52.0,52.0,52.0,52.0,52.0,52.0,52.0,52.0,52.0,52.0,52.0,52.0,52.0,52.0,52.0,52.0,52.0,52.0,52.0,52.0,52.0,52.0,52.0,52.0,52.0,52.0,52.0,52.0,52.0,52.0,52.0,52.0,52.0,,,,,,,,,,,,,,,,,,,,,,0.2,312.0381,307.9124,304.3477,301.171,298.3202,295.8374,293.8481,292.5327,292.097,292.7488,294.6814,298.0672,303.0597,309.8032,318.4504,329.188,342.2725,358.0782,377.1651,400.3771,314.0,415.0,467.7646,55.05370000000005,432.9049,0.6374000000000137
53,53,53.0,53.0,53.0,53.0,53.0,53.0,53.0,53.0,53.0,53.0,53.0,53.0,53.0,53.0,53.0,53.0,53.0,53.0,53.0,53.0,53.0,53.0,53.0,53.0,53.0,53.0,53.0,53.0,53.0,53.0,53.0,53.0,53.0,53.0,53.0,53.0,53.0,53.0,53.0,53.0,53.0,53.0,53.0,53.0,53.0,53.0,53.0,53.0,53.0,53.0,53.0,53.0,53.0,,,,,,,,,,,,,,,,,,,,,,0.3,309.0574,305.0366,301.8098,299.2886,297.4224,296.1957,295.6237,295.7474,296.6277,298.3398,300.9689,304.6092,309.365,315.3582,322.7401,331.7101,342.5421,355.6199,371.4851,390.9083,286.0,356.0,522.8183,45.65999999999997,377.8512,0.6374000000000137
54,54,54.0,54.0,54.0,54.0,54.0,54.0,54.0,54.0,54.0,54.0,54.0,54.0,54.0,54.0,54.0,54.0,54.0,54.0,54.0,54.0,54.0,54.0,54.0,54.0,54.0,54.0,54.0,54.0,54.0,54.0,54.0,54.0,54.0,54.0,54.0,54.0,54.0,54.0,54.0,54.0,54.0,54.0,54.0,54.0,54.0,54.0,54.0,54.0,54.0,54.0,54.0,54.0,54.0,,,,,,,,,,,,,,,,,,,,,,0.4,286.9004,287.969,289.1037,290.244,291.3774,292.5364,293.7877,295.2173,296.9139,298.9537,301.3909,304.2525,307.5413,311.2463,315.3619,319.914,324.9902,330.7705,337.5524,345.7692,316.0,414.0,568.4783,69.74869999999999,332.1912,0.6374000000000137
55,55,55.0,55.0,55.0,55.0,55.0,55.0,55.0,55.0,55.0,55.0,55.0,55.0,55.0,55.0,55.0,55.0,55.0,55.0,55.0,55.0,55.0,55.0,55.0,55.0,55.0,55.0,55.0,55.0,55.0,55.0,55.0,55.0,55.0,55.0,55.0,55.0,55.0,55.0,55.0,55.0,55.0,55.0,55.0,55.0,55.0,55.0,55.0,55.0,55.0,55.0,55.0,55.0,55.0,,,,,,,,,,,,,,,,,,,,,,0.5,309.8683,304.827,300.8327,297.8422,295.7997,294.6352,294.2715,294.6379,295.6855,297.4026,299.8273,303.0561,307.248,312.6234,319.4594,328.0823,338.8652,352.2373,368.7165,388.9811,317.0,413.0,638.227,50.34180000000004,262.4425,0.6374000000000137
56,56,56.0,56.0,56.0,56.0,56.0,56.0,56.0,56.0,56.0,56.0,56.0,56.0,56.0,56.0,56.0,56.0,56.0,56.0,56.0,56.0,56.0,56.0,56.0,56.0,56.0,56.0,56.0,56.0,56.0,56.0,56.0,56.0,56.0,56.0,56.0,56.0,56.0,56.0,56.0,56.0,56.0,56.0,56.0,56.0,56.0,56.0,56.0,56.0,56.0,56.0,56.0,56.0,56.0,,,,,,,,,,,,,,,,,,,,,,0.6,311.3457,306.7344,303.0584,300.239,298.2202,296.9644,296.4508,296.6751,297.6505,299.4098,302.0073,305.5216,310.0593,315.7596,322.8017,331.416,341.9018,354.6548,370.209,389.3051,284.0,350.0,688.5688,44.25199999999995,212.1007,0.6374000000000137
57,57,57.0,57.0,57.0,57.0,57.0,57.0,57.0,57.0,57.0,57.0,57.0,57.0,57.0,57.0,57.0,57.0,57.0,57.0,57.0,57.0,57.0,57.0,57.0,57.0,57.0,57.0,57.0,57.0,57.0,57.0,57.0,57.0,57.0,57.0,57.0,57.0,57.0,57.0,57.0,57.0,57.0,57.0,57.0,57.0,57.0,57.0,57.0,57.0,57.0,57.0,57.0,57.0,57.0,,,,,,,,,,,,,,,,,,,,,,0.7,285.441,286.9904,288.5366,290.0136,291.4079,292.7549,294.1272,295.617,297.3182,299.3101,301.6465,304.3504,307.4173,310.8253,314.5553,318.6174,323.0819,328.1098,333.9777,341.0932,316.0,414.0,732.8208,72.02980000000002,167.8487,0.6374000000000137
58,58,58.0,58.0,58.0,58.0,58.0,58.0,58.0,58.0,58.0,58.0,58.0,58.0,58.0,58.0,58.0,58.0,58.0,58.0,58.0,58.0,58.0,58.0,58.0,58.0,58.0,58.0,58.0,58.0,58.0,58.0,58.0,58.0,58.0,58.0,58.0,58.0,58.0,58.0,58.0,58.0,58.0,58.0,58.0,58.0,58.0,58.0,58.0,58.0,58.0,58.0,58.0,58.0,58.0,,,,,,,,,,,,,,,,,,,,,,0.8,309.8546,304.8027,300.8031,297.8126,295.7734,294.6114,294.2443,294.5961,295.6137,297.2836,299.6452,302.8001,306.9154,312.2228,319.0111,327.6181,338.4245,351.8616,368.4432,388.8376,317.0,413.0,804.8506,51.40070000000003,95.8189,0.6374000000000137
59,59,59.0,59.0,59.0,59.0,59.0,59.0,59.0,59.0,59.0,59.0,59.0,59.0,59.0,59.0,59.0,59.0,59.0,59.0,59.0,59.0,59.0,59.0,59.0,59.0,59.0,59.0,59.0,59.0,59.0,59.0,59.0,59.0,59.0,59.0,59.0,59.0,59.0,59.0,59.0,59.0,59.0,59.0,59.0,59.0,59.0,59.0,59.0,59.0,59.0,59.0,59.0,59.0,59.0,,,,,,,,,,,,,,,,,,,,,,0.9,311.3389,306.7203,303.0361,300.2074,298.1777,296.9091,296.3807,296.5884,297.5462,299.2876,301.8684,305.3688,309.8971,315.594,322.64,331.266,341.7714,354.5508,370.1369,389.2682,285.0,353.0,856.2513,44.41819999999996,44.41819999999996,0.6374000000000137
60,60,60.0,60.0,60.0,60.0,60.0,60.0,60.0,60.0,60.0,60.0,60.0,60.0,60.0,60.0,60.0,60.0,60.0,60.0,60.0,60.0,60.0,60.0,60.0,60.0,60.0,60.0,60.0,60.0,60.0,60.0,60.0,60.0,60.0,60.0,60.0,60.0,60.0,60.0,60.0,60.0,60.0,60.0,60.0,60.0,60.0,60.0,60.0,60.0,60.0,60.0,60.0,60.0,,,,,,,,,,,,,,,,,,,,,,,0.0,273.0,273.0,273.0,273.0,273.0,273.0,273.0,273.0,273.0,273.0,273.0,273.0,273.0,273.0,273.0,273.0,273.0,273.0,273.0,273.0,333.0,473.0,0.0,362.8871,1291.8176,28.81540000000001
61,61,61.0,61.0,61.0,61.0,61.0,61.0,61.0,61.0,61.0,61.0,61.0,61.0,61.0,61.0,61.0,61.0,61.0,61.0,61.0,61.0,61.0,61.0,61.0,61.0,61.0,61.0,61.0,61.0,61.0,61.0,61.0,61.0,61.0,61.0,61.0,61.0,61.0,61.0,61.0,61.0,61.0,61.0,61.0,61.0,61.0,61.0,61.0,61.0,61.0,61.0,61.0,61.0,,,,,,,,,,,,,,,,,,,,,,,0.1,320.7242,310.1168,301.1385,293.7517,287.8892,283.4463,280.2966,278.3234,277.4593,277.7257,279.2655,282.3617,287.4368,295.0307,305.757,320.2491,339.1186,362.9595,392.4415,428.5438,314.0,472.0,362.8871,120.6671,928.9305,28.81540000000001
62,62,62.0,62.0,62.0,62.0,62.0,62.0,62.0,62.0,62.0,62.0,62.0,62.0,62.0,62.0,62.0,62.0,62.0,62.0,62.0,62.0,62.0,62.0,62.0,62.0,62.0,62.0,62.0,62.0,62.0,62.0,62.0,62.0,62.0,62.0,62.0,62.0,62.0,62.0,62.0,62.0,62.0,62.0,62.0,62.0,62.0,62.0,62.0,62.0,62.0,62.0,62.0,62.0,,,,,,,,,,,,,,,,,,,,,,,0.2,307.9179,302.7583,298.4031,294.7857,291.8913,289.7535,288.4481,288.0859,288.8052,290.7655,294.1434,299.1309,305.9362,314.79,325.9578,339.7638,356.6319,377.1534,402.1989,433.1043,457.0,273.0,483.5542,68.18980000000005,808.2634,28.81540000000001
63,63,63.0,63.0,63.0,63.0,63.0,63.0,63.0,63.0,63.0,63.0,63.0,63.0,63.0,63.0,63.0,63.0,63.0,63.0,63.0,63.0,63.0,63.0,63.0,63.0,63.0,63.0,63.0,63.0,63.0,63.0,63.0,63.0,63.0,63.0,63.0,63.0,63.0,63.0,63.0,63.0,63.0,63.0,63.0,63.0,63.0,63.0,63.0,63.0,63.0,63.0,63.0,63.0,,,,,,,,,,,,,,,,,,,,,,,0.3,418.9365,388.2139,363.3779,343.5666,328.1856,316.73,308.7016,303.5851,300.8505,299.963,300.386,301.578,302.9878,304.0602,304.2597,303.1156,300.2857,295.6246,289.2366,281.4933,429.0,275.0,551.744,179.30079999999998,740.0736,28.81540000000001
64,64,64.0,64.0,64.0,64.0,64.0,64.0,64.0,64.0,64.0,64.0,64.0,64.0,64.0,64.0,64.0,64.0,64.0,64.0,64.0,64.0,64.0,64.0,64.0,64.0,64.0,64.0,64.0,64.0,64.0,64.0,64.0,64.0,64.0,64.0,64.0,64.0,64.0,64.0,64.0,64.0,64.0,64.0,64.0,64.0,64.0,64.0,64.0,64.0,64.0,64.0,64.0,64.0,,,,,,,,,,,,,,,,,,,,,,,0.4,401.8541,380.1253,362.5019,348.0936,336.2801,326.6154,318.7616,312.4429,307.4129,303.4359,300.278,297.7077,295.5026,293.4599,291.4075,289.2147,286.7988,284.1289,281.2245,278.1491,218.0,434.0,731.0448,163.09619999999995,560.7728000000001,28.81540000000001
65,65,65.0,65.0,65.0,65.0,65.0,65.0,65.0,65.0,65.0,65.0,65.0,65.0,65.0,65.0,65.0,65.0,65.0,65.0,65.0,65.0,65.0,65.0,65.0,65.0,65.0,65.0,65.0,65.0,65.0,65.0,65.0,65.0,65.0,65.0,65.0,65.0,65.0,65.0,65.0,65.0,65.0,65.0,65.0,65.0,65.0,65.0,65.0,65.0,65.0,65.0,65.0,65.0,,,,,,,,,,,,,,,,,,,,,,,0.5,237.0254,254.2434,268.9173,280.6214,289.2699,295.0799,298.4937,300.0895,300.5043,300.3826,300.3535,301.0293,303.0142,306.9097,313.3076,322.7708,335.8139,352.9023,374.5028,401.212,210.0,398.0,894.141,99.32550000000003,397.6766000000001,28.81540000000001
66,66,66.0,66.0,66.0,66.0,66.0,66.0,66.0,66.0,66.0,66.0,66.0,66.0,66.0,66.0,66.0,66.0,66.0,66.0,66.0,66.0,66.0,66.0,66.0,66.0,66.0,66.0,66.0,66.0,66.0,66.0,66.0,66.0,66.0,66.0,66.0,66.0,66.0,66.0,66.0,66.0,66.0,66.0,66.0,66.0,66.0,66.0,66.0,66.0,66.0,66.0,66.0,66.0,,,,,,,,,,,,,,,,,,,,,,,0.6,223.8877,236.6227,248.0473,258.0759,266.7066,274.0222,280.1825,285.4089,289.9673,294.1488,298.2519,302.568,307.372,312.9206,319.4587,327.2366,336.536,347.7064,361.2101,377.6799,295.0,471.0,993.4665,130.06500000000003,298.3511000000001,28.81540000000001
67,67,67.0,67.0,67.0,67.0,67.0,67.0,67.0,67.0,67.0,67.0,67.0,67.0,67.0,67.0,67.0,67.0,67.0,67.0,67.0,67.0,67.0,67.0,67.0,67.0,67.0,67.0,67.0,67.0,67.0,67.0,67.0,67.0,67.0,67.0,67.0,67.0,67.0,67.0,67.0,67.0,67.0,67.0,67.0,67.0,67.0,67.0,67.0,67.0,67.0,67.0,67.0,67.0,,,,,,,,,,,,,,,,,,,,,,,0.7,289.9978,285.7976,282.6363,280.6684,279.9453,280.4217,281.9858,284.5019,287.8566,291.9967,296.956,302.8688,309.9713,318.5953,329.1581,342.1553,358.1692,377.9065,402.2897,432.6376,270.0,472.0,1123.5315,74.35839999999985,168.28610000000003,28.81540000000001
68,68,68.0,68.0,68.0,68.0,68.0,68.0,68.0,68.0,68.0,68.0,68.0,68.0,68.0,68.0,68.0,68.0,68.0,68.0,68.0,68.0,68.0,68.0,68.0,68.0,68.0,68.0,68.0,68.0,68.0,68.0,68.0,68.0,68.0,68.0,68.0,68.0,68.0,68.0,68.0,68.0,68.0,68.0,68.0,68.0,68.0,68.0,68.0,68.0,68.0,68.0,68.0,68.0,,,,,,,,,,,,,,,,,,,,,,,0.8,272.2343,274.405,276.5255,278.6339,280.798,283.1141,285.7019,288.6973,292.247,296.5057,301.638,307.8236,315.2668,324.2098,334.9515,347.8737,363.4809,382.4623,405.7932,434.9063,299.0,472.0,1197.8899,56.308500000000095,93.9277000000002,28.81540000000001
69,69,69.0,69.0,69.0,69.0,69.0,69.0,69.0,69.0,69.0,69.0,69.0,69.0,69.0,69.0,69.0,69.0,69.0,69.0,69.0,69.0,69.0,69.0,69.0,69.0,69.0,69.0,69.0,69.0,69.0,69.0,69.0,69.0,69.0,69.0,69.0,69.0,69.0,69.0,69.0,69.0,69.0,69.0,69.0,69.0,69.0,69.0,69.0,69.0,69.0,69.0,69.0,69.0,,,,,,,,,,,,,,,,,,,,,,,0.9,295.2906,292.2981,290.1015,288.7629,288.3186,288.78,290.1422,292.3963,295.5445,299.6124,304.6593,310.7862,318.1438,326.9417,337.4628,350.0861,365.3235,383.8795,406.749,435.3847,287.0,464.0,1254.1984,37.61920000000009,37.61920000000009,28.81540000000001
70,70,70.0,70.0,70.0,70.0,70.0,70.0,70.0,70.0,70.0,70.0,70.0,70.0,70.0,70.0,70.0,70.0,70.0,70.0,70.0,70.0,70.0,70.0,70.0,70.0,70.0,70.0,70.0,70.0,70.0,70.0,70.0,70.0,70.0,70.0,70.0,70.0,70.0,70.0,70.0,70.0,70.0,70.0,70.0,70.0,70.0,70.0,70.0,70.0,70.0,70.0,70.0,70.0,,,,,,,,,,,,,,,,,,,,,,,0.0,273.0,273.0,273.0,273.0,273.0,273.0,273.0,273.0,273.0,273.0,273.0,273.0,273.0,273.0,273.0,273.0,273.0,273.0,273.0,273.0,334.0,472.0,0.0,362.7775,1335.9519,28.640800000000013
71,71,71.0,71.0,71.0,71.0,71.0,71.0,71.0,71.0,71.0,71.0,71.0,71.0,71.0,71.0,71.0,71.0,71.0,71.0,71.0,71.0,71.0,71.0,71.0,71.0,71.0,71.0,71.0,71.0,71.0,71.0,71.0,71.0,71.0,71.0,71.0,71.0,71.0,71.0,71.0,71.0,71.0,71.0,71.0,71.0,71.0,71.0,71.0,71.0,71.0,71.0,71.0,71.0,,,,,,,,,,,,,,,,,,,,,,,0.1,321.5129,310.7271,301.5995,294.0907,288.1308,283.6125,280.4061,278.3911,277.4959,277.7378,279.2557,282.3283,287.3744,294.93,305.605,320.0292,338.8107,362.5391,391.8779,427.7944,315.0,472.0,362.7775,120.57510000000002,973.1744,28.640800000000013
72,72,72.0,72.0,72.0,72.0,72.0,72.0,72.0,72.0,72.0,72.0,72.0,72.0,72.0,72.0,72.0,72.0,72.0,72.0,72.0,72.0,72.0,72.0,72.0,72.0,72.0,72.0,72.0,72.0,72.0,72.0,72.0,72.0,72.0,72.0,72.0,72.0,72.0,72.0,72.0,72.0,72.0,72.0,72.0,72.0,72.0,72.0,72.0,72.0,72.0,72.0,72.0,72.0,,,,,,,,,,,,,,,,,,,,,,,0.2,308.7407,303.4306,298.9471,295.2204,292.2329,290.0158,288.6429,288.2233,288.8936,290.812,294.1542,299.1118,305.893,314.7291,325.8862,339.6889,356.5612,377.0939,402.1561,433.0821,456.0,274.0,483.3526,67.69220000000001,852.5993000000001,28.640800000000013
73,73,73.0,73.0,73.0,73.0,73.0,73.0,73.0,73.0,73.0,73.0,73.0,73.0,73.0,73.0,73.0,73.0,73.0,73.0,73.0,73.0,73.0,73.0,73.0,73.0,73.0,73.0,73.0,73.0,73.0,73.0,73.0,73.0,73.0,73.0,73.0,73.0,73.0,73.0,73.0,73.0,73.0,73.0,73.0,73.0,73.0,73.0,73.0,73.0,73.0,73.0,73.0,73.0,,,,,,,,,,,,,,,,,,,,,,,0.3,418.22,387.7173,363.0543,343.3771,328.096,316.7099,308.7258,303.6335,300.9094,300.0246,300.4488,301.6457,303.0696,304.1704,304.4169,303.3429,300.6098,296.0745,289.8421,282.2832,428.0,273.0,551.0448,178.365,784.9071,28.640800000000013
74,74,74.0,74.0,74.0,74.0,74.0,74.0,74.0,74.0,74.0,74.0,74.0,74.0,74.0,74.0,74.0,74.0,74.0,74.0,74.0,74.0,74.0,74.0,74.0,74.0,74.0,74.0,74.0,74.0,74.0,74.0,74.0,74.0,74.0,74.0,74.0,74.0,74.0,74.0,74.0,74.0,74.0,74.0,74.0,74.0,74.0,74.0,74.0,74.0,74.0,74.0,74.0,74.0,,,,,,,,,,,,,,,,,,,,,,,0.4,401.0857,379.5345,362.051,347.755,336.0322,326.4408,318.6456,312.3723,307.3756,303.4193,300.2676,297.6854,295.445,293.3364,291.1792,288.8342,286.2114,283.2753,280.0443,276.5846,220.0,436.0,729.4098,163.88530000000003,606.5421,28.640800000000013
75,75,75.0,75.0,75.0,75.0,75.0,75.0,75.0,75.0,75.0,75.0,75.0,75.0,75.0,75.0,75.0,75.0,75.0,75.0,75.0,75.0,75.0,75.0,75.0,75.0,75.0,75.0,75.0,75.0,75.0,75.0,75.0,75.0,75.0,75.0,75.0,75.0,75.0,75.0,75.0,75.0,75.0,75.0,75.0,75.0,75.0,75.0,75.0,75.0,75.0,75.0,75.0,75.0,,,,,,,,,,,,,,,,,,,,,,,0.5,238.6028,255.4376,269.7809,281.2135,289.6498,295.3016,298.603,300.1227,300.4889,300.3396,300.3004,300.9836,302.9972,306.9493,313.4403,323.0427,336.2797,353.6252,375.5552,402.6807,292.0,467.0,893.2951,75.15269999999998,442.6568,28.640800000000013
76,76,76.0,76.0,76.0,76.0,76.0,76.0,76.0,76.0,76.0,76.0,76.0,76.0,76.0,76.0,76.0,76.0,76.0,76.0,76.0,76.0,76.0,76.0,76.0,76.0,76.0,76.0,76.0,76.0,76.0,76.0,76.0,76.0,76.0,76.0,76.0,76.0,76.0,76.0,76.0,76.0,76.0,76.0,76.0,76.0,76.0,76.0,76.0,76.0,76.0,76.0,76.0,76.0,,,,,,,,,,,,,,,,,,,,,,,0.6,289.8923,288.3301,287.3899,287.1055,287.4629,288.4127,289.8961,291.8766,294.3678,297.453,301.2934,306.1261,312.2551,320.0399,329.8871,342.2523,357.6594,376.7511,400.3864,429.8171,472.0,286.0,968.4478,59.30779999999993,367.5041,28.640800000000013
77,77,77.0,77.0,77.0,77.0,77.0,77.0,77.0,77.0,77.0,77.0,77.0,77.0,77.0,77.0,77.0,77.0,77.0,77.0,77.0,77.0,77.0,77.0,77.0,77.0,77.0,77.0,77.0,77.0,77.0,77.0,77.0,77.0,77.0,77.0,77.0,77.0,77.0,77.0,77.0,77.0,77.0,77.0,77.0,77.0,77.0,77.0,77.0,77.0,77.0,77.0,77.0,77.0,,,,,,,,,,,,,,,,,,,,,,,0.7,429.8294,396.0154,368.8521,347.3572,330.8575,318.767,310.4907,305.4041,302.8704,302.2649,302.9912,304.4836,306.2039,307.641,308.3258,307.8646,305.989,302.6121,297.8711,292.1404,206.0,421.0,1027.7556,98.76929999999992,308.19630000000006,28.640800000000013
78,78,78.0,78.0,78.0,78.0,78.0,78.0,78.0,78.0,78.0,78.0,78.0,78.0,78.0,78.0,78.0,78.0,78.0,78.0,78.0,78.0,78.0,78.0,78.0,78.0,78.0,78.0,78.0,78.0,78.0,78.0,78.0,78.0,78.0,78.0,78.0,78.0,78.0,78.0,78.0,78.0,78.0,78.0,78.0,78.0,78.0,78.0,78.0,78.0,78.0,78.0,78.0,78.0,,,,,,,,,,,,,,,,,,,,,,,0.8,227.4063,246.7771,263.3042,276.5442,286.4471,293.3045,297.6486,300.1374,301.4569,302.255,303.1149,304.5577,307.0632,311.0929,317.1047,325.5537,336.8869,351.547,370.0068,392.8608,223.0,392.0,1126.5249,90.83190000000012,209.4270000000001,28.640800000000013
79,79,79.0,79.0,79.0,79.0,79.0,79.0,79.0,79.0,79.0,79.0,79.0,79.0,79.0,79.0,79.0,79.0,79.0,79.0,79.0,79.0,79.0,79.0,79.0,79.0,79.0,79.0,79.0,79.0,79.0,79.0,79.0,79.0,79.0,79.0,79.0,79.0,79.0,79.0,79.0,79.0,79.0,79.0,79.0,79.0,79.0,79.0,79.0,79.0,79.0,79.0,79.0,79.0,,,,,,,,,,,,,,,,,,,,,,,0.9,234.0679,244.2553,253.5089,261.8036,269.1497,275.5982,281.2431,286.2211,290.7065,294.9029,299.0319,303.3233,308.0061,313.3061,319.4503,326.6799,335.2721,345.5699,358.0201,373.2228,299.0,471.0,1217.3568,118.5951,118.5951,28.640800000000013
80,80,80.0,80.0,80.0,80.0,80.0,80.0,80.0,80.0,80.0,80.0,80.0,80.0,80.0,80.0,80.0,80.0,80.0,80.0,80.0,80.0,80.0,80.0,80.0,80.0,80.0,80.0,80.0,80.0,80.0,80.0,80.0,80.0,80.0,80.0,80.0,80.0,80.0,80.0,80.0,80.0,80.0,80.0,80.0,80.0,80.0,80.0,80.0,80.0,80.0,80.0,80.0,80.0,,,,,,,,,,,,,,,,,,,,,,,0.0,273.0,273.0,273.0,273.0,273.0,273.0,273.0,273.0,273.0,273.0,273.0,273.0,273.0,273.0,273.0,273.0,273.0,273.0,273.0,273.0,333.0,471.0,0.0,363.1888,2535.6372,22.986999999999966
81,81,81.0,81.0,81.0,81.0,81.0,81.0,81.0,81.0,81.0,81.0,81.0,81.0,81.0,81.0,81.0,81.0,81.0,81.0,81.0,81.0,81.0,81.0,81.0,81.0,81.0,81.0,81.0,81.0,81.0,81.0,81.0,81.0,81.0,81.0,81.0,81.0,81.0,81.0,81.0,81.0,81.0,81.0,81.0,81.0,81.0,81.0,81.0,81.0,81.0,81.0,81.0,81.0,,,,,,,,,,,,,,,,,,,,,,,0.1,320.7242,310.1167,301.1382,293.7512,287.8881,283.444,280.2919,278.3144,277.4426,277.696,279.2146,282.2775,287.3026,294.8244,305.4504,319.8079,338.5019,362.1182,391.3138,427.0448,447.0,273.0,363.1888,146.2953,2172.4484,22.986999999999966
82,82,82.0,82.0,82.0,82.0,82.0,82.0,82.0,82.0,82.0,82.0,82.0,82.0,82.0,82.0,82.0,82.0,82.0,82.0,82.0,82.0,82.0,82.0,82.0,82.0,82.0,82.0,82.0,82.0,82.0,82.0,82.0,82.0,82.0,82.0,82.0,82.0,82.0,82.0,82.0,82.0,82.0,82.0,82.0,82.0,82.0,82.0,82.0,82.0,82.0,82.0,82.0,82.0,,,,,,,,,,,,,,,,,,,,,,,0.2,410.902,381.4802,357.4265,337.9604,322.5497,310.7566,302.1617,296.3386,292.8511,291.2557,291.0996,291.913,293.2022,294.4537,295.157,294.8508,293.1849,289.988,285.3191,279.4835,405.0,272.0,509.4841,208.469,2026.1531,22.986999999999966
83,83,83.0,83.0,83.0,83.0,83.0,83.0,83.0,83.0,83.0,83.0,83.0,83.0,83.0,83.0,83.0,83.0,83.0,83.0,83.0,83.0,83.0,83.0,83.0,83.0,83.0,83.0,83.0,83.0,83.0,83.0,83.0,83.0,83.0,83.0,83.0,83.0,83.0,83.0,83.0,83.0,83.0,83.0,83.0,83.0,83.0,83.0,83.0,83.0,83.0,83.0,83.0,83.0,,,,,,,,,,,,,,,,,,,,,,,0.3,382.8995,364.956,350.185,337.9014,327.629,319.0363,311.8868,305.998,301.2096,297.362,294.2858,291.7999,289.718,287.8588,286.0591,284.1857,282.1451,279.8891,277.4152,274.7621,409.0,271.0,717.9531,250.71440000000007,1817.6841,22.986999999999966
84,84,84.0,84.0,84.0,84.0,84.0,84.0,84.0,84.0,84.0,84.0,84.0,84.0,84.0,84.0,84.0,84.0,84.0,84.0,84.0,84.0,84.0,84.0,84.0,84.0,84.0,84.0,84.0,84.0,84.0,84.0,84.0,84.0,84.0,84.0,84.0,84.0,84.0,84.0,84.0,84.0,84.0,84.0,84.0,84.0,84.0,84.0,84.0,84.0,84.0,84.0,84.0,84.0,,,,,,,,,,,,,,,,,,,,,,,0.4,386.0551,367.5013,352.3268,339.8134,329.4335,320.787,313.5614,307.5051,302.4106,298.1026,294.43,291.2608,288.4793,285.9842,283.6885,281.5193,279.418,277.3406,275.2565,273.1464,383.0,274.0,968.6675,255.65640000000008,1566.9697,22.986999999999966
85,85,85.0,85.0,85.0,85.0,85.0,85.0,85.0,85.0,85.0,85.0,85.0,85.0,85.0,85.0,85.0,85.0,85.0,85.0,85.0,85.0,85.0,85.0,85.0,85.0,85.0,85.0,85.0,85.0,85.0,85.0,85.0,85.0,85.0,85.0,85.0,85.0,85.0,85.0,85.0,85.0,85.0,85.0,85.0,85.0,85.0,85.0,85.0,85.0,85.0,85.0,85.0,85.0,,,,,,,,,,,,,,,,,,,,,,,0.5,366.314,352.7698,341.6056,332.2569,324.3087,317.461,311.5003,306.2757,301.6781,297.6252,294.0502,290.8952,288.108,285.641,283.4502,281.4957,279.7401,278.1479,276.6841,275.3134,416.0,274.0,1224.3239,258.1015,1311.3133,22.986999999999966
86,86,86.0,86.0,86.0,86.0,86.0,86.0,86.0,86.0,86.0,86.0,86.0,86.0,86.0,86.0,86.0,86.0,86.0,86.0,86.0,86.0,86.0,86.0,86.0,86.0,86.0,86.0,86.0,86.0,86.0,86.0,86.0,86.0,86.0,86.0,86.0,86.0,86.0,86.0,86.0,86.0,86.0,86.0,86.0,86.0,86.0,86.0,86.0,86.0,86.0,86.0,86.0,86.0,,,,,,,,,,,,,,,,,,,,,,,0.6,390.9494,370.6876,354.153,340.6006,329.4744,320.3347,312.818,306.6172,301.4732,297.1705,293.5338,290.424,287.7324,285.3751,283.2866,281.4151,279.718,278.1591,276.7059,275.3289,400.0,271.0,1482.4254,265.3451,1053.2118,22.986999999999966
87,87,87.0,87.0,87.0,87.0,87.0,87.0,87.0,87.0,87.0,87.0,87.0,87.0,87.0,87.0,87.0,87.0,87.0,87.0,87.0,87.0,87.0,87.0,87.0,87.0,87.0,87.0,87.0,87.0,87.0,87.0,87.0,87.0,87.0,87.0,87.0,87.0,87.0,87.0,87.0,87.0,87.0,87.0,87.0,87.0,87.0,87.0,87.0,87.0,87.0,87.0,87.0,87.0,,,,,,,,,,,,,,,,,,,,,,,0.7,379.4014,362.7245,349.0362,337.6632,328.113,320.0228,313.1227,307.2086,302.1215,297.7325,293.9321,290.6238,287.7197,285.1395,282.8099,280.6652,278.6477,276.7086,274.808,272.9137,403.0,274.0,1747.7705,264.6048999999998,787.8667,22.986999999999966
88,88,88.0,88.0,88.0,88.0,88.0,88.0,88.0,88.0,88.0,88.0,88.0,88.0,88.0,88.0,88.0,88.0,88.0,88.0,88.0,88.0,88.0,88.0,88.0,88.0,88.0,88.0,88.0,88.0,88.0,88.0,88.0,88.0,88.0,88.0,88.0,88.0,88.0,88.0,88.0,88.0,88.0,88.0,88.0,88.0,88.0,88.0,88.0,88.0,88.0,88.0,88.0,88.0,,,,,,,,,,,,,,,,,,,,,,,0.8,381.4633,364.0207,349.7299,337.9126,328.0654,319.8049,312.8331,306.9149,301.8625,297.5253,293.7818,290.5342,287.7037,285.226,283.0487,281.1271,279.4214,277.894,276.5073,275.2227,407.0,275.0,2012.3754,263.8026,523.2618000000002,22.986999999999966
89,89,89.0,89.0,89.0,89.0,89.0,89.0,89.0,89.0,89.0,89.0,89.0,89.0,89.0,89.0,89.0,89.0,89.0,89.0,89.0,89.0,89.0,89.0,89.0,89.0,89.0,89.0,89.0,89.0,89.0,89.0,89.0,89.0,89.0,89.0,89.0,89.0,89.0,89.0,89.0,89.0,89.0,89.0,89.0,89.0,89.0,89.0,89.0,89.0,89.0,89.0,89.0,89.0,,,,,,,,,,,,,,,,,,,,,,,0.9,384.5376,366.3644,351.4899,339.2064,328.9914,320.4477,313.2663,307.2022,302.0587,297.6768,293.9274,290.7056,287.9255,285.5171,283.4219,281.5907,279.9802,278.5517,277.2687,276.0962,394.0,273.0,2276.178,259.45920000000024,259.45920000000024,22.986999999999966
90,90,90.0,90.0,90.0,90.0,90.0,90.0,90.0,90.0,90.0,90.0,90.0,90.0,90.0,90.0,90.0,90.0,90.0,90.0,90.0,90.0,90.0,90.0,90.0,90.0,90.0,90.0,90.0,90.0,90.0,90.0,90.0,90.0,90.0,90.0,90.0,90.0,90.0,90.0,90.0,90.0,90.0,90.0,90.0,90.0,90.0,90.0,90.0,90.0,90.0,90.0,90.0,90.0,,,,,,,,,,,,,,,,,,,,,,,0.0,273.0,273.0,273.0,273.0,273.0,273.0,273.0,273.0,273.0,273.0,273.0,273.0,273.0,273.0,273.0,273.0,273.0,273.0,273.0,273.0,333.0,472.0,0.0,363.0372,2510.8064000000004,22.74739999999997
91,91,91.0,91.0,91.0,91.0,91.0,91.0,91.0,91.0,91.0,91.0,91.0,91.0,91.0,91.0,91.0,91.0,91.0,91.0,91.0,91.0,91.0,91.0,91.0,91.0,91.0,91.0,91.0,91.0,91.0,91.0,91.0,91.0,91.0,91.0,91.0,91.0,91.0,91.0,91.0,91.0,91.0,91.0,91.0,91.0,91.0,91.0,91.0,91.0,91.0,91.0,91.0,91.0,,,,,,,,,,,,,,,,,,,,,,,0.1,320.7242,310.1168,301.1383,293.7515,287.8887,283.4452,280.2943,278.3189,277.4509,277.7108,279.2401,282.3196,287.3697,294.9276,305.6038,320.0286,338.8104,362.539,391.8778,427.7944,451.0,272.0,363.0372,146.49040000000002,2147.7692,22.74739999999997
92,92,92.0,92.0,92.0,92.0,92.0,92.0,92.0,92.0,92.0,92.0,92.0,92.0,92.0,92.0,92.0,92.0,92.0,92.0,92.0,92.0,92.0,92.0,92.0,92.0,92.0,92.0,92.0,92.0,92.0,92.0,92.0,92.0,92.0,92.0,92.0,92.0,92.0,92.0,92.0,92.0,92.0,92.0,92.0,92.0,92.0,92.0,92.0,92.0,92.0,92.0,92.0,92.0,,,,,,,,,,,,,,,,,,,,,,,0.2,413.9215,383.7566,359.1241,339.2036,323.44,311.3788,302.5869,296.6246,293.0427,291.3854,291.1882,291.9707,293.2298,294.443,295.092,294.708,292.9355,289.5991,284.7569,278.7161,402.0,275.0,509.5276,208.1796,2001.2788,22.74739999999997
93,93,93.0,93.0,93.0,93.0,93.0,93.0,93.0,93.0,93.0,93.0,93.0,93.0,93.0,93.0,93.0,93.0,93.0,93.0,93.0,93.0,93.0,93.0,93.0,93.0,93.0,93.0,93.0,93.0,93.0,93.0,93.0,93.0,93.0,93.0,93.0,93.0,93.0,93.0,93.0,93.0,93.0,93.0,93.0,93.0,93.0,93.0,93.0,93.0,93.0,93.0,93.0,93.0,,,,,,,,,,,,,,,,,,,,,,,0.3,380.7096,363.4202,349.1725,337.2959,327.3261,318.9449,311.9312,306.1201,301.3693,297.5373,294.4716,292.0071,289.9727,288.2021,286.5464,284.8856,283.1365,281.2573,279.2471,277.1407,408.0,272.0,717.7072,245.7030000000001,1793.0992,22.74739999999997
94,94,94.0,94.0,94.0,94.0,94.0,94.0,94.0,94.0,94.0,94.0,94.0,94.0,94.0,94.0,94.0,94.0,94.0,94.0,94.0,94.0,94.0,94.0,94.0,94.0,94.0,94.0,94.0,94.0,94.0,94.0,94.0,94.0,94.0,94.0,94.0,94.0,94.0,94.0,94.0,94.0,94.0,94.0,94.0,94.0,94.0,94.0,94.0,94.0,94.0,94.0,94.0,94.0,,,,,,,,,,,,,,,,,,,,,,,0.4,385.2497,366.8457,351.7934,339.3858,329.1025,320.5474,313.4098,307.4393,302.4287,298.2031,294.6123,291.5251,288.8259,286.4133,284.1993,282.1099,280.0862,278.0847,276.0776,274.0506,393.0,275.0,963.4102,254.73689999999988,1547.3962,22.74739999999997
95,95,95.0,95.0,95.0,95.0,95.0,95.0,95.0,95.0,95.0,95.0,95.0,95.0,95.0,95.0,95.0,95.0,95.0,95.0,95.0,95.0,95.0,95.0,95.0,95.0,95.0,95.0,95.0,95.0,95.0,95.0,95.0,95.0,95.0,95.0,95.0,95.0,95.0,95.0,95.0,95.0,95.0,95.0,95.0,95.0,95.0,95.0,95.0,95.0,95.0,95.0,95.0,95.0,,,,,,,,,,,,,,,,,,,,,,,0.5,373.9684,358.5394,345.8638,335.3213,326.4542,318.9236,312.4773,306.9265,302.1262,297.9621,294.3407,291.1837,288.4237,286.003,283.8717,281.9864,280.3089,278.8044,277.4398,276.1824,412.0,275.0,1218.1471,257.1255000000001,1292.6593,22.74739999999997
96,96,96.0,96.0,96.0,96.0,96.0,96.0,96.0,96.0,96.0,96.0,96.0,96.0,96.0,96.0,96.0,96.0,96.0,96.0,96.0,96.0,96.0,96.0,96.0,96.0,96.0,96.0,96.0,96.0,96.0,96.0,96.0,96.0,96.0,96.0,96.0,96.0,96.0,96.0,96.0,96.0,96.0,96.0,96.0,96.0,96.0,96.0,96.0,96.0,96.0,96.0,96.0,96.0,,,,,,,,,,,,,,,,,,,,,,,0.6,388.1577,368.8781,353.1304,340.1848,329.4996,320.6541,313.3101,307.1898,302.0636,297.7427,294.0735,290.9324,288.2208,285.8602,283.7875,281.9514,280.3091,278.8237,277.4628,276.1973,380.0,274.0,1475.2726,253.801,1035.5338,22.74739999999997
97,97,97.0,97.0,97.0,97.0,97.0,97.0,97.0,97.0,97.0,97.0,97.0,97.0,97.0,97.0,97.0,97.0,97.0,97.0,97.0,97.0,97.0,97.0,97.0,97.0,97.0,97.0,97.0,97.0,97.0,97.0,97.0,97.0,97.0,97.0,97.0,97.0,97.0,97.0,97.0,97.0,97.0,97.0,97.0,97.0,97.0,97.0,97.0,97.0,97.0,97.0,97.0,97.0,,,,,,,,,,,,,,,,,,,,,,,0.7,364.0279,351.0601,340.3557,331.3646,323.6851,317.0317,311.207,306.0765,301.5469,297.5489,294.0249,290.922,288.1884,285.7729,283.6257,281.6992,279.9496,278.3374,276.828,275.3911,417.0,274.0,1729.0736,256.59940000000006,781.7328,22.74739999999997
98,98,98.0,98.0,98.0,98.0,98.0,98.0,98.0,98.0,98.0,98.0,98.0,98.0,98.0,98.0,98.0,98.0,98.0,98.0,98.0,98.0,98.0,98.0,98.0,98.0,98.0,98.0,98.0,98.0,98.0,98.0,98.0,98.0,98.0,98.0,98.0,98.0,98.0,98.0,98.0,98.0,98.0,98.0,98.0,98.0,98.0,98.0,98.0,98.0,98.0,98.0,98.0,98.0,,,,,,,,,,,,,,,,,,,,,,,0.8,391.6368,371.1205,354.383,340.6762,329.4414,320.2342,312.6849,306.4787,301.3485,297.0713,293.4655,290.3872,287.7241,285.39,283.3181,281.456,279.7612,278.198,276.7352,275.3445,400.0,274.0,1985.673,264.1586,525.1333999999999,22.74739999999997
99,99,99.0,99.0,99.0,99.0,99.0,99.0,99.0,99.0,99.0,99.0,99.0,99.0,99.0,99.0,99.0,99.0,99.0,99.0,99.0,99.0,99.0,99.0,99.0,99.0,99.0,99.0,99.0,99.0,99.0,99.0,99.0,99.0,99.0,99.0,99.0,99.0,99.0,99.0,99.0,99.0,99.0,99.0,99.0,99.0,99.0,99.0,99.0,99.0,99.0,99.0,99.0,99.0,,,,,,,,,,,,,,,,,,,,,,,0.9,379.4059,362.7324,349.0453,337.671,328.1176,320.0233,313.1203,307.207,302.1277,297.7574,293.9917,290.7402,287.9233,285.4696,283.3161,281.4069,279.6928,278.1309,276.6834,275.3167,403.0,274.0,2249.8316,260.9748,260.9748,22.74739999999997
100,100,100.0,100.0,100.0,100.0,100.0,100.0,100.0,100.0,100.0,100.0,100.0,100.0,100.0,100.0,100.0,100.0,100.0,100.0,100.0,100.0,100.0,100.0,100.0,100.0,100.0,100.0,100.0,100.0,100.0,100.0,100.0,100.0,100.0,100.0,100.0,100.0,100.0,100.0,100.0,100.0,100.0,100.0,100.0,100.0,100.0,100.0,100.0,100.0,100.0,100.0,100.0,100.0,,,,,,,,,,,,,,,,,,,,,,,0.0,273.0,273.0,273.0,273.0,273.0,273.0,273.0,273.0,273.0,273.0,273.0,273.0,273.0,273.0,273.0,273.0,273.0,273.0,273.0,273.0,334.0,472.0,0.0,362.7775,1427.0265,28.550099999999983
101,101,101.0,101.0,101.0,101.0,101.0,101.0,101.0,101.0,101.0,101.0,101.0,101.0,101.0,101.0,101.0,101.0,101.0,101.0,101.0,101.0,101.0,101.0,101.0,101.0,101.0,101.0,101.0,101.0,101.0,101.0,101.0,101.0,101.0,101.0,101.0,101.0,101.0,101.0,101.0,101.0,101.0,101.0,101.0,101.0,101.0,101.0,101.0,101.0,101.0,101.0,101.0,101.0,,,,,,,,,,,,,,,,,,,,,,,0.1,321.5129,310.7271,301.5995,294.0907,288.1308,283.6125,280.4061,278.3911,277.4959,277.7378,279.2557,282.3283,287.3744,294.93,305.605,320.0292,338.8107,362.5391,391.8779,427.7944,314.0,471.0,362.7775,120.6918,1064.249,28.550099999999983
102,102,102.0,102.0,102.0,102.0,102.0,102.0,102.0,102.0,102.0,102.0,102.0,102.0,102.0,102.0,102.0,102.0,102.0,102.0,102.0,102.0,102.0,102.0,102.0,102.0,102.0,102.0,102.0,102.0,102.0,102.0,102.0,102.0,102.0,102.0,102.0,102.0,102.0,102.0,102.0,102.0,102.0,102.0,102.0,102.0,102.0,102.0,102.0,102.0,102.0,102.0,102.0,102.0,,,,,,,,,,,,,,,,,,,,,,,0.2,307.9496,302.8183,298.485,294.8812,291.9912,289.8485,288.5301,288.1479,288.8417,290.7718,294.1154,299.0643,305.8262,314.6305,325.7409,339.4793,356.2657,376.6865,401.6036,432.3393,456.0,271.0,483.4693,68.81010000000003,943.5572,28.550099999999983
103,103,103.0,103.0,103.0,103.0,103.0,103.0,103.0,103.0,103.0,103.0,103.0,103.0,103.0,103.0,103.0,103.0,103.0,103.0,103.0,103.0,103.0,103.0,103.0,103.0,103.0,103.0,103.0,103.0,103.0,103.0,103.0,103.0,103.0,103.0,103.0,103.0,103.0,103.0,103.0,103.0,103.0,103.0,103.0,103.0,103.0,103.0,103.0,103.0,103.0,103.0,103.0,103.0,,,,,,,,,,,,,,,,,,,,,,,0.3,418.1913,387.6615,362.9751,343.2799,327.9868,316.594,308.6065,303.5111,300.7799,299.8795,300.2736,301.4197,302.7642,303.748,303.8304,302.5351,299.5142,294.6173,287.9458,279.8709,428.0,274.0,552.2794,180.8562,874.7470999999999,28.550099999999983
104,104,104.0,104.0,104.0,104.0,104.0,104.0,104.0,104.0,104.0,104.0,104.0,104.0,104.0,104.0,104.0,104.0,104.0,104.0,104.0,104.0,104.0,104.0,104.0,104.0,104.0,104.0,104.0,104.0,104.0,104.0,104.0,104.0,104.0,104.0,104.0,104.0,104.0,104.0,104.0,104.0,104.0,104.0,104.0,104.0,104.0,104.0,104.0,104.0,104.0,104.0,104.0,104.0,,,,,,,,,,,,,,,,,,,,,,,0.4,401.0731,379.5088,362.0114,347.7002,335.9606,326.3501,318.5331,312.235,307.2105,303.2246,300.0444,297.4391,295.1878,293.0888,290.9716,288.7066,286.2117,283.4555,280.4558,277.273,220.0,435.0,733.1356,164.70940000000007,693.8909,28.550099999999983
105,105,105.0,105.0,105.0,105.0,105.0,105.0,105.0,105.0,105.0,105.0,105.0,105.0,105.0,105.0,105.0,105.0,105.0,105.0,105.0,105.0,105.0,105.0,105.0,105.0,105.0,105.0,105.0,105.0,105.0,105.0,105.0,105.0,105.0,105.0,105.0,105.0,105.0,105.0,105.0,105.0,105.0,105.0,105.0,105.0,105.0,105.0,105.0,105.0,105.0,105.0,105.0,105.0,,,,,,,,,,,,,,,,,,,,,,,0.5,238.5909,255.4139,269.7453,281.166,289.5903,295.2304,298.5204,300.0293,300.3855,300.2265,300.1772,300.8484,302.8454,306.7728,313.2266,322.7745,335.9348,353.1765,374.9696,401.9164,281.0,456.0,897.845,77.41859999999997,529.1814999999999,28.550099999999983
106,106,106.0,106.0,106.0,106.0,106.0,106.0,106.0,106.0,106.0,106.0,106.0,106.0,106.0,106.0,106.0,106.0,106.0,106.0,106.0,106.0,106.0,106.0,106.0,106.0,106.0,106.0,106.0,106.0,106.0,106.0,106.0,106.0,106.0,106.0,106.0,106.0,106.0,106.0,106.0,106.0,106.0,106.0,106.0,106.0,106.0,106.0,106.0,106.0,106.0,106.0,106.0,106.0,,,,,,,,,,,,,,,,,,,,,,,0.6,281.1065,281.4794,282.1873,283.2632,284.7036,286.4809,288.567,290.9597,293.7051,296.9127,300.7601,305.4894,311.3977,318.8275,328.16,339.8182,354.2867,372.1568,394.2129,421.5828,473.0,296.0,975.2636,64.26089999999999,451.7629,28.550099999999983
107,107,107.0,107.0,107.0,107.0,107.0,107.0,107.0,107.0,107.0,107.0,107.0,107.0,107.0,107.0,107.0,107.0,107.0,107.0,107.0,107.0,107.0,107.0,107.0,107.0,107.0,107.0,107.0,107.0,107.0,107.0,107.0,107.0,107.0,107.0,107.0,107.0,107.0,107.0,107.0,107.0,107.0,107.0,107.0,107.0,107.0,107.0,107.0,107.0,107.0,107.0,107.0,107.0,,,,,,,,,,,,,,,,,,,,,,,0.7,430.2526,395.9442,368.3709,346.5601,329.8435,317.6301,309.3103,304.2403,301.7646,301.2475,302.0936,303.7536,305.721,307.5306,308.7686,309.0995,308.308,306.3457,303.3664,299.7355,418.0,274.0,1039.5245,157.78629999999998,387.502,28.550099999999983
108,108,108.0,108.0,108.0,108.0,108.0,108.0,108.0,108.0,108.0,108.0,108.0,108.0,108.0,108.0,108.0,108.0,108.0,108.0,108.0,108.0,108.0,108.0,108.0,108.0,108.0,108.0,108.0,108.0,108.0,108.0,108.0,108.0,108.0,108.0,108.0,108.0,108.0,108.0,108.0,108.0,108.0,108.0,108.0,108.0,108.0,108.0,108.0,108.0,108.0,108.0,108.0,108.0,,,,,,,,,,,,,,,,,,,,,,,0.8,393.8208,374.4447,358.6975,345.771,335.1069,326.3183,319.1281,313.3207,308.7037,305.0825,302.2469,299.9691,298.0106,296.1356,294.1286,291.8135,289.0711,285.8534,282.1897,278.184,218.0,423.0,1197.3108,149.93049999999994,229.7157,28.550099999999983
109,109,109.0,109.0,109.0,109.0,109.0,109.0,109.0,109.0,109.0,109.0,109.0,109.0,109.0,109.0,109.0,109.0,109.0,109.0,109.0,109.0,109.0,109.0,109.0,109.0,109.0,109.0,109.0,109.0,109.0,109.0,109.0,109.0,109.0,109.0,109.0,109.0,109.0,109.0,109.0,109.0,109.0,109.0,109.0,109.0,109.0,109.0,109.0,109.0,109.0,109.0,109.0,109.0,,,,,,,,,,,,,,,,,,,,,,,0.9,236.8619,253.9492,268.5505,280.2539,288.9745,294.9192,298.5109,300.3027,300.9028,300.9241,300.9623,301.5943,303.3874,306.9057,312.7045,321.3134,333.2161,348.8465,368.6267,393.0733,280.0,453.0,1347.2413,79.78520000000003,79.78520000000003,28.550099999999983
110,110,110.0,110.0,110.0,110.0,110.0,110.0,110.0,110.0,110.0,110.0,110.0,110.0,110.0,110.0,110.0,110.0,110.0,110.0,110.0,110.0,110.0,110.0,110.0,110.0,110.0,110.0,110.0,110.0,110.0,110.0,110.0,110.0,110.0,110.0,110.0,110.0,110.0,110.0,110.0,110.0,110.0,110.0,110.0,110.0,110.0,110.0,110.0,110.0,110.0,110.0,110.0,110.0,,,,,,,,,,,,,,,,,,,,,,,0.0,273.0,273.0,273.0,273.0,273.0,273.0,273.0,273.0,273.0,273.0,273.0,273.0,273.0,273.0,273.0,273.0,273.0,273.0,273.0,273.0,333.0,471.0,0.0,363.1888,2537.5476,23.4058
111,111,111.0,111.0,111.0,111.0,111.0,111.0,111.0,111.0,111.0,111.0,111.0,111.0,111.0,111.0,111.0,111.0,111.0,111.0,111.0,111.0,111.0,111.0,111.0,111.0,111.0,111.0,111.0,111.0,111.0,111.0,111.0,111.0,111.0,111.0,111.0,111.0,111.0,111.0,111.0,111.0,111.0,111.0,111.0,111.0,111.0,111.0,111.0,111.0,111.0,111.0,111.0,111.0,,,,,,,,,,,,,,,,,,,,,,,0.1,320.7242,310.1167,301.1382,293.7512,287.8881,283.444,280.2919,278.3144,277.4426,277.696,279.2146,282.2775,287.3026,294.8244,305.4504,319.8079,338.5019,362.1182,391.3138,427.0448,448.0,274.0,363.1888,146.1889,2174.3588,23.4058
112,112,112.0,112.0,112.0,112.0,112.0,112.0,112.0,112.0,112.0,112.0,112.0,112.0,112.0,112.0,112.0,112.0,112.0,112.0,112.0,112.0,112.0,112.0,112.0,112.0,112.0,112.0,112.0,112.0,112.0,112.0,112.0,112.0,112.0,112.0,112.0,112.0,112.0,112.0,112.0,112.0,112.0,112.0,112.0,112.0,112.0,112.0,112.0,112.0,112.0,112.0,112.0,112.0,,,,,,,,,,,,,,,,,,,,,,,0.2,411.6571,382.0494,357.8507,338.2705,322.7711,310.9106,302.2665,296.4095,292.9009,291.2957,291.14,291.9644,293.2764,294.5649,295.3226,295.0913,293.5242,290.4524,285.9359,280.2796,404.0,272.0,509.3777,207.3802,2028.1699,23.4058
113,113,113.0,113.0,113.0,113.0,113.0,113.0,113.0,113.0,113.0,113.0,113.0,113.0,113.0,113.0,113.0,113.0,113.0,113.0,113.0,113.0,113.0,113.0,113.0,113.0,113.0,113.0,113.0,113.0,113.0,113.0,113.0,113.0,113.0,113.0,113.0,113.0,113.0,113.0,113.0,113.0,113.0,113.0,113.0,113.0,113.0,113.0,113.0,113.0,113.0,113.0,113.0,113.0,,,,,,,,,,,,,,,,,,,,,,,0.3,382.1619,364.4294,349.8276,337.677,327.5059,318.9873,311.89,306.0366,301.2719,297.441,294.3774,291.9021,289.8292,287.9767,286.18,284.3042,282.254,279.9804,277.4813,274.7968,412.0,273.0,716.7579,250.03830000000005,1820.7897,23.4058
114,114,114.0,114.0,114.0,114.0,114.0,114.0,114.0,114.0,114.0,114.0,114.0,114.0,114.0,114.0,114.0,114.0,114.0,114.0,114.0,114.0,114.0,114.0,114.0,114.0,114.0,114.0,114.0,114.0,114.0,114.0,114.0,114.0,114.0,114.0,114.0,114.0,114.0,114.0,114.0,114.0,114.0,114.0,114.0,114.0,114.0,114.0,114.0,114.0,114.0,114.0,114.0,114.0,,,,,,,,,,,,,,,,,,,,,,,0.4,388.3259,369.1976,353.5688,340.7004,330.0503,321.2058,313.8423,307.6971,302.5523,298.2244,294.557,291.4158,288.686,286.2698,284.0854,282.0659,280.1583,278.3226,276.5298,274.7601,379.0,271.0,966.7962,253.91910000000007,1570.7514,23.4058
115,115,115.0,115.0,115.0,115.0,115.0,115.0,115.0,115.0,115.0,115.0,115.0,115.0,115.0,115.0,115.0,115.0,115.0,115.0,115.0,115.0,115.0,115.0,115.0,115.0,115.0,115.0,115.0,115.0,115.0,115.0,115.0,115.0,115.0,115.0,115.0,115.0,115.0,115.0,115.0,115.0,115.0,115.0,115.0,115.0,115.0,115.0,115.0,115.0,115.0,115.0,115.0,115.0,,,,,,,,,,,,,,,,,,,,,,,0.5,363.3101,350.5792,340.0723,331.2428,323.6912,317.1341,311.376,306.2841,301.7659,297.7519,294.1825,291.0015,288.1519,285.5764,283.2183,281.0237,278.9433,276.934,274.9594,272.9897,421.0,272.0,1220.7153,261.48069999999984,1316.8322999999998,23.4058
116,116,116.0,116.0,116.0,116.0,116.0,116.0,116.0,116.0,116.0,116.0,116.0,116.0,116.0,116.0,116.0,116.0,116.0,116.0,116.0,116.0,116.0,116.0,116.0,116.0,116.0,116.0,116.0,116.0,116.0,116.0,116.0,116.0,116.0,116.0,116.0,116.0,116.0,116.0,116.0,116.0,116.0,116.0,116.0,116.0,116.0,116.0,116.0,116.0,116.0,116.0,116.0,116.0,,,,,,,,,,,,,,,,,,,,,,,0.6,394.6722,373.4039,356.0739,341.9022,330.3077,320.8272,313.0724,306.7106,301.4576,297.0753,293.3694,290.1862,287.4066,284.9399,282.7168,280.6836,278.7963,277.0177,275.3136,273.6516,391.0,274.0,1482.196,266.6400000000001,1055.3516,23.4058
117,117,117.0,117.0,117.0,117.0,117.0,117.0,117.0,117.0,117.0,117.0,117.0,117.0,117.0,117.0,117.0,117.0,117.0,117.0,117.0,117.0,117.0,117.0,117.0,117.0,117.0,117.0,117.0,117.0,117.0,117.0,117.0,117.0,117.0,117.0,117.0,117.0,117.0,117.0,117.0,117.0,117.0,117.0,117.0,117.0,117.0,117.0,117.0,117.0,117.0,117.0,117.0,117.0,,,,,,,,,,,,,,,,,,,,,,,0.7,372.6079,357.6999,345.4232,335.1545,326.4405,318.956,312.4704,306.8207,301.8878,297.5802,293.8219,290.5459,287.6907,285.1993,283.0196,281.1034,279.4064,277.8871,276.5057,275.2229,411.0,272.0,1748.836,263.1213,788.7115999999999,23.4058
118,118,118.0,118.0,118.0,118.0,118.0,118.0,118.0,118.0,118.0,118.0,118.0,118.0,118.0,118.0,118.0,118.0,118.0,118.0,118.0,118.0,118.0,118.0,118.0,118.0,118.0,118.0,118.0,118.0,118.0,118.0,118.0,118.0,118.0,118.0,118.0,118.0,118.0,118.0,118.0,118.0,118.0,118.0,118.0,118.0,118.0,118.0,118.0,118.0,118.0,118.0,118.0,118.0,,,,,,,,,,,,,,,,,,,,,,,0.8,387.3637,368.2396,352.6098,339.7519,329.1283,320.321,312.9934,306.869,301.7192,297.356,293.6256,290.4032,287.5871,285.0942,282.8552,280.8118,278.9138,277.1183,275.3882,273.6916,403.0,276.0,2011.9573,266.1786000000002,525.5902999999998,23.4058
119,119,119.0,119.0,119.0,119.0,119.0,119.0,119.0,119.0,119.0,119.0,119.0,119.0,119.0,119.0,119.0,119.0,119.0,119.0,119.0,119.0,119.0,119.0,119.0,119.0,119.0,119.0,119.0,119.0,119.0,119.0,119.0,119.0,119.0,119.0,119.0,119.0,119.0,119.0,119.0,119.0,119.0,119.0,119.0,119.0,119.0,119.0,119.0,119.0,119.0,119.0,119.0,119.0,,,,,,,,,,,,,,,,,,,,,,,0.9,381.6276,364.331,350.1513,338.3989,328.5676,320.2796,313.2489,307.2557,302.1283,297.7299,293.9498,290.6977,287.8994,285.4939,283.4304,281.6658,280.1618,278.8814,277.7874,276.8405,398.0,273.0,2278.1359,259.41169999999966,259.41169999999966,23.4058
120,120,120.0,120.0,120.0,120.0,120.0,120.0,120.0,120.0,120.0,120.0,120.0,120.0,120.0,120.0,120.0,120.0,120.0,120.0,120.0,120.0,120.0,120.0,120.0,120.0,120.0,120.0,120.0,120.0,120.0,120.0,120.0,120.0,120.0,120.0,120.0,120.0,120.0,120.0,120.0,120.0,120.0,120.0,120.0,120.0,120.0,120.0,120.0,120.0,120.0,120.0,120.0,,,,,,,,,,,,,,,,,,,,,,,,0.0,273.0,273.0,273.0,273.0,273.0,273.0,273.0,273.0,273.0,273.0,273.0,273.0,273.0,273.0,273.0,273.0,273.0,273.0,273.0,273.0,425.0,331.0,0.0,388.2533,3023.6476,29.203100000000006
121,121,121.0,121.0,121.0,121.0,121.0,121.0,121.0,121.0,121.0,121.0,121.0,121.0,121.0,121.0,121.0,121.0,121.0,121.0,121.0,121.0,121.0,121.0,121.0,121.0,121.0,121.0,121.0,121.0,121.0,121.0,121.0,121.0,121.0,121.0,121.0,121.0,121.0,121.0,121.0,121.0,121.0,121.0,121.0,121.0,121.0,121.0,121.0,121.0,121.0,121.0,121.0,,,,,,,,,,,,,,,,,,,,,,,,0.1,392.2154,364.9673,342.4147,324.0499,309.4727,298.2739,289.9987,284.1635,280.2994,277.9989,276.9521,276.9653,277.9602,279.9586,283.0538,287.3766,293.0596,300.2093,308.8928,319.1451,418.0,276.0,388.2533,267.7983,2635.3942999999995,29.203100000000006
122,122,122.0,122.0,122.0,122.0,122.0,122.0,122.0,122.0,122.0,122.0,122.0,122.0,122.0,122.0,122.0,122.0,122.0,122.0,122.0,122.0,122.0,122.0,122.0,122.0,122.0,122.0,122.0,122.0,122.0,122.0,122.0,122.0,122.0,122.0,122.0,122.0,122.0,122.0,122.0,122.0,122.0,122.0,122.0,122.0,122.0,122.0,122.0,122.0,122.0,122.0,122.0,,,,,,,,,,,,,,,,,,,,,,,,0.2,391.3032,369.4625,351.3881,336.3539,323.8623,313.5588,305.1763,298.496,293.3215,289.461,286.7155,284.8729,283.7067,282.9817,282.4659,281.9488,281.2633,280.308,279.0608,277.582,432.0,274.0,656.0516,282.84259999999995,2367.5959999999995,29.203100000000006
123,123,123.0,123.0,123.0,123.0,123.0,123.0,123.0,123.0,123.0,123.0,123.0,123.0,123.0,123.0,123.0,123.0,123.0,123.0,123.0,123.0,123.0,123.0,123.0,123.0,123.0,123.0,123.0,123.0,123.0,123.0,123.0,123.0,123.0,123.0,123.0,123.0,123.0,123.0,123.0,123.0,123.0,123.0,123.0,123.0,123.0,123.0,123.0,123.0,123.0,123.0,123.0,,,,,,,,,,,,,,,,,,,,,,,,0.3,403.16,379.9151,360.9287,345.298,332.3853,321.7179,312.9283,305.7175,299.8335,295.0575,291.1963,288.0776,285.5471,283.468,281.7212,280.2063,278.843,277.5719,276.3533,275.1655,435.0,274.0,938.8942,295.4677000000001,2084.7534,29.203100000000006
124,124,124.0,124.0,124.0,124.0,124.0,124.0,124.0,124.0,124.0,124.0,124.0,124.0,124.0,124.0,124.0,124.0,124.0,124.0,124.0,124.0,124.0,124.0,124.0,124.0,124.0,124.0,124.0,124.0,124.0,124.0,124.0,124.0,124.0,124.0,124.0,124.0,124.0,124.0,124.0,124.0,124.0,124.0,124.0,124.0,124.0,124.0,124.0,124.0,124.0,124.0,124.0,,,,,,,,,,,,,,,,,,,,,,,,0.4,406.2644,383.2627,364.5663,349.2003,336.474,325.8808,317.0371,309.6431,303.4585,298.2853,293.9578,290.3348,287.2951,284.734,282.561,280.6982,279.0787,277.6451,276.3484,275.1459,440.0,274.0,1234.3619,298.35349999999994,1789.2856999999997,29.203100000000006
125,125,125.0,125.0,125.0,125.0,125.0,125.0,125.0,125.0,125.0,125.0,125.0,125.0,125.0,125.0,125.0,125.0,125.0,125.0,125.0,125.0,125.0,125.0,125.0,125.0,125.0,125.0,125.0,125.0,125.0,125.0,125.0,125.0,125.0,125.0,125.0,125.0,125.0,125.0,125.0,125.0,125.0,125.0,125.0,125.0,125.0,125.0,125.0,125.0,125.0,125.0,125.0,,,,,,,,,,,,,,,,,,,,,,,,0.5,410.4087,386.8327,367.7475,352.1141,339.1961,328.4531,319.4763,311.9482,305.6169,300.2789,295.7677,291.9455,288.6968,285.924,283.5436,281.4835,279.6805,278.0789,276.6283,275.283,440.0,272.0,1532.7154,298.9655,1490.9321999999995,29.203100000000006
126,126,126.0,126.0,126.0,126.0,126.0,126.0,126.0,126.0,126.0,126.0,126.0,126.0,126.0,126.0,126.0,126.0,126.0,126.0,126.0,126.0,126.0,126.0,126.0,126.0,126.0,126.0,126.0,126.0,126.0,126.0,126.0,126.0,126.0,126.0,126.0,126.0,126.0,126.0,126.0,126.0,126.0,126.0,126.0,126.0,126.0,126.0,126.0,126.0,126.0,126.0,126.0,,,,,,,,,,,,,,,,,,,,,,,,0.6,410.6815,387.37,368.528,353.1037,340.3508,329.7239,320.813,313.3032,306.9469,301.5454,296.9359,292.9825,289.5696,286.5972,283.9781,281.6358,279.5029,277.5207,275.6384,273.8113,441.0,272.0,1831.6809,299.60360000000014,1191.9666999999995,29.203100000000006
127,127,127.0,127.0,127.0,127.0,127.0,127.0,127.0,127.0,127.0,127.0,127.0,127.0,127.0,127.0,127.0,127.0,127.0,127.0,127.0,127.0,127.0,127.0,127.0,127.0,127.0,127.0,127.0,127.0,127.0,127.0,127.0,127.0,127.0,127.0,127.0,127.0,127.0,127.0,127.0,127.0,127.0,127.0,127.0,127.0,127.0,127.0,127.0,127.0,127.0,127.0,127.0,,,,,,,,,,,,,,,,,,,,,,,,0.7,411.5406,388.1468,369.2617,353.8198,341.0643,330.4408,321.5318,314.0162,307.6416,302.2065,297.5473,293.5295,290.0406,286.9855,284.2827,281.8616,279.6597,277.6215,275.6963,273.8373,440.0,272.0,2131.2845,298.9499999999998,892.3630999999996,29.203100000000006
128,128,128.0,128.0,128.0,128.0,128.0,128.0,128.0,128.0,128.0,128.0,128.0,128.0,128.0,128.0,128.0,128.0,128.0,128.0,128.0,128.0,128.0,128.0,128.0,128.0,128.0,128.0,128.0,128.0,128.0,128.0,128.0,128.0,128.0,128.0,128.0,128.0,128.0,128.0,128.0,128.0,128.0,128.0,128.0,128.0,128.0,128.0,128.0,128.0,128.0,128.0,128.0,,,,,,,,,,,,,,,,,,,,,,,,0.8,410.8613,387.7277,369.0563,353.7881,341.1701,330.6506,321.8156,314.3476,307.9982,302.57,297.9032,293.8665,290.3503,287.2621,284.5224,282.0621,279.82,277.7413,275.7759,273.8769,441.0,274.0,2430.2345,297.3762999999999,593.4130999999998,29.203100000000006
129,129,129.0,129.0,129.0,129.0,129.0,129.0,129.0,129.0,129.0,129.0,129.0,129.0,129.0,129.0,129.0,129.0,129.0,129.0,129.0,129.0,129.0,129.0,129.0,129.0,129.0,129.0,129.0,129.0,129.0,129.0,129.0,129.0,129.0,129.0,129.0,129.0,129.0,129.0,129.0,129.0,129.0,129.0,129.0,129.0,129.0,129.0,129.0,129.0,129.0,129.0,129.0,,,,,,,,,,,,,,,,,,,,,,,,0.9,411.6206,388.3072,369.5014,354.1355,341.4499,330.8876,322.0294,314.5531,308.2067,302.7908,298.1452,294.1409,290.6727,287.6542,285.0131,282.6878,280.6238,278.7708,277.0807,275.5062,443.0,274.0,2727.6108,296.03679999999986,296.03679999999986,29.203100000000006
130,130,130.0,130.0,130.0,130.0,130.0,130.0,130.0,130.0,130.0,130.0,130.0,130.0,130.0,130.0,130.0,130.0,130.0,130.0,130.0,130.0,130.0,130.0,130.0,130.0,130.0,130.0,130.0,130.0,130.0,130.0,130.0,130.0,130.0,130.0,130.0,130.0,130.0,130.0,130.0,130.0,130.0,130.0,130.0,130.0,130.0,130.0,130.0,130.0,130.0,130.0,130.0,,,,,,,,,,,,,,,,,,,,,,,,0.0,273.0,273.0,273.0,273.0,273.0,273.0,273.0,273.0,273.0,273.0,273.0,273.0,273.0,273.0,273.0,273.0,273.0,273.0,273.0,273.0,422.0,329.0,0.0,389.1205,3045.659900000001,28.66919999999999
131,131,131.0,131.0,131.0,131.0,131.0,131.0,131.0,131.0,131.0,131.0,131.0,131.0,131.0,131.0,131.0,131.0,131.0,131.0,131.0,131.0,131.0,131.0,131.0,131.0,131.0,131.0,131.0,131.0,131.0,131.0,131.0,131.0,131.0,131.0,131.0,131.0,131.0,131.0,131.0,131.0,131.0,131.0,131.0,131.0,131.0,131.0,131.0,131.0,131.0,131.0,131.0,,,,,,,,,,,,,,,,,,,,,,,,0.1,389.9211,363.2224,341.1065,323.0895,308.7855,297.7957,289.6745,283.9471,280.1524,277.8894,276.8526,276.8498,277.8018,279.7273,282.7148,286.8896,292.3789,299.2847,307.6701,317.5659,420.0,275.0,389.1205,271.29240000000004,2656.539400000001,28.66919999999999
132,132,132.0,132.0,132.0,132.0,132.0,132.0,132.0,132.0,132.0,132.0,132.0,132.0,132.0,132.0,132.0,132.0,132.0,132.0,132.0,132.0,132.0,132.0,132.0,132.0,132.0,132.0,132.0,132.0,132.0,132.0,132.0,132.0,132.0,132.0,132.0,132.0,132.0,132.0,132.0,132.0,132.0,132.0,132.0,132.0,132.0,132.0,132.0,132.0,132.0,132.0,132.0,,,,,,,,,,,,,,,,,,,,,,,,0.2,392.7443,370.4553,352.0223,336.7076,324.0051,313.5512,305.0674,298.3225,293.1078,289.2198,286.4502,284.58,283.3785,282.6083,282.0366,281.4531,280.6913,279.6491,278.3035,276.7121,431.0,272.0,660.4129,286.6984,2385.2470000000003,28.66919999999999
133,133,133.0,133.0,133.0,133.0,133.0,133.0,133.0,133.0,133.0,133.0,133.0,133.0,133.0,133.0,133.0,133.0,133.0,133.0,133.0,133.0,133.0,133.0,133.0,133.0,133.0,133.0,133.0,133.0,133.0,133.0,133.0,133.0,133.0,133.0,133.0,133.0,133.0,133.0,133.0,133.0,133.0,133.0,133.0,133.0,133.0,133.0,133.0,133.0,133.0,133.0,133.0,,,,,,,,,,,,,,,,,,,,,,,,0.3,402.4241,379.3837,360.554,345.0381,332.2027,321.5799,312.8072,305.5912,299.6843,294.8714,290.9612,287.7808,285.1741,283.0007,281.1369,279.4773,277.9372,276.4528,274.9818,273.5007,434.0,273.0,947.1113,299.0618999999999,2098.5486,28.66919999999999
134,134,134.0,134.0,134.0,134.0,134.0,134.0,134.0,134.0,134.0,134.0,134.0,134.0,134.0,134.0,134.0,134.0,134.0,134.0,134.0,134.0,134.0,134.0,134.0,134.0,134.0,134.0,134.0,134.0,134.0,134.0,134.0,134.0,134.0,134.0,134.0,134.0,134.0,134.0,134.0,134.0,134.0,134.0,134.0,134.0,134.0,134.0,134.0,134.0,134.0,134.0,134.0,,,,,,,,,,,,,,,,,,,,,,,,0.4,405.4832,382.6437,364.0696,348.7956,336.1367,325.5899,316.774,309.391,303.2019,298.0101,293.6514,289.9863,286.8954,284.2761,282.04,280.1105,278.4214,276.9148,275.5395,274.249,437.0,271.0,1246.1732,300.63800000000015,1799.4867000000002,28.66919999999999
135,135,135.0,135.0,135.0,135.0,135.0,135.0,135.0,135.0,135.0,135.0,135.0,135.0,135.0,135.0,135.0,135.0,135.0,135.0,135.0,135.0,135.0,135.0,135.0,135.0,135.0,135.0,135.0,135.0,135.0,135.0,135.0,135.0,135.0,135.0,135.0,135.0,135.0,135.0,135.0,135.0,135.0,135.0,135.0,135.0,135.0,135.0,135.0,135.0,135.0,135.0,135.0,,,,,,,,,,,,,,,,,,,,,,,,0.5,408.1126,385.0666,366.3878,351.0665,338.3852,327.817,318.9633,311.5149,305.2264,299.899,295.3684,291.4968,288.1662,285.2743,282.7318,280.4595,278.3882,276.4568,274.6121,272.8072,441.0,272.0,1546.8112,302.64819999999986,1498.8487,28.66919999999999
136,136,136.0,136.0,136.0,136.0,136.0,136.0,136.0,136.0,136.0,136.0,136.0,136.0,136.0,136.0,136.0,136.0,136.0,136.0,136.0,136.0,136.0,136.0,136.0,136.0,136.0,136.0,136.0,136.0,136.0,136.0,136.0,136.0,136.0,136.0,136.0,136.0,136.0,136.0,136.0,136.0,136.0,136.0,136.0,136.0,136.0,136.0,136.0,136.0,136.0,136.0,136.0,,,,,,,,,,,,,,,,,,,,,,,,0.6,411.343,387.756,368.6899,353.0872,340.1974,329.4692,320.4861,312.9251,306.5309,301.0985,296.4612,292.4821,289.0476,286.0625,283.4457,281.1273,279.0453,277.1431,275.3683,273.6704,442.0,272.0,1849.4594,302.92650000000026,1196.2005,28.66919999999999
137,137,137.0,137.0,137.0,137.0,137.0,137.0,137.0,137.0,137.0,137.0,137.0,137.0,137.0,137.0,137.0,137.0,137.0,137.0,137.0,137.0,137.0,137.0,137.0,137.0,137.0,137.0,137.0,137.0,137.0,137.0,137.0,137.0,137.0,137.0,137.0,137.0,137.0,137.0,137.0,137.0,137.0,137.0,137.0,137.0,137.0,137.0,137.0,137.0,137.0,137.0,137.0,,,,,,,,,,,,,,,,,,,,,,,,0.7,412.2774,388.6777,369.6256,354.0452,341.1736,330.4524,321.4619,313.879,307.4504,301.9737,297.2847,293.2483,289.752,286.7006,284.0125,281.6165,279.4498,277.4554,275.5813,273.7784,443.0,276.0,2152.3859,300.93799999999965,893.2739999999999,28.66919999999999
138,138,138.0,138.0,138.0,138.0,138.0,138.0,138.0,138.0,138.0,138.0,138.0,138.0,138.0,138.0,138.0,138.0,138.0,138.0,138.0,138.0,138.0,138.0,138.0,138.0,138.0,138.0,138.0,138.0,138.0,138.0,138.0,138.0,138.0,138.0,138.0,138.0,138.0,138.0,138.0,138.0,138.0,138.0,138.0,138.0,138.0,138.0,138.0,138.0,138.0,138.0,138.0,,,,,,,,,,,,,,,,,,,,,,,,0.8,413.1229,389.4266,370.3158,354.7012,341.8108,331.0797,322.0844,314.4999,308.0733,302.6052,297.9369,293.9419,290.5188,287.586,285.0767,282.9345,281.109,279.5522,278.2157,277.049,444.0,274.0,2453.3239,296.9898000000003,592.3360000000002,28.66919999999999
139,139,139.0,139.0,139.0,139.0,139.0,139.0,139.0,139.0,139.0,139.0,139.0,139.0,139.0,139.0,139.0,139.0,139.0,139.0,139.0,139.0,139.0,139.0,139.0,139.0,139.0,139.0,139.0,139.0,139.0,139.0,139.0,139.0,139.0,139.0,139.0,139.0,139.0,139.0,139.0,139.0,139.0,139.0,139.0,139.0,139.0,139.0,139.0,139.0,139.0,139.0,139.0,,,,,,,,,,,,,,,,,,,,,,,,0.9,413.941,390.122,370.9291,355.2616,342.3398,331.594,322.5969,315.0206,308.609,303.1582,298.5035,294.5094,291.063,288.0682,285.4424,283.1137,281.0197,279.1058,277.3245,275.6348,441.0,274.0,2750.3137,295.34619999999995,295.34619999999995,28.66919999999999
140,140,140.0,140.0,140.0,140.0,140.0,140.0,140.0,140.0,140.0,140.0,140.0,140.0,140.0,140.0,140.0,140.0,140.0,140.0,140.0,140.0,140.0,140.0,140.0,140.0,140.0,140.0,140.0,140.0,140.0,140.0,140.0,140.0,140.0,140.0,140.0,140.0,140.0,140.0,140.0,140.0,140.0,140.0,140.0,140.0,140.0,140.0,140.0,140.0,140.0,140.0,140.0,,,,,,,,,,,,,,,,,,,,,,,,0.0,273.0,273.0,273.0,273.0,273.0,273.0,273.0,273.0,273.0,273.0,273.0,273.0,273.0,273.0,273.0,273.0,273.0,273.0,273.0,273.0,425.0,330.0,0.0,388.6461,3053.9502,29.06540000000001
141,141,141.0,141.0,141.0,141.0,141.0,141.0,141.0,141.0,141.0,141.0,141.0,141.0,141.0,141.0,141.0,141.0,141.0,141.0,141.0,141.0,141.0,141.0,141.0,141.0,141.0,141.0,141.0,141.0,141.0,141.0,141.0,141.0,141.0,141.0,141.0,141.0,141.0,141.0,141.0,141.0,141.0,141.0,141.0,141.0,141.0,141.0,141.0,141.0,141.0,141.0,141.0,,,,,,,,,,,,,,,,,,,,,,,,0.1,392.2154,364.9672,342.4146,324.0496,309.4721,298.2727,289.9962,284.1588,280.2906,277.9832,276.9251,276.9203,277.8879,279.8466,282.8862,287.134,292.7197,299.7473,308.2817,318.3557,420.0,275.0,388.6461,269.9739,2665.3041000000003,29.06540000000001
142,142,142.0,142.0,142.0,142.0,142.0,142.0,142.0,142.0,142.0,142.0,142.0,142.0,142.0,142.0,142.0,142.0,142.0,142.0,142.0,142.0,142.0,142.0,142.0,142.0,142.0,142.0,142.0,142.0,142.0,142.0,142.0,142.0,142.0,142.0,142.0,142.0,142.0,142.0,142.0,142.0,142.0,142.0,142.0,142.0,142.0,142.0,142.0,142.0,142.0,142.0,142.0,,,,,,,,,,,,,,,,,,,,,,,,0.2,392.8242,370.6094,352.2386,336.9695,324.2936,313.8478,305.3569,298.5943,293.3563,289.4442,286.653,284.7652,283.5502,282.7693,282.1876,281.5919,280.8134,279.7486,278.3742,276.749,432.0,273.0,658.62,285.8373,2395.3302000000003,29.06540000000001
143,143,143.0,143.0,143.0,143.0,143.0,143.0,143.0,143.0,143.0,143.0,143.0,143.0,143.0,143.0,143.0,143.0,143.0,143.0,143.0,143.0,143.0,143.0,143.0,143.0,143.0,143.0,143.0,143.0,143.0,143.0,143.0,143.0,143.0,143.0,143.0,143.0,143.0,143.0,143.0,143.0,143.0,143.0,143.0,143.0,143.0,143.0,143.0,143.0,143.0,143.0,143.0,,,,,,,,,,,,,,,,,,,,,,,,0.3,403.2058,380.0029,361.0503,345.4414,332.5361,321.8615,313.0513,305.8087,299.884,295.0608,291.1472,287.9715,285.3793,283.2331,281.4122,279.8147,278.3586,276.9823,275.6442,274.3204,434.0,271.0,944.4573,298.52319999999986,2109.4929,29.06540000000001
144,144,144.0,144.0,144.0,144.0,144.0,144.0,144.0,144.0,144.0,144.0,144.0,144.0,144.0,144.0,144.0,144.0,144.0,144.0,144.0,144.0,144.0,144.0,144.0,144.0,144.0,144.0,144.0,144.0,144.0,144.0,144.0,144.0,144.0,144.0,144.0,144.0,144.0,144.0,144.0,144.0,144.0,144.0,144.0,144.0,144.0,144.0,144.0,144.0,144.0,144.0,144.0,,,,,,,,,,,,,,,,,,,,,,,,0.4,405.5196,382.7151,364.1725,348.9249,336.2861,325.7531,316.9448,309.5637,303.3708,298.1687,293.7904,290.092,286.9477,284.2465,281.8907,279.7948,277.8849,276.0984,274.3832,272.696,440.0,271.0,1242.9805,303.61120000000005,1810.9697000000003,29.06540000000001
145,145,145.0,145.0,145.0,145.0,145.0,145.0,145.0,145.0,145.0,145.0,145.0,145.0,145.0,145.0,145.0,145.0,145.0,145.0,145.0,145.0,145.0,145.0,145.0,145.0,145.0,145.0,145.0,145.0,145.0,145.0,145.0,145.0,145.0,145.0,145.0,145.0,145.0,145.0,145.0,145.0,145.0,145.0,145.0,145.0,145.0,145.0,145.0,145.0,145.0,145.0,145.0,,,,,,,,,,,,,,,,,,,,,,,,0.5,410.383,386.7821,367.6734,352.0182,339.0795,328.3154,319.3144,311.7555,305.3828,299.989,295.4031,291.4834,288.1104,285.1827,282.6129,280.3252,278.253,276.3365,274.5218,272.7588,441.0,274.0,1546.5917,304.4117000000001,1507.3585000000005,29.06540000000001
146,146,146.0,146.0,146.0,146.0,146.0,146.0,146.0,146.0,146.0,146.0,146.0,146.0,146.0,146.0,146.0,146.0,146.0,146.0,146.0,146.0,146.0,146.0,146.0,146.0,146.0,146.0,146.0,146.0,146.0,146.0,146.0,146.0,146.0,146.0,146.0,146.0,146.0,146.0,146.0,146.0,146.0,146.0,146.0,146.0,146.0,146.0,146.0,146.0,146.0,146.0,146.0,,,,,,,,,,,,,,,,,,,,,,,,0.6,411.4156,387.896,368.8861,353.3238,340.4559,329.7315,320.7367,313.1533,306.7319,301.2744,296.6209,292.6422,289.2321,286.3034,283.7828,281.6073,279.7204,278.0689,276.6005,275.2622,443.0,272.0,1851.0034,301.616,1202.9468000000002,29.06540000000001
147,147,147.0,147.0,147.0,147.0,147.0,147.0,147.0,147.0,147.0,147.0,147.0,147.0,147.0,147.0,147.0,147.0,147.0,147.0,147.0,147.0,147.0,147.0,147.0,147.0,147.0,147.0,147.0,147.0,147.0,147.0,147.0,147.0,147.0,147.0,147.0,147.0,147.0,147.0,147.0,147.0,147.0,147.0,147.0,147.0,147.0,147.0,147.0,147.0,147.0,147.0,147.0,,,,,,,,,,,,,,,,,,,,,,,,0.7,413.0501,389.2824,370.1044,354.4298,341.489,330.7189,321.6962,314.0948,307.659,302.184,297.5035,293.4798,289.9973,286.9568,284.2724,281.869,279.6803,277.6477,275.7199,273.8511,444.0,272.0,2152.6194,302.39440000000013,901.3308000000002,29.06540000000001
148,148,148.0,148.0,148.0,148.0,148.0,148.0,148.0,148.0,148.0,148.0,148.0,148.0,148.0,148.0,148.0,148.0,148.0,148.0,148.0,148.0,148.0,148.0,148.0,148.0,148.0,148.0,148.0,148.0,148.0,148.0,148.0,148.0,148.0,148.0,148.0,148.0,148.0,148.0,148.0,148.0,148.0,148.0,148.0,148.0,148.0,148.0,148.0,148.0,148.0,148.0,148.0,,,,,,,,,,,,,,,,,,,,,,,,0.8,413.9076,390.0545,370.8263,355.1225,342.1631,331.3781,322.339,314.7164,308.2523,302.7406,298.0143,293.9363,290.3925,287.2864,284.5357,282.0689,279.8234,277.7429,275.7766,273.8772,442.0,273.0,2455.0138,301.1443999999997,598.9364,29.06540000000001
149,149,149.0,149.0,149.0,149.0,149.0,149.0,149.0,149.0,149.0,149.0,149.0,149.0,149.0,149.0,149.0,149.0,149.0,149.0,149.0,149.0,149.0,149.0,149.0,149.0,149.0,149.0,149.0,149.0,149.0,149.0,149.0,149.0,149.0,149.0,149.0,149.0,149.0,149.0,149.0,149.0,149.0,149.0,149.0,149.0,149.0,149.0,149.0,149.0,149.0,149.0,149.0,,,,,,,,,,,,,,,,,,,,,,,,0.9,412.4733,389.0649,370.1919,354.7701,342.0303,331.4104,322.4898,314.9473,308.5331,303.0492,298.3366,294.2655,290.7286,287.6361,284.9115,282.4888,280.3092,278.3194,276.4696,274.712,442.0,274.0,2756.1582,297.7920000000004,297.7920000000004,29.06540000000001
150,150,150.0,150.0,150.0,150.0,150.0,150.0,150.0,150.0,150.0,150.0,150.0,150.0,150.0,150.0,150.0,150.0,150.0,150.0,150.0,150.0,150.0,150.0,150.0,150.0,150.0,150.0,150.0,150.0,150.0,150.0,150.0,150.0,150.0,150.0,150.0,150.0,150.0,150.0,150.0,150.0,150.0,150.0,150.0,150.0,150.0,150.0,150.0,150.0,150.0,150.0,150.0,,,,,,,,,,,,,,,,,,,,,,,,0.0,273.0,273.0,273.0,273.0,273.0,273.0,273.0,273.0,273.0,273.0,273.0,273.0,273.0,273.0,273.0,273.0,273.0,273.0,273.0,273.0,423.0,326.0,0.0,390.2857,3050.6154999999994,29.089800000000025
151,151,151.0,151.0,151.0,151.0,151.0,151.0,151.0,151.0,151.0,151.0,151.0,151.0,151.0,151.0,151.0,151.0,151.0,151.0,151.0,151.0,151.0,151.0,151.0,151.0,151.0,151.0,151.0,151.0,151.0,151.0,151.0,151.0,151.0,151.0,151.0,151.0,151.0,151.0,151.0,151.0,151.0,151.0,151.0,151.0,151.0,151.0,151.0,151.0,151.0,151.0,151.0,,,,,,,,,,,,,,,,,,,,,,,,0.1,390.6861,363.8042,341.5424,323.4088,309.0125,297.9507,289.7736,284.0019,280.1693,277.8684,276.7866,276.723,277.5893,279.3931,282.2123,286.1612,291.3579,297.8967,305.8343,315.1956,419.0,273.0,390.2857,275.78829999999994,2660.3297999999995,29.089800000000025
152,152,152.0,152.0,152.0,152.0,152.0,152.0,152.0,152.0,152.0,152.0,152.0,152.0,152.0,152.0,152.0,152.0,152.0,152.0,152.0,152.0,152.0,152.0,152.0,152.0,152.0,152.0,152.0,152.0,152.0,152.0,152.0,152.0,152.0,152.0,152.0,152.0,152.0,152.0,152.0,152.0,152.0,152.0,152.0,152.0,152.0,152.0,152.0,152.0,152.0,152.0,152.0,,,,,,,,,,,,,,,,,,,,,,,,0.2,392.0069,369.9252,351.6548,336.4636,323.8488,313.4496,304.9908,298.2444,293.0044,289.0701,286.2348,284.2805,282.9767,282.0859,281.3749,280.6323,279.6899,278.4434,276.8663,275.012,428.0,271.0,666.074,290.3808,2384.5415,29.089800000000025
153,153,153.0,153.0,153.0,153.0,153.0,153.0,153.0,153.0,153.0,153.0,153.0,153.0,153.0,153.0,153.0,153.0,153.0,153.0,153.0,153.0,153.0,153.0,153.0,153.0,153.0,153.0,153.0,153.0,153.0,153.0,153.0,153.0,153.0,153.0,153.0,153.0,153.0,153.0,153.0,153.0,153.0,153.0,153.0,153.0,153.0,153.0,153.0,153.0,153.0,153.0,153.0,,,,,,,,,,,,,,,,,,,,,,,,0.3,400.1293,377.6279,359.2167,344.0255,331.4376,320.9972,312.3515,305.2155,299.3498,294.5463,290.6204,287.4051,284.7496,282.518,280.5904,278.8644,277.2563,275.7025,274.1583,272.5959,437.0,274.0,956.4548,301.9932000000001,2094.1607,29.089800000000025
154,154,154.0,154.0,154.0,154.0,154.0,154.0,154.0,154.0,154.0,154.0,154.0,154.0,154.0,154.0,154.0,154.0,154.0,154.0,154.0,154.0,154.0,154.0,154.0,154.0,154.0,154.0,154.0,154.0,154.0,154.0,154.0,154.0,154.0,154.0,154.0,154.0,154.0,154.0,154.0,154.0,154.0,154.0,154.0,154.0,154.0,154.0,154.0,154.0,154.0,154.0,154.0,,,,,,,,,,,,,,,,,,,,,,,,0.4,407.6576,384.1692,365.0808,349.4037,336.4372,325.6645,316.6903,309.2026,302.9491,297.7227,293.3512,289.6916,286.6244,284.0497,281.8841,280.0563,278.5049,277.1744,276.0133,274.9715,440.0,273.0,1258.448,303.0438999999999,1792.1674999999998,29.089800000000025
155,155,155.0,155.0,155.0,155.0,155.0,155.0,155.0,155.0,155.0,155.0,155.0,155.0,155.0,155.0,155.0,155.0,155.0,155.0,155.0,155.0,155.0,155.0,155.0,155.0,155.0,155.0,155.0,155.0,155.0,155.0,155.0,155.0,155.0,155.0,155.0,155.0,155.0,155.0,155.0,155.0,155.0,155.0,155.0,155.0,155.0,155.0,155.0,155.0,155.0,155.0,155.0,,,,,,,,,,,,,,,,,,,,,,,,0.5,410.4074,386.8263,367.7286,352.0733,339.1234,328.3398,319.3161,311.7378,305.356,299.9697,295.4139,291.5509,288.2643,285.4541,283.0336,280.9271,279.0677,277.3959,275.8587,274.4082,440.0,273.0,1561.4919,301.6409000000001,1489.1236,29.089800000000025
156,156,156.0,156.0,156.0,156.0,156.0,156.0,156.0,156.0,156.0,156.0,156.0,156.0,156.0,156.0,156.0,156.0,156.0,156.0,156.0,156.0,156.0,156.0,156.0,156.0,156.0,156.0,156.0,156.0,156.0,156.0,156.0,156.0,156.0,156.0,156.0,156.0,156.0,156.0,156.0,156.0,156.0,156.0,156.0,156.0,156.0,156.0,156.0,156.0,156.0,156.0,156.0,,,,,,,,,,,,,,,,,,,,,,,,0.6,410.6678,387.3417,368.4832,353.0403,340.2665,329.6165,320.681,313.1461,306.7656,301.3433,296.7194,292.7621,289.3608,286.4214,283.8626,281.6135,279.6111,277.7986,276.1244,274.5401,442.0,275.0,1863.1328,299.23249999999985,1187.4826999999998,29.089800000000025
157,157,157.0,157.0,157.0,157.0,157.0,157.0,157.0,157.0,157.0,157.0,157.0,157.0,157.0,157.0,157.0,157.0,157.0,157.0,157.0,157.0,157.0,157.0,157.0,157.0,157.0,157.0,157.0,157.0,157.0,157.0,157.0,157.0,157.0,157.0,157.0,157.0,157.0,157.0,157.0,157.0,157.0,157.0,157.0,157.0,157.0,157.0,157.0,157.0,157.0,157.0,157.0,,,,,,,,,,,,,,,,,,,,,,,,0.7,412.2808,388.6862,369.6425,354.0749,341.2211,330.5226,321.5598,314.01,307.6205,302.1912,297.5614,293.6012,290.2046,287.2844,284.7675,282.5915,280.7011,279.0451,277.5748,276.2423,441.0,274.0,2162.3653,295.93290000000025,888.2502,29.089800000000025
158,158,158.0,158.0,158.0,158.0,158.0,158.0,158.0,158.0,158.0,158.0,158.0,158.0,158.0,158.0,158.0,158.0,158.0,158.0,158.0,158.0,158.0,158.0,158.0,158.0,158.0,158.0,158.0,158.0,158.0,158.0,158.0,158.0,158.0,158.0,158.0,158.0,158.0,158.0,158.0,158.0,158.0,158.0,158.0,158.0,158.0,158.0,158.0,158.0,158.0,158.0,158.0,,,,,,,,,,,,,,,,,,,,,,,,0.8,411.632,388.327,369.5245,354.1554,341.4609,330.8864,322.0163,314.5328,308.1878,302.7847,298.1643,294.1959,290.7705,287.7955,285.1913,282.8886,280.8268,278.9523,277.2175,275.5797,442.0,272.0,2458.2982,295.4151999999999,592.3172999999997,29.089800000000025
159,159,159.0,159.0,159.0,159.0,159.0,159.0,159.0,159.0,159.0,159.0,159.0,159.0,159.0,159.0,159.0,159.0,159.0,159.0,159.0,159.0,159.0,159.0,159.0,159.0,159.0,159.0,159.0,159.0,159.0,159.0,159.0,159.0,159.0,159.0,159.0,159.0,159.0,159.0,159.0,159.0,159.0,159.0,159.0,159.0,159.0,159.0,159.0,159.0,159.0,159.0,159.0,,,,,,,,,,,,,,,,,,,,,,,,0.9,412.4057,388.9358,370.0139,354.5617,341.8131,331.2066,322.32,314.828,308.4753,303.0579,298.4097,294.3933,290.8931,287.8102,285.0595,282.5667,280.2673,278.1058,276.0341,274.0109,443.0,275.0,2753.7134,296.9020999999998,296.9020999999998,29.089800000000025
160,160,160.0,160.0,160.0,160.0,160.0,160.0,160.0,160.0,160.0,160.0,160.0,160.0,160.0,160.0,160.0,160.0,160.0,160.0,160.0,160.0,160.0,160.0,160.0,160.0,160.0,160.0,160.0,160.0,160.0,160.0,160.0,160.0,160.0,160.0,160.0,160.0,160.0,160.0,160.0,160.0,160.0,160.0,160.0,160.0,160.0,160.0,160.0,160.0,160.0,160.0,160.0,,,,,,,,,,,,,,,,,,,,,,,,0.0,273.0,273.0,273.0,273.0,273.0,273.0,273.0,273.0,273.0,273.0,273.0,273.0,273.0,273.0,273.0,273.0,273.0,273.0,273.0,273.0,422.0,327.0,0.0,389.915,3046.0597,29.010699999999986
161,161,161.0,161.0,161.0,161.0,161.0,161.0,161.0,161.0,161.0,161.0,161.0,161.0,161.0,161.0,161.0,161.0,161.0,161.0,161.0,161.0,161.0,161.0,161.0,161.0,161.0,161.0,161.0,161.0,161.0,161.0,161.0,161.0,161.0,161.0,161.0,161.0,161.0,161.0,161.0,161.0,161.0,161.0,161.0,161.0,161.0,161.0,161.0,161.0,161.0,161.0,161.0,,,,,,,,,,,,,,,,,,,,,,,,0.1,389.9211,363.2223,341.1063,323.0889,308.7843,297.7933,289.6696,283.9376,280.1348,277.8581,276.7985,276.7596,277.6571,279.503,282.3791,286.4037,291.6983,298.3595,306.4465,315.9859,422.0,273.0,389.915,275.2022,2656.1447,29.010699999999986
162,162,162.0,162.0,162.0,162.0,162.0,162.0,162.0,162.0,162.0,162.0,162.0,162.0,162.0,162.0,162.0,162.0,162.0,162.0,162.0,162.0,162.0,162.0,162.0,162.0,162.0,162.0,162.0,162.0,162.0,162.0,162.0,162.0,162.0,162.0,162.0,162.0,162.0,162.0,162.0,162.0,162.0,162.0,162.0,162.0,162.0,162.0,162.0,162.0,162.0,162.0,162.0,,,,,,,,,,,,,,,,,,,,,,,,0.2,394.2633,371.599,352.8681,337.3164,324.4263,313.8249,305.2253,298.3879,293.0954,289.1366,286.2961,284.3481,283.0563,282.1782,281.4766,280.737,279.7894,278.5285,276.9286,275.0449,429.0,272.0,665.1172,290.5778,2380.9425,29.010699999999986
163,163,163.0,163.0,163.0,163.0,163.0,163.0,163.0,163.0,163.0,163.0,163.0,163.0,163.0,163.0,163.0,163.0,163.0,163.0,163.0,163.0,163.0,163.0,163.0,163.0,163.0,163.0,163.0,163.0,163.0,163.0,163.0,163.0,163.0,163.0,163.0,163.0,163.0,163.0,163.0,163.0,163.0,163.0,163.0,163.0,163.0,163.0,163.0,163.0,163.0,163.0,163.0,,,,,,,,,,,,,,,,,,,,,,,,0.3,400.9546,378.3288,359.8229,344.5539,331.8976,321.3942,312.6903,305.5018,299.5909,294.7518,290.8018,287.5761,284.9257,282.717,280.8322,279.1711,277.6519,276.2122,274.8074,273.409,435.0,273.0,955.695,300.56809999999984,2090.3647,29.010699999999986
164,164,164.0,164.0,164.0,164.0,164.0,164.0,164.0,164.0,164.0,164.0,164.0,164.0,164.0,164.0,164.0,164.0,164.0,164.0,164.0,164.0,164.0,164.0,164.0,164.0,164.0,164.0,164.0,164.0,164.0,164.0,164.0,164.0,164.0,164.0,164.0,164.0,164.0,164.0,164.0,164.0,164.0,164.0,164.0,164.0,164.0,164.0,164.0,164.0,164.0,164.0,164.0,,,,,,,,,,,,,,,,,,,,,,,,0.4,406.1958,383.1285,364.3734,348.9582,336.193,325.5696,316.7012,309.2841,303.0739,297.8695,293.5037,289.8352,286.7441,284.128,281.8991,279.9817,278.3099,276.8258,275.4774,274.217,440.0,274.0,1256.2631,301.9845,1789.7966,29.010699999999986
165,165,165.0,165.0,165.0,165.0,165.0,165.0,165.0,165.0,165.0,165.0,165.0,165.0,165.0,165.0,165.0,165.0,165.0,165.0,165.0,165.0,165.0,165.0,165.0,165.0,165.0,165.0,165.0,165.0,165.0,165.0,165.0,165.0,165.0,165.0,165.0,165.0,165.0,165.0,165.0,165.0,165.0,165.0,165.0,165.0,165.0,165.0,165.0,165.0,165.0,165.0,165.0,,,,,,,,,,,,,,,,,,,,,,,,0.5,410.3781,386.7708,367.6535,351.9874,339.0365,328.2607,319.2515,311.6917,305.3299,299.9634,295.427,291.5844,288.3227,285.5467,283.1758,281.1402,279.3782,277.834,276.4557,275.1937,439.0,274.0,1558.2476,299.5249000000001,1487.8121,29.010699999999986
166,166,166.0,166.0,166.0,166.0,166.0,166.0,166.0,166.0,166.0,166.0,166.0,166.0,166.0,166.0,166.0,166.0,166.0,166.0,166.0,166.0,166.0,166.0,166.0,166.0,166.0,166.0,166.0,166.0,166.0,166.0,166.0,166.0,166.0,166.0,166.0,166.0,166.0,166.0,166.0,166.0,166.0,166.0,166.0,166.0,166.0,166.0,166.0,166.0,166.0,166.0,166.0,,,,,,,,,,,,,,,,,,,,,,,,0.6,409.9106,386.769,368.054,352.7235,340.038,329.4573,320.5769,313.0868,306.7452,301.3591,296.7724,292.8561,289.5023,286.6195,284.1284,281.9601,280.0533,278.3527,276.8079,275.3718,439.0,272.0,1857.7725,296.5142999999998,1188.2871999999998,29.010699999999986
167,167,167.0,167.0,167.0,167.0,167.0,167.0,167.0,167.0,167.0,167.0,167.0,167.0,167.0,167.0,167.0,167.0,167.0,167.0,167.0,167.0,167.0,167.0,167.0,167.0,167.0,167.0,167.0,167.0,167.0,167.0,167.0,167.0,167.0,167.0,167.0,167.0,167.0,167.0,167.0,167.0,167.0,167.0,167.0,167.0,167.0,167.0,167.0,167.0,167.0,167.0,167.0,,,,,,,,,,,,,,,,,,,,,,,,0.7,410.0047,386.9592,368.3417,353.1082,340.5158,330.0204,321.2129,313.7792,307.4729,302.0973,297.492,293.524,290.0806,287.0651,284.3929,281.99,279.7913,277.7397,275.7855,273.8852,442.0,273.0,2154.2868,297.4760000000001,891.7728999999999,29.010699999999986
168,168,168.0,168.0,168.0,168.0,168.0,168.0,168.0,168.0,168.0,168.0,168.0,168.0,168.0,168.0,168.0,168.0,168.0,168.0,168.0,168.0,168.0,168.0,168.0,168.0,168.0,168.0,168.0,168.0,168.0,168.0,168.0,168.0,168.0,168.0,168.0,168.0,168.0,168.0,168.0,168.0,168.0,168.0,168.0,168.0,168.0,168.0,168.0,168.0,168.0,168.0,168.0,,,,,,,,,,,,,,,,,,,,,,,,0.8,412.3086,388.7443,369.735,354.2061,341.3943,330.739,321.817,314.3015,307.9353,302.5129,297.8686,293.8672,290.3976,287.3673,284.6986,282.3248,280.1874,278.2338,276.4154,274.6857,443.0,275.0,2451.7628,297.7062000000001,594.2968999999998,29.010699999999986
169,169,169.0,169.0,169.0,169.0,169.0,169.0,169.0,169.0,169.0,169.0,169.0,169.0,169.0,169.0,169.0,169.0,169.0,169.0,169.0,169.0,169.0,169.0,169.0,169.0,169.0,169.0,169.0,169.0,169.0,169.0,169.0,169.0,169.0,169.0,169.0,169.0,169.0,169.0,169.0,169.0,169.0,169.0,169.0,169.0,169.0,169.0,169.0,169.0,169.0,169.0,169.0,,,,,,,,,,,,,,,,,,,,,,,,0.9,413.1523,389.4866,370.4083,354.8282,341.9739,331.2798,322.3214,314.7722,308.3774,302.9349,298.2827,294.2901,290.8507,287.8773,285.2972,283.0486,281.0773,279.3336,277.7703,276.341,443.0,272.0,2749.469,296.59069999999974,296.59069999999974,29.010699999999986
170,170,170.0,170.0,170.0,170.0,170.0,170.0,170.0,170.0,170.0,170.0,170.0,170.0,170.0,170.0,170.0,170.0,170.0,170.0,170.0,170.0,170.0,170.0,170.0,170.0,170.0,170.0,170.0,170.0,170.0,170.0,170.0,170.0,170.0,170.0,170.0,170.0,170.0,170.0,170.0,170.0,170.0,170.0,170.0,170.0,170.0,170.0,170.0,170.0,170.0,170.0,170.0,,,,,,,,,,,,,,,,,,,,,,,,0.0,273.0,273.0,273.0,273.0,273.0,273.0,273.0,273.0,273.0,273.0,273.0,273.0,273.0,273.0,273.0,273.0,273.0,273.0,273.0,273.0,425.0,330.0,0.0,388.6461,3035.7080999999994,29.019000000000005
171,171,171.0,171.0,171.0,171.0,171.0,171.0,171.0,171.0,171.0,171.0,171.0,171.0,171.0,171.0,171.0,171.0,171.0,171.0,171.0,171.0,171.0,171.0,171.0,171.0,171.0,171.0,171.0,171.0,171.0,171.0,171.0,171.0,171.0,171.0,171.0,171.0,171.0,171.0,171.0,171.0,171.0,171.0,171.0,171.0,171.0,171.0,171.0,171.0,171.0,171.0,171.0,,,,,,,,,,,,,,,,,,,,,,,,0.1,392.2154,364.9672,342.4146,324.0496,309.4721,298.2727,289.9962,284.1588,280.2906,277.9832,276.9251,276.9203,277.8879,279.8466,282.8862,287.134,292.7197,299.7473,308.2817,318.3557,421.0,274.0,388.6461,270.6225,2647.0619999999994,29.019000000000005
172,172,172.0,172.0,172.0,172.0,172.0,172.0,172.0,172.0,172.0,172.0,172.0,172.0,172.0,172.0,172.0,172.0,172.0,172.0,172.0,172.0,172.0,172.0,172.0,172.0,172.0,172.0,172.0,172.0,172.0,172.0,172.0,172.0,172.0,172.0,172.0,172.0,172.0,172.0,172.0,172.0,172.0,172.0,172.0,172.0,172.0,172.0,172.0,172.0,172.0,172.0,172.0,,,,,,,,,,,,,,,,,,,,,,,,0.2,393.5847,371.1834,352.6652,337.2798,324.5133,313.9984,305.4559,298.6552,293.3885,289.4533,286.6403,284.7282,283.4819,282.6586,282.0189,281.3458,280.4671,279.2771,277.7515,275.9495,431.0,274.0,659.2686,286.669,2376.4394999999995,29.019000000000005
173,173,173.0,173.0,173.0,173.0,173.0,173.0,173.0,173.0,173.0,173.0,173.0,173.0,173.0,173.0,173.0,173.0,173.0,173.0,173.0,173.0,173.0,173.0,173.0,173.0,173.0,173.0,173.0,173.0,173.0,173.0,173.0,173.0,173.0,173.0,173.0,173.0,173.0,173.0,173.0,173.0,173.0,173.0,173.0,173.0,173.0,173.0,173.0,173.0,173.0,173.0,173.0,,,,,,,,,,,,,,,,,,,,,,,,0.3,402.4737,379.4807,360.6927,345.2105,332.3987,321.7887,313.0188,305.7974,299.88,295.0558,291.1385,287.9622,285.3785,283.256,281.4805,279.956,278.6048,277.3681,276.2042,275.0867,435.0,273.0,945.9376,297.1156000000001,2089.7705,29.019000000000005
174,174,174.0,174.0,174.0,174.0,174.0,174.0,174.0,174.0,174.0,174.0,174.0,174.0,174.0,174.0,174.0,174.0,174.0,174.0,174.0,174.0,174.0,174.0,174.0,174.0,174.0,174.0,174.0,174.0,174.0,174.0,174.0,174.0,174.0,174.0,174.0,174.0,174.0,174.0,174.0,174.0,174.0,174.0,174.0,174.0,174.0,174.0,174.0,174.0,174.0,174.0,174.0,,,,,,,,,,,,,,,,,,,,,,,,0.4,406.256,383.2465,364.5437,349.173,336.4432,325.847,316.9992,309.5991,303.4046,298.2167,293.8686,290.218,287.1422,284.5346,282.3025,280.3654,278.6539,277.1086,275.6791,274.3221,438.0,274.0,1243.0532,299.09749999999985,1792.6548999999998,29.019000000000005
175,175,175.0,175.0,175.0,175.0,175.0,175.0,175.0,175.0,175.0,175.0,175.0,175.0,175.0,175.0,175.0,175.0,175.0,175.0,175.0,175.0,175.0,175.0,175.0,175.0,175.0,175.0,175.0,175.0,175.0,175.0,175.0,175.0,175.0,175.0,175.0,175.0,175.0,175.0,175.0,175.0,175.0,175.0,175.0,175.0,175.0,175.0,175.0,175.0,175.0,175.0,175.0,,,,,,,,,,,,,,,,,,,,,,,,0.5,408.8999,385.698,366.9022,351.4921,338.7434,328.1248,319.2352,311.764,305.4658,300.143,295.6346,291.8074,288.5504,285.7699,283.386,281.3296,279.5397,277.9613,276.5436,275.2386,442.0,274.0,1542.1507,298.80510000000004,1493.5574,29.019000000000005
176,176,176.0,176.0,176.0,176.0,176.0,176.0,176.0,176.0,176.0,176.0,176.0,176.0,176.0,176.0,176.0,176.0,176.0,176.0,176.0,176.0,176.0,176.0,176.0,176.0,176.0,176.0,176.0,176.0,176.0,176.0,176.0,176.0,176.0,176.0,176.0,176.0,176.0,176.0,176.0,176.0,176.0,176.0,176.0,176.0,176.0,176.0,176.0,176.0,176.0,176.0,176.0,,,,,,,,,,,,,,,,,,,,,,,,0.6,412.134,388.3961,369.2191,353.5348,340.5864,329.819,320.8139,313.2474,306.8642,301.4598,296.8684,292.9536,289.6025,286.7203,284.2261,282.0502,280.1314,278.4149,276.8511,275.394,442.0,274.0,1840.9558,298.39880000000016,1194.7523,29.019000000000005
177,177,177.0,177.0,177.0,177.0,177.0,177.0,177.0,177.0,177.0,177.0,177.0,177.0,177.0,177.0,177.0,177.0,177.0,177.0,177.0,177.0,177.0,177.0,177.0,177.0,177.0,177.0,177.0,177.0,177.0,177.0,177.0,177.0,177.0,177.0,177.0,177.0,177.0,177.0,177.0,177.0,177.0,177.0,177.0,177.0,177.0,177.0,177.0,177.0,177.0,177.0,177.0,,,,,,,,,,,,,,,,,,,,,,,,0.7,412.3222,388.7666,369.7567,354.2156,341.3801,330.6925,321.7346,314.1858,307.7951,302.3629,297.7276,293.7565,290.3394,287.3831,284.8079,282.5451,280.5342,278.7213,277.0575,275.4978,443.0,272.0,2139.3546,298.06050000000005,896.3534999999997,29.019000000000005
178,178,178.0,178.0,178.0,178.0,178.0,178.0,178.0,178.0,178.0,178.0,178.0,178.0,178.0,178.0,178.0,178.0,178.0,178.0,178.0,178.0,178.0,178.0,178.0,178.0,178.0,178.0,178.0,178.0,178.0,178.0,178.0,178.0,178.0,178.0,178.0,178.0,178.0,178.0,178.0,178.0,178.0,178.0,178.0,178.0,178.0,178.0,178.0,178.0,178.0,178.0,178.0,,,,,,,,,,,,,,,,,,,,,,,,0.8,413.1479,389.4775,370.3941,354.8086,341.9486,331.249,322.2851,314.7303,308.3282,302.8738,298.2004,294.1697,290.6655,287.5881,284.8515,282.3806,280.1098,277.9825,275.9494,273.9678,441.0,271.0,2437.4151,299.00239999999985,598.2929999999997,29.019000000000005
179,179,179.0,179.0,179.0,179.0,179.0,179.0,179.0,179.0,179.0,179.0,179.0,179.0,179.0,179.0,179.0,179.0,179.0,179.0,179.0,179.0,179.0,179.0,179.0,179.0,179.0,179.0,179.0,179.0,179.0,179.0,179.0,179.0,179.0,179.0,179.0,179.0,179.0,179.0,179.0,179.0,179.0,179.0,179.0,179.0,179.0,179.0,179.0,179.0,179.0,179.0,179.0,,,,,,,,,,,,,,,,,,,,,,,,0.9,411.7044,388.4702,369.7334,354.4216,341.7725,331.2286,322.3718,314.8819,308.5086,303.0524,298.3512,294.2704,290.697,287.534,284.6977,282.1148,279.7213,277.4606,275.2828,273.1429,444.0,275.0,2736.4175,299.2905999999998,299.2905999999998,29.019000000000005
180,180,180.0,180.0,180.0,180.0,180.0,180.0,180.0,180.0,180.0,180.0,180.0,180.0,180.0,180.0,180.0,180.0,180.0,180.0,180.0,180.0,180.0,180.0,180.0,180.0,180.0,180.0,180.0,180.0,180.0,180.0,180.0,180.0,180.0,180.0,180.0,180.0,180.0,180.0,180.0,180.0,180.0,180.0,180.0,180.0,180.0,180.0,180.0,180.0,180.0,180.0,,,,,,,,,,,,,,,,,,,,,,,,,0.0,273.0,273.0,273.0,273.0,273.0,273.0,273.0,273.0,273.0,273.0,273.0,273.0,273.0,273.0,273.0,273.0,273.0,273.0,273.0,273.0,473.0,290.0,0.0,407.544,1528.5926999999997,38.863
181,181,181.0,181.0,181.0,181.0,181.0,181.0,181.0,181.0,181.0,181.0,181.0,181.0,181.0,181.0,181.0,181.0,181.0,181.0,181.0,181.0,181.0,181.0,181.0,181.0,181.0,181.0,181.0,181.0,181.0,181.0,181.0,181.0,181.0,181.0,181.0,181.0,181.0,181.0,181.0,181.0,181.0,181.0,181.0,181.0,181.0,181.0,181.0,181.0,181.0,181.0,,,,,,,,,,,,,,,,,,,,,,,,,0.1,428.5429,392.4392,362.9541,339.1068,320.2237,305.7042,294.9251,287.2333,281.9835,278.5881,276.5552,275.5091,275.1891,275.4355,276.1662,277.3506,278.9855,281.075,283.6174,286.5995,471.0,472.0,407.544,294.0475,1121.0486999999998,38.863
182,182,182.0,182.0,182.0,182.0,182.0,182.0,182.0,182.0,182.0,182.0,182.0,182.0,182.0,182.0,182.0,182.0,182.0,182.0,182.0,182.0,182.0,182.0,182.0,182.0,182.0,182.0,182.0,182.0,182.0,182.0,182.0,182.0,182.0,182.0,182.0,182.0,182.0,182.0,182.0,182.0,182.0,182.0,182.0,182.0,182.0,182.0,182.0,182.0,182.0,182.0,,,,,,,,,,,,,,,,,,,,,,,,,0.2,432.3256,401.5671,376.61,356.1257,339.2509,325.4082,314.2047,305.3768,298.7662,294.3165,292.0798,292.2256,295.041,300.9171,310.3172,323.737,341.6747,364.6424,393.2595,428.4767,471.0,319.0,701.5915,163.49440000000004,827.0011999999999,38.863
183,183,183.0,183.0,183.0,183.0,183.0,183.0,183.0,183.0,183.0,183.0,183.0,183.0,183.0,183.0,183.0,183.0,183.0,183.0,183.0,183.0,183.0,183.0,183.0,183.0,183.0,183.0,183.0,183.0,183.0,183.0,183.0,183.0,183.0,183.0,183.0,183.0,183.0,183.0,183.0,183.0,183.0,183.0,183.0,183.0,183.0,183.0,183.0,183.0,183.0,183.0,,,,,,,,,,,,,,,,,,,,,,,,,0.3,433.9987,404.941,381.6925,362.8883,347.6297,335.313,325.5247,317.9712,312.4269,308.6931,306.5653,305.8081,306.1438,307.2565,308.816,310.5203,312.1498,313.6228,315.0356,316.6757,386.0,384.0,865.0859,164.01019999999994,663.5067999999999,38.863
184,184,184.0,184.0,184.0,184.0,184.0,184.0,184.0,184.0,184.0,184.0,184.0,184.0,184.0,184.0,184.0,184.0,184.0,184.0,184.0,184.0,184.0,184.0,184.0,184.0,184.0,184.0,184.0,184.0,184.0,184.0,184.0,184.0,184.0,184.0,184.0,184.0,184.0,184.0,184.0,184.0,184.0,184.0,184.0,184.0,184.0,184.0,184.0,184.0,184.0,184.0,,,,,,,,,,,,,,,,,,,,,,,,,0.4,370.7904,358.7455,348.97,340.8127,333.8319,327.7625,322.4785,317.9546,314.2313,311.388,309.5293,308.7791,309.2831,311.2119,314.7614,320.1495,327.6117,337.4003,349.7998,365.1658,257.0,473.0,1029.0961,72.04510000000005,499.4966,38.863
185,185,185.0,185.0,185.0,185.0,185.0,185.0,185.0,185.0,185.0,185.0,185.0,185.0,185.0,185.0,185.0,185.0,185.0,185.0,185.0,185.0,185.0,185.0,185.0,185.0,185.0,185.0,185.0,185.0,185.0,185.0,185.0,185.0,185.0,185.0,185.0,185.0,185.0,185.0,185.0,185.0,185.0,185.0,185.0,185.0,185.0,185.0,185.0,185.0,185.0,185.0,,,,,,,,,,,,,,,,,,,,,,,,,0.5,267.9206,277.9466,286.6134,293.6424,298.9661,302.7153,305.1785,306.7506,307.8851,309.0587,310.753,313.4486,317.6283,323.7829,332.4166,344.0542,359.2601,378.6863,403.1751,433.9553,267.0,473.0,1101.1412,29.95309999999995,427.4514999999999,38.863
186,186,186.0,186.0,186.0,186.0,186.0,186.0,186.0,186.0,186.0,186.0,186.0,186.0,186.0,186.0,186.0,186.0,186.0,186.0,186.0,186.0,186.0,186.0,186.0,186.0,186.0,186.0,186.0,186.0,186.0,186.0,186.0,186.0,186.0,186.0,186.0,186.0,186.0,186.0,186.0,186.0,186.0,186.0,186.0,186.0,186.0,186.0,186.0,186.0,186.0,186.0,,,,,,,,,,,,,,,,,,,,,,,,,0.6,271.496,275.8227,279.9445,283.8432,287.5253,291.0285,294.4271,297.8347,301.4052,305.3309,309.8395,315.1906,321.675,329.6176,339.3876,351.4203,366.2547,384.5971,407.4248,436.1632,471.0,473.0,1131.0943,50.33750000000009,397.4984,38.863
187,187,187.0,187.0,187.0,187.0,187.0,187.0,187.0,187.0,187.0,187.0,187.0,187.0,187.0,187.0,187.0,187.0,187.0,187.0,187.0,187.0,187.0,187.0,187.0,187.0,187.0,187.0,187.0,187.0,187.0,187.0,187.0,187.0,187.0,187.0,187.0,187.0,187.0,187.0,187.0,187.0,187.0,187.0,187.0,187.0,187.0,187.0,187.0,187.0,187.0,187.0,,,,,,,,,,,,,,,,,,,,,,,,,0.7,429.0664,395.4841,368.6232,347.5517,331.6221,320.2562,312.8636,308.8422,307.6198,308.7054,311.7272,316.4542,322.8003,330.8194,340.7016,352.7766,367.5352,385.6768,408.1997,436.5653,472.0,324.0,1181.4318,104.76769999999988,347.16089999999986,38.863
188,188,188.0,188.0,188.0,188.0,188.0,188.0,188.0,188.0,188.0,188.0,188.0,188.0,188.0,188.0,188.0,188.0,188.0,188.0,188.0,188.0,188.0,188.0,188.0,188.0,188.0,188.0,188.0,188.0,188.0,188.0,188.0,188.0,188.0,188.0,188.0,188.0,188.0,188.0,188.0,188.0,188.0,188.0,188.0,188.0,188.0,188.0,188.0,188.0,188.0,188.0,,,,,,,,,,,,,,,,,,,,,,,,,0.8,434.6857,405.4693,382.2794,363.8103,349.2026,337.8595,329.336,323.2683,319.328,317.1926,316.5259,316.9692,318.1432,319.6628,321.1668,322.3612,323.0709,323.2892,323.2133,323.2521,386.0,388.0,1286.1995,145.72760000000017,242.3932,38.863
189,189,189.0,189.0,189.0,189.0,189.0,189.0,189.0,189.0,189.0,189.0,189.0,189.0,189.0,189.0,189.0,189.0,189.0,189.0,189.0,189.0,189.0,189.0,189.0,189.0,189.0,189.0,189.0,189.0,189.0,189.0,189.0,189.0,189.0,189.0,189.0,189.0,189.0,189.0,189.0,189.0,189.0,189.0,189.0,189.0,189.0,189.0,189.0,189.0,189.0,189.0,,,,,,,,,,,,,,,,,,,,,,,,,0.9,371.1517,359.4887,350.1316,342.4396,335.975,330.469,325.7839,321.8742,318.7533,316.469,315.0917,314.7134,315.4528,317.4626,320.9331,326.0914,333.1984,342.5491,354.4868,369.4406,395.0,390.0,1431.9271,96.6655999999998,96.6655999999998,38.863
190,190,190.0,190.0,190.0,190.0,190.0,190.0,190.0,190.0,190.0,190.0,190.0,190.0,190.0,190.0,190.0,190.0,190.0,190.0,190.0,190.0,190.0,190.0,190.0,190.0,190.0,190.0,190.0,190.0,190.0,190.0,190.0,190.0,190.0,190.0,190.0,190.0,190.0,190.0,190.0,190.0,190.0,190.0,190.0,190.0,190.0,190.0,190.0,190.0,190.0,190.0,,,,,,,,,,,,,,,,,,,,,,,,,0.0,273.0,273.0,273.0,273.0,273.0,273.0,273.0,273.0,273.0,273.0,273.0,273.0,273.0,273.0,273.0,273.0,273.0,273.0,273.0,273.0,471.0,291.0,0.0,406.896,1539.636,39.26600000000002
191,191,191.0,191.0,191.0,191.0,191.0,191.0,191.0,191.0,191.0,191.0,191.0,191.0,191.0,191.0,191.0,191.0,191.0,191.0,191.0,191.0,191.0,191.0,191.0,191.0,191.0,191.0,191.0,191.0,191.0,191.0,191.0,191.0,191.0,191.0,191.0,191.0,191.0,191.0,191.0,191.0,191.0,191.0,191.0,191.0,191.0,191.0,191.0,191.0,191.0,191.0,,,,,,,,,,,,,,,,,,,,,,,,,0.1,427.044,391.3116,362.113,338.4903,319.783,305.3988,294.7212,287.1039,281.9082,278.553,276.553,275.5381,275.2536,275.5449,276.3349,277.5972,279.3322,281.5463,284.239,287.3975,473.0,473.0,406.896,293.01359999999994,1132.74,39.26600000000002
192,192,192.0,192.0,192.0,192.0,192.0,192.0,192.0,192.0,192.0,192.0,192.0,192.0,192.0,192.0,192.0,192.0,192.0,192.0,192.0,192.0,192.0,192.0,192.0,192.0,192.0,192.0,192.0,192.0,192.0,192.0,192.0,192.0,192.0,192.0,192.0,192.0,192.0,192.0,192.0,192.0,192.0,192.0,192.0,192.0,192.0,192.0,192.0,192.0,192.0,192.0,,,,,,,,,,,,,,,,,,,,,,,,,0.2,433.7656,402.5843,377.3015,356.5683,339.5093,325.5384,314.2537,305.383,298.7597,294.3199,292.1095,292.2937,295.157,301.0889,310.5526,324.045,342.0664,365.1335,393.8739,429.2523,473.0,318.0,699.9096,164.89520000000005,839.7264,39.26600000000002
193,193,193.0,193.0,193.0,193.0,193.0,193.0,193.0,193.0,193.0,193.0,193.0,193.0,193.0,193.0,193.0,193.0,193.0,193.0,193.0,193.0,193.0,193.0,193.0,193.0,193.0,193.0,193.0,193.0,193.0,193.0,193.0,193.0,193.0,193.0,193.0,193.0,193.0,193.0,193.0,193.0,193.0,193.0,193.0,193.0,193.0,193.0,193.0,193.0,193.0,193.0,,,,,,,,,,,,,,,,,,,,,,,,,0.3,435.5125,406.1017,382.5869,363.5769,348.1578,335.716,325.8316,318.2057,312.6083,308.8361,306.6793,305.8968,306.2044,307.2792,308.784,310.4098,311.9313,313.2626,314.4978,315.9243,386.0,383.0,864.8048,166.1502999999999,674.8312,39.26600000000002
194,194,194.0,194.0,194.0,194.0,194.0,194.0,194.0,194.0,194.0,194.0,194.0,194.0,194.0,194.0,194.0,194.0,194.0,194.0,194.0,194.0,194.0,194.0,194.0,194.0,194.0,194.0,194.0,194.0,194.0,194.0,194.0,194.0,194.0,194.0,194.0,194.0,194.0,194.0,194.0,194.0,194.0,194.0,194.0,194.0,194.0,194.0,194.0,194.0,194.0,194.0,,,,,,,,,,,,,,,,,,,,,,,,,0.4,370.847,358.8541,349.1218,340.9958,334.0325,327.9669,322.6741,318.1307,314.3789,311.5,309.5993,308.801,309.25,311.1156,314.592,319.8949,327.257,336.9272,349.1851,364.3792,261.0,473.0,1030.9551,73.0762000000002,508.68090000000007,39.26600000000002
195,195,195.0,195.0,195.0,195.0,195.0,195.0,195.0,195.0,195.0,195.0,195.0,195.0,195.0,195.0,195.0,195.0,195.0,195.0,195.0,195.0,195.0,195.0,195.0,195.0,195.0,195.0,195.0,195.0,195.0,195.0,195.0,195.0,195.0,195.0,195.0,195.0,195.0,195.0,195.0,195.0,195.0,195.0,195.0,195.0,195.0,195.0,195.0,195.0,195.0,195.0,,,,,,,,,,,,,,,,,,,,,,,,,0.5,271.1327,280.4602,288.5292,295.0646,299.9953,303.4418,305.6786,307.0852,308.1,309.187,310.8178,313.4657,317.6094,323.7377,332.3541,343.9835,359.1903,378.6259,403.131,433.9322,267.0,472.0,1104.0313,28.88389999999981,435.6046999999999,39.26600000000002
196,196,196.0,196.0,196.0,196.0,196.0,196.0,196.0,196.0,196.0,196.0,196.0,196.0,196.0,196.0,196.0,196.0,196.0,196.0,196.0,196.0,196.0,196.0,196.0,196.0,196.0,196.0,196.0,196.0,196.0,196.0,196.0,196.0,196.0,196.0,196.0,196.0,196.0,196.0,196.0,196.0,196.0,196.0,196.0,196.0,196.0,196.0,196.0,196.0,196.0,196.0,,,,,,,,,,,,,,,,,,,,,,,,,0.6,271.6372,276.0903,280.3114,284.275,287.9855,291.4834,294.8493,298.2049,301.712,305.5695,310.0094,315.2932,321.7114,329.5864,339.2842,351.2351,365.973,384.1971,406.8763,435.4225,473.0,471.0,1132.9152,50.4235000000001,406.72080000000005,39.26600000000002
197,197,197.0,197.0,197.0,197.0,197.0,197.0,197.0,197.0,197.0,197.0,197.0,197.0,197.0,197.0,197.0,197.0,197.0,197.0,197.0,197.0,197.0,197.0,197.0,197.0,197.0,197.0,197.0,197.0,197.0,197.0,197.0,197.0,197.0,197.0,197.0,197.0,197.0,197.0,197.0,197.0,197.0,197.0,197.0,197.0,197.0,197.0,197.0,197.0,197.0,197.0,,,,,,,,,,,,,,,,,,,,,,,,,0.7,430.5999,396.6812,369.5671,348.2997,332.2159,320.7272,313.2352,309.1308,307.836,308.8541,311.8083,316.4628,322.7266,330.6489,340.414,352.3454,366.9256,384.8432,407.0805,435.0727,473.0,325.0,1183.3387,107.4405999999999,356.29729999999995,39.26600000000002
198,198,198.0,198.0,198.0,198.0,198.0,198.0,198.0,198.0,198.0,198.0,198.0,198.0,198.0,198.0,198.0,198.0,198.0,198.0,198.0,198.0,198.0,198.0,198.0,198.0,198.0,198.0,198.0,198.0,198.0,198.0,198.0,198.0,198.0,198.0,198.0,198.0,198.0,198.0,198.0,198.0,198.0,198.0,198.0,198.0,198.0,198.0,198.0,198.0,198.0,198.0,,,,,,,,,,,,,,,,,,,,,,,,,0.8,435.4824,406.1271,382.8363,364.2882,349.6133,338.2088,329.6263,323.5008,319.5044,317.3161,316.6024,317.0084,318.1596,319.6767,321.205,322.4568,323.2625,323.6192,323.7253,323.9885,390.0,385.0,1290.7793,149.15409999999997,248.85670000000005,39.26600000000002
199,199,199.0,199.0,199.0,199.0,199.0,199.0,199.0,199.0,199.0,199.0,199.0,199.0,199.0,199.0,199.0,199.0,199.0,199.0,199.0,199.0,199.0,199.0,199.0,199.0,199.0,199.0,199.0,199.0,199.0,199.0,199.0,199.0,199.0,199.0,199.0,199.0,199.0,199.0,199.0,199.0,199.0,199.0,199.0,199.0,199.0,199.0,199.0,199.0,199.0,199.0,,,,,,,,,,,,,,,,,,,,,,,,,0.9,374.2534,361.8752,351.9481,343.8053,336.989,331.213,326.3237,322.2609,319.0239,316.6473,315.1889,314.7281,315.3708,317.2561,320.5607,325.4981,332.3161,341.2971,352.7712,367.151,393.0,393.0,1439.9334,99.70260000000007,99.70260000000007,39.26600000000002
200,200,200.0,200.0,200.0,200.0,200.0,200.0,200.0,200.0,200.0,200.0,200.0,200.0,200.0,200.0,200.0,200.0,200.0,200.0,200.0,200.0,200.0,200.0,200.0,200.0,200.0,200.0,200.0,200.0,200.0,200.0,200.0,200.0,200.0,200.0,200.0,200.0,200.0,200.0,200.0,200.0,200.0,200.0,200.0,200.0,200.0,200.0,200.0,200.0,200.0,200.0,,,,,,,,,,,,,,,,,,,,,,,,,0.0,273.0,273.0,273.0,273.0,273.0,273.0,273.0,273.0,273.0,273.0,273.0,273.0,273.0,273.0,273.0,273.0,273.0,273.0,273.0,273.0,472.0,293.0,0.0,406.0676,1528.6693,39.31080000000003
201,201,201.0,201.0,201.0,201.0,201.0,201.0,201.0,201.0,201.0,201.0,201.0,201.0,201.0,201.0,201.0,201.0,201.0,201.0,201.0,201.0,201.0,201.0,201.0,201.0,201.0,201.0,201.0,201.0,201.0,201.0,201.0,201.0,201.0,201.0,201.0,201.0,201.0,201.0,201.0,201.0,201.0,201.0,201.0,201.0,201.0,201.0,201.0,201.0,201.0,201.0,,,,,,,,,,,,,,,,,,,,,,,,,0.1,427.7937,391.8757,362.534,338.7994,320.0049,305.5546,294.8294,287.1805,281.968,278.6102,276.6226,275.6378,275.4051,275.7755,276.678,278.093,280.0264,282.4888,285.4817,288.9929,473.0,471.0,406.0676,291.04709999999994,1122.6017,39.31080000000003
202,202,202.0,202.0,202.0,202.0,202.0,202.0,202.0,202.0,202.0,202.0,202.0,202.0,202.0,202.0,202.0,202.0,202.0,202.0,202.0,202.0,202.0,202.0,202.0,202.0,202.0,202.0,202.0,202.0,202.0,202.0,202.0,202.0,202.0,202.0,202.0,202.0,202.0,202.0,202.0,202.0,202.0,202.0,202.0,202.0,202.0,202.0,202.0,202.0,202.0,202.0,,,,,,,,,,,,,,,,,,,,,,,,,0.2,433.7905,402.6331,377.3718,356.6565,339.6114,325.6503,314.3725,305.5065,298.8863,294.4469,292.2317,292.4008,295.2317,301.1048,310.4735,323.8245,341.6495,364.4566,392.8627,427.8135,473.0,318.0,697.1147,165.64260000000002,831.5546,39.31080000000003
203,203,203.0,203.0,203.0,203.0,203.0,203.0,203.0,203.0,203.0,203.0,203.0,203.0,203.0,203.0,203.0,203.0,203.0,203.0,203.0,203.0,203.0,203.0,203.0,203.0,203.0,203.0,203.0,203.0,203.0,203.0,203.0,203.0,203.0,203.0,203.0,203.0,203.0,203.0,203.0,203.0,203.0,203.0,203.0,203.0,203.0,203.0,203.0,203.0,203.0,203.0,,,,,,,,,,,,,,,,,,,,,,,,,0.3,435.5217,406.12,382.614,363.6119,348.1989,335.7608,325.8768,318.2473,312.6416,308.8562,306.6818,305.8783,306.1634,307.2168,308.704,310.3194,311.8401,313.1812,314.4366,315.8914,384.0,383.0,862.7573,165.58030000000008,665.912,39.31080000000003
204,204,204.0,204.0,204.0,204.0,204.0,204.0,204.0,204.0,204.0,204.0,204.0,204.0,204.0,204.0,204.0,204.0,204.0,204.0,204.0,204.0,204.0,204.0,204.0,204.0,204.0,204.0,204.0,204.0,204.0,204.0,204.0,204.0,204.0,204.0,204.0,204.0,204.0,204.0,204.0,204.0,204.0,204.0,204.0,204.0,204.0,204.0,204.0,204.0,204.0,204.0,,,,,,,,,,,,,,,,,,,,,,,,,0.4,369.3166,357.7016,348.2723,340.3856,333.6069,327.6791,322.4856,318.0105,314.3031,311.4512,309.5652,308.7737,309.2251,311.091,314.5674,319.8712,327.2354,336.9093,349.1724,364.3726,260.0,470.0,1028.3376,71.95079999999984,500.3317,39.31080000000003
205,205,205.0,205.0,205.0,205.0,205.0,205.0,205.0,205.0,205.0,205.0,205.0,205.0,205.0,205.0,205.0,205.0,205.0,205.0,205.0,205.0,205.0,205.0,205.0,205.0,205.0,205.0,205.0,205.0,205.0,205.0,205.0,205.0,205.0,205.0,205.0,205.0,205.0,205.0,205.0,205.0,205.0,205.0,205.0,205.0,205.0,205.0,205.0,205.0,205.0,205.0,,,,,,,,,,,,,,,,,,,,,,,,,0.5,270.2772,279.7325,287.9144,294.5495,299.5676,303.09,305.3911,306.8496,307.9027,309.012,310.6457,313.2728,317.366,323.4068,331.8906,343.3327,358.2869,377.3907,401.4644,431.6991,266.0,470.0,1100.2884,29.49700000000007,428.3809000000001,39.31080000000003
206,206,206.0,206.0,206.0,206.0,206.0,206.0,206.0,206.0,206.0,206.0,206.0,206.0,206.0,206.0,206.0,206.0,206.0,206.0,206.0,206.0,206.0,206.0,206.0,206.0,206.0,206.0,206.0,206.0,206.0,206.0,206.0,206.0,206.0,206.0,206.0,206.0,206.0,206.0,206.0,206.0,206.0,206.0,206.0,206.0,206.0,206.0,206.0,206.0,206.0,206.0,,,,,,,,,,,,,,,,,,,,,,,,,0.6,270.7814,275.36,279.6894,283.7447,287.5313,291.0902,294.502,297.8886,301.4114,305.2688,309.6922,314.9429,321.3104,329.1164,338.7249,350.5633,365.1597,383.2036,405.6468,433.8735,473.0,473.0,1129.7854,51.13840000000005,398.8839,39.31080000000003
207,207,207.0,207.0,207.0,207.0,207.0,207.0,207.0,207.0,207.0,207.0,207.0,207.0,207.0,207.0,207.0,207.0,207.0,207.0,207.0,207.0,207.0,207.0,207.0,207.0,207.0,207.0,207.0,207.0,207.0,207.0,207.0,207.0,207.0,207.0,207.0,207.0,207.0,207.0,207.0,207.0,207.0,207.0,207.0,207.0,207.0,207.0,207.0,207.0,207.0,207.0,,,,,,,,,,,,,,,,,,,,,,,,,0.7,430.5485,396.5796,369.4188,348.1111,331.9948,320.4821,312.974,308.8605,307.5629,308.5847,311.5514,316.2311,322.5389,330.5319,340.4036,352.4867,367.2734,385.4623,408.0483,436.4874,472.0,324.0,1180.9238,105.97779999999987,347.7455,39.31080000000003
208,208,208.0,208.0,208.0,208.0,208.0,208.0,208.0,208.0,208.0,208.0,208.0,208.0,208.0,208.0,208.0,208.0,208.0,208.0,208.0,208.0,208.0,208.0,208.0,208.0,208.0,208.0,208.0,208.0,208.0,208.0,208.0,208.0,208.0,208.0,208.0,208.0,208.0,208.0,208.0,208.0,208.0,208.0,208.0,208.0,208.0,208.0,208.0,208.0,208.0,208.0,,,,,,,,,,,,,,,,,,,,,,,,,0.8,434.7213,405.5371,382.3722,363.9177,349.3124,337.9598,329.4163,323.3212,319.3496,317.1823,316.4863,316.9051,318.061,319.5696,321.07,322.268,322.9877,323.2216,323.1657,323.2275,386.0,388.0,1286.9016,146.23790000000008,241.7677000000001,39.31080000000003
209,209,209.0,209.0,209.0,209.0,209.0,209.0,209.0,209.0,209.0,209.0,209.0,209.0,209.0,209.0,209.0,209.0,209.0,209.0,209.0,209.0,209.0,209.0,209.0,209.0,209.0,209.0,209.0,209.0,209.0,209.0,209.0,209.0,209.0,209.0,209.0,209.0,209.0,209.0,209.0,209.0,209.0,209.0,209.0,209.0,209.0,209.0,209.0,209.0,209.0,209.0,,,,,,,,,,,,,,,,,,,,,,,,,0.9,371.1585,359.5017,350.1496,342.4609,335.9973,330.4901,325.8014,321.8863,318.7585,316.4665,315.0815,314.6961,315.4298,317.4357,320.9044,326.0633,333.173,342.5284,354.4721,369.4331,392.0,392.0,1433.1395,95.52980000000002,95.52980000000002,39.31080000000003
210,210,210.0,210.0,210.0,210.0,210.0,210.0,210.0,210.0,210.0,210.0,210.0,210.0,210.0,210.0,210.0,210.0,210.0,210.0,210.0,210.0,210.0,210.0,210.0,210.0,210.0,210.0,210.0,210.0,210.0,210.0,210.0,210.0,210.0,210.0,210.0,210.0,210.0,210.0,210.0,210.0,210.0,210.0,210.0,210.0,210.0,210.0,210.0,210.0,210.0,210.0,,,,,,,,,,,,,,,,,,,,,,,,,0.0,273.0,273.0,273.0,273.0,273.0,273.0,273.0,273.0,273.0,273.0,273.0,273.0,273.0,273.0,273.0,273.0,273.0,273.0,273.0,273.0,470.0,291.0,0.0,406.8068,1512.6159,38.912300000000016
211,211,211.0,211.0,211.0,211.0,211.0,211.0,211.0,211.0,211.0,211.0,211.0,211.0,211.0,211.0,211.0,211.0,211.0,211.0,211.0,211.0,211.0,211.0,211.0,211.0,211.0,211.0,211.0,211.0,211.0,211.0,211.0,211.0,211.0,211.0,211.0,211.0,211.0,211.0,211.0,211.0,211.0,211.0,211.0,211.0,211.0,211.0,211.0,211.0,211.0,211.0,,,,,,,,,,,,,,,,,,,,,,,,,0.1,426.2941,390.7472,361.6918,338.1816,319.5621,305.2453,294.618,287.0367,281.8661,278.5275,276.5381,275.5297,275.249,275.5426,276.3337,277.5967,279.3319,281.5462,284.2389,287.3975,471.0,471.0,406.8068,292.1212,1105.8091,38.912300000000016
212,212,212.0,212.0,212.0,212.0,212.0,212.0,212.0,212.0,212.0,212.0,212.0,212.0,212.0,212.0,212.0,212.0,212.0,212.0,212.0,212.0,212.0,212.0,212.0,212.0,212.0,212.0,212.0,212.0,212.0,212.0,212.0,212.0,212.0,212.0,212.0,212.0,212.0,212.0,212.0,212.0,212.0,212.0,212.0,212.0,212.0,212.0,212.0,212.0,212.0,212.0,,,,,,,,,,,,,,,,,,,,,,,,,0.2,432.257,401.4344,376.4233,355.9003,339.0052,325.1611,313.9731,305.1737,298.5996,294.1889,291.9882,292.1615,294.9908,300.862,310.2336,323.5971,341.4469,364.2918,392.7469,427.7541,472.0,320.0,698.928,163.61,813.6879,38.912300000000016
213,213,213.0,213.0,213.0,213.0,213.0,213.0,213.0,213.0,213.0,213.0,213.0,213.0,213.0,213.0,213.0,213.0,213.0,213.0,213.0,213.0,213.0,213.0,213.0,213.0,213.0,213.0,213.0,213.0,213.0,213.0,213.0,213.0,213.0,213.0,213.0,213.0,213.0,213.0,213.0,213.0,213.0,213.0,213.0,213.0,213.0,213.0,213.0,213.0,213.0,213.0,,,,,,,,,,,,,,,,,,,,,,,,,0.3,434.721,405.4533,382.0416,363.1097,347.7526,335.3623,325.5214,317.9328,312.3678,308.6255,306.4996,305.7546,306.1142,307.2651,308.8811,310.6646,312.4005,314.0106,315.5935,317.4377,386.0,383.0,862.538,164.2249999999999,650.0779,38.912300000000016
214,214,214.0,214.0,214.0,214.0,214.0,214.0,214.0,214.0,214.0,214.0,214.0,214.0,214.0,214.0,214.0,214.0,214.0,214.0,214.0,214.0,214.0,214.0,214.0,214.0,214.0,214.0,214.0,214.0,214.0,214.0,214.0,214.0,214.0,214.0,214.0,214.0,214.0,214.0,214.0,214.0,214.0,214.0,214.0,214.0,214.0,214.0,214.0,214.0,214.0,214.0,,,,,,,,,,,,,,,,,,,,,,,,,0.4,370.8059,358.7746,349.0094,340.858,333.8786,327.8066,322.5172,317.9865,314.2556,311.4047,309.5372,308.7751,309.2606,311.1597,314.663,319.9831,327.3499,337.0118,349.2492,364.4136,392.0,394.0,1026.763,100.48469999999998,485.8529000000001,38.912300000000016
215,215,215.0,215.0,215.0,215.0,215.0,215.0,215.0,215.0,215.0,215.0,215.0,215.0,215.0,215.0,215.0,215.0,215.0,215.0,215.0,215.0,215.0,215.0,215.0,215.0,215.0,215.0,215.0,215.0,215.0,215.0,215.0,215.0,215.0,215.0,215.0,215.0,215.0,215.0,215.0,215.0,215.0,215.0,215.0,215.0,215.0,215.0,215.0,215.0,215.0,215.0,,,,,,,,,,,,,,,,,,,,,,,,,0.5,373.7557,359.1328,347.346,337.8237,330.144,323.9966,319.1589,315.4803,312.872,311.2991,310.7737,311.35,313.1191,316.2061,320.7683,326.9967,335.1235,345.4378,358.3141,374.261,259.0,473.0,1127.2477,56.279,385.3682000000001,38.912300000000016
216,216,216.0,216.0,216.0,216.0,216.0,216.0,216.0,216.0,216.0,216.0,216.0,216.0,216.0,216.0,216.0,216.0,216.0,216.0,216.0,216.0,216.0,216.0,216.0,216.0,216.0,216.0,216.0,216.0,216.0,216.0,216.0,216.0,216.0,216.0,216.0,216.0,216.0,216.0,216.0,216.0,216.0,216.0,216.0,216.0,216.0,216.0,216.0,216.0,216.0,216.0,,,,,,,,,,,,,,,,,,,,,,,,,0.6,269.3054,278.7832,286.9959,293.6852,298.7978,302.4707,304.9904,306.7413,308.1568,309.6851,311.7709,314.8526,319.3681,325.7656,334.5137,346.1143,361.126,380.2139,404.2508,434.5075,267.0,470.0,1183.5267,27.855800000000045,329.0892000000001,38.912300000000016
217,217,217.0,217.0,217.0,217.0,217.0,217.0,217.0,217.0,217.0,217.0,217.0,217.0,217.0,217.0,217.0,217.0,217.0,217.0,217.0,217.0,217.0,217.0,217.0,217.0,217.0,217.0,217.0,217.0,217.0,217.0,217.0,217.0,217.0,217.0,217.0,217.0,217.0,217.0,217.0,217.0,217.0,217.0,217.0,217.0,217.0,217.0,217.0,217.0,217.0,217.0,,,,,,,,,,,,,,,,,,,,,,,,,0.7,271.531,275.8931,280.0517,283.9902,287.7172,291.2726,294.7312,298.2053,301.8444,305.833,310.3877,315.7546,322.2095,330.062,339.6674,351.4491,365.936,383.8243,406.0772,434.0925,471.0,473.0,1211.3825,50.17849999999999,301.2334000000001,38.912300000000016
218,218,218.0,218.0,218.0,218.0,218.0,218.0,218.0,218.0,218.0,218.0,218.0,218.0,218.0,218.0,218.0,218.0,218.0,218.0,218.0,218.0,218.0,218.0,218.0,218.0,218.0,218.0,218.0,218.0,218.0,218.0,218.0,218.0,218.0,218.0,218.0,218.0,218.0,218.0,218.0,218.0,218.0,218.0,218.0,218.0,218.0,218.0,218.0,218.0,218.0,218.0,,,,,,,,,,,,,,,,,,,,,,,,,0.8,429.0936,395.5395,368.7078,347.6658,331.7646,320.4244,313.0528,309.0456,307.8291,308.9106,311.918,316.6211,322.9355,330.9188,340.765,352.8083,367.543,385.6704,408.189,436.5579,472.0,326.0,1261.561,105.27819999999996,251.0549000000001,38.912300000000016
219,219,219.0,219.0,219.0,219.0,219.0,219.0,219.0,219.0,219.0,219.0,219.0,219.0,219.0,219.0,219.0,219.0,219.0,219.0,219.0,219.0,219.0,219.0,219.0,219.0,219.0,219.0,219.0,219.0,219.0,219.0,219.0,219.0,219.0,219.0,219.0,219.0,219.0,219.0,219.0,219.0,219.0,219.0,219.0,219.0,219.0,219.0,219.0,219.0,219.0,219.0,,,,,,,,,,,,,,,,,,,,,,,,,0.9,434.6998,405.4977,382.3221,363.867,349.2724,337.9412,329.4281,323.3697,319.4388,317.3146,316.6642,317.1334,318.3486,319.9321,321.5306,322.8589,323.7499,324.2042,324.4246,324.824,387.0,387.0,1366.8392,145.77670000000012,145.77670000000012,38.912300000000016
220,220,220.0,220.0,220.0,220.0,220.0,220.0,220.0,220.0,220.0,220.0,220.0,220.0,220.0,220.0,220.0,220.0,220.0,220.0,220.0,220.0,220.0,220.0,220.0,220.0,220.0,220.0,220.0,220.0,220.0,220.0,220.0,220.0,220.0,220.0,220.0,220.0,220.0,220.0,220.0,220.0,220.0,220.0,220.0,220.0,220.0,220.0,220.0,220.0,220.0,220.0,,,,,,,,,,,,,,,,,,,,,,,,,0.0,273.0,273.0,273.0,273.0,273.0,273.0,273.0,273.0,273.0,273.0,273.0,273.0,273.0,273.0,273.0,273.0,273.0,273.0,273.0,273.0,418.0,388.0,0.0,368.9597,1325.4779,39.012
221,221,221.0,221.0,221.0,221.0,221.0,221.0,221.0,221.0,221.0,221.0,221.0,221.0,221.0,221.0,221.0,221.0,221.0,221.0,221.0,221.0,221.0,221.0,221.0,221.0,221.0,221.0,221.0,221.0,221.0,221.0,221.0,221.0,221.0,221.0,221.0,221.0,221.0,221.0,221.0,221.0,221.0,221.0,221.0,221.0,221.0,221.0,221.0,221.0,221.0,221.0,,,,,,,,,,,,,,,,,,,,,,,,,0.1,386.859,360.8942,339.3656,321.8227,307.9033,297.2319,289.3914,283.9465,280.4913,278.7004,278.3702,279.4401,281.9925,286.232,292.4475,300.9635,312.0926,326.1057,343.2367,363.7381,472.0,471.0,368.9597,182.0779,956.5182,39.012
222,222,222.0,222.0,222.0,222.0,222.0,222.0,222.0,222.0,222.0,222.0,222.0,222.0,222.0,222.0,222.0,222.0,222.0,222.0,222.0,222.0,222.0,222.0,222.0,222.0,222.0,222.0,222.0,222.0,222.0,222.0,222.0,222.0,222.0,222.0,222.0,222.0,222.0,222.0,222.0,222.0,222.0,222.0,222.0,222.0,222.0,222.0,222.0,222.0,222.0,222.0,,,,,,,,,,,,,,,,,,,,,,,,,0.2,431.8392,399.7615,373.7587,352.6087,335.5237,321.9575,311.5025,303.8434,298.7423,296.0419,295.6727,297.6599,302.1231,309.2688,319.3791,332.8018,349.9561,371.3722,397.7911,430.3611,473.0,324.0,551.0376,133.53570000000002,774.4403000000001,39.012
223,223,223.0,223.0,223.0,223.0,223.0,223.0,223.0,223.0,223.0,223.0,223.0,223.0,223.0,223.0,223.0,223.0,223.0,223.0,223.0,223.0,223.0,223.0,223.0,223.0,223.0,223.0,223.0,223.0,223.0,223.0,223.0,223.0,223.0,223.0,223.0,223.0,223.0,223.0,223.0,223.0,223.0,223.0,223.0,223.0,223.0,223.0,223.0,223.0,223.0,223.0,,,,,,,,,,,,,,,,,,,,,,,,,0.3,435.3194,405.7395,382.1087,363.0645,347.7157,335.462,325.8842,318.6713,313.569,310.3414,308.7422,308.4955,309.289,310.7838,312.6403,314.5626,316.351,317.9553,319.5123,321.3571,386.0,385.0,684.5733,154.53179999999998,640.9046000000001,39.012
224,224,224.0,224.0,224.0,224.0,224.0,224.0,224.0,224.0,224.0,224.0,224.0,224.0,224.0,224.0,224.0,224.0,224.0,224.0,224.0,224.0,224.0,224.0,224.0,224.0,224.0,224.0,224.0,224.0,224.0,224.0,224.0,224.0,224.0,224.0,224.0,224.0,224.0,224.0,224.0,224.0,224.0,224.0,224.0,224.0,224.0,224.0,224.0,224.0,224.0,224.0,,,,,,,,,,,,,,,,,,,,,,,,,0.4,370.8655,358.8998,349.2117,341.1536,334.2873,328.3502,323.2177,318.863,315.3222,312.6674,310.992,310.407,311.0436,313.0583,316.6356,321.9871,329.3483,338.9807,351.1866,366.3482,393.0,395.0,839.1051,97.99800000000003,486.3728000000001,39.012
225,225,225.0,225.0,225.0,225.0,225.0,225.0,225.0,225.0,225.0,225.0,225.0,225.0,225.0,225.0,225.0,225.0,225.0,225.0,225.0,225.0,225.0,225.0,225.0,225.0,225.0,225.0,225.0,225.0,225.0,225.0,225.0,225.0,225.0,225.0,225.0,225.0,225.0,225.0,225.0,225.0,225.0,225.0,225.0,225.0,225.0,225.0,225.0,225.0,225.0,225.0,,,,,,,,,,,,,,,,,,,,,,,,,0.5,374.5885,359.8479,347.985,338.423,330.7357,324.6082,319.8126,316.1926,313.653,312.1522,311.696,312.3325,314.148,317.2638,321.8354,328.0548,336.1581,346.4416,359.2909,375.23,258.0,472.0,937.1031,55.422500000000014,388.3748000000001,39.012
226,226,226.0,226.0,226.0,226.0,226.0,226.0,226.0,226.0,226.0,226.0,226.0,226.0,226.0,226.0,226.0,226.0,226.0,226.0,226.0,226.0,226.0,226.0,226.0,226.0,226.0,226.0,226.0,226.0,226.0,226.0,226.0,226.0,226.0,226.0,226.0,226.0,226.0,226.0,226.0,226.0,226.0,226.0,226.0,226.0,226.0,226.0,226.0,226.0,226.0,226.0,,,,,,,,,,,,,,,,,,,,,,,,,0.6,268.5918,278.3299,286.771,293.6542,298.9263,302.7269,305.3464,307.1729,308.6432,310.2072,312.3097,315.3874,319.8754,326.2179,334.8798,346.3594,361.2126,380.1027,403.8992,433.8658,268.0,473.0,992.5256,27.76699999999994,332.95230000000004,39.012
227,227,227.0,227.0,227.0,227.0,227.0,227.0,227.0,227.0,227.0,227.0,227.0,227.0,227.0,227.0,227.0,227.0,227.0,227.0,227.0,227.0,227.0,227.0,227.0,227.0,227.0,227.0,227.0,227.0,227.0,227.0,227.0,227.0,227.0,227.0,227.0,227.0,227.0,227.0,227.0,227.0,227.0,227.0,227.0,227.0,227.0,227.0,227.0,227.0,227.0,227.0,,,,,,,,,,,,,,,,,,,,,,,,,0.7,272.3458,276.5479,280.5754,284.4133,288.0692,291.5794,295.014,298.48,302.1222,306.1224,310.6972,316.0954,322.599,330.5262,340.2436,352.1873,366.9008,385.0976,407.7637,436.3332,473.0,472.0,1020.2926,50.32529999999997,305.1853000000001,39.012
228,228,228.0,228.0,228.0,228.0,228.0,228.0,228.0,228.0,228.0,228.0,228.0,228.0,228.0,228.0,228.0,228.0,228.0,228.0,228.0,228.0,228.0,228.0,228.0,228.0,228.0,228.0,228.0,228.0,228.0,228.0,228.0,228.0,228.0,228.0,228.0,228.0,228.0,228.0,228.0,228.0,228.0,228.0,228.0,228.0,228.0,228.0,228.0,228.0,228.0,228.0,,,,,,,,,,,,,,,,,,,,,,,,,0.8,430.6324,396.7475,369.6684,348.4375,332.3915,320.9419,313.4902,309.4272,308.174,309.2327,312.2252,316.9147,323.2093,331.1586,340.9485,352.9056,367.5179,385.4815,407.7897,435.894,471.0,324.0,1070.6179,106.86529999999992,254.86000000000013,39.012
229,229,229.0,229.0,229.0,229.0,229.0,229.0,229.0,229.0,229.0,229.0,229.0,229.0,229.0,229.0,229.0,229.0,229.0,229.0,229.0,229.0,229.0,229.0,229.0,229.0,229.0,229.0,229.0,229.0,229.0,229.0,229.0,229.0,229.0,229.0,229.0,229.0,229.0,229.0,229.0,229.0,229.0,229.0,229.0,229.0,229.0,229.0,229.0,229.0,229.0,229.0,,,,,,,,,,,,,,,,,,,,,,,,,0.9,434.0219,405.072,382.0966,363.7978,349.3201,338.0703,329.6072,323.5718,319.6411,317.4974,316.8094,317.2226,318.3611,319.8431,321.3099,322.4698,323.149,323.3417,323.245,323.2669,390.0,385.0,1177.4832,147.9947000000002,147.9947000000002,39.012
230,230,230.0,230.0,230.0,230.0,230.0,230.0,230.0,230.0,230.0,230.0,230.0,230.0,230.0,230.0,230.0,230.0,230.0,230.0,230.0,230.0,230.0,230.0,230.0,230.0,230.0,230.0,230.0,230.0,230.0,230.0,230.0,230.0,230.0,230.0,230.0,230.0,230.0,230.0,230.0,230.0,230.0,230.0,230.0,230.0,230.0,230.0,230.0,230.0,230.0,230.0,,,,,,,,,,,,,,,,,,,,,,,,,0.0,273.0,273.0,273.0,273.0,273.0,273.0,273.0,273.0,273.0,273.0,273.0,273.0,273.0,273.0,273.0,273.0,273.0,273.0,273.0,273.0,471.0,291.0,0.0,406.896,1529.6481,38.9615
231,231,231.0,231.0,231.0,231.0,231.0,231.0,231.0,231.0,231.0,231.0,231.0,231.0,231.0,231.0,231.0,231.0,231.0,231.0,231.0,231.0,231.0,231.0,231.0,231.0,231.0,231.0,231.0,231.0,231.0,231.0,231.0,231.0,231.0,231.0,231.0,231.0,231.0,231.0,231.0,231.0,231.0,231.0,231.0,231.0,231.0,231.0,231.0,231.0,231.0,231.0,,,,,,,,,,,,,,,,,,,,,,,,,0.1,427.044,391.3116,362.113,338.4903,319.783,305.3988,294.7212,287.1039,281.9082,278.553,276.553,275.5381,275.2536,275.5449,276.3349,277.5972,279.3322,281.5463,284.239,287.3975,473.0,471.0,406.896,293.2249,1122.7521000000002,38.9615
232,232,232.0,232.0,232.0,232.0,232.0,232.0,232.0,232.0,232.0,232.0,232.0,232.0,232.0,232.0,232.0,232.0,232.0,232.0,232.0,232.0,232.0,232.0,232.0,232.0,232.0,232.0,232.0,232.0,232.0,232.0,232.0,232.0,232.0,232.0,232.0,232.0,232.0,232.0,232.0,232.0,232.0,232.0,232.0,232.0,232.0,232.0,232.0,232.0,232.0,232.0,,,,,,,,,,,,,,,,,,,,,,,,,0.2,433.7656,402.5842,377.3012,356.5677,339.5082,325.5361,314.2491,305.3742,298.7434,294.2907,292.0593,292.2106,295.0242,300.8844,310.2484,323.6066,341.4529,364.2954,392.749,427.755,471.0,319.0,700.1209,164.69719999999995,829.5272000000001,38.9615
233,233,233.0,233.0,233.0,233.0,233.0,233.0,233.0,233.0,233.0,233.0,233.0,233.0,233.0,233.0,233.0,233.0,233.0,233.0,233.0,233.0,233.0,233.0,233.0,233.0,233.0,233.0,233.0,233.0,233.0,233.0,233.0,233.0,233.0,233.0,233.0,233.0,233.0,233.0,233.0,233.0,233.0,233.0,233.0,233.0,233.0,233.0,233.0,233.0,233.0,233.0,,,,,,,,,,,,,,,,,,,,,,,,,0.3,434.0295,405.0001,381.7743,362.9849,347.7318,335.4115,325.6118,318.0411,312.476,308.72,306.5702,305.7927,306.1107,307.2094,308.7594,310.4595,312.0909,313.5718,314.9979,316.6557,386.0,386.0,864.8181,164.33950000000004,664.8300000000002,38.9615
234,234,234.0,234.0,234.0,234.0,234.0,234.0,234.0,234.0,234.0,234.0,234.0,234.0,234.0,234.0,234.0,234.0,234.0,234.0,234.0,234.0,234.0,234.0,234.0,234.0,234.0,234.0,234.0,234.0,234.0,234.0,234.0,234.0,234.0,234.0,234.0,234.0,234.0,234.0,234.0,234.0,234.0,234.0,234.0,234.0,234.0,234.0,234.0,234.0,234.0,234.0,,,,,,,,,,,,,,,,,,,,,,,,,0.4,370.7979,358.76,348.9907,340.8382,333.8608,327.7933,322.5104,317.9877,314.2672,311.4311,309.5871,308.864,309.4131,311.4115,315.0622,320.5906,328.2389,338.2669,350.9667,366.7047,258.0,473.0,1029.1576,71.46409999999992,500.4905000000001,38.9615
235,235,235.0,235.0,235.0,235.0,235.0,235.0,235.0,235.0,235.0,235.0,235.0,235.0,235.0,235.0,235.0,235.0,235.0,235.0,235.0,235.0,235.0,235.0,235.0,235.0,235.0,235.0,235.0,235.0,235.0,235.0,235.0,235.0,235.0,235.0,235.0,235.0,235.0,235.0,235.0,235.0,235.0,235.0,235.0,235.0,235.0,235.0,235.0,235.0,235.0,235.0,,,,,,,,,,,,,,,,,,,,,,,,,0.5,268.7236,278.5753,287.0939,294.0023,299.2327,302.9141,305.332,306.8778,308.0016,309.1767,310.881,313.5914,317.787,323.9546,332.5944,344.2281,359.4182,378.8167,403.2676,434.003,268.0,472.0,1100.6217,29.22630000000004,429.0264000000002,38.9615
236,236,236.0,236.0,236.0,236.0,236.0,236.0,236.0,236.0,236.0,236.0,236.0,236.0,236.0,236.0,236.0,236.0,236.0,236.0,236.0,236.0,236.0,236.0,236.0,236.0,236.0,236.0,236.0,236.0,236.0,236.0,236.0,236.0,236.0,236.0,236.0,236.0,236.0,236.0,236.0,236.0,236.0,236.0,236.0,236.0,236.0,236.0,236.0,236.0,236.0,236.0,,,,,,,,,,,,,,,,,,,,,,,,,0.6,272.3355,276.5212,280.5208,284.3152,287.9099,291.3411,294.6813,298.042,301.5746,305.4684,309.9477,315.2686,321.7178,329.6159,339.328,351.2849,366.0212,384.238,406.9056,435.4376,471.0,471.0,1129.848,49.872100000000046,399.80010000000016,38.9615
237,237,237.0,237.0,237.0,237.0,237.0,237.0,237.0,237.0,237.0,237.0,237.0,237.0,237.0,237.0,237.0,237.0,237.0,237.0,237.0,237.0,237.0,237.0,237.0,237.0,237.0,237.0,237.0,237.0,237.0,237.0,237.0,237.0,237.0,237.0,237.0,237.0,237.0,237.0,237.0,237.0,237.0,237.0,237.0,237.0,237.0,237.0,237.0,237.0,237.0,237.0,,,,,,,,,,,,,,,,,,,,,,,,,0.7,429.1072,395.5637,368.7363,347.6905,331.7763,320.4148,313.0155,308.9771,307.7284,308.7785,311.7554,316.4264,322.7027,330.6345,340.4067,352.3429,366.9262,384.8452,407.0826,435.0739,473.0,324.0,1179.7201,106.01250000000005,349.9280000000001,38.9615
238,238,238.0,238.0,238.0,238.0,238.0,238.0,238.0,238.0,238.0,238.0,238.0,238.0,238.0,238.0,238.0,238.0,238.0,238.0,238.0,238.0,238.0,238.0,238.0,238.0,238.0,238.0,238.0,238.0,238.0,238.0,238.0,238.0,238.0,238.0,238.0,238.0,238.0,238.0,238.0,238.0,238.0,238.0,238.0,238.0,238.0,238.0,238.0,238.0,238.0,238.0,,,,,,,,,,,,,,,,,,,,,,,,,0.8,435.4372,406.0395,382.7126,364.1377,349.447,338.0379,329.4604,323.3467,319.3656,317.192,316.489,316.898,318.0409,319.535,321.0217,322.2098,322.9261,323.1648,323.122,323.2038,387.0,386.0,1285.7326,147.40229999999997,243.9155000000001,38.9615
239,239,239.0,239.0,239.0,239.0,239.0,239.0,239.0,239.0,239.0,239.0,239.0,239.0,239.0,239.0,239.0,239.0,239.0,239.0,239.0,239.0,239.0,239.0,239.0,239.0,239.0,239.0,239.0,239.0,239.0,239.0,239.0,239.0,239.0,239.0,239.0,239.0,239.0,239.0,239.0,239.0,239.0,239.0,239.0,239.0,239.0,239.0,239.0,239.0,239.0,239.0,,,,,,,,,,,,,,,,,,,,,,,,,0.9,371.9424,360.1137,350.6238,342.8242,336.2716,330.6928,325.9465,321.9839,318.8154,316.4852,315.0602,314.6276,315.3009,317.2263,320.5871,325.6031,332.5273,341.6467,353.2951,367.8895,391.0,390.0,1433.1349,96.5132000000001,96.5132000000001,38.9615
240,240,240.0,240.0,240.0,240.0,240.0,240.0,240.0,240.0,240.0,240.0,240.0,240.0,240.0,240.0,240.0,240.0,240.0,240.0,240.0,240.0,240.0,240.0,240.0,240.0,240.0,240.0,240.0,240.0,240.0,240.0,240.0,240.0,240.0,240.0,240.0,240.0,240.0,240.0,240.0,240.0,240.0,240.0,240.0,240.0,240.0,240.0,240.0,240.0,240.0,,,,,,,,,,,,,,,,,,,,,,,,,,0.0,273.0,273.0,273.0,273.0,273.0,273.0,273.0,273.0,273.0,273.0,273.0,273.0,273.0,273.0,273.0,273.0,273.0,273.0,273.0,273.0,324.0,472.0,0.0,365.4956,790.9049,9.636000000000024
241,241,241.0,241.0,241.0,241.0,241.0,241.0,241.0,241.0,241.0,241.0,241.0,241.0,241.0,241.0,241.0,241.0,241.0,241.0,241.0,241.0,241.0,241.0,241.0,241.0,241.0,241.0,241.0,241.0,241.0,241.0,241.0,241.0,241.0,241.0,241.0,241.0,241.0,241.0,241.0,241.0,241.0,241.0,241.0,241.0,241.0,241.0,241.0,241.0,241.0,,,,,,,,,,,,,,,,,,,,,,,,,,0.1,313.6152,304.6115,296.976,290.6896,285.7032,281.9347,279.2851,277.6677,277.0455,277.4674,279.0991,282.2408,287.3273,294.9056,305.5927,320.0233,338.8079,362.5379,391.8773,427.7943,309.0,471.0,365.4956,127.4991,425.4093,9.636000000000024
242,242,242.0,242.0,242.0,242.0,242.0,242.0,242.0,242.0,242.0,242.0,242.0,242.0,242.0,242.0,242.0,242.0,242.0,242.0,242.0,242.0,242.0,242.0,242.0,242.0,242.0,242.0,242.0,242.0,242.0,242.0,242.0,242.0,242.0,242.0,242.0,242.0,242.0,242.0,242.0,242.0,242.0,242.0,242.0,242.0,242.0,242.0,242.0,242.0,242.0,,,,,,,,,,,,,,,,,,,,,,,,,,0.2,303.6614,299.1267,295.3082,292.1613,289.6853,287.9209,286.9469,286.8738,287.839,290.0011,293.5374,298.6415,305.5246,314.4209,325.599,339.3859,356.2063,376.6502,401.5832,432.3303,331.0,472.0,492.9947,53.58519999999993,297.9102,9.636000000000024
243,243,243.0,243.0,243.0,243.0,243.0,243.0,243.0,243.0,243.0,243.0,243.0,243.0,243.0,243.0,243.0,243.0,243.0,243.0,243.0,243.0,243.0,243.0,243.0,243.0,243.0,243.0,243.0,243.0,243.0,243.0,243.0,243.0,243.0,243.0,243.0,243.0,243.0,243.0,243.0,243.0,243.0,243.0,243.0,243.0,243.0,243.0,243.0,243.0,243.0,,,,,,,,,,,,,,,,,,,,,,,,,,0.3,321.6145,313.7571,307.3302,302.2713,298.5346,296.0833,294.8883,294.9334,296.2207,298.7775,302.6617,307.9664,314.8261,323.4253,334.013,346.9268,362.6318,381.7826,405.3252,434.6698,342.0,471.0,546.5799,28.48240000000009,244.32500000000005,9.636000000000024
244,244,244.0,244.0,244.0,244.0,244.0,244.0,244.0,244.0,244.0,244.0,244.0,244.0,244.0,244.0,244.0,244.0,244.0,244.0,244.0,244.0,244.0,244.0,244.0,244.0,244.0,244.0,244.0,244.0,244.0,244.0,244.0,244.0,244.0,244.0,244.0,244.0,244.0,244.0,244.0,244.0,244.0,244.0,244.0,244.0,244.0,244.0,244.0,244.0,244.0,,,,,,,,,,,,,,,,,,,,,,,,,,0.4,331.4895,322.8192,315.7943,310.2801,306.1801,303.4227,301.9555,301.7443,302.7752,305.0585,308.6336,313.5753,320.0016,328.085,338.0693,350.2941,365.2335,383.5557,406.2206,434.6451,294.0,471.0,575.0623,21.31369999999993,215.84259999999995,9.636000000000024
245,245,245.0,245.0,245.0,245.0,245.0,245.0,245.0,245.0,245.0,245.0,245.0,245.0,245.0,245.0,245.0,245.0,245.0,245.0,245.0,245.0,245.0,245.0,245.0,245.0,245.0,245.0,245.0,245.0,245.0,245.0,245.0,245.0,245.0,245.0,245.0,245.0,245.0,245.0,245.0,245.0,245.0,245.0,245.0,245.0,245.0,245.0,245.0,245.0,245.0,,,,,,,,,,,,,,,,,,,,,,,,,,0.5,294.5513,295.4015,296.3913,297.427,298.4916,299.6404,300.9882,302.6899,304.9228,307.8724,311.7274,316.6809,322.9399,330.7417,340.3754,352.2127,366.7505,384.6727,406.9496,435.0026,316.0,473.0,596.376,22.52060000000006,194.5289,9.636000000000024
246,246,246.0,246.0,246.0,246.0,246.0,246.0,246.0,246.0,246.0,246.0,246.0,246.0,246.0,246.0,246.0,246.0,246.0,246.0,246.0,246.0,246.0,246.0,246.0,246.0,246.0,246.0,246.0,246.0,246.0,246.0,246.0,246.0,246.0,246.0,246.0,246.0,246.0,246.0,246.0,246.0,246.0,246.0,246.0,246.0,246.0,246.0,246.0,246.0,246.0,,,,,,,,,,,,,,,,,,,,,,,,,,0.6,310.8726,306.8174,303.778,301.7096,300.5712,300.3243,300.9373,302.3938,304.7006,307.8958,312.055,317.297,323.7897,331.7585,341.5011,353.4091,368.0052,386.0022,408.4014,436.6609,382.0,321.0,618.8966,15.51649999999995,172.00829999999996,9.636000000000024
247,247,247.0,247.0,247.0,247.0,247.0,247.0,247.0,247.0,247.0,247.0,247.0,247.0,247.0,247.0,247.0,247.0,247.0,247.0,247.0,247.0,247.0,247.0,247.0,247.0,247.0,247.0,247.0,247.0,247.0,247.0,247.0,247.0,247.0,247.0,247.0,247.0,247.0,247.0,247.0,247.0,247.0,247.0,247.0,247.0,247.0,247.0,247.0,247.0,247.0,,,,,,,,,,,,,,,,,,,,,,,,,,0.7,362.8891,347.2236,334.5846,324.6799,317.2625,312.086,308.8878,307.3893,307.302,308.3327,310.184,312.5517,315.124,317.5906,319.6638,321.1163,321.8294,321.8418,321.3864,320.9002,250.0,409.0,634.4131,48.367500000000064,156.4918,9.636000000000024
248,248,248.0,248.0,248.0,248.0,248.0,248.0,248.0,248.0,248.0,248.0,248.0,248.0,248.0,248.0,248.0,248.0,248.0,248.0,248.0,248.0,248.0,248.0,248.0,248.0,248.0,248.0,248.0,248.0,248.0,248.0,248.0,248.0,248.0,248.0,248.0,248.0,248.0,248.0,248.0,248.0,248.0,248.0,248.0,248.0,248.0,248.0,248.0,248.0,248.0,,,,,,,,,,,,,,,,,,,,,,,,,,0.8,260.8638,270.805,279.4384,286.5445,292.0897,296.2082,299.1586,301.2704,302.8972,304.3853,306.0617,308.2383,311.2256,315.3472,320.9488,328.4004,338.0947,350.4529,365.9513,385.1869,376.0,348.0,682.7806,47.8406,108.12429999999996,9.636000000000024
249,249,249.0,249.0,249.0,249.0,249.0,249.0,249.0,249.0,249.0,249.0,249.0,249.0,249.0,249.0,249.0,249.0,249.0,249.0,249.0,249.0,249.0,249.0,249.0,249.0,249.0,249.0,249.0,249.0,249.0,249.0,249.0,249.0,249.0,249.0,249.0,249.0,249.0,249.0,249.0,249.0,249.0,249.0,249.0,249.0,249.0,249.0,249.0,249.0,249.0,,,,,,,,,,,,,,,,,,,,,,,,,,0.9,356.7012,340.7068,327.7518,317.6372,310.1423,304.9898,301.8496,300.3689,300.2072,301.0659,302.703,304.9357,307.6338,310.7127,314.1315,317.8998,322.0935,326.8741,332.5082,339.3804,284.0,412.0,730.6212,60.28369999999995,60.28369999999995,9.636000000000024
250,250,250.0,250.0,250.0,250.0,250.0,250.0,250.0,250.0,250.0,250.0,250.0,250.0,250.0,250.0,250.0,250.0,250.0,250.0,250.0,250.0,250.0,250.0,250.0,250.0,250.0,250.0,250.0,250.0,250.0,250.0,250.0,250.0,250.0,250.0,250.0,250.0,250.0,250.0,250.0,250.0,250.0,250.0,250.0,250.0,250.0,250.0,250.0,250.0,250.0,,,,,,,,,,,,,,,,,,,,,,,,,,0.0,273.0,273.0,273.0,273.0,273.0,273.0,273.0,273.0,273.0,273.0,273.0,273.0,273.0,273.0,273.0,273.0,273.0,273.0,273.0,273.0,325.0,471.0,0.0,365.3633,853.2077,9.446300000000008
251,251,251.0,251.0,251.0,251.0,251.0,251.0,251.0,251.0,251.0,251.0,251.0,251.0,251.0,251.0,251.0,251.0,251.0,251.0,251.0,251.0,251.0,251.0,251.0,251.0,251.0,251.0,251.0,251.0,251.0,251.0,251.0,251.0,251.0,251.0,251.0,251.0,251.0,251.0,251.0,251.0,251.0,251.0,251.0,251.0,251.0,251.0,251.0,251.0,251.0,,,,,,,,,,,,,,,,,,,,,,,,,,0.1,314.406,305.2243,297.4394,291.0303,285.946,282.1017,279.3951,277.7357,277.0823,277.4796,279.0893,282.2075,287.2649,294.8048,305.4406,319.8032,338.4997,362.1172,391.3134,427.0447,309.0,471.0,365.3633,127.5097,487.84440000000006,9.446300000000008
252,252,252.0,252.0,252.0,252.0,252.0,252.0,252.0,252.0,252.0,252.0,252.0,252.0,252.0,252.0,252.0,252.0,252.0,252.0,252.0,252.0,252.0,252.0,252.0,252.0,252.0,252.0,252.0,252.0,252.0,252.0,252.0,252.0,252.0,252.0,252.0,252.0,252.0,252.0,252.0,252.0,252.0,252.0,252.0,252.0,252.0,252.0,252.0,252.0,252.0,,,,,,,,,,,,,,,,,,,,,,,,,,0.2,303.6935,299.1875,295.3913,292.2583,289.7869,288.0182,287.0321,286.9409,287.8837,290.0215,293.5331,298.614,305.477,314.3576,325.5261,339.3102,356.1351,376.5904,401.5404,432.308,331.0,471.0,492.873,53.42410000000001,360.33470000000005,9.446300000000008
253,253,253.0,253.0,253.0,253.0,253.0,253.0,253.0,253.0,253.0,253.0,253.0,253.0,253.0,253.0,253.0,253.0,253.0,253.0,253.0,253.0,253.0,253.0,253.0,253.0,253.0,253.0,253.0,253.0,253.0,253.0,253.0,253.0,253.0,253.0,253.0,253.0,253.0,253.0,253.0,253.0,253.0,253.0,253.0,253.0,253.0,253.0,253.0,253.0,253.0,,,,,,,,,,,,,,,,,,,,,,,,,,0.3,321.6232,313.7737,307.3535,302.2993,298.5649,296.1131,294.915,294.9538,296.2319,298.776,302.6434,307.9262,314.7572,323.3185,333.8564,346.7051,362.3254,381.3666,404.7669,433.9243,343.0,472.0,546.2971,28.832,306.91060000000004,9.446300000000008
254,254,254.0,254.0,254.0,254.0,254.0,254.0,254.0,254.0,254.0,254.0,254.0,254.0,254.0,254.0,254.0,254.0,254.0,254.0,254.0,254.0,254.0,254.0,254.0,254.0,254.0,254.0,254.0,254.0,254.0,254.0,254.0,254.0,254.0,254.0,254.0,254.0,254.0,254.0,254.0,254.0,254.0,254.0,254.0,254.0,254.0,254.0,254.0,254.0,254.0,,,,,,,,,,,,,,,,,,,,,,,,,,0.4,332.2751,323.4252,316.2513,310.6155,306.4182,303.5848,302.0595,301.8049,302.804,305.0654,308.6275,313.5658,320.0002,328.1064,338.1321,350.4213,365.4525,383.8989,406.7269,435.3637,350.0,345.0,575.1291,14.143100000000004,278.07860000000005,9.446300000000008
255,255,255.0,255.0,255.0,255.0,255.0,255.0,255.0,255.0,255.0,255.0,255.0,255.0,255.0,255.0,255.0,255.0,255.0,255.0,255.0,255.0,255.0,255.0,255.0,255.0,255.0,255.0,255.0,255.0,255.0,255.0,255.0,255.0,255.0,255.0,255.0,255.0,255.0,255.0,255.0,255.0,255.0,255.0,255.0,255.0,255.0,255.0,255.0,255.0,255.0,,,,,,,,,,,,,,,,,,,,,,,,,,0.5,338.6797,329.4389,321.9987,316.1573,311.7633,308.6963,306.8536,306.1392,306.4534,307.6833,309.6942,312.3248,315.3888,318.6881,322.0391,325.3104,328.4706,331.6327,335.089,339.3235,289.0,383.0,589.2722,39.35850000000005,263.93550000000005,9.446300000000008
256,256,256.0,256.0,256.0,256.0,256.0,256.0,256.0,256.0,256.0,256.0,256.0,256.0,256.0,256.0,256.0,256.0,256.0,256.0,256.0,256.0,256.0,256.0,256.0,256.0,256.0,256.0,256.0,256.0,256.0,256.0,256.0,256.0,256.0,256.0,256.0,256.0,256.0,256.0,256.0,256.0,256.0,256.0,256.0,256.0,256.0,256.0,256.0,256.0,256.0,,,,,,,,,,,,,,,,,,,,,,,,,,0.6,291.1507,293.4027,295.5334,297.3965,298.933,300.1658,301.1817,302.1074,303.0875,304.2701,305.7999,307.822,310.4893,313.9727,318.4699,324.211,331.4637,340.5407,351.8163,365.7606,353.0,355.0,628.6307,49.698800000000006,224.577,9.446300000000008
257,257,257.0,257.0,257.0,257.0,257.0,257.0,257.0,257.0,257.0,257.0,257.0,257.0,257.0,257.0,257.0,257.0,257.0,257.0,257.0,257.0,257.0,257.0,257.0,257.0,257.0,257.0,257.0,257.0,257.0,257.0,257.0,257.0,257.0,257.0,257.0,257.0,257.0,257.0,257.0,257.0,257.0,257.0,257.0,257.0,257.0,257.0,257.0,257.0,257.0,,,,,,,,,,,,,,,,,,,,,,,,,,0.7,339.7601,328.8173,319.9656,313.0385,307.866,304.2584,302.0091,300.9092,300.7653,301.4148,302.7332,304.6366,307.0796,310.0532,313.5852,317.7467,322.6614,328.5202,335.5961,344.2604,299.0,402.0,678.3295,60.645799999999895,174.8782,9.446300000000008
258,258,258.0,258.0,258.0,258.0,258.0,258.0,258.0,258.0,258.0,258.0,258.0,258.0,258.0,258.0,258.0,258.0,258.0,258.0,258.0,258.0,258.0,258.0,258.0,258.0,258.0,258.0,258.0,258.0,258.0,258.0,258.0,258.0,258.0,258.0,258.0,258.0,258.0,258.0,258.0,258.0,258.0,258.0,258.0,258.0,258.0,258.0,258.0,258.0,258.0,,,,,,,,,,,,,,,,,,,,,,,,,,0.8,298.6052,298.587,298.7309,298.8918,299.0029,299.0717,299.1661,299.3962,299.8969,300.8179,302.3196,304.5769,307.7841,312.1622,317.9618,325.4649,334.9879,346.8925,361.6133,379.7163,358.0,354.0,738.9753,52.46530000000007,114.2324000000001,9.446300000000008
259,259,259.0,259.0,259.0,259.0,259.0,259.0,259.0,259.0,259.0,259.0,259.0,259.0,259.0,259.0,259.0,259.0,259.0,259.0,259.0,259.0,259.0,259.0,259.0,259.0,259.0,259.0,259.0,259.0,259.0,259.0,259.0,259.0,259.0,259.0,259.0,259.0,259.0,259.0,259.0,259.0,259.0,259.0,259.0,259.0,259.0,259.0,259.0,259.0,259.0,,,,,,,,,,,,,,,,,,,,,,,,,,0.9,343.6859,331.8337,322.192,314.5676,308.7803,304.6414,301.9528,300.5171,300.1505,300.6941,302.018,304.0216,306.6313,309.7996,313.5104,317.7902,322.726,328.4862,335.3396,343.6722,294.0,401.0,791.4406,61.76710000000003,61.76710000000003,9.446300000000008
260,260,260.0,260.0,260.0,260.0,260.0,260.0,260.0,260.0,260.0,260.0,260.0,260.0,260.0,260.0,260.0,260.0,260.0,260.0,260.0,260.0,260.0,260.0,260.0,260.0,260.0,260.0,260.0,260.0,260.0,260.0,260.0,260.0,260.0,260.0,260.0,260.0,260.0,260.0,260.0,260.0,260.0,260.0,260.0,260.0,260.0,260.0,260.0,260.0,260.0,,,,,,,,,,,,,,,,,,,,,,,,,,0.0,273.0,273.0,273.0,273.0,273.0,273.0,273.0,273.0,273.0,273.0,273.0,273.0,273.0,273.0,273.0,273.0,273.0,273.0,273.0,273.0,325.0,472.0,0.0,365.2116,813.8962,9.372000000000014
261,261,261.0,261.0,261.0,261.0,261.0,261.0,261.0,261.0,261.0,261.0,261.0,261.0,261.0,261.0,261.0,261.0,261.0,261.0,261.0,261.0,261.0,261.0,261.0,261.0,261.0,261.0,261.0,261.0,261.0,261.0,261.0,261.0,261.0,261.0,261.0,261.0,261.0,261.0,261.0,261.0,261.0,261.0,261.0,261.0,261.0,261.0,261.0,261.0,261.0,,,,,,,,,,,,,,,,,,,,,,,,,,0.1,314.406,305.2243,297.4395,291.0306,285.9466,282.1029,279.3975,277.7402,277.0906,277.4944,279.1147,282.2496,287.332,294.908,305.594,320.0239,338.8082,362.538,391.8774,427.7943,307.0,473.0,365.2116,127.33660000000005,448.6846000000001,9.372000000000014
262,262,262.0,262.0,262.0,262.0,262.0,262.0,262.0,262.0,262.0,262.0,262.0,262.0,262.0,262.0,262.0,262.0,262.0,262.0,262.0,262.0,262.0,262.0,262.0,262.0,262.0,262.0,262.0,262.0,262.0,262.0,262.0,262.0,262.0,262.0,262.0,262.0,262.0,262.0,262.0,262.0,262.0,262.0,262.0,262.0,262.0,262.0,262.0,262.0,262.0,,,,,,,,,,,,,,,,,,,,,,,,,,0.2,302.1088,297.9607,294.4668,291.5831,289.3116,287.699,286.832,286.8311,287.8439,290.0393,293.604,298.7404,305.668,314.6285,325.8983,339.8118,356.8016,377.4679,402.6899,433.8164,333.0,472.0,492.5482,53.42379999999997,321.348,9.372000000000014
263,263,263.0,263.0,263.0,263.0,263.0,263.0,263.0,263.0,263.0,263.0,263.0,263.0,263.0,263.0,263.0,263.0,263.0,263.0,263.0,263.0,263.0,263.0,263.0,263.0,263.0,263.0,263.0,263.0,263.0,263.0,263.0,263.0,263.0,263.0,263.0,263.0,263.0,263.0,263.0,263.0,263.0,263.0,263.0,263.0,263.0,263.0,263.0,263.0,263.0,,,,,,,,,,,,,,,,,,,,,,,,,,0.3,323.1369,314.8739,308.1127,302.7895,298.8553,296.267,294.9868,294.988,296.2622,298.827,302.7316,308.062,314.9471,323.5665,334.1657,347.0799,362.773,381.8998,405.4087,434.713,344.0,471.0,545.972,28.30989999999997,267.92420000000004,9.372000000000014
264,264,264.0,264.0,264.0,264.0,264.0,264.0,264.0,264.0,264.0,264.0,264.0,264.0,264.0,264.0,264.0,264.0,264.0,264.0,264.0,264.0,264.0,264.0,264.0,264.0,264.0,264.0,264.0,264.0,264.0,264.0,264.0,264.0,264.0,264.0,264.0,264.0,264.0,264.0,264.0,264.0,264.0,264.0,264.0,264.0,264.0,264.0,264.0,264.0,264.0,,,,,,,,,,,,,,,,,,,,,,,,,,0.4,333.1059,324.1178,316.8291,311.0963,306.8167,303.9139,302.3312,302.0305,302.9938,305.2274,308.7669,313.6835,320.092,328.162,338.1353,350.3498,365.2789,383.5902,406.2438,434.6567,291.0,473.0,574.2819,21.6205,239.61430000000007,9.372000000000014
265,265,265.0,265.0,265.0,265.0,265.0,265.0,265.0,265.0,265.0,265.0,265.0,265.0,265.0,265.0,265.0,265.0,265.0,265.0,265.0,265.0,265.0,265.0,265.0,265.0,265.0,265.0,265.0,265.0,265.0,265.0,265.0,265.0,265.0,265.0,265.0,265.0,265.0,265.0,265.0,265.0,265.0,265.0,265.0,265.0,265.0,265.0,265.0,265.0,265.0,,,,,,,,,,,,,,,,,,,,,,,,,,0.5,292.249,293.7089,295.2124,296.6632,298.047,299.4284,300.9351,302.738,305.0303,308.0134,311.8895,316.8638,323.1537,331.0055,340.7171,352.6683,367.3644,385.5001,408.06,436.4896,379.0,326.0,595.9024,14.906600000000026,217.99380000000008,9.372000000000014
266,266,266.0,266.0,266.0,266.0,266.0,266.0,266.0,266.0,266.0,266.0,266.0,266.0,266.0,266.0,266.0,266.0,266.0,266.0,266.0,266.0,266.0,266.0,266.0,266.0,266.0,266.0,266.0,266.0,266.0,266.0,266.0,266.0,266.0,266.0,266.0,266.0,266.0,266.0,266.0,266.0,266.0,266.0,266.0,266.0,266.0,266.0,266.0,266.0,266.0,,,,,,,,,,,,,,,,,,,,,,,,,,0.6,360.1037,344.572,332.055,322.3049,315.0936,310.172,307.2604,306.057,306.2529,307.5427,309.6282,312.2154,315.0128,317.7359,320.1266,321.9868,323.2241,323.8989,324.2593,324.752,262.0,403.0,610.809,46.10500000000002,203.08720000000005,9.372000000000014
267,267,267.0,267.0,267.0,267.0,267.0,267.0,267.0,267.0,267.0,267.0,267.0,267.0,267.0,267.0,267.0,267.0,267.0,267.0,267.0,267.0,267.0,267.0,267.0,267.0,267.0,267.0,267.0,267.0,267.0,267.0,267.0,267.0,267.0,267.0,267.0,267.0,267.0,267.0,267.0,267.0,267.0,267.0,267.0,267.0,267.0,267.0,267.0,267.0,267.0,,,,,,,,,,,,,,,,,,,,,,,,,,0.7,270.2321,277.8264,284.4518,289.9157,294.182,297.3576,299.6558,301.3511,302.7391,304.1097,305.7373,307.8859,310.8212,314.8254,320.2058,327.2975,336.463,348.0977,362.6529,380.6926,370.0,353.0,656.914,47.86480000000006,156.98220000000003,9.372000000000014
268,268,268.0,268.0,268.0,268.0,268.0,268.0,268.0,268.0,268.0,268.0,268.0,268.0,268.0,268.0,268.0,268.0,268.0,268.0,268.0,268.0,268.0,268.0,268.0,268.0,268.0,268.0,268.0,268.0,268.0,268.0,268.0,268.0,268.0,268.0,268.0,268.0,268.0,268.0,268.0,268.0,268.0,268.0,268.0,268.0,268.0,268.0,268.0,268.0,268.0,,,,,,,,,,,,,,,,,,,,,,,,,,0.8,352.3311,337.6892,325.8264,316.552,309.6592,304.8955,301.9673,300.5647,300.3921,301.1932,302.7638,304.9543,307.6645,310.838,314.4611,318.5688,323.2591,328.7109,335.2023,343.1257,288.0,409.0,704.7788,58.75139999999999,109.11739999999998,9.372000000000014
269,269,269.0,269.0,269.0,269.0,269.0,269.0,269.0,269.0,269.0,269.0,269.0,269.0,269.0,269.0,269.0,269.0,269.0,269.0,269.0,269.0,269.0,269.0,269.0,269.0,269.0,269.0,269.0,269.0,269.0,269.0,269.0,269.0,269.0,269.0,269.0,269.0,269.0,269.0,269.0,269.0,269.0,269.0,269.0,269.0,269.0,269.0,269.0,269.0,269.0,,,,,,,,,,,,,,,,,,,,,,,,,,0.9,290.2108,292.4595,294.4948,296.1584,297.399,298.2664,298.8891,299.4457,300.139,301.179,302.776,305.1441,308.5097,313.1207,319.2527,327.2126,337.3421,350.0309,365.7488,385.1116,369.0,351.0,763.5302,50.36599999999999,50.36599999999999,9.372000000000014
270,270,270.0,270.0,270.0,270.0,270.0,270.0,270.0,270.0,270.0,270.0,270.0,270.0,270.0,270.0,270.0,270.0,270.0,270.0,270.0,270.0,270.0,270.0,270.0,270.0,270.0,270.0,270.0,270.0,270.0,270.0,270.0,270.0,270.0,270.0,270.0,270.0,270.0,270.0,270.0,270.0,270.0,270.0,270.0,270.0,270.0,270.0,270.0,270.0,270.0,,,,,,,,,,,,,,,,,,,,,,,,,,0.0,273.0,273.0,273.0,273.0,273.0,273.0,273.0,273.0,273.0,273.0,273.0,273.0,273.0,273.0,273.0,273.0,273.0,273.0,273.0,273.0,327.0,472.0,0.0,364.6518,852.0996,9.505100000000027
271,271,271.0,271.0,271.0,271.0,271.0,271.0,271.0,271.0,271.0,271.0,271.0,271.0,271.0,271.0,271.0,271.0,271.0,271.0,271.0,271.0,271.0,271.0,271.0,271.0,271.0,271.0,271.0,271.0,271.0,271.0,271.0,271.0,271.0,271.0,271.0,271.0,271.0,271.0,271.0,271.0,271.0,271.0,271.0,271.0,271.0,271.0,271.0,271.0,271.0,,,,,,,,,,,,,,,,,,,,,,,,,,0.1,315.9869,306.4491,298.3657,291.7119,286.4329,282.439,279.622,277.8851,277.1808,277.5486,279.1461,282.2671,287.3415,294.9129,305.5964,320.0251,338.8087,362.5382,391.8775,427.7943,305.0,471.0,364.6518,126.40300000000002,487.4478,9.505100000000027
272,272,272.0,272.0,272.0,272.0,272.0,272.0,272.0,272.0,272.0,272.0,272.0,272.0,272.0,272.0,272.0,272.0,272.0,272.0,272.0,272.0,272.0,272.0,272.0,272.0,272.0,272.0,272.0,272.0,272.0,272.0,272.0,272.0,272.0,272.0,272.0,272.0,272.0,272.0,272.0,272.0,272.0,272.0,272.0,272.0,272.0,272.0,272.0,272.0,272.0,,,,,,,,,,,,,,,,,,,,,,,,,,0.2,300.5888,296.8567,293.7111,291.1061,289.0456,287.5821,286.8113,286.8636,287.8963,290.0867,293.6268,298.7216,305.5901,314.4708,325.6352,339.4108,356.2226,376.6605,401.589,432.3329,332.0,473.0,491.0548,54.533199999999965,361.0448,9.505100000000027
273,273,273.0,273.0,273.0,273.0,273.0,273.0,273.0,273.0,273.0,273.0,273.0,273.0,273.0,273.0,273.0,273.0,273.0,273.0,273.0,273.0,273.0,273.0,273.0,273.0,273.0,273.0,273.0,273.0,273.0,273.0,273.0,273.0,273.0,273.0,273.0,273.0,273.0,273.0,273.0,273.0,273.0,273.0,273.0,273.0,273.0,273.0,273.0,273.0,273.0,,,,,,,,,,,,,,,,,,,,,,,,,,0.3,322.3054,314.1825,307.5401,302.3189,298.4727,295.9594,294.7413,294.7919,296.1032,298.6944,302.6175,307.9633,314.8663,323.5131,334.1567,347.1393,362.9312,382.1933,405.8797,435.4132,345.0,472.0,545.588,28.712600000000062,306.51160000000004,9.505100000000027
274,274,274.0,274.0,274.0,274.0,274.0,274.0,274.0,274.0,274.0,274.0,274.0,274.0,274.0,274.0,274.0,274.0,274.0,274.0,274.0,274.0,274.0,274.0,274.0,274.0,274.0,274.0,274.0,274.0,274.0,274.0,274.0,274.0,274.0,274.0,274.0,274.0,274.0,274.0,274.0,274.0,274.0,274.0,274.0,274.0,274.0,274.0,274.0,274.0,274.0,,,,,,,,,,,,,,,,,,,,,,,,,,0.4,333.8438,324.633,317.1597,311.2802,306.89,303.9099,302.279,301.9542,302.9126,305.1565,308.7182,313.667,320.1169,328.2381,338.2735,350.5635,365.5844,384.0092,406.8059,435.4047,349.0,348.0,574.3006,14.0462,277.799,9.505100000000027
275,275,275.0,275.0,275.0,275.0,275.0,275.0,275.0,275.0,275.0,275.0,275.0,275.0,275.0,275.0,275.0,275.0,275.0,275.0,275.0,275.0,275.0,275.0,275.0,275.0,275.0,275.0,275.0,275.0,275.0,275.0,275.0,275.0,275.0,275.0,275.0,275.0,275.0,275.0,275.0,275.0,275.0,275.0,275.0,275.0,275.0,275.0,275.0,275.0,275.0,,,,,,,,,,,,,,,,,,,,,,,,,,0.5,337.96,328.9571,321.7125,316.0246,311.7441,308.7551,306.9618,306.2761,306.6075,307.8521,309.8843,312.5518,315.6781,319.0754,322.5708,326.0446,329.4765,332.9907,336.8896,341.6674,290.0,383.0,588.3468,37.95909999999992,263.7528,9.505100000000027
276,276,276.0,276.0,276.0,276.0,276.0,276.0,276.0,276.0,276.0,276.0,276.0,276.0,276.0,276.0,276.0,276.0,276.0,276.0,276.0,276.0,276.0,276.0,276.0,276.0,276.0,276.0,276.0,276.0,276.0,276.0,276.0,276.0,276.0,276.0,276.0,276.0,276.0,276.0,276.0,276.0,276.0,276.0,276.0,276.0,276.0,276.0,276.0,276.0,276.0,,,,,,,,,,,,,,,,,,,,,,,,,,0.6,291.9383,294.007,295.9866,297.7321,299.1838,300.362,301.3495,302.2683,303.2584,304.463,306.0225,308.0772,310.775,314.2817,318.7895,324.5239,331.7495,340.7781,351.9863,365.8492,354.0,353.0,626.3059,48.96690000000001,225.7937000000001,9.505100000000027
277,277,277.0,277.0,277.0,277.0,277.0,277.0,277.0,277.0,277.0,277.0,277.0,277.0,277.0,277.0,277.0,277.0,277.0,277.0,277.0,277.0,277.0,277.0,277.0,277.0,277.0,277.0,277.0,277.0,277.0,277.0,277.0,277.0,277.0,277.0,277.0,277.0,277.0,277.0,277.0,277.0,277.0,277.0,277.0,277.0,277.0,277.0,277.0,277.0,277.0,,,,,,,,,,,,,,,,,,,,,,,,,,0.7,340.5786,329.4893,320.5187,313.4951,308.2451,304.5759,302.278,301.1395,300.9635,301.583,302.8683,304.729,307.1125,310.0016,313.4159,317.4178,322.1236,327.7173,334.4658,342.7341,293.0,404.0,675.2728,61.1028,176.82680000000005,9.505100000000027
278,278,278.0,278.0,278.0,278.0,278.0,278.0,278.0,278.0,278.0,278.0,278.0,278.0,278.0,278.0,278.0,278.0,278.0,278.0,278.0,278.0,278.0,278.0,278.0,278.0,278.0,278.0,278.0,278.0,278.0,278.0,278.0,278.0,278.0,278.0,278.0,278.0,278.0,278.0,278.0,278.0,278.0,278.0,278.0,278.0,278.0,278.0,278.0,278.0,278.0,,,,,,,,,,,,,,,,,,,,,,,,,,0.8,293.8925,294.9923,296.0801,297.011,297.7262,298.2491,298.6687,299.1191,299.7603,300.7654,302.3164,304.6071,307.8495,312.28,318.1636,325.7953,335.5024,347.6559,362.6989,381.2081,367.0,352.0,736.3756,53.2858,115.72400000000005,9.505100000000027
279,279,279.0,279.0,279.0,279.0,279.0,279.0,279.0,279.0,279.0,279.0,279.0,279.0,279.0,279.0,279.0,279.0,279.0,279.0,279.0,279.0,279.0,279.0,279.0,279.0,279.0,279.0,279.0,279.0,279.0,279.0,279.0,279.0,279.0,279.0,279.0,279.0,279.0,279.0,279.0,279.0,279.0,279.0,279.0,279.0,279.0,279.0,279.0,279.0,279.0,,,,,,,,,,,,,,,,,,,,,,,,,,0.9,350.5282,336.8869,325.7828,316.9966,310.3226,305.5408,302.4148,300.7046,300.1835,300.6527,301.9481,303.941,306.5352,309.6649,313.2989,317.4515,322.1999,327.7048,334.2303,342.1584,282.0,411.0,789.6614,62.43820000000005,62.43820000000005,9.505100000000027
280,280,280.0,280.0,280.0,280.0,280.0,280.0,280.0,280.0,280.0,280.0,280.0,280.0,280.0,280.0,280.0,280.0,280.0,280.0,280.0,280.0,280.0,280.0,280.0,280.0,280.0,280.0,280.0,280.0,280.0,280.0,280.0,280.0,280.0,280.0,280.0,280.0,280.0,280.0,280.0,280.0,280.0,280.0,280.0,280.0,280.0,280.0,280.0,280.0,280.0,,,,,,,,,,,,,,,,,,,,,,,,,,0.0,273.0,273.0,273.0,273.0,273.0,273.0,273.0,273.0,273.0,273.0,273.0,273.0,273.0,273.0,273.0,273.0,273.0,273.0,273.0,273.0,327.0,471.0,0.0,364.8035,943.6522,9.164899999999989
281,281,281.0,281.0,281.0,281.0,281.0,281.0,281.0,281.0,281.0,281.0,281.0,281.0,281.0,281.0,281.0,281.0,281.0,281.0,281.0,281.0,281.0,281.0,281.0,281.0,281.0,281.0,281.0,281.0,281.0,281.0,281.0,281.0,281.0,281.0,281.0,281.0,281.0,281.0,281.0,281.0,281.0,281.0,281.0,281.0,281.0,281.0,281.0,281.0,281.0,,,,,,,,,,,,,,,,,,,,,,,,,,0.1,315.9869,306.4491,298.3656,291.7117,286.4323,282.4378,279.6196,277.8806,277.1724,277.5338,279.1206,282.225,287.2743,294.8097,305.443,319.8044,338.5002,362.1174,391.3135,427.0447,409.0,288.0,364.8035,140.1209,578.8487,9.164899999999989
282,282,282.0,282.0,282.0,282.0,282.0,282.0,282.0,282.0,282.0,282.0,282.0,282.0,282.0,282.0,282.0,282.0,282.0,282.0,282.0,282.0,282.0,282.0,282.0,282.0,282.0,282.0,282.0,282.0,282.0,282.0,282.0,282.0,282.0,282.0,282.0,282.0,282.0,282.0,282.0,282.0,282.0,282.0,282.0,282.0,282.0,282.0,282.0,282.0,282.0,,,,,,,,,,,,,,,,,,,,,,,,,,0.2,381.7997,359.24,340.6023,325.4375,313.4183,304.255,297.6562,293.3176,290.9222,290.1414,290.6304,292.02,293.91,295.8748,297.4865,298.3586,298.2045,296.9001,294.529,291.3969,298.0,427.0,504.9244,136.7156,438.7278,9.164899999999989
283,283,283.0,283.0,283.0,283.0,283.0,283.0,283.0,283.0,283.0,283.0,283.0,283.0,283.0,283.0,283.0,283.0,283.0,283.0,283.0,283.0,283.0,283.0,283.0,283.0,283.0,283.0,283.0,283.0,283.0,283.0,283.0,283.0,283.0,283.0,283.0,283.0,283.0,283.0,283.0,283.0,283.0,283.0,283.0,283.0,283.0,283.0,283.0,283.0,283.0,,,,,,,,,,,,,,,,,,,,,,,,,,0.3,298.5157,299.2136,299.7435,299.8788,299.5352,298.7625,297.7168,296.624,295.7472,295.3675,295.7786,297.2939,300.2579,305.0518,312.0899,321.8041,334.6273,350.9931,371.3745,396.3891,302.0,473.0,641.64,69.20550000000003,302.0122,9.164899999999989
284,284,284.0,284.0,284.0,284.0,284.0,284.0,284.0,284.0,284.0,284.0,284.0,284.0,284.0,284.0,284.0,284.0,284.0,284.0,284.0,284.0,284.0,284.0,284.0,284.0,284.0,284.0,284.0,284.0,284.0,284.0,284.0,284.0,284.0,284.0,284.0,284.0,284.0,284.0,284.0,284.0,284.0,284.0,284.0,284.0,284.0,284.0,284.0,284.0,284.0,,,,,,,,,,,,,,,,,,,,,,,,,,0.4,299.4887,297.5747,296.1568,295.1624,294.5505,294.3161,294.494,295.1614,296.4405,298.4998,301.5543,305.8649,311.7364,319.516,329.5934,342.4094,358.4793,378.4475,403.1927,434.0188,341.0,472.0,710.8455,35.43589999999995,232.8067,9.164899999999989
285,285,285.0,285.0,285.0,285.0,285.0,285.0,285.0,285.0,285.0,285.0,285.0,285.0,285.0,285.0,285.0,285.0,285.0,285.0,285.0,285.0,285.0,285.0,285.0,285.0,285.0,285.0,285.0,285.0,285.0,285.0,285.0,285.0,285.0,285.0,285.0,285.0,285.0,285.0,285.0,285.0,285.0,285.0,285.0,285.0,285.0,285.0,285.0,285.0,285.0,,,,,,,,,,,,,,,,,,,,,,,,,,0.5,330.038,320.9465,313.5905,307.8714,303.7003,300.9871,299.6438,299.5944,300.7883,303.2119,306.8972,311.9266,318.437,326.6249,336.7572,349.1913,364.4108,383.0856,406.172,435.0839,366.0,347.0,746.2814,17.365300000000047,197.37080000000003,9.164899999999989
286,286,286.0,286.0,286.0,286.0,286.0,286.0,286.0,286.0,286.0,286.0,286.0,286.0,286.0,286.0,286.0,286.0,286.0,286.0,286.0,286.0,286.0,286.0,286.0,286.0,286.0,286.0,286.0,286.0,286.0,286.0,286.0,286.0,286.0,286.0,286.0,286.0,286.0,286.0,286.0,286.0,286.0,286.0,286.0,286.0,286.0,286.0,286.0,286.0,286.0,,,,,,,,,,,,,,,,,,,,,,,,,,0.6,350.8572,338.4242,328.3451,320.3681,314.2978,309.9649,307.2105,305.8773,305.8051,306.8256,308.7584,311.4074,314.5627,318.0127,321.5677,325.0961,328.569,332.104,335.998,340.7399,242.0,473.0,763.6467,46.17430000000002,180.00549999999998,9.164899999999989
287,287,287.0,287.0,287.0,287.0,287.0,287.0,287.0,287.0,287.0,287.0,287.0,287.0,287.0,287.0,287.0,287.0,287.0,287.0,287.0,287.0,287.0,287.0,287.0,287.0,287.0,287.0,287.0,287.0,287.0,287.0,287.0,287.0,287.0,287.0,287.0,287.0,287.0,287.0,287.0,287.0,287.0,287.0,287.0,287.0,287.0,287.0,287.0,287.0,287.0,,,,,,,,,,,,,,,,,,,,,,,,,,0.7,253.9801,264.9218,274.4512,282.3623,288.6384,293.4354,297.0412,299.8254,302.1965,304.5732,307.3757,311.031,315.9858,322.7189,331.7478,343.6318,358.9816,378.4947,403.0485,433.8909,401.0,325.0,809.821,31.73509999999999,133.83119999999997,9.164899999999989
288,288,288.0,288.0,288.0,288.0,288.0,288.0,288.0,288.0,288.0,288.0,288.0,288.0,288.0,288.0,288.0,288.0,288.0,288.0,288.0,288.0,288.0,288.0,288.0,288.0,288.0,288.0,288.0,288.0,288.0,288.0,288.0,288.0,288.0,288.0,288.0,288.0,288.0,288.0,288.0,288.0,288.0,288.0,288.0,288.0,288.0,288.0,288.0,288.0,288.0,,,,,,,,,,,,,,,,,,,,,,,,,,0.8,375.7051,354.8638,338.0133,324.8492,315.0802,308.3596,304.2751,302.3743,302.2023,303.3325,305.3801,308.0019,310.8874,313.7539,316.355,318.5048,320.117,321.2481,322.1308,323.1854,257.0,432.0,841.5561,57.524099999999976,102.09609999999998,9.164899999999989
289,289,289.0,289.0,289.0,289.0,289.0,289.0,289.0,289.0,289.0,289.0,289.0,289.0,289.0,289.0,289.0,289.0,289.0,289.0,289.0,289.0,289.0,289.0,289.0,289.0,289.0,289.0,289.0,289.0,289.0,289.0,289.0,289.0,289.0,289.0,289.0,289.0,289.0,289.0,289.0,289.0,289.0,289.0,289.0,289.0,289.0,289.0,289.0,289.0,289.0,,,,,,,,,,,,,,,,,,,,,,,,,,0.9,266.355,274.9117,282.2881,288.2685,292.825,296.1005,298.3648,299.9609,301.2578,302.6204,304.3991,306.9359,310.5794,315.7,322.6972,332.0004,344.0684,359.4014,378.5864,402.3999,383.0,340.0,899.0802,44.572,44.572,9.164899999999989
290,290,290.0,290.0,290.0,290.0,290.0,290.0,290.0,290.0,290.0,290.0,290.0,290.0,290.0,290.0,290.0,290.0,290.0,290.0,290.0,290.0,290.0,290.0,290.0,290.0,290.0,290.0,290.0,290.0,290.0,290.0,290.0,290.0,290.0,290.0,290.0,290.0,290.0,290.0,290.0,290.0,290.0,290.0,290.0,290.0,290.0,290.0,290.0,290.0,290.0,,,,,,,,,,,,,,,,,,,,,,,,,,0.0,273.0,273.0,273.0,273.0,273.0,273.0,273.0,273.0,273.0,273.0,273.0,273.0,273.0,273.0,273.0,273.0,273.0,273.0,273.0,273.0,326.0,473.0,0.0,364.7803,996.1013,7.599800000000016
291,291,291.0,291.0,291.0,291.0,291.0,291.0,291.0,291.0,291.0,291.0,291.0,291.0,291.0,291.0,291.0,291.0,291.0,291.0,291.0,291.0,291.0,291.0,291.0,291.0,291.0,291.0,291.0,291.0,291.0,291.0,291.0,291.0,291.0,291.0,291.0,291.0,291.0,291.0,291.0,291.0,291.0,291.0,291.0,291.0,291.0,291.0,291.0,291.0,291.0,,,,,,,,,,,,,,,,,,,,,,,,,,0.1,315.1966,305.8369,297.9029,291.3716,286.1904,282.2722,279.5121,277.8172,277.144,277.5364,279.1559,282.3004,287.4038,295.0136,305.7485,320.245,339.1167,362.9586,392.4411,428.5436,400.0,327.0,364.7803,129.9076,631.321,7.599800000000016
292,292,292.0,292.0,292.0,292.0,292.0,292.0,292.0,292.0,292.0,292.0,292.0,292.0,292.0,292.0,292.0,292.0,292.0,292.0,292.0,292.0,292.0,292.0,292.0,292.0,292.0,292.0,292.0,292.0,292.0,292.0,292.0,292.0,292.0,292.0,292.0,292.0,292.0,292.0,292.0,292.0,292.0,292.0,292.0,292.0,292.0,292.0,292.0,292.0,292.0,,,,,,,,,,,,,,,,,,,,,,,,,,0.2,374.8566,353.9243,336.593,322.4785,311.298,302.7998,296.7324,292.8369,290.8509,290.5112,291.553,293.7034,296.678,300.184,303.9389,307.705,311.3357,314.8227,318.3327,322.2184,303.0,426.0,494.6879,105.13440000000004,501.4134,7.599800000000016
293,293,293.0,293.0,293.0,293.0,293.0,293.0,293.0,293.0,293.0,293.0,293.0,293.0,293.0,293.0,293.0,293.0,293.0,293.0,293.0,293.0,293.0,293.0,293.0,293.0,293.0,293.0,293.0,293.0,293.0,293.0,293.0,293.0,293.0,293.0,293.0,293.0,293.0,293.0,293.0,293.0,293.0,293.0,293.0,293.0,293.0,293.0,293.0,293.0,293.0,,,,,,,,,,,,,,,,,,,,,,,,,,0.3,302.2364,301.8325,301.469,300.9395,300.1659,299.1911,298.1539,297.2553,296.728,296.8168,297.7712,299.8502,303.3319,308.5224,315.758,325.4028,337.8462,353.5142,372.9133,396.7279,348.0,372.0,599.8223,56.71049999999991,396.279,7.599800000000016
294,294,294.0,294.0,294.0,294.0,294.0,294.0,294.0,294.0,294.0,294.0,294.0,294.0,294.0,294.0,294.0,294.0,294.0,294.0,294.0,294.0,294.0,294.0,294.0,294.0,294.0,294.0,294.0,294.0,294.0,294.0,294.0,294.0,294.0,294.0,294.0,294.0,294.0,294.0,294.0,294.0,294.0,294.0,294.0,294.0,294.0,294.0,294.0,294.0,294.0,,,,,,,,,,,,,,,,,,,,,,,,,,0.4,335.8945,325.8545,317.6614,311.1473,306.1638,302.5688,300.2255,299.0092,298.8142,299.5586,301.1838,303.6504,306.9352,311.0311,315.9544,321.761,328.5698,336.591,346.1544,357.7383,319.0,381.0,656.5328,56.15980000000002,339.5685000000001,7.599800000000016
295,295,295.0,295.0,295.0,295.0,295.0,295.0,295.0,295.0,295.0,295.0,295.0,295.0,295.0,295.0,295.0,295.0,295.0,295.0,295.0,295.0,295.0,295.0,295.0,295.0,295.0,295.0,295.0,295.0,295.0,295.0,295.0,295.0,295.0,295.0,295.0,295.0,295.0,295.0,295.0,295.0,295.0,295.0,295.0,295.0,295.0,295.0,295.0,295.0,295.0,,,,,,,,,,,,,,,,,,,,,,,,,,0.5,314.176,310.3377,307.2701,304.818,302.8855,301.4295,300.4495,299.9743,300.0508,300.736,302.093,304.1927,307.1181,310.9709,315.8798,322.009,329.5691,338.8314,350.1493,363.9923,337.0,371.0,712.6926,56.00970000000007,283.40870000000007,7.599800000000016
296,296,296.0,296.0,296.0,296.0,296.0,296.0,296.0,296.0,296.0,296.0,296.0,296.0,296.0,296.0,296.0,296.0,296.0,296.0,296.0,296.0,296.0,296.0,296.0,296.0,296.0,296.0,296.0,296.0,296.0,296.0,296.0,296.0,296.0,296.0,296.0,296.0,296.0,296.0,296.0,296.0,296.0,296.0,296.0,296.0,296.0,296.0,296.0,296.0,296.0,,,,,,,,,,,,,,,,,,,,,,,,,,0.6,327.7796,320.2034,314.0668,309.2104,305.501,302.8227,301.074,300.1693,300.0418,300.6463,301.9609,303.9876,306.7531,310.3109,314.7448,320.1773,326.7794,334.7863,344.5159,356.3956,312.0,389.0,768.7023,57.57629999999995,227.399,7.599800000000016
297,297,297.0,297.0,297.0,297.0,297.0,297.0,297.0,297.0,297.0,297.0,297.0,297.0,297.0,297.0,297.0,297.0,297.0,297.0,297.0,297.0,297.0,297.0,297.0,297.0,297.0,297.0,297.0,297.0,297.0,297.0,297.0,297.0,297.0,297.0,297.0,297.0,297.0,297.0,297.0,297.0,297.0,297.0,297.0,297.0,297.0,297.0,297.0,297.0,297.0,,,,,,,,,,,,,,,,,,,,,,,,,,0.7,308.5012,305.797,303.7006,302.0761,300.8405,299.9599,299.4416,299.3242,299.6684,300.551,302.0625,304.3083,307.4119,311.5202,316.8077,323.4828,331.7953,342.0502,354.6326,370.0494,353.0,360.0,826.2786,55.40769999999998,169.82270000000003,7.599800000000016
298,298,298.0,298.0,298.0,298.0,298.0,298.0,298.0,298.0,298.0,298.0,298.0,298.0,298.0,298.0,298.0,298.0,298.0,298.0,298.0,298.0,298.0,298.0,298.0,298.0,298.0,298.0,298.0,298.0,298.0,298.0,298.0,298.0,298.0,298.0,298.0,298.0,298.0,298.0,298.0,298.0,298.0,298.0,298.0,298.0,298.0,298.0,298.0,298.0,298.0,,,,,,,,,,,,,,,,,,,,,,,,,,0.8,340.0626,329.366,320.6578,313.7443,308.4539,304.6192,302.0742,300.6596,300.2319,300.6705,301.8822,303.8016,306.3906,309.6398,313.5721,318.2525,323.8013,330.4111,338.3645,348.0534,295.0,402.0,881.6863,60.86009999999999,114.41500000000008,7.599800000000016
299,299,299.0,299.0,299.0,299.0,299.0,299.0,299.0,299.0,299.0,299.0,299.0,299.0,299.0,299.0,299.0,299.0,299.0,299.0,299.0,299.0,299.0,299.0,299.0,299.0,299.0,299.0,299.0,299.0,299.0,299.0,299.0,299.0,299.0,299.0,299.0,299.0,299.0,299.0,299.0,299.0,299.0,299.0,299.0,299.0,299.0,299.0,299.0,299.0,299.0,,,,,,,,,,,,,,,,,,,,,,,,,,0.9,295.4598,296.1799,296.9404,297.5956,298.085,298.4291,298.7142,299.0715,299.6575,300.641,302.1972,304.5095,307.7755,312.2131,318.0662,325.6086,335.149,347.0449,361.7317,379.7808,365.0,352.0,942.5464,53.55490000000009,53.55490000000009,7.599800000000016
300,300,300.0,300.0,300.0,300.0,300.0,300.0,300.0,300.0,300.0,300.0,300.0,300.0,300.0,300.0,300.0,300.0,300.0,300.0,300.0,300.0,300.0,300.0,300.0,300.0,300.0,300.0,300.0,300.0,300.0,300.0,300.0,300.0,300.0,300.0,300.0,300.0,300.0,300.0,300.0,300.0,300.0,300.0,300.0,300.0,300.0,300.0,300.0,300.0,,,,,,,,,,,,,,,,,,,,,,,,,,,0.0,273.0,273.0,273.0,273.0,273.0,273.0,273.0,273.0,273.0,273.0,273.0,273.0,273.0,273.0,273.0,273.0,273.0,273.0,273.0,273.0,381.0,471.0,0.0,353.7293,2195.8646,15.595300000000009
301,301,301.0,301.0,301.0,301.0,301.0,301.0,301.0,301.0,301.0,301.0,301.0,301.0,301.0,301.0,301.0,301.0,301.0,301.0,301.0,301.0,301.0,301.0,301.0,301.0,301.0,301.0,301.0,301.0,301.0,301.0,301.0,301.0,301.0,301.0,301.0,301.0,301.0,301.0,301.0,301.0,301.0,301.0,301.0,301.0,301.0,301.0,301.0,301.0,,,,,,,,,,,,,,,,,,,,,,,,,,,0.1,358.3079,339.076,322.9798,309.8061,299.3508,291.373,285.5959,281.741,279.5788,278.9805,279.9594,282.6938,287.5269,294.9409,305.5087,319.836,338.515,362.1241,391.3164,427.0458,294.0,420.0,353.7293,102.77529999999996,1842.1353,15.595300000000009
302,302,302.0,302.0,302.0,302.0,302.0,302.0,302.0,302.0,302.0,302.0,302.0,302.0,302.0,302.0,302.0,302.0,302.0,302.0,302.0,302.0,302.0,302.0,302.0,302.0,302.0,302.0,302.0,302.0,302.0,302.0,302.0,302.0,302.0,302.0,302.0,302.0,302.0,302.0,302.0,302.0,302.0,302.0,302.0,302.0,302.0,302.0,302.0,302.0,,,,,,,,,,,,,,,,,,,,,,,,,,,0.2,293.6003,293.3992,293.159,292.7456,292.1462,291.4641,290.8936,290.685,291.1075,292.4186,294.842,298.5592,303.7103,310.4085,318.7629,328.9133,341.0732,355.5826,372.9717,394.0441,430.0,272.0,456.5046,83.86950000000002,1739.36,15.595300000000009
303,303,303.0,303.0,303.0,303.0,303.0,303.0,303.0,303.0,303.0,303.0,303.0,303.0,303.0,303.0,303.0,303.0,303.0,303.0,303.0,303.0,303.0,303.0,303.0,303.0,303.0,303.0,303.0,303.0,303.0,303.0,303.0,303.0,303.0,303.0,303.0,303.0,303.0,303.0,303.0,303.0,303.0,303.0,303.0,303.0,303.0,303.0,303.0,303.0,,,,,,,,,,,,,,,,,,,,,,,,,,,0.3,398.3601,372.5152,351.4999,334.7139,321.7038,312.0453,305.2949,300.9855,298.6394,297.7838,297.9562,298.7024,299.5709,300.1149,299.9086,298.5814,295.8678,291.6595,286.0472,279.3326,317.0,271.0,540.3741,157.85609999999997,1655.4905,15.595300000000009
304,304,304.0,304.0,304.0,304.0,304.0,304.0,304.0,304.0,304.0,304.0,304.0,304.0,304.0,304.0,304.0,304.0,304.0,304.0,304.0,304.0,304.0,304.0,304.0,304.0,304.0,304.0,304.0,304.0,304.0,304.0,304.0,304.0,304.0,304.0,304.0,304.0,304.0,304.0,304.0,304.0,304.0,304.0,304.0,304.0,304.0,304.0,304.0,304.0,,,,,,,,,,,,,,,,,,,,,,,,,,,0.4,314.6026,312.8831,311.4202,309.9183,308.2196,306.2901,304.1851,302.005,299.8525,297.8004,295.8742,294.0493,292.2607,290.4187,288.4287,286.2084,283.7024,280.8914,277.7949,274.4694,392.0,271.0,698.2302,212.07530000000008,1497.6344,15.595300000000009
305,305,305.0,305.0,305.0,305.0,305.0,305.0,305.0,305.0,305.0,305.0,305.0,305.0,305.0,305.0,305.0,305.0,305.0,305.0,305.0,305.0,305.0,305.0,305.0,305.0,305.0,305.0,305.0,305.0,305.0,305.0,305.0,305.0,305.0,305.0,305.0,305.0,305.0,305.0,305.0,305.0,305.0,305.0,305.0,305.0,305.0,305.0,305.0,305.0,,,,,,,,,,,,,,,,,,,,,,,,,,,0.5,370.7742,353.3239,339.0218,327.4099,318.1042,310.7465,304.988,300.493,296.9523,294.0957,291.6995,289.5883,287.6307,285.7325,283.8293,281.8793,279.8584,277.7561,275.5725,273.3159,356.0,270.0,910.3055,242.75819999999987,1285.5591,15.595300000000009
306,306,306.0,306.0,306.0,306.0,306.0,306.0,306.0,306.0,306.0,306.0,306.0,306.0,306.0,306.0,306.0,306.0,306.0,306.0,306.0,306.0,306.0,306.0,306.0,306.0,306.0,306.0,306.0,306.0,306.0,306.0,306.0,306.0,306.0,306.0,306.0,306.0,306.0,306.0,306.0,306.0,306.0,306.0,306.0,306.0,306.0,306.0,306.0,306.0,,,,,,,,,,,,,,,,,,,,,,,,,,,0.6,344.3117,334.7167,326.7088,319.9061,314.0303,308.8873,304.3465,300.3197,296.7429,293.5623,290.7258,288.1787,285.8644,283.7259,281.7091,279.7657,277.8547,275.9435,274.0078,272.0307,385.0,273.0,1153.0637,256.6223,1042.8009,15.595300000000009
307,307,307.0,307.0,307.0,307.0,307.0,307.0,307.0,307.0,307.0,307.0,307.0,307.0,307.0,307.0,307.0,307.0,307.0,307.0,307.0,307.0,307.0,307.0,307.0,307.0,307.0,307.0,307.0,307.0,307.0,307.0,307.0,307.0,307.0,307.0,307.0,307.0,307.0,307.0,307.0,307.0,307.0,307.0,307.0,307.0,307.0,307.0,307.0,307.0,,,,,,,,,,,,,,,,,,,,,,,,,,,0.7,366.0841,350.5307,337.6889,327.0791,318.3241,311.1091,305.1614,300.2426,296.1461,292.6984,289.7578,287.2129,284.9784,282.9913,281.2046,279.5828,278.0974,276.7227,275.4331,274.2017,358.0,272.0,1409.686,258.7596000000001,786.1786,15.595300000000009
308,308,308.0,308.0,308.0,308.0,308.0,308.0,308.0,308.0,308.0,308.0,308.0,308.0,308.0,308.0,308.0,308.0,308.0,308.0,308.0,308.0,308.0,308.0,308.0,308.0,308.0,308.0,308.0,308.0,308.0,308.0,308.0,308.0,308.0,308.0,308.0,308.0,308.0,308.0,308.0,308.0,308.0,308.0,308.0,308.0,308.0,308.0,308.0,308.0,,,,,,,,,,,,,,,,,,,,,,,,,,,0.8,345.7667,335.7069,327.3058,320.1734,314.0224,308.6485,303.9114,299.7154,295.9936,292.6945,289.7729,287.1853,284.8875,282.835,280.9838,279.2922,277.7212,276.2358,274.8051,273.4014,391.0,271.0,1668.4456,263.8719000000001,527.4189999999999,15.595300000000009
309,309,309.0,309.0,309.0,309.0,309.0,309.0,309.0,309.0,309.0,309.0,309.0,309.0,309.0,309.0,309.0,309.0,309.0,309.0,309.0,309.0,309.0,309.0,309.0,309.0,309.0,309.0,309.0,309.0,309.0,309.0,309.0,309.0,309.0,309.0,309.0,309.0,309.0,309.0,309.0,309.0,309.0,309.0,309.0,309.0,309.0,309.0,309.0,309.0,,,,,,,,,,,,,,,,,,,,,,,,,,,0.9,370.7001,354.0283,340.274,328.9204,319.5648,311.8725,305.553,300.3511,296.045,292.4457,289.3975,286.7745,284.4774,282.428,280.5645,278.8371,277.2047,275.6328,274.0919,272.5556,357.0,274.0,1932.3175,263.5470999999998,263.5470999999998,15.595300000000009
310,310,310.0,310.0,310.0,310.0,310.0,310.0,310.0,310.0,310.0,310.0,310.0,310.0,310.0,310.0,310.0,310.0,310.0,310.0,310.0,310.0,310.0,310.0,310.0,310.0,310.0,310.0,310.0,310.0,310.0,310.0,310.0,310.0,310.0,310.0,310.0,310.0,310.0,310.0,310.0,310.0,310.0,310.0,310.0,310.0,310.0,310.0,310.0,310.0,,,,,,,,,,,,,,,,,,,,,,,,,,,0.0,273.0,273.0,273.0,273.0,273.0,273.0,273.0,273.0,273.0,273.0,273.0,273.0,273.0,273.0,273.0,273.0,273.0,273.0,273.0,273.0,383.0,472.0,0.0,353.3155,2156.7317000000003,13.8433
311,311,311.0,311.0,311.0,311.0,311.0,311.0,311.0,311.0,311.0,311.0,311.0,311.0,311.0,311.0,311.0,311.0,311.0,311.0,311.0,311.0,311.0,311.0,311.0,311.0,311.0,311.0,311.0,311.0,311.0,311.0,311.0,311.0,311.0,311.0,311.0,311.0,311.0,311.0,311.0,311.0,311.0,311.0,311.0,311.0,311.0,311.0,311.0,311.0,,,,,,,,,,,,,,,,,,,,,,,,,,,0.1,359.8611,340.2674,323.8764,310.4648,299.8216,291.6997,285.8162,281.8865,279.6752,279.0484,280.0156,282.7531,287.6033,295.0489,305.6644,320.0578,338.824,362.5452,391.8807,427.7956,296.0,429.0,353.3155,100.9583,1803.4162,13.8433
312,312,312.0,312.0,312.0,312.0,312.0,312.0,312.0,312.0,312.0,312.0,312.0,312.0,312.0,312.0,312.0,312.0,312.0,312.0,312.0,312.0,312.0,312.0,312.0,312.0,312.0,312.0,312.0,312.0,312.0,312.0,312.0,312.0,312.0,312.0,312.0,312.0,312.0,312.0,312.0,312.0,312.0,312.0,312.0,312.0,312.0,312.0,312.0,312.0,,,,,,,,,,,,,,,,,,,,,,,,,,,0.2,295.2523,294.7517,294.256,293.6277,292.851,292.0267,291.3477,291.0644,291.4484,292.7625,295.2398,299.0752,304.4273,311.4315,320.2235,330.9724,343.9246,359.4581,378.1537,400.8912,416.0,274.0,454.2738,75.11370000000005,1702.4579,13.8433
313,313,313.0,313.0,313.0,313.0,313.0,313.0,313.0,313.0,313.0,313.0,313.0,313.0,313.0,313.0,313.0,313.0,313.0,313.0,313.0,313.0,313.0,313.0,313.0,313.0,313.0,313.0,313.0,313.0,313.0,313.0,313.0,313.0,313.0,313.0,313.0,313.0,313.0,313.0,313.0,313.0,313.0,313.0,313.0,313.0,313.0,313.0,313.0,313.0,,,,,,,,,,,,,,,,,,,,,,,,,,,0.3,387.7713,364.597,345.7079,330.614,318.9319,310.2933,304.3078,300.5612,298.6274,298.0795,298.493,299.4412,300.4902,301.2018,301.1523,299.9698,297.3868,293.2963,287.7946,281.1953,337.0,274.0,529.3875,151.02499999999998,1627.3442,13.8433
314,314,314.0,314.0,314.0,314.0,314.0,314.0,314.0,314.0,314.0,314.0,314.0,314.0,314.0,314.0,314.0,314.0,314.0,314.0,314.0,314.0,314.0,314.0,314.0,314.0,314.0,314.0,314.0,314.0,314.0,314.0,314.0,314.0,314.0,314.0,314.0,314.0,314.0,314.0,314.0,314.0,314.0,314.0,314.0,314.0,314.0,314.0,314.0,314.0,,,,,,,,,,,,,,,,,,,,,,,,,,,0.4,329.9518,324.2841,319.5631,315.4721,311.8096,308.4728,305.4294,302.6833,300.2432,298.0985,296.2077,294.4975,292.8706,291.22,289.4441,287.461,285.2201,282.709,279.9547,277.021,368.0,273.0,680.4125,202.145,1476.3192,13.8433
315,315,315.0,315.0,315.0,315.0,315.0,315.0,315.0,315.0,315.0,315.0,315.0,315.0,315.0,315.0,315.0,315.0,315.0,315.0,315.0,315.0,315.0,315.0,315.0,315.0,315.0,315.0,315.0,315.0,315.0,315.0,315.0,315.0,315.0,315.0,315.0,315.0,315.0,315.0,315.0,315.0,315.0,315.0,315.0,315.0,315.0,315.0,315.0,315.0,,,,,,,,,,,,,,,,,,,,,,,,,,,0.5,352.7129,340.1197,329.7511,321.246,314.3054,308.6659,304.0881,300.3546,297.2716,294.6714,292.4131,290.3818,288.4859,286.6547,284.8351,282.9897,281.0956,279.1427,277.133,275.0788,375.0,270.0,882.5575,236.2021000000001,1274.1742,13.8433
316,316,316.0,316.0,316.0,316.0,316.0,316.0,316.0,316.0,316.0,316.0,316.0,316.0,316.0,316.0,316.0,316.0,316.0,316.0,316.0,316.0,316.0,316.0,316.0,316.0,316.0,316.0,316.0,316.0,316.0,316.0,316.0,316.0,316.0,316.0,316.0,316.0,316.0,316.0,316.0,316.0,316.0,316.0,316.0,316.0,316.0,316.0,316.0,316.0,,,,,,,,,,,,,,,,,,,,,,,,,,,0.6,358.542,345.0008,333.7976,324.5006,316.7744,310.3477,304.994,300.5193,296.7555,293.5564,290.795,288.3612,286.1608,284.1134,282.1522,280.2229,278.2838,276.3052,274.2692,272.1677,368.0,272.0,1118.7596,253.3209999999999,1037.9720999999995,13.8433
317,317,317.0,317.0,317.0,317.0,317.0,317.0,317.0,317.0,317.0,317.0,317.0,317.0,317.0,317.0,317.0,317.0,317.0,317.0,317.0,317.0,317.0,317.0,317.0,317.0,317.0,317.0,317.0,317.0,317.0,317.0,317.0,317.0,317.0,317.0,317.0,317.0,317.0,317.0,317.0,317.0,317.0,317.0,317.0,317.0,317.0,317.0,317.0,317.0,,,,,,,,,,,,,,,,,,,,,,,,,,,0.7,353.339,341.2756,331.2554,322.8608,315.7732,309.748,304.5945,300.1623,296.3302,292.998,290.0812,287.508,285.2163,283.1534,281.2742,279.5405,277.9192,276.3811,274.8991,273.4473,375.0,271.0,1372.0806,259.59580000000005,784.6510999999998,13.8433
318,318,318.0,318.0,318.0,318.0,318.0,318.0,318.0,318.0,318.0,318.0,318.0,318.0,318.0,318.0,318.0,318.0,318.0,318.0,318.0,318.0,318.0,318.0,318.0,318.0,318.0,318.0,318.0,318.0,318.0,318.0,318.0,318.0,318.0,318.0,318.0,318.0,318.0,318.0,318.0,318.0,318.0,318.0,318.0,318.0,318.0,318.0,318.0,318.0,,,,,,,,,,,,,,,,,,,,,,,,,,,0.8,358.5961,345.094,333.9009,324.5735,316.7693,310.2158,304.6908,300.0106,296.0221,292.5975,289.6305,287.0322,284.7284,282.6566,280.7638,279.0043,277.3391,275.7341,274.1596,272.5895,372.0,273.0,1631.6764,262.9583,525.0552999999998,13.8433
319,319,319.0,319.0,319.0,319.0,319.0,319.0,319.0,319.0,319.0,319.0,319.0,319.0,319.0,319.0,319.0,319.0,319.0,319.0,319.0,319.0,319.0,319.0,319.0,319.0,319.0,319.0,319.0,319.0,319.0,319.0,319.0,319.0,319.0,319.0,319.0,319.0,319.0,319.0,319.0,319.0,319.0,319.0,319.0,319.0,319.0,319.0,319.0,319.0,,,,,,,,,,,,,,,,,,,,,,,,,,,0.9,356.4078,343.5752,332.917,323.9952,316.4759,310.1006,304.6668,300.0137,296.0114,292.554,289.5541,286.9389,284.6473,282.6285,280.8389,279.2411,277.8016,276.4889,275.2721,274.1198,374.0,273.0,1894.6347,262.0969999999997,262.0969999999997,13.8433
320,320,320.0,320.0,320.0,320.0,320.0,320.0,320.0,320.0,320.0,320.0,320.0,320.0,320.0,320.0,320.0,320.0,320.0,320.0,320.0,320.0,320.0,320.0,320.0,320.0,320.0,320.0,320.0,320.0,320.0,320.0,320.0,320.0,320.0,320.0,320.0,320.0,320.0,320.0,320.0,320.0,320.0,320.0,320.0,320.0,320.0,320.0,320.0,320.0,,,,,,,,,,,,,,,,,,,,,,,,,,,0.0,273.0,273.0,273.0,273.0,273.0,273.0,273.0,273.0,273.0,273.0,273.0,273.0,273.0,273.0,273.0,273.0,273.0,273.0,273.0,273.0,382.0,473.0,0.0,353.2961,2159.9143,14.64440000000002
321,321,321.0,321.0,321.0,321.0,321.0,321.0,321.0,321.0,321.0,321.0,321.0,321.0,321.0,321.0,321.0,321.0,321.0,321.0,321.0,321.0,321.0,321.0,321.0,321.0,321.0,321.0,321.0,321.0,321.0,321.0,321.0,321.0,321.0,321.0,321.0,321.0,321.0,321.0,321.0,321.0,321.0,321.0,321.0,321.0,321.0,321.0,321.0,321.0,,,,,,,,,,,,,,,,,,,,,,,,,,,0.1,359.0847,339.672,323.4284,310.1359,299.5871,291.5382,285.7096,281.8205,279.6395,279.0367,280.0257,282.7866,287.6657,295.1496,305.8165,320.2777,339.132,362.9656,392.4443,428.5449,295.0,429.0,353.2961,100.7645,1806.6182,14.64440000000002
322,322,322.0,322.0,322.0,322.0,322.0,322.0,322.0,322.0,322.0,322.0,322.0,322.0,322.0,322.0,322.0,322.0,322.0,322.0,322.0,322.0,322.0,322.0,322.0,322.0,322.0,322.0,322.0,322.0,322.0,322.0,322.0,322.0,322.0,322.0,322.0,322.0,322.0,322.0,322.0,322.0,322.0,322.0,322.0,322.0,322.0,322.0,322.0,322.0,,,,,,,,,,,,,,,,,,,,,,,,,,,0.2,294.4279,294.079,293.7136,293.1965,292.5141,291.7695,291.1578,290.9313,291.3637,292.719,295.2314,299.0963,304.4722,311.4942,320.2973,331.0499,343.998,359.5204,378.1987,400.9147,422.0,273.0,454.0606,76.40840000000003,1705.8537,14.64440000000002
323,323,323.0,323.0,323.0,323.0,323.0,323.0,323.0,323.0,323.0,323.0,323.0,323.0,323.0,323.0,323.0,323.0,323.0,323.0,323.0,323.0,323.0,323.0,323.0,323.0,323.0,323.0,323.0,323.0,323.0,323.0,323.0,323.0,323.0,323.0,323.0,323.0,323.0,323.0,323.0,323.0,323.0,323.0,323.0,323.0,323.0,323.0,323.0,323.0,,,,,,,,,,,,,,,,,,,,,,,,,,,0.3,392.3168,368.001,348.2042,332.3917,320.1522,311.0944,304.8062,300.851,298.7801,298.1458,298.505,299.4158,300.4316,301.104,301.0011,299.7449,297.0631,292.846,287.1885,280.4051,326.0,274.0,530.469,151.322,1629.4453,14.64440000000002
324,324,324.0,324.0,324.0,324.0,324.0,324.0,324.0,324.0,324.0,324.0,324.0,324.0,324.0,324.0,324.0,324.0,324.0,324.0,324.0,324.0,324.0,324.0,324.0,324.0,324.0,324.0,324.0,324.0,324.0,324.0,324.0,324.0,324.0,324.0,324.0,324.0,324.0,324.0,324.0,324.0,324.0,324.0,324.0,324.0,324.0,324.0,324.0,324.0,,,,,,,,,,,,,,,,,,,,,,,,,,,0.4,321.4873,317.9654,315.0168,312.342,309.766,307.2238,304.7294,302.3371,300.1048,298.0656,296.214,294.504,292.8583,291.183,289.3849,287.3874,285.1425,282.6383,279.9011,276.9922,377.0,274.0,681.791,202.7475,1478.1232999999995,14.64440000000002
325,325,325.0,325.0,325.0,325.0,325.0,325.0,325.0,325.0,325.0,325.0,325.0,325.0,325.0,325.0,325.0,325.0,325.0,325.0,325.0,325.0,325.0,325.0,325.0,325.0,325.0,325.0,325.0,325.0,325.0,325.0,325.0,325.0,325.0,325.0,325.0,325.0,325.0,325.0,325.0,325.0,325.0,325.0,325.0,325.0,325.0,325.0,325.0,325.0,,,,,,,,,,,,,,,,,,,,,,,,,,,0.5,359.4154,344.9255,333.0187,323.3078,315.4661,309.1944,304.2086,300.2418,297.0518,294.4284,292.1976,290.2215,288.3958,286.6442,284.9139,283.1706,281.3956,279.5827,277.7362,275.8689,366.0,272.0,884.5385,234.3329,1275.3757999999998,14.64440000000002
326,326,326.0,326.0,326.0,326.0,326.0,326.0,326.0,326.0,326.0,326.0,326.0,326.0,326.0,326.0,326.0,326.0,326.0,326.0,326.0,326.0,326.0,326.0,326.0,326.0,326.0,326.0,326.0,326.0,326.0,326.0,326.0,326.0,326.0,326.0,326.0,326.0,326.0,326.0,326.0,326.0,326.0,326.0,326.0,326.0,326.0,326.0,326.0,326.0,,,,,,,,,,,,,,,,,,,,,,,,,,,0.6,351.742,340.0092,330.2696,322.1225,315.2636,309.4587,304.5249,300.3157,296.709,293.5999,290.8952,288.5107,286.3708,284.4079,282.5638,280.79,279.0485,277.3119,275.5629,273.7929,374.0,270.0,1118.8714,251.15930000000003,1041.0429,14.64440000000002
327,327,327.0,327.0,327.0,327.0,327.0,327.0,327.0,327.0,327.0,327.0,327.0,327.0,327.0,327.0,327.0,327.0,327.0,327.0,327.0,327.0,327.0,327.0,327.0,327.0,327.0,327.0,327.0,327.0,327.0,327.0,327.0,327.0,327.0,327.0,327.0,327.0,327.0,327.0,327.0,327.0,327.0,327.0,327.0,327.0,327.0,327.0,327.0,327.0,,,,,,,,,,,,,,,,,,,,,,,,,,,0.7,357.7838,344.4351,333.3756,324.1723,316.4892,310.0564,304.6521,300.0902,296.2136,292.8891,290.0037,287.4618,285.1818,283.0944,281.1407,279.2707,277.4434,275.6253,273.7909,271.9207,369.0,271.0,1370.0307,260.66190000000006,789.8835999999999,14.64440000000002
328,328,328.0,328.0,328.0,328.0,328.0,328.0,328.0,328.0,328.0,328.0,328.0,328.0,328.0,328.0,328.0,328.0,328.0,328.0,328.0,328.0,328.0,328.0,328.0,328.0,328.0,328.0,328.0,328.0,328.0,328.0,328.0,328.0,328.0,328.0,328.0,328.0,328.0,328.0,328.0,328.0,328.0,328.0,328.0,328.0,328.0,328.0,328.0,328.0,,,,,,,,,,,,,,,,,,,,,,,,,,,0.8,354.0615,341.7621,331.5412,322.9769,315.7472,309.6033,304.3509,299.8358,295.9335,292.5414,289.5734,286.9559,284.6259,282.5286,280.6169,278.8495,277.1898,275.6049,274.0644,272.539,382.0,272.0,1630.6926,265.5039999999999,529.2216999999998,14.64440000000002
329,329,329.0,329.0,329.0,329.0,329.0,329.0,329.0,329.0,329.0,329.0,329.0,329.0,329.0,329.0,329.0,329.0,329.0,329.0,329.0,329.0,329.0,329.0,329.0,329.0,329.0,329.0,329.0,329.0,329.0,329.0,329.0,329.0,329.0,329.0,329.0,329.0,329.0,329.0,329.0,329.0,329.0,329.0,329.0,329.0,329.0,329.0,329.0,329.0,,,,,,,,,,,,,,,,,,,,,,,,,,,0.9,363.9987,349.1982,336.9471,326.7646,318.28,311.1963,305.2677,300.2879,296.0831,292.508,289.4424,286.7885,284.467,282.4142,280.578,278.9154,277.3892,275.9658,274.6137,273.302,365.0,273.0,1896.1966,263.7176999999999,263.7176999999999,14.64440000000002
330,330,330.0,330.0,330.0,330.0,330.0,330.0,330.0,330.0,330.0,330.0,330.0,330.0,330.0,330.0,330.0,330.0,330.0,330.0,330.0,330.0,330.0,330.0,330.0,330.0,330.0,330.0,330.0,330.0,330.0,330.0,330.0,330.0,330.0,330.0,330.0,330.0,330.0,330.0,330.0,330.0,330.0,330.0,330.0,330.0,330.0,330.0,330.0,330.0,,,,,,,,,,,,,,,,,,,,,,,,,,,0.0,273.0,273.0,273.0,273.0,273.0,273.0,273.0,273.0,273.0,273.0,273.0,273.0,273.0,273.0,273.0,273.0,273.0,273.0,273.0,273.0,381.0,473.0,0.0,353.4286,2173.0424,14.95750000000004
331,331,331.0,331.0,331.0,331.0,331.0,331.0,331.0,331.0,331.0,331.0,331.0,331.0,331.0,331.0,331.0,331.0,331.0,331.0,331.0,331.0,331.0,331.0,331.0,331.0,331.0,331.0,331.0,331.0,331.0,331.0,331.0,331.0,331.0,331.0,331.0,331.0,331.0,331.0,331.0,331.0,331.0,331.0,331.0,331.0,331.0,331.0,331.0,331.0,,,,,,,,,,,,,,,,,,,,,,,,,,,0.1,358.308,339.0763,322.9801,309.8066,299.3519,291.3753,285.6005,281.75,279.5955,279.0102,280.0103,282.778,287.6611,295.1472,305.8152,320.2772,339.1317,362.9655,392.4442,428.5449,295.0,433.0,353.4286,101.03819999999996,1819.6138,14.95750000000004
332,332,332.0,332.0,332.0,332.0,332.0,332.0,332.0,332.0,332.0,332.0,332.0,332.0,332.0,332.0,332.0,332.0,332.0,332.0,332.0,332.0,332.0,332.0,332.0,332.0,332.0,332.0,332.0,332.0,332.0,332.0,332.0,332.0,332.0,332.0,332.0,332.0,332.0,332.0,332.0,332.0,332.0,332.0,332.0,332.0,332.0,332.0,332.0,332.0,,,,,,,,,,,,,,,,,,,,,,,,,,,0.2,294.3965,294.0194,293.6318,293.1002,292.4119,291.6698,291.0688,290.8609,291.3204,292.7138,295.2794,299.2192,304.701,311.8712,320.878,331.9045,345.2122,361.198,380.4671,403.9369,424.0,272.0,454.4668,75.05540000000002,1718.5756,14.95750000000004
333,333,333.0,333.0,333.0,333.0,333.0,333.0,333.0,333.0,333.0,333.0,333.0,333.0,333.0,333.0,333.0,333.0,333.0,333.0,333.0,333.0,333.0,333.0,333.0,333.0,333.0,333.0,333.0,333.0,333.0,333.0,333.0,333.0,333.0,333.0,333.0,333.0,333.0,333.0,333.0,333.0,333.0,333.0,333.0,333.0,333.0,333.0,333.0,333.0,,,,,,,,,,,,,,,,,,,,,,,,,,,0.3,393.8358,369.1453,349.0526,333.0084,320.5927,311.4075,305.0347,301.0311,298.9416,298.3108,298.6873,299.6198,300.6515,301.3225,301.1894,299.8627,297.061,292.6689,286.7817,279.72,322.0,271.0,529.5222,151.44269999999997,1643.5202,14.95750000000004
334,334,334.0,334.0,334.0,334.0,334.0,334.0,334.0,334.0,334.0,334.0,334.0,334.0,334.0,334.0,334.0,334.0,334.0,334.0,334.0,334.0,334.0,334.0,334.0,334.0,334.0,334.0,334.0,334.0,334.0,334.0,334.0,334.0,334.0,334.0,334.0,334.0,334.0,334.0,334.0,334.0,334.0,334.0,334.0,334.0,334.0,334.0,334.0,334.0,,,,,,,,,,,,,,,,,,,,,,,,,,,0.4,318.4052,315.6654,313.3667,311.2146,309.0428,306.799,304.5129,302.2551,300.098,298.0867,296.2228,294.463,292.7283,290.9194,288.9358,286.6923,284.1335,281.2423,278.0428,274.5977,385.0,274.0,680.9649,206.90410000000008,1492.0775,14.95750000000004
335,335,335.0,335.0,335.0,335.0,335.0,335.0,335.0,335.0,335.0,335.0,335.0,335.0,335.0,335.0,335.0,335.0,335.0,335.0,335.0,335.0,335.0,335.0,335.0,335.0,335.0,335.0,335.0,335.0,335.0,335.0,335.0,335.0,335.0,335.0,335.0,335.0,335.0,335.0,335.0,335.0,335.0,335.0,335.0,335.0,335.0,335.0,335.0,335.0,,,,,,,,,,,,,,,,,,,,,,,,,,,0.5,365.501,349.4527,336.2844,325.5717,316.9579,310.1126,304.7175,300.47,297.093,294.3463,292.0318,289.9958,288.1249,286.3402,284.5907,282.8464,281.0928,279.3259,277.549,275.7701,359.0,271.0,887.869,236.45389999999983,1285.1733999999997,14.95750000000004
336,336,336.0,336.0,336.0,336.0,336.0,336.0,336.0,336.0,336.0,336.0,336.0,336.0,336.0,336.0,336.0,336.0,336.0,336.0,336.0,336.0,336.0,336.0,336.0,336.0,336.0,336.0,336.0,336.0,336.0,336.0,336.0,336.0,336.0,336.0,336.0,336.0,336.0,336.0,336.0,336.0,336.0,336.0,336.0,336.0,336.0,336.0,336.0,336.0,,,,,,,,,,,,,,,,,,,,,,,,,,,0.6,346.4961,336.2194,327.6627,320.4425,314.2747,308.9525,304.3274,300.2905,296.7569,293.6544,290.9157,288.475,286.2675,284.231,282.3077,280.4471,278.6079,276.7591,274.8806,272.9619,382.0,270.0,1124.3229,253.6345000000001,1048.7195,14.95750000000004
337,337,337.0,337.0,337.0,337.0,337.0,337.0,337.0,337.0,337.0,337.0,337.0,337.0,337.0,337.0,337.0,337.0,337.0,337.0,337.0,337.0,337.0,337.0,337.0,337.0,337.0,337.0,337.0,337.0,337.0,337.0,337.0,337.0,337.0,337.0,337.0,337.0,337.0,337.0,337.0,337.0,337.0,337.0,337.0,337.0,337.0,337.0,337.0,337.0,,,,,,,,,,,,,,,,,,,,,,,,,,,0.7,363.8225,348.8706,336.5153,326.2912,317.8332,310.839,305.0494,300.2392,296.2134,292.8056,289.8772,287.3142,285.0243,282.9329,280.98,279.1169,277.3041,275.5097,273.7077,271.8771,365.0,270.0,1377.9574,262.45090000000005,795.0849999999998,14.95750000000004
338,338,338.0,338.0,338.0,338.0,338.0,338.0,338.0,338.0,338.0,338.0,338.0,338.0,338.0,338.0,338.0,338.0,338.0,338.0,338.0,338.0,338.0,338.0,338.0,338.0,338.0,338.0,338.0,338.0,338.0,338.0,338.0,338.0,338.0,338.0,338.0,338.0,338.0,338.0,338.0,338.0,338.0,338.0,338.0,338.0,338.0,338.0,338.0,338.0,,,,,,,,,,,,,,,,,,,,,,,,,,,0.8,351.1391,339.7359,330.2397,322.2353,315.4114,309.5367,304.4402,299.994,296.0996,292.6766,289.656,286.9754,284.5772,282.4077,280.4174,278.5613,276.7986,275.0929,273.4111,271.723,382.0,271.0,1640.4083,266.8218999999999,532.6340999999998,14.95750000000004
339,339,339.0,339.0,339.0,339.0,339.0,339.0,339.0,339.0,339.0,339.0,339.0,339.0,339.0,339.0,339.0,339.0,339.0,339.0,339.0,339.0,339.0,339.0,339.0,339.0,339.0,339.0,339.0,339.0,339.0,339.0,339.0,339.0,339.0,339.0,339.0,339.0,339.0,339.0,339.0,339.0,339.0,339.0,339.0,339.0,339.0,339.0,339.0,339.0,,,,,,,,,,,,,,,,,,,,,,,,,,,0.9,363.9365,349.0807,336.7874,326.5797,318.0875,311.0111,305.0997,300.1403,295.9531,292.3873,289.3191,286.6482,284.2945,282.1938,280.2943,278.5529,276.9326,275.3993,273.9208,272.4651,363.0,272.0,1907.2302,265.81219999999985,265.81219999999985,14.95750000000004
340,340,340.0,340.0,340.0,340.0,340.0,340.0,340.0,340.0,340.0,340.0,340.0,340.0,340.0,340.0,340.0,340.0,340.0,340.0,340.0,340.0,340.0,340.0,340.0,340.0,340.0,340.0,340.0,340.0,340.0,340.0,340.0,340.0,340.0,340.0,340.0,340.0,340.0,340.0,340.0,340.0,340.0,340.0,340.0,340.0,340.0,340.0,340.0,340.0,,,,,,,,,,,,,,,,,,,,,,,,,,,0.0,273.0,273.0,273.0,273.0,273.0,273.0,273.0,273.0,273.0,273.0,273.0,273.0,273.0,273.0,273.0,273.0,273.0,273.0,273.0,273.0,381.0,473.0,0.0,353.4286,2158.1072,15.294399999999996
341,341,341.0,341.0,341.0,341.0,341.0,341.0,341.0,341.0,341.0,341.0,341.0,341.0,341.0,341.0,341.0,341.0,341.0,341.0,341.0,341.0,341.0,341.0,341.0,341.0,341.0,341.0,341.0,341.0,341.0,341.0,341.0,341.0,341.0,341.0,341.0,341.0,341.0,341.0,341.0,341.0,341.0,341.0,341.0,341.0,341.0,341.0,341.0,341.0,,,,,,,,,,,,,,,,,,,,,,,,,,,0.1,358.308,339.0763,322.9801,309.8066,299.3519,291.3753,285.6005,281.75,279.5955,279.0102,280.0103,282.778,287.6611,295.1472,305.8152,320.2772,339.1317,362.9655,392.4442,428.5449,297.0,431.0,353.4286,100.83869999999996,1804.6786,15.294399999999996
342,342,342.0,342.0,342.0,342.0,342.0,342.0,342.0,342.0,342.0,342.0,342.0,342.0,342.0,342.0,342.0,342.0,342.0,342.0,342.0,342.0,342.0,342.0,342.0,342.0,342.0,342.0,342.0,342.0,342.0,342.0,342.0,342.0,342.0,342.0,342.0,342.0,342.0,342.0,342.0,342.0,342.0,342.0,342.0,342.0,342.0,342.0,342.0,342.0,,,,,,,,,,,,,,,,,,,,,,,,,,,0.2,295.9843,295.2496,294.5593,293.779,292.893,291.9991,291.2848,290.9941,291.3927,292.7385,295.2618,299.1565,304.5824,311.678,320.5835,331.4741,344.6033,360.3584,379.3329,402.4261,425.0,272.0,454.2673,75.88840000000005,1703.8398999999995,15.294399999999996
343,343,343.0,343.0,343.0,343.0,343.0,343.0,343.0,343.0,343.0,343.0,343.0,343.0,343.0,343.0,343.0,343.0,343.0,343.0,343.0,343.0,343.0,343.0,343.0,343.0,343.0,343.0,343.0,343.0,343.0,343.0,343.0,343.0,343.0,343.0,343.0,343.0,343.0,343.0,343.0,343.0,343.0,343.0,343.0,343.0,343.0,343.0,343.0,343.0,,,,,,,,,,,,,,,,,,,,,,,,,,,0.3,394.6545,369.8309,349.6336,333.5009,321.005,311.7444,305.2988,301.2251,299.0682,298.3737,298.6911,299.5705,300.5564,301.1913,301.0338,299.6967,296.9004,292.5298,286.6791,279.6654,318.0,272.0,530.1557,151.51329999999996,1627.9514999999997,15.294399999999996
344,344,344.0,344.0,344.0,344.0,344.0,344.0,344.0,344.0,344.0,344.0,344.0,344.0,344.0,344.0,344.0,344.0,344.0,344.0,344.0,344.0,344.0,344.0,344.0,344.0,344.0,344.0,344.0,344.0,344.0,344.0,344.0,344.0,344.0,344.0,344.0,344.0,344.0,344.0,344.0,344.0,344.0,344.0,344.0,344.0,344.0,344.0,344.0,344.0,,,,,,,,,,,,,,,,,,,,,,,,,,,0.4,315.3034,313.3302,311.6691,310.0303,308.2561,306.3066,304.2273,302.1063,300.0339,298.0713,296.2352,294.4946,292.781,291.0039,289.0698,286.8994,284.4411,281.6802,278.6409,275.3842,388.0,272.0,681.669,207.00890000000004,1476.4381999999998,15.294399999999996
345,345,345.0,345.0,345.0,345.0,345.0,345.0,345.0,345.0,345.0,345.0,345.0,345.0,345.0,345.0,345.0,345.0,345.0,345.0,345.0,345.0,345.0,345.0,345.0,345.0,345.0,345.0,345.0,345.0,345.0,345.0,345.0,345.0,345.0,345.0,345.0,345.0,345.0,345.0,345.0,345.0,345.0,345.0,345.0,345.0,345.0,345.0,345.0,345.0,,,,,,,,,,,,,,,,,,,,,,,,,,,0.5,367.7142,351.0222,337.3352,326.2182,317.3049,310.2524,304.727,300.4083,297.0012,294.2477,291.9345,289.8938,287.9998,286.1623,284.3198,282.4331,280.4805,278.454,276.3564,274.1993,355.0,274.0,888.6779,237.1438,1269.4292999999998,15.294399999999996
346,346,346.0,346.0,346.0,346.0,346.0,346.0,346.0,346.0,346.0,346.0,346.0,346.0,346.0,346.0,346.0,346.0,346.0,346.0,346.0,346.0,346.0,346.0,346.0,346.0,346.0,346.0,346.0,346.0,346.0,346.0,346.0,346.0,346.0,346.0,346.0,346.0,346.0,346.0,346.0,346.0,346.0,346.0,346.0,346.0,346.0,346.0,346.0,346.0,,,,,,,,,,,,,,,,,,,,,,,,,,,0.6,343.4378,333.9413,326.0193,319.3003,313.5124,308.4642,304.025,300.1056,296.6414,293.5793,290.8702,288.4656,286.3178,284.3812,282.6148,280.9833,279.4574,278.0137,276.633,275.2997,383.0,271.0,1125.8217,250.4425000000001,1032.2855,15.294399999999996
347,347,347.0,347.0,347.0,347.0,347.0,347.0,347.0,347.0,347.0,347.0,347.0,347.0,347.0,347.0,347.0,347.0,347.0,347.0,347.0,347.0,347.0,347.0,347.0,347.0,347.0,347.0,347.0,347.0,347.0,347.0,347.0,347.0,347.0,347.0,347.0,347.0,347.0,347.0,347.0,347.0,347.0,347.0,347.0,347.0,347.0,347.0,347.0,347.0,,,,,,,,,,,,,,,,,,,,,,,,,,,0.7,364.4956,349.2701,336.6948,326.3055,317.736,310.6801,304.8719,300.0782,296.0954,292.7503,289.8982,287.421,285.2232,283.2277,281.3724,279.6067,277.8903,276.1916,274.4871,272.7604,363.0,273.0,1376.2642,258.4004,781.8429999999998,15.294399999999996
348,348,348.0,348.0,348.0,348.0,348.0,348.0,348.0,348.0,348.0,348.0,348.0,348.0,348.0,348.0,348.0,348.0,348.0,348.0,348.0,348.0,348.0,348.0,348.0,348.0,348.0,348.0,348.0,348.0,348.0,348.0,348.0,348.0,348.0,348.0,348.0,348.0,348.0,348.0,348.0,348.0,348.0,348.0,348.0,348.0,348.0,348.0,348.0,348.0,,,,,,,,,,,,,,,,,,,,,,,,,,,0.8,349.5894,338.5556,329.3602,321.597,314.963,309.2358,304.254,299.8998,296.0846,292.7375,289.7983,287.2133,284.9331,282.9124,281.1103,279.4897,278.0169,276.6611,275.3923,274.1817,383.0,272.0,1634.6646,261.2961,523.4425999999999,15.294399999999996
349,349,349.0,349.0,349.0,349.0,349.0,349.0,349.0,349.0,349.0,349.0,349.0,349.0,349.0,349.0,349.0,349.0,349.0,349.0,349.0,349.0,349.0,349.0,349.0,349.0,349.0,349.0,349.0,349.0,349.0,349.0,349.0,349.0,349.0,349.0,349.0,349.0,349.0,349.0,349.0,349.0,349.0,349.0,349.0,349.0,349.0,349.0,349.0,349.0,,,,,,,,,,,,,,,,,,,,,,,,,,,0.9,364.658,349.5735,337.0986,326.7549,318.1708,311.0433,305.1172,300.1742,296.0286,292.524,289.5314,286.9459,284.6829,282.6738,280.8632,279.2048,277.6595,276.194,274.7791,273.389,361.0,271.0,1895.9607,262.14649999999983,262.14649999999983,15.294399999999996
350,350,350.0,350.0,350.0,350.0,350.0,350.0,350.0,350.0,350.0,350.0,350.0,350.0,350.0,350.0,350.0,350.0,350.0,350.0,350.0,350.0,350.0,350.0,350.0,350.0,350.0,350.0,350.0,350.0,350.0,350.0,350.0,350.0,350.0,350.0,350.0,350.0,350.0,350.0,350.0,350.0,350.0,350.0,350.0,350.0,350.0,350.0,350.0,350.0,,,,,,,,,,,,,,,,,,,,,,,,,,,0.0,273.0,273.0,273.0,273.0,273.0,273.0,273.0,273.0,273.0,273.0,273.0,273.0,273.0,273.0,273.0,273.0,273.0,273.0,273.0,273.0,384.0,473.0,0.0,353.0389,2173.7922,14.8134
351,351,351.0,351.0,351.0,351.0,351.0,351.0,351.0,351.0,351.0,351.0,351.0,351.0,351.0,351.0,351.0,351.0,351.0,351.0,351.0,351.0,351.0,351.0,351.0,351.0,351.0,351.0,351.0,351.0,351.0,351.0,351.0,351.0,351.0,351.0,351.0,351.0,351.0,351.0,351.0,351.0,351.0,351.0,351.0,351.0,351.0,351.0,351.0,351.0,,,,,,,,,,,,,,,,,,,,,,,,,,,0.1,360.6373,340.8625,324.3243,310.794,300.0571,291.8635,285.9275,281.9615,279.7275,279.0897,280.0564,282.8038,287.675,295.1544,305.8189,320.2789,339.1325,362.9658,392.4444,428.5449,292.0,423.0,353.0389,100.5919,1820.7533,14.8134
352,352,352.0,352.0,352.0,352.0,352.0,352.0,352.0,352.0,352.0,352.0,352.0,352.0,352.0,352.0,352.0,352.0,352.0,352.0,352.0,352.0,352.0,352.0,352.0,352.0,352.0,352.0,352.0,352.0,352.0,352.0,352.0,352.0,352.0,352.0,352.0,352.0,352.0,352.0,352.0,352.0,352.0,352.0,352.0,352.0,352.0,352.0,352.0,352.0,,,,,,,,,,,,,,,,,,,,,,,,,,,0.2,292.1079,292.3516,292.4847,292.3693,291.9952,291.473,291.009,290.8678,291.3337,292.678,295.1375,298.9041,304.1276,310.9291,319.4258,329.7657,342.1716,356.9957,374.7858,396.3723,425.0,271.0,453.6308,80.82769999999994,1720.1614,14.8134
353,353,353.0,353.0,353.0,353.0,353.0,353.0,353.0,353.0,353.0,353.0,353.0,353.0,353.0,353.0,353.0,353.0,353.0,353.0,353.0,353.0,353.0,353.0,353.0,353.0,353.0,353.0,353.0,353.0,353.0,353.0,353.0,353.0,353.0,353.0,353.0,353.0,353.0,353.0,353.0,353.0,353.0,353.0,353.0,353.0,353.0,353.0,353.0,353.0,,,,,,,,,,,,,,,,,,,,,,,,,,,0.3,394.5304,369.5915,349.2968,333.0912,320.5486,311.2634,304.8073,300.7266,298.5559,297.8322,298.101,298.9122,299.8153,300.3609,300.1185,298.7116,295.8692,291.4801,285.6359,278.6442,326.0,272.0,534.4585,156.9294,1639.3337,14.8134
354,354,354.0,354.0,354.0,354.0,354.0,354.0,354.0,354.0,354.0,354.0,354.0,354.0,354.0,354.0,354.0,354.0,354.0,354.0,354.0,354.0,354.0,354.0,354.0,354.0,354.0,354.0,354.0,354.0,354.0,354.0,354.0,354.0,354.0,354.0,354.0,354.0,354.0,354.0,354.0,354.0,354.0,354.0,354.0,354.0,354.0,354.0,354.0,354.0,,,,,,,,,,,,,,,,,,,,,,,,,,,0.4,321.5374,318.0572,315.1351,312.4669,309.8756,307.2969,304.7473,302.2848,299.9706,297.841,295.8921,294.0787,292.3228,290.5287,288.601,286.4598,284.0535,281.3662,278.4195,275.2697,382.0,273.0,691.3879,208.8537,1482.4043,14.8134
355,355,355.0,355.0,355.0,355.0,355.0,355.0,355.0,355.0,355.0,355.0,355.0,355.0,355.0,355.0,355.0,355.0,355.0,355.0,355.0,355.0,355.0,355.0,355.0,355.0,355.0,355.0,355.0,355.0,355.0,355.0,355.0,355.0,355.0,355.0,355.0,355.0,355.0,355.0,355.0,355.0,355.0,355.0,355.0,355.0,355.0,355.0,355.0,355.0,,,,,,,,,,,,,,,,,,,,,,,,,,,0.5,363.2816,347.8715,335.2151,324.8975,316.5715,309.9189,304.6375,300.4427,297.0756,294.3115,291.9648,289.8892,287.9747,286.142,284.3365,282.5233,280.6824,278.8056,276.8938,274.9545,363.0,272.0,900.2416,238.1736,1273.5506,14.8134
356,356,356.0,356.0,356.0,356.0,356.0,356.0,356.0,356.0,356.0,356.0,356.0,356.0,356.0,356.0,356.0,356.0,356.0,356.0,356.0,356.0,356.0,356.0,356.0,356.0,356.0,356.0,356.0,356.0,356.0,356.0,356.0,356.0,356.0,356.0,356.0,356.0,356.0,356.0,356.0,356.0,356.0,356.0,356.0,356.0,356.0,356.0,356.0,356.0,,,,,,,,,,,,,,,,,,,,,,,,,,,0.6,349.5428,338.4766,329.2758,321.5441,314.9839,309.3732,304.5455,300.3733,296.7546,293.6024,290.8392,288.393,286.1976,284.192,282.3226,280.5437,278.8181,277.1178,275.4225,273.7193,376.0,272.0,1138.4152,251.8203000000001,1035.377,14.8134
357,357,357.0,357.0,357.0,357.0,357.0,357.0,357.0,357.0,357.0,357.0,357.0,357.0,357.0,357.0,357.0,357.0,357.0,357.0,357.0,357.0,357.0,357.0,357.0,357.0,357.0,357.0,357.0,357.0,357.0,357.0,357.0,357.0,357.0,357.0,357.0,357.0,357.0,357.0,357.0,357.0,357.0,357.0,357.0,357.0,357.0,357.0,357.0,357.0,,,,,,,,,,,,,,,,,,,,,,,,,,,0.7,359.2789,345.5153,334.1205,324.6544,316.7741,310.2011,304.7035,300.0851,296.1797,292.8477,289.973,287.4603,285.2321,283.225,281.3879,279.6786,278.0622,276.5096,274.9958,273.4992,369.0,272.0,1390.2355,258.50790000000006,783.5566999999999,14.8134
358,358,358.0,358.0,358.0,358.0,358.0,358.0,358.0,358.0,358.0,358.0,358.0,358.0,358.0,358.0,358.0,358.0,358.0,358.0,358.0,358.0,358.0,358.0,358.0,358.0,358.0,358.0,358.0,358.0,358.0,358.0,358.0,358.0,358.0,358.0,358.0,358.0,358.0,358.0,358.0,358.0,358.0,358.0,358.0,358.0,358.0,358.0,358.0,358.0,,,,,,,,,,,,,,,,,,,,,,,,,,,0.8,354.103,341.841,331.6499,323.1057,315.8862,309.7447,304.4899,299.9719,296.0704,292.6866,289.7374,287.1512,284.8653,282.825,280.9819,279.2936,277.7227,276.2361,274.8044,273.4007,383.0,272.0,1648.7434,263.1317999999999,525.0487999999998,14.8134
359,359,359.0,359.0,359.0,359.0,359.0,359.0,359.0,359.0,359.0,359.0,359.0,359.0,359.0,359.0,359.0,359.0,359.0,359.0,359.0,359.0,359.0,359.0,359.0,359.0,359.0,359.0,359.0,359.0,359.0,359.0,359.0,359.0,359.0,359.0,359.0,359.0,359.0,359.0,359.0,359.0,359.0,359.0,359.0,359.0,359.0,359.0,359.0,359.0,,,,,,,,,,,,,,,,,,,,,,,,,,,0.9,364.7853,349.8155,337.4305,327.1441,318.5814,311.4419,305.4763,300.4753,296.2617,292.6873,289.6287,286.985,284.6738,282.628,280.7923,279.1207,277.5742,276.1184,274.7228,273.3589,360.0,272.0,1911.8752,261.9169999999999,261.9169999999999,14.8134
360,360,360.0,360.0,360.0,360.0,360.0,360.0,360.0,360.0,360.0,360.0,360.0,360.0,360.0,360.0,360.0,360.0,360.0,360.0,360.0,360.0,360.0,360.0,360.0,360.0,360.0,360.0,360.0,360.0,360.0,360.0,360.0,360.0,360.0,360.0,360.0,360.0,360.0,360.0,360.0,360.0,360.0,360.0,360.0,360.0,360.0,360.0,360.0,,,,,,,,,,,,,,,,,,,,,,,,,,,,0.0,273.0,273.0,273.0,273.0,273.0,273.0,273.0,273.0,273.0,273.0,273.0,273.0,273.0,273.0,273.0,273.0,273.0,273.0,273.0,273.0,300.0,473.0,0.0,372.9765,1196.4887,-20.0
361,361,361.0,361.0,361.0,361.0,361.0,361.0,361.0,361.0,361.0,361.0,361.0,361.0,361.0,361.0,361.0,361.0,361.0,361.0,361.0,361.0,361.0,361.0,361.0,361.0,361.0,361.0,361.0,361.0,361.0,361.0,361.0,361.0,361.0,361.0,361.0,361.0,361.0,361.0,361.0,361.0,361.0,361.0,361.0,361.0,361.0,361.0,361.0,,,,,,,,,,,,,,,,,,,,,,,,,,,,0.1,294.5704,289.8233,285.78,282.4499,279.8229,277.8734,276.5748,275.9232,275.9655,276.829,278.7464,282.0719,287.2808,294.9498,305.7165,320.2296,339.1095,362.9554,392.4397,428.5431,334.0,471.0,372.9765,138.474,823.5122000000001,-16.176600000000008
362,362,362.0,362.0,362.0,362.0,362.0,362.0,362.0,362.0,362.0,362.0,362.0,362.0,362.0,362.0,362.0,362.0,362.0,362.0,362.0,362.0,362.0,362.0,362.0,362.0,362.0,362.0,362.0,362.0,362.0,362.0,362.0,362.0,362.0,362.0,362.0,362.0,362.0,362.0,362.0,362.0,362.0,362.0,362.0,362.0,362.0,362.0,362.0,,,,,,,,,,,,,,,,,,,,,,,,,,,,0.2,322.6219,312.9008,304.7615,298.1605,293.0632,289.4339,287.2385,286.4543,287.0825,289.1583,292.7573,297.9974,305.0384,314.0834,325.3853,339.2653,356.1488,376.6302,401.5807,432.3322,255.0,472.0,511.4505,60.26830000000001,685.0382000000002,-5.7660999999999945
363,363,363.0,363.0,363.0,363.0,363.0,363.0,363.0,363.0,363.0,363.0,363.0,363.0,363.0,363.0,363.0,363.0,363.0,363.0,363.0,363.0,363.0,363.0,363.0,363.0,363.0,363.0,363.0,363.0,363.0,363.0,363.0,363.0,363.0,363.0,363.0,363.0,363.0,363.0,363.0,363.0,363.0,363.0,363.0,363.0,363.0,363.0,363.0,,,,,,,,,,,,,,,,,,,,,,,,,,,,0.3,261.7332,267.8887,273.2966,277.8883,281.714,284.9355,287.8009,290.6102,293.6818,297.3275,301.8383,307.4836,314.5201,323.2105,333.8492,346.7977,362.5316,381.7093,405.2775,434.6465,234.0,394.0,571.7188,67.27350000000001,624.7699000000001,-11.514499999999998
364,364,364.0,364.0,364.0,364.0,364.0,364.0,364.0,364.0,364.0,364.0,364.0,364.0,364.0,364.0,364.0,364.0,364.0,364.0,364.0,364.0,364.0,364.0,364.0,364.0,364.0,364.0,364.0,364.0,364.0,364.0,364.0,364.0,364.0,364.0,364.0,364.0,364.0,364.0,364.0,364.0,364.0,364.0,364.0,364.0,364.0,364.0,364.0,,,,,,,,,,,,,,,,,,,,,,,,,,,,0.4,243.0935,251.4511,259.0351,265.8537,271.9678,277.4887,282.5665,287.3742,292.0894,296.8777,301.8805,307.209,312.9474,319.1657,325.9448,333.4105,341.7758,351.3847,362.7563,376.6269,242.0,469.0,638.9923,114.06629999999996,557.4964000000001,-20.311300000000017
365,365,365.0,365.0,365.0,365.0,365.0,365.0,365.0,365.0,365.0,365.0,365.0,365.0,365.0,365.0,365.0,365.0,365.0,365.0,365.0,365.0,365.0,365.0,365.0,365.0,365.0,365.0,365.0,365.0,365.0,365.0,365.0,365.0,365.0,365.0,365.0,365.0,365.0,365.0,365.0,365.0,365.0,365.0,365.0,365.0,365.0,365.0,365.0,,,,,,,,,,,,,,,,,,,,,,,,,,,,0.5,248.357,254.2429,259.7392,264.9218,269.8621,274.6302,279.3014,283.9645,288.7317,293.7492,299.2075,305.3509,312.4849,320.9794,331.2712,343.8669,359.3583,378.4621,402.1085,431.6139,272.0,472.0,753.0586,101.04900000000008,443.43010000000015,-24.6198
366,366,366.0,366.0,366.0,366.0,366.0,366.0,366.0,366.0,366.0,366.0,366.0,366.0,366.0,366.0,366.0,366.0,366.0,366.0,366.0,366.0,366.0,366.0,366.0,366.0,366.0,366.0,366.0,366.0,366.0,366.0,366.0,366.0,366.0,366.0,366.0,366.0,366.0,366.0,366.0,366.0,366.0,366.0,366.0,366.0,366.0,366.0,366.0,,,,,,,,,,,,,,,,,,,,,,,,,,,,0.6,272.3269,272.8173,273.6346,274.9062,276.7173,279.1158,282.1246,285.7594,290.0461,295.0368,300.8211,307.534,315.3626,324.5527,335.4204,348.3719,363.9378,382.8315,406.0482,435.0352,269.0,472.0,854.1076,73.83899999999994,342.38110000000006,-21.68420000000004
367,367,367.0,367.0,367.0,367.0,367.0,367.0,367.0,367.0,367.0,367.0,367.0,367.0,367.0,367.0,367.0,367.0,367.0,367.0,367.0,367.0,367.0,367.0,367.0,367.0,367.0,367.0,367.0,367.0,367.0,367.0,367.0,367.0,367.0,367.0,367.0,367.0,367.0,367.0,367.0,367.0,367.0,367.0,367.0,367.0,367.0,367.0,367.0,,,,,,,,,,,,,,,,,,,,,,,,,,,,0.7,270.9668,272.9255,274.9511,277.1197,279.5089,282.1981,285.2705,288.8138,292.9235,297.7069,303.2888,309.8185,317.4805,326.5067,337.1951,349.936,365.2507,383.8521,406.7433,435.3856,234.0,463.0,927.9466,73.20090000000005,268.5421000000001,-20.25189999999997
368,368,368.0,368.0,368.0,368.0,368.0,368.0,368.0,368.0,368.0,368.0,368.0,368.0,368.0,368.0,368.0,368.0,368.0,368.0,368.0,368.0,368.0,368.0,368.0,368.0,368.0,368.0,368.0,368.0,368.0,368.0,368.0,368.0,368.0,368.0,368.0,368.0,368.0,368.0,368.0,368.0,368.0,368.0,368.0,368.0,368.0,368.0,368.0,,,,,,,,,,,,,,,,,,,,,,,,,,,,0.8,243.1044,251.4681,259.0533,265.8752,272.0098,277.5903,282.7945,287.8282,292.9099,298.26,304.0965,310.6376,318.1111,326.7705,336.9168,348.9293,363.3063,380.7243,402.1276,428.8753,247.0,405.0,1001.1475,86.36509999999998,195.34120000000007,-26.60969999999997
369,369,369.0,369.0,369.0,369.0,369.0,369.0,369.0,369.0,369.0,369.0,369.0,369.0,369.0,369.0,369.0,369.0,369.0,369.0,369.0,369.0,369.0,369.0,369.0,369.0,369.0,369.0,369.0,369.0,369.0,369.0,369.0,369.0,369.0,369.0,369.0,369.0,369.0,369.0,369.0,369.0,369.0,369.0,369.0,369.0,369.0,369.0,369.0,,,,,,,,,,,,,,,,,,,,,,,,,,,,0.9,252.467,257.5731,262.4286,267.1309,271.7627,276.3945,281.0881,285.9012,290.8903,296.1127,301.6268,307.4934,313.7804,320.5732,327.9928,336.2226,345.5419,356.3649,369.2841,385.1214,245.0,470.0,1087.5126,108.97610000000007,108.97610000000007,-29.655500000000018
370,370,370.0,370.0,370.0,370.0,370.0,370.0,370.0,370.0,370.0,370.0,370.0,370.0,370.0,370.0,370.0,370.0,370.0,370.0,370.0,370.0,370.0,370.0,370.0,370.0,370.0,370.0,370.0,370.0,370.0,370.0,370.0,370.0,370.0,370.0,370.0,370.0,370.0,370.0,370.0,370.0,370.0,370.0,370.0,370.0,370.0,370.0,370.0,,,,,,,,,,,,,,,,,,,,,,,,,,,,0.0,273.0,273.0,273.0,273.0,273.0,273.0,273.0,273.0,273.0,273.0,273.0,273.0,273.0,273.0,273.0,273.0,273.0,273.0,273.0,273.0,303.0,472.0,0.0,372.0869,1181.8817,-20.0
371,371,371.0,371.0,371.0,371.0,371.0,371.0,371.0,371.0,371.0,371.0,371.0,371.0,371.0,371.0,371.0,371.0,371.0,371.0,371.0,371.0,371.0,371.0,371.0,371.0,371.0,371.0,371.0,371.0,371.0,371.0,371.0,371.0,371.0,371.0,371.0,371.0,371.0,371.0,371.0,371.0,371.0,371.0,371.0,371.0,371.0,371.0,371.0,,,,,,,,,,,,,,,,,,,,,,,,,,,,0.1,296.9577,291.6801,287.1869,283.4854,280.5616,278.3827,276.9132,276.1383,276.0938,276.8961,278.7684,282.0563,287.228,294.854,305.567,320.0109,338.8021,362.5353,391.8762,427.7939,328.0,473.0,372.0869,138.1048,809.7947999999999,-15.667300000000012
372,372,372.0,372.0,372.0,372.0,372.0,372.0,372.0,372.0,372.0,372.0,372.0,372.0,372.0,372.0,372.0,372.0,372.0,372.0,372.0,372.0,372.0,372.0,372.0,372.0,372.0,372.0,372.0,372.0,372.0,372.0,372.0,372.0,372.0,372.0,372.0,372.0,372.0,372.0,372.0,372.0,372.0,372.0,372.0,372.0,372.0,372.0,372.0,,,,,,,,,,,,,,,,,,,,,,,,,,,,0.2,317.9907,309.4329,302.2615,296.4406,291.9469,288.7619,286.8748,286.2903,287.0374,289.1779,292.8111,298.0746,305.145,314.2391,325.6213,339.6228,356.6782,377.3913,402.6464,433.797,259.0,472.0,510.1917,60.94490000000002,671.6899999999998,-6.438099999999963
373,373,373.0,373.0,373.0,373.0,373.0,373.0,373.0,373.0,373.0,373.0,373.0,373.0,373.0,373.0,373.0,373.0,373.0,373.0,373.0,373.0,373.0,373.0,373.0,373.0,373.0,373.0,373.0,373.0,373.0,373.0,373.0,373.0,373.0,373.0,373.0,373.0,373.0,373.0,373.0,373.0,373.0,373.0,373.0,373.0,373.0,373.0,373.0,,,,,,,,,,,,,,,,,,,,,,,,,,,,0.3,264.7734,270.0754,274.7628,278.7816,282.1821,285.114,287.8041,290.5271,293.5758,297.239,301.7892,307.4818,314.564,323.2918,333.9561,346.916,362.6468,381.808,405.3491,434.6838,236.0,396.0,571.1366,65.0483999999999,610.7450999999999,-11.336000000000013
374,374,374.0,374.0,374.0,374.0,374.0,374.0,374.0,374.0,374.0,374.0,374.0,374.0,374.0,374.0,374.0,374.0,374.0,374.0,374.0,374.0,374.0,374.0,374.0,374.0,374.0,374.0,374.0,374.0,374.0,374.0,374.0,374.0,374.0,374.0,374.0,374.0,374.0,374.0,374.0,374.0,374.0,374.0,374.0,374.0,374.0,374.0,374.0,,,,,,,,,,,,,,,,,,,,,,,,,,,,0.4,244.8,252.8898,260.2306,266.8299,272.7491,278.1001,283.0343,287.7257,292.3523,297.08,302.05,307.3738,313.1366,319.4107,326.2805,333.877,342.4191,352.2583,363.9231,378.1625,239.0,449.0,636.185,109.97490000000003,545.6967,-19.699900000000014
375,375,375.0,375.0,375.0,375.0,375.0,375.0,375.0,375.0,375.0,375.0,375.0,375.0,375.0,375.0,375.0,375.0,375.0,375.0,375.0,375.0,375.0,375.0,375.0,375.0,375.0,375.0,375.0,375.0,375.0,375.0,375.0,375.0,375.0,375.0,375.0,375.0,375.0,375.0,375.0,375.0,375.0,375.0,375.0,375.0,375.0,375.0,375.0,,,,,,,,,,,,,,,,,,,,,,,,,,,,0.5,246.0403,252.5422,258.5684,264.1839,269.4568,274.4615,279.2813,284.0135,288.7743,293.7059,298.9838,304.8238,311.4889,319.2947,328.613,339.8786,353.6026,370.4057,391.0848,416.7394,277.0,450.0,746.1599,103.05240000000003,435.7217999999999,-24.7885
376,376,376.0,376.0,376.0,376.0,376.0,376.0,376.0,376.0,376.0,376.0,376.0,376.0,376.0,376.0,376.0,376.0,376.0,376.0,376.0,376.0,376.0,376.0,376.0,376.0,376.0,376.0,376.0,376.0,376.0,376.0,376.0,376.0,376.0,376.0,376.0,376.0,376.0,376.0,376.0,376.0,376.0,376.0,376.0,376.0,376.0,376.0,376.0,,,,,,,,,,,,,,,,,,,,,,,,,,,,0.6,276.2482,275.7824,275.7768,276.3612,277.6124,279.5585,282.1932,285.4969,289.4568,294.0857,299.4345,305.6007,312.7331,321.0377,330.7849,342.3247,356.1125,372.7528,393.0723,418.2435,270.0,473.0,849.2123,77.97339999999997,332.6693999999999,-21.24150000000003
377,377,377.0,377.0,377.0,377.0,377.0,377.0,377.0,377.0,377.0,377.0,377.0,377.0,377.0,377.0,377.0,377.0,377.0,377.0,377.0,377.0,377.0,377.0,377.0,377.0,377.0,377.0,377.0,377.0,377.0,377.0,377.0,377.0,377.0,377.0,377.0,377.0,377.0,377.0,377.0,377.0,377.0,377.0,377.0,377.0,377.0,377.0,377.0,,,,,,,,,,,,,,,,,,,,,,,,,,,,0.7,271.8686,273.7295,275.6406,277.6648,279.8718,282.3382,285.1485,288.3959,292.1848,296.6355,301.8908,308.1243,315.5497,324.4324,335.1032,347.9791,363.5959,382.665,406.1718,435.5502,240.0,470.0,927.1857,74.04750000000001,254.6959999999999,-20.111800000000017
378,378,378.0,378.0,378.0,378.0,378.0,378.0,378.0,378.0,378.0,378.0,378.0,378.0,378.0,378.0,378.0,378.0,378.0,378.0,378.0,378.0,378.0,378.0,378.0,378.0,378.0,378.0,378.0,378.0,378.0,378.0,378.0,378.0,378.0,378.0,378.0,378.0,378.0,378.0,378.0,378.0,378.0,378.0,378.0,378.0,378.0,378.0,378.0,,,,,,,,,,,,,,,,,,,,,,,,,,,,0.8,247.9522,255.2689,261.9277,267.9512,273.4151,278.4452,283.2083,287.8984,292.725,297.9034,303.6526,310.1975,317.7781,326.6638,337.1744,349.7093,364.7894,383.1193,405.6856,433.9215,245.0,431.0,1001.2332,84.36800000000005,180.6484999999999,-25.75479999999999
379,379,379.0,379.0,379.0,379.0,379.0,379.0,379.0,379.0,379.0,379.0,379.0,379.0,379.0,379.0,379.0,379.0,379.0,379.0,379.0,379.0,379.0,379.0,379.0,379.0,379.0,379.0,379.0,379.0,379.0,379.0,379.0,379.0,379.0,379.0,379.0,379.0,379.0,379.0,379.0,379.0,379.0,379.0,379.0,379.0,379.0,379.0,379.0,,,,,,,,,,,,,,,,,,,,,,,,,,,,0.9,251.0521,256.6805,261.971,267.0079,271.8749,276.6565,281.4398,286.316,291.3815,296.7379,302.4927,308.7621,315.676,323.3901,332.1038,342.0873,353.7171,367.5211,384.2392,404.9082,250.0,446.0,1085.6012,96.28049999999983,96.28049999999983,-29.393500000000017
380,380,380.0,380.0,380.0,380.0,380.0,380.0,380.0,380.0,380.0,380.0,380.0,380.0,380.0,380.0,380.0,380.0,380.0,380.0,380.0,380.0,380.0,380.0,380.0,380.0,380.0,380.0,380.0,380.0,380.0,380.0,380.0,380.0,380.0,380.0,380.0,380.0,380.0,380.0,380.0,380.0,380.0,380.0,380.0,380.0,380.0,380.0,380.0,,,,,,,,,,,,,,,,,,,,,,,,,,,,0.0,273.0,273.0,273.0,273.0,273.0,273.0,273.0,273.0,273.0,273.0,273.0,273.0,273.0,273.0,273.0,273.0,273.0,273.0,273.0,273.0,303.0,473.0,0.0,371.9366,1192.2652,-20.0
381,381,381.0,381.0,381.0,381.0,381.0,381.0,381.0,381.0,381.0,381.0,381.0,381.0,381.0,381.0,381.0,381.0,381.0,381.0,381.0,381.0,381.0,381.0,381.0,381.0,381.0,381.0,381.0,381.0,381.0,381.0,381.0,381.0,381.0,381.0,381.0,381.0,381.0,381.0,381.0,381.0,381.0,381.0,381.0,381.0,381.0,381.0,381.0,,,,,,,,,,,,,,,,,,,,,,,,,,,,0.1,296.9577,291.6801,287.187,283.4857,280.5621,278.3839,276.9155,276.1428,276.1021,276.911,278.7939,282.0983,287.295,294.9572,305.7202,320.2314,339.1104,362.9557,392.4399,428.5432,327.0,472.0,371.9366,137.61270000000002,820.3286,-15.666100000000029
382,382,382.0,382.0,382.0,382.0,382.0,382.0,382.0,382.0,382.0,382.0,382.0,382.0,382.0,382.0,382.0,382.0,382.0,382.0,382.0,382.0,382.0,382.0,382.0,382.0,382.0,382.0,382.0,382.0,382.0,382.0,382.0,382.0,382.0,382.0,382.0,382.0,382.0,382.0,382.0,382.0,382.0,382.0,382.0,382.0,382.0,382.0,382.0,,,,,,,,,,,,,,,,,,,,,,,,,,,,0.2,317.2025,308.8248,301.8043,296.1078,291.7139,288.6072,286.7799,286.2398,287.0189,289.1813,292.8268,298.0927,305.1537,314.2234,325.5626,339.4979,356.4598,377.0474,402.139,433.0776,258.0,473.0,509.5493,61.89369999999997,682.7159,-6.592800000000011
383,383,383.0,383.0,383.0,383.0,383.0,383.0,383.0,383.0,383.0,383.0,383.0,383.0,383.0,383.0,383.0,383.0,383.0,383.0,383.0,383.0,383.0,383.0,383.0,383.0,383.0,383.0,383.0,383.0,383.0,383.0,383.0,383.0,383.0,383.0,383.0,383.0,383.0,383.0,383.0,383.0,383.0,383.0,383.0,383.0,383.0,383.0,383.0,,,,,,,,,,,,,,,,,,,,,,,,,,,,0.3,263.9391,269.3884,274.205,278.3351,281.8299,284.8403,287.5945,290.3689,293.4582,297.1539,301.7312,307.4494,314.5598,323.3236,334.0368,347.0641,362.8864,382.1688,405.868,435.4089,233.0,410.0,571.443,67.73850000000004,620.8222000000001,-11.609699999999975
384,384,384.0,384.0,384.0,384.0,384.0,384.0,384.0,384.0,384.0,384.0,384.0,384.0,384.0,384.0,384.0,384.0,384.0,384.0,384.0,384.0,384.0,384.0,384.0,384.0,384.0,384.0,384.0,384.0,384.0,384.0,384.0,384.0,384.0,384.0,384.0,384.0,384.0,384.0,384.0,384.0,384.0,384.0,384.0,384.0,384.0,384.0,384.0,,,,,,,,,,,,,,,,,,,,,,,,,,,,0.4,242.3319,250.9025,258.6654,265.6248,271.8433,277.439,282.5736,287.4348,292.2183,297.1115,302.2815,307.8716,314.0045,320.7963,328.3807,336.9418,346.7553,358.2347,371.9814,388.8438,235.0,456.0,639.1815,111.0929,553.0837,-20.36099999999999
385,385,385.0,385.0,385.0,385.0,385.0,385.0,385.0,385.0,385.0,385.0,385.0,385.0,385.0,385.0,385.0,385.0,385.0,385.0,385.0,385.0,385.0,385.0,385.0,385.0,385.0,385.0,385.0,385.0,385.0,385.0,385.0,385.0,385.0,385.0,385.0,385.0,385.0,385.0,385.0,385.0,385.0,385.0,385.0,385.0,385.0,385.0,385.0,,,,,,,,,,,,,,,,,,,,,,,,,,,,0.5,242.6954,249.7928,256.3537,262.4444,268.1381,273.517,278.6753,283.7222,288.787,294.0237,299.618,305.7937,312.8194,321.0144,330.7556,342.4867,356.7375,374.1629,395.6188,422.3016,278.0,448.0,750.2744,103.178,441.9908,-25.733000000000004
386,386,386.0,386.0,386.0,386.0,386.0,386.0,386.0,386.0,386.0,386.0,386.0,386.0,386.0,386.0,386.0,386.0,386.0,386.0,386.0,386.0,386.0,386.0,386.0,386.0,386.0,386.0,386.0,386.0,386.0,386.0,386.0,386.0,386.0,386.0,386.0,386.0,386.0,386.0,386.0,386.0,386.0,386.0,386.0,386.0,386.0,386.0,386.0,,,,,,,,,,,,,,,,,,,,,,,,,,,,0.6,276.8957,276.1213,275.8694,276.2823,277.4415,279.3718,282.0577,285.4649,289.5639,294.3488,299.8513,306.1488,313.3702,321.7013,331.3941,342.7832,356.3132,372.5831,392.4175,416.9845,275.0,473.0,853.4524,75.8107,338.81280000000004,-21.428200000000004
387,387,387.0,387.0,387.0,387.0,387.0,387.0,387.0,387.0,387.0,387.0,387.0,387.0,387.0,387.0,387.0,387.0,387.0,387.0,387.0,387.0,387.0,387.0,387.0,387.0,387.0,387.0,387.0,387.0,387.0,387.0,387.0,387.0,387.0,387.0,387.0,387.0,387.0,387.0,387.0,387.0,387.0,387.0,387.0,387.0,387.0,387.0,387.0,,,,,,,,,,,,,,,,,,,,,,,,,,,,0.7,275.8797,276.8689,278.0343,279.4431,281.162,283.2587,285.8025,288.8681,292.5403,296.9202,302.1338,308.3412,315.7465,324.6089,335.2568,348.1068,363.696,382.7376,406.2184,435.5727,236.0,471.0,929.2631,71.56319999999994,263.00210000000004,-19.19130000000001
388,388,388.0,388.0,388.0,388.0,388.0,388.0,388.0,388.0,388.0,388.0,388.0,388.0,388.0,388.0,388.0,388.0,388.0,388.0,388.0,388.0,388.0,388.0,388.0,388.0,388.0,388.0,388.0,388.0,388.0,388.0,388.0,388.0,388.0,388.0,388.0,388.0,388.0,388.0,388.0,388.0,388.0,388.0,388.0,388.0,388.0,388.0,388.0,,,,,,,,,,,,,,,,,,,,,,,,,,,,0.8,244.9155,253.0997,260.4999,267.1215,273.0377,278.385,283.3502,288.1526,293.0272,298.2131,303.9486,310.4734,318.0382,326.9199,337.4438,350.0135,365.1538,383.5739,406.2671,434.678,245.0,408.0,1000.8263,83.38800000000015,191.4389000000001,-25.815
389,389,389.0,389.0,389.0,389.0,389.0,389.0,389.0,389.0,389.0,389.0,389.0,389.0,389.0,389.0,389.0,389.0,389.0,389.0,389.0,389.0,389.0,389.0,389.0,389.0,389.0,389.0,389.0,389.0,389.0,389.0,389.0,389.0,389.0,389.0,389.0,389.0,389.0,389.0,389.0,389.0,389.0,389.0,389.0,389.0,389.0,389.0,389.0,,,,,,,,,,,,,,,,,,,,,,,,,,,,0.9,250.9744,256.5365,261.781,266.7963,271.6647,276.4639,281.269,286.1549,291.1962,296.4672,302.0406,307.9873,314.3816,321.3118,328.9002,337.3313,346.8885,357.9954,371.2624,387.5408,243.0,468.0,1084.2143,108.05089999999996,108.05089999999996,-29.586099999999988
390,390,390.0,390.0,390.0,390.0,390.0,390.0,390.0,390.0,390.0,390.0,390.0,390.0,390.0,390.0,390.0,390.0,390.0,390.0,390.0,390.0,390.0,390.0,390.0,390.0,390.0,390.0,390.0,390.0,390.0,390.0,390.0,390.0,390.0,390.0,390.0,390.0,390.0,390.0,390.0,390.0,390.0,390.0,390.0,390.0,390.0,390.0,390.0,,,,,,,,,,,,,,,,,,,,,,,,,,,,0.0,273.0,273.0,273.0,273.0,273.0,273.0,273.0,273.0,273.0,273.0,273.0,273.0,273.0,273.0,273.0,273.0,273.0,273.0,273.0,273.0,301.0,471.0,0.0,372.9295,1187.5959,-20.0
391,391,391.0,391.0,391.0,391.0,391.0,391.0,391.0,391.0,391.0,391.0,391.0,391.0,391.0,391.0,391.0,391.0,391.0,391.0,391.0,391.0,391.0,391.0,391.0,391.0,391.0,391.0,391.0,391.0,391.0,391.0,391.0,391.0,391.0,391.0,391.0,391.0,391.0,391.0,391.0,391.0,391.0,391.0,391.0,391.0,391.0,391.0,391.0,,,,,,,,,,,,,,,,,,,,,,,,,,,,0.1,295.3664,290.4424,286.249,282.7948,280.0683,278.0413,276.6837,275.9874,275.9944,276.8266,278.7113,281.9965,287.1514,294.7459,305.4111,319.789,338.4931,362.1142,391.3121,427.0442,329.0,473.0,372.9295,140.0002,814.6664000000001,-16.008700000000033
392,392,392.0,392.0,392.0,392.0,392.0,392.0,392.0,392.0,392.0,392.0,392.0,392.0,392.0,392.0,392.0,392.0,392.0,392.0,392.0,392.0,392.0,392.0,392.0,392.0,392.0,392.0,392.0,392.0,392.0,392.0,392.0,392.0,392.0,392.0,392.0,392.0,392.0,392.0,392.0,392.0,392.0,392.0,392.0,392.0,392.0,392.0,392.0,,,,,,,,,,,,,,,,,,,,,,,,,,,,0.2,318.7121,309.9141,302.5432,296.5652,291.9555,288.692,286.7576,286.1492,286.8885,289.0305,292.6695,297.94,305.0172,314.1181,325.5084,339.5203,356.5897,377.3209,402.5976,433.7721,263.0,473.0,512.9297,60.40750000000003,674.6662,-6.507999999999981
393,393,393.0,393.0,393.0,393.0,393.0,393.0,393.0,393.0,393.0,393.0,393.0,393.0,393.0,393.0,393.0,393.0,393.0,393.0,393.0,393.0,393.0,393.0,393.0,393.0,393.0,393.0,393.0,393.0,393.0,393.0,393.0,393.0,393.0,393.0,393.0,393.0,393.0,393.0,393.0,393.0,393.0,393.0,393.0,393.0,393.0,393.0,393.0,,,,,,,,,,,,,,,,,,,,,,,,,,,,0.3,267.9877,272.5904,276.6735,280.1865,283.1778,285.7901,288.2396,290.7888,293.718,297.3046,301.812,307.4889,314.5779,323.3333,334.0454,347.0747,362.8989,382.1814,405.8782,435.4145,233.0,407.0,573.3372,63.71539999999993,614.2587,-10.659899999999991
394,394,394.0,394.0,394.0,394.0,394.0,394.0,394.0,394.0,394.0,394.0,394.0,394.0,394.0,394.0,394.0,394.0,394.0,394.0,394.0,394.0,394.0,394.0,394.0,394.0,394.0,394.0,394.0,394.0,394.0,394.0,394.0,394.0,394.0,394.0,394.0,394.0,394.0,394.0,394.0,394.0,394.0,394.0,394.0,394.0,394.0,394.0,394.0,,,,,,,,,,,,,,,,,,,,,,,,,,,,0.4,242.5227,251.2635,259.1598,266.2059,272.4619,278.05,283.14,287.9299,292.6251,297.4197,302.4844,307.961,313.9671,320.6104,328.0131,336.3464,345.872,356.9882,370.2788,386.5687,233.0,456.0,637.0526,110.32730000000004,550.5433,-19.75
395,395,395.0,395.0,395.0,395.0,395.0,395.0,395.0,395.0,395.0,395.0,395.0,395.0,395.0,395.0,395.0,395.0,395.0,395.0,395.0,395.0,395.0,395.0,395.0,395.0,395.0,395.0,395.0,395.0,395.0,395.0,395.0,395.0,395.0,395.0,395.0,395.0,395.0,395.0,395.0,395.0,395.0,395.0,395.0,395.0,395.0,395.0,395.0,,,,,,,,,,,,,,,,,,,,,,,,,,,,0.5,241.1436,248.6476,255.5613,261.9434,267.8642,273.4077,278.6732,283.7779,288.86,294.0833,299.6428,305.7715,312.7465,320.8952,330.6015,342.3144,356.5668,374.0141,395.5094,422.244,270.0,470.0,747.3799,109.77519999999993,440.216,-25.842300000000023
396,396,396.0,396.0,396.0,396.0,396.0,396.0,396.0,396.0,396.0,396.0,396.0,396.0,396.0,396.0,396.0,396.0,396.0,396.0,396.0,396.0,396.0,396.0,396.0,396.0,396.0,396.0,396.0,396.0,396.0,396.0,396.0,396.0,396.0,396.0,396.0,396.0,396.0,396.0,396.0,396.0,396.0,396.0,396.0,396.0,396.0,396.0,396.0,,,,,,,,,,,,,,,,,,,,,,,,,,,,0.6,270.4346,271.0192,271.94,273.3377,275.3006,277.8694,281.0529,284.8489,289.2664,294.3439,300.1635,306.86,314.6268,323.7215,334.4745,347.3043,362.7482,381.5158,404.5838,433.3629,280.0,471.0,857.1551,75.94010000000003,330.4408000000001,-22.930600000000027
397,397,397.0,397.0,397.0,397.0,397.0,397.0,397.0,397.0,397.0,397.0,397.0,397.0,397.0,397.0,397.0,397.0,397.0,397.0,397.0,397.0,397.0,397.0,397.0,397.0,397.0,397.0,397.0,397.0,397.0,397.0,397.0,397.0,397.0,397.0,397.0,397.0,397.0,397.0,397.0,397.0,397.0,397.0,397.0,397.0,397.0,397.0,397.0,,,,,,,,,,,,,,,,,,,,,,,,,,,,0.7,279.5999,279.4628,279.6911,280.3736,281.583,283.3757,285.7978,288.8921,292.7073,297.3077,302.7816,309.2509,316.88,325.888,336.5644,349.2934,364.5905,383.1613,405.9982,434.546,240.0,472.0,933.0952,67.36689999999999,254.50070000000005,-19.0743
398,398,398.0,398.0,398.0,398.0,398.0,398.0,398.0,398.0,398.0,398.0,398.0,398.0,398.0,398.0,398.0,398.0,398.0,398.0,398.0,398.0,398.0,398.0,398.0,398.0,398.0,398.0,398.0,398.0,398.0,398.0,398.0,398.0,398.0,398.0,398.0,398.0,398.0,398.0,398.0,398.0,398.0,398.0,398.0,398.0,398.0,398.0,398.0,,,,,,,,,,,,,,,,,,,,,,,,,,,,0.8,248.2594,255.8527,262.7337,268.9121,274.462,279.5181,284.2621,288.9056,293.674,298.795,304.4955,311.0051,318.5662,327.4506,337.9818,350.5653,365.7307,384.195,406.962,435.4912,242.0,401.0,1000.4621,78.2808,187.1338000000001,-24.681899999999985
399,399,399.0,399.0,399.0,399.0,399.0,399.0,399.0,399.0,399.0,399.0,399.0,399.0,399.0,399.0,399.0,399.0,399.0,399.0,399.0,399.0,399.0,399.0,399.0,399.0,399.0,399.0,399.0,399.0,399.0,399.0,399.0,399.0,399.0,399.0,399.0,399.0,399.0,399.0,399.0,399.0,399.0,399.0,399.0,399.0,399.0,399.0,399.0,,,,,,,,,,,,,,,,,,,,,,,,,,,,0.9,248.7558,255.023,260.8714,266.375,271.6128,276.6693,281.6337,286.5976,291.6518,296.8821,302.3657,308.1705,314.3598,321.0038,328.2013,336.1097,344.9833,355.2144,367.3772,382.2747,245.0,471.0,1078.7429,108.85300000000008,108.85300000000008,-29.38069999999999
400,400,400.0,400.0,400.0,400.0,400.0,400.0,400.0,400.0,400.0,400.0,400.0,400.0,400.0,400.0,400.0,400.0,400.0,400.0,400.0,400.0,400.0,400.0,400.0,400.0,400.0,400.0,400.0,400.0,400.0,400.0,400.0,400.0,400.0,400.0,400.0,400.0,400.0,400.0,400.0,400.0,400.0,400.0,400.0,400.0,400.0,400.0,400.0,,,,,,,,,,,,,,,,,,,,,,,,,,,,0.0,273.0,273.0,273.0,273.0,273.0,273.0,273.0,273.0,273.0,273.0,273.0,273.0,273.0,273.0,273.0,273.0,273.0,273.0,273.0,273.0,300.0,472.0,0.0,373.1269,1187.9912,-20.0
401,401,401.0,401.0,401.0,401.0,401.0,401.0,401.0,401.0,401.0,401.0,401.0,401.0,401.0,401.0,401.0,401.0,401.0,401.0,401.0,401.0,401.0,401.0,401.0,401.0,401.0,401.0,401.0,401.0,401.0,401.0,401.0,401.0,401.0,401.0,401.0,401.0,401.0,401.0,401.0,401.0,401.0,401.0,401.0,401.0,401.0,401.0,401.0,,,,,,,,,,,,,,,,,,,,,,,,,,,,0.1,294.5704,289.8233,285.7799,282.4496,279.8223,277.8722,276.5724,275.9186,275.9572,276.8142,278.721,282.0298,287.2137,294.8466,305.5633,320.0091,338.8013,362.5349,391.8761,427.7938,332.0,473.0,373.1269,139.53870000000006,814.8643,-16.17779999999999
402,402,402.0,402.0,402.0,402.0,402.0,402.0,402.0,402.0,402.0,402.0,402.0,402.0,402.0,402.0,402.0,402.0,402.0,402.0,402.0,402.0,402.0,402.0,402.0,402.0,402.0,402.0,402.0,402.0,402.0,402.0,402.0,402.0,402.0,402.0,402.0,402.0,402.0,402.0,402.0,402.0,402.0,402.0,402.0,402.0,402.0,402.0,402.0,,,,,,,,,,,,,,,,,,,,,,,,,,,,0.2,321.0452,311.6814,303.8394,297.4805,292.5746,289.0914,287.0032,286.2949,286.9755,289.0889,292.7191,297.9926,305.0782,314.1882,325.5846,339.5975,356.6615,377.3809,402.6405,433.7944,259.0,473.0,512.6656,59.97249999999997,675.3255999999999,-6.108599999999967
403,403,403.0,403.0,403.0,403.0,403.0,403.0,403.0,403.0,403.0,403.0,403.0,403.0,403.0,403.0,403.0,403.0,403.0,403.0,403.0,403.0,403.0,403.0,403.0,403.0,403.0,403.0,403.0,403.0,403.0,403.0,403.0,403.0,403.0,403.0,403.0,403.0,403.0,403.0,403.0,403.0,403.0,403.0,403.0,403.0,403.0,403.0,403.0,,,,,,,,,,,,,,,,,,,,,,,,,,,,0.3,264.8738,270.2639,275.0177,279.0756,282.4873,285.4057,288.0643,290.7453,293.7495,297.3723,301.8917,307.567,314.6481,323.3932,334.0948,347.1142,362.9294,382.2035,405.8925,435.4216,235.0,401.0,572.6381,64.54639999999995,615.3530999999999,-11.044299999999964
404,404,404.0,404.0,404.0,404.0,404.0,404.0,404.0,404.0,404.0,404.0,404.0,404.0,404.0,404.0,404.0,404.0,404.0,404.0,404.0,404.0,404.0,404.0,404.0,404.0,404.0,404.0,404.0,404.0,404.0,404.0,404.0,404.0,404.0,404.0,404.0,404.0,404.0,404.0,404.0,404.0,404.0,404.0,404.0,404.0,404.0,404.0,404.0,,,,,,,,,,,,,,,,,,,,,,,,,,,,0.4,244.0247,252.3185,259.8369,266.5844,272.6219,278.0639,283.0663,287.8096,292.48,297.2527,302.2799,307.6853,313.5678,320.0154,327.1296,335.0596,344.0437,354.455,366.8471,382.0033,233.0,458.0,637.1845,111.79510000000003,550.8067,-19.73610000000002
405,405,405.0,405.0,405.0,405.0,405.0,405.0,405.0,405.0,405.0,405.0,405.0,405.0,405.0,405.0,405.0,405.0,405.0,405.0,405.0,405.0,405.0,405.0,405.0,405.0,405.0,405.0,405.0,405.0,405.0,405.0,405.0,405.0,405.0,405.0,405.0,405.0,405.0,405.0,405.0,405.0,405.0,405.0,405.0,405.0,405.0,405.0,405.0,,,,,,,,,,,,,,,,,,,,,,,,,,,,0.5,241.1774,248.7087,255.638,262.0205,267.9254,273.4373,278.6579,283.7074,288.7281,293.8887,299.3909,305.4761,312.4325,320.601,330.3796,342.2317,356.7022,374.4556,396.3531,423.598,280.0,440.0,748.9796,103.28869999999996,439.01159999999993,-25.812700000000007
406,406,406.0,406.0,406.0,406.0,406.0,406.0,406.0,406.0,406.0,406.0,406.0,406.0,406.0,406.0,406.0,406.0,406.0,406.0,406.0,406.0,406.0,406.0,406.0,406.0,406.0,406.0,406.0,406.0,406.0,406.0,406.0,406.0,406.0,406.0,406.0,406.0,406.0,406.0,406.0,406.0,406.0,406.0,406.0,406.0,406.0,406.0,406.0,,,,,,,,,,,,,,,,,,,,,,,,,,,,0.6,278.4465,277.2754,276.6856,276.8215,277.763,279.5287,282.0928,285.4088,289.4331,294.1445,299.5581,305.7325,312.7749,320.8459,330.1691,341.0476,353.8918,369.2607,387.9271,410.98,276.0,473.0,852.2683,76.75570000000005,335.7229,-21.2713
407,407,407.0,407.0,407.0,407.0,407.0,407.0,407.0,407.0,407.0,407.0,407.0,407.0,407.0,407.0,407.0,407.0,407.0,407.0,407.0,407.0,407.0,407.0,407.0,407.0,407.0,407.0,407.0,407.0,407.0,407.0,407.0,407.0,407.0,407.0,407.0,407.0,407.0,407.0,407.0,407.0,407.0,407.0,407.0,407.0,407.0,407.0,407.0,,,,,,,,,,,,,,,,,,,,,,,,,,,,0.7,276.7235,277.5725,278.6088,279.8952,281.4957,283.4753,285.9023,288.8504,292.4043,296.6664,301.7655,307.8668,315.1815,323.9784,334.5951,347.4567,363.1045,382.2502,405.873,435.3946,237.0,470.0,929.024,71.0702,258.96719999999993,-18.974699999999984
408,408,408.0,408.0,408.0,408.0,408.0,408.0,408.0,408.0,408.0,408.0,408.0,408.0,408.0,408.0,408.0,408.0,408.0,408.0,408.0,408.0,408.0,408.0,408.0,408.0,408.0,408.0,408.0,408.0,408.0,408.0,408.0,408.0,408.0,408.0,408.0,408.0,408.0,408.0,408.0,408.0,408.0,408.0,408.0,408.0,408.0,408.0,408.0,,,,,,,,,,,,,,,,,,,,,,,,,,,,0.8,245.7554,253.7928,261.0584,267.5568,273.3602,278.6041,283.4747,288.191,292.9878,298.1041,303.7779,310.2484,317.765,326.6024,337.0826,349.6046,364.6875,383.0328,405.6236,433.8894,245.0,411.0,1000.0942,83.06999999999994,187.897,-25.59589999999997
409,409,409.0,409.0,409.0,409.0,409.0,409.0,409.0,409.0,409.0,409.0,409.0,409.0,409.0,409.0,409.0,409.0,409.0,409.0,409.0,409.0,409.0,409.0,409.0,409.0,409.0,409.0,409.0,409.0,409.0,409.0,409.0,409.0,409.0,409.0,409.0,409.0,409.0,409.0,409.0,409.0,409.0,409.0,409.0,409.0,409.0,409.0,409.0,,,,,,,,,,,,,,,,,,,,,,,,,,,,0.9,251.0125,256.6076,261.8758,266.903,271.7707,276.5578,281.3422,286.2025,291.2188,296.4712,302.0393,308.0023,314.4438,321.4628,329.193,337.831,347.6723,359.1533,372.8989,389.7806,247.0,462.0,1083.1642,104.827,104.827,-29.492200000000025
410,410,410.0,410.0,410.0,410.0,410.0,410.0,410.0,410.0,410.0,410.0,410.0,410.0,410.0,410.0,410.0,410.0,410.0,410.0,410.0,410.0,410.0,410.0,410.0,410.0,410.0,410.0,410.0,410.0,410.0,410.0,410.0,410.0,410.0,410.0,410.0,410.0,410.0,410.0,410.0,410.0,410.0,410.0,410.0,410.0,410.0,410.0,410.0,,,,,,,,,,,,,,,,,,,,,,,,,,,,0.0,273.0,273.0,273.0,273.0,273.0,273.0,273.0,273.0,273.0,273.0,273.0,273.0,273.0,273.0,273.0,273.0,273.0,273.0,273.0,273.0,302.0,473.0,0.0,372.2805,1179.3444,-20.0
411,411,411.0,411.0,411.0,411.0,411.0,411.0,411.0,411.0,411.0,411.0,411.0,411.0,411.0,411.0,411.0,411.0,411.0,411.0,411.0,411.0,411.0,411.0,411.0,411.0,411.0,411.0,411.0,411.0,411.0,411.0,411.0,411.0,411.0,411.0,411.0,411.0,411.0,411.0,411.0,411.0,411.0,411.0,411.0,411.0,411.0,411.0,411.0,,,,,,,,,,,,,,,,,,,,,,,,,,,,0.1,296.1622,291.0615,286.7182,283.1406,280.3159,278.2138,276.802,276.0696,276.0566,276.8837,278.7781,282.0895,287.2903,294.9547,305.719,320.2308,339.1101,362.9556,392.4398,428.5431,328.0,472.0,372.2805,138.1452,807.0638999999999,-15.83620000000002
412,412,412.0,412.0,412.0,412.0,412.0,412.0,412.0,412.0,412.0,412.0,412.0,412.0,412.0,412.0,412.0,412.0,412.0,412.0,412.0,412.0,412.0,412.0,412.0,412.0,412.0,412.0,412.0,412.0,412.0,412.0,412.0,412.0,412.0,412.0,412.0,412.0,412.0,412.0,412.0,412.0,412.0,412.0,412.0,412.0,412.0,412.0,412.0,,,,,,,,,,,,,,,,,,,,,,,,,,,,0.2,317.9584,309.3717,302.1774,296.3422,291.8432,288.6619,286.7859,286.2176,286.9836,289.1428,292.791,298.0625,305.1299,314.2057,325.5499,339.4893,356.4542,377.0439,402.137,433.0767,259.0,472.0,510.4257,61.323800000000006,668.9187,-6.538099999999986
413,413,413.0,413.0,413.0,413.0,413.0,413.0,413.0,413.0,413.0,413.0,413.0,413.0,413.0,413.0,413.0,413.0,413.0,413.0,413.0,413.0,413.0,413.0,413.0,413.0,413.0,413.0,413.0,413.0,413.0,413.0,413.0,413.0,413.0,413.0,413.0,413.0,413.0,413.0,413.0,413.0,413.0,413.0,413.0,413.0,413.0,413.0,413.0,,,,,,,,,,,,,,,,,,,,,,,,,,,,0.3,264.7633,270.0557,274.7348,278.7467,282.142,285.0701,287.7576,290.4787,293.5256,297.1866,301.7341,307.4235,314.5024,323.2279,333.8915,346.8538,362.5908,381.762,405.3165,434.667,236.0,397.0,571.7495,65.32439999999997,607.5948999999999,-11.379899999999964
414,414,414.0,414.0,414.0,414.0,414.0,414.0,414.0,414.0,414.0,414.0,414.0,414.0,414.0,414.0,414.0,414.0,414.0,414.0,414.0,414.0,414.0,414.0,414.0,414.0,414.0,414.0,414.0,414.0,414.0,414.0,414.0,414.0,414.0,414.0,414.0,414.0,414.0,414.0,414.0,414.0,414.0,414.0,414.0,414.0,414.0,414.0,414.0,,,,,,,,,,,,,,,,,,,,,,,,,,,,0.4,244.7947,252.8794,260.2154,266.8104,272.7258,278.074,283.0064,287.6975,292.326,297.0586,302.0382,307.3781,313.1659,319.4772,326.3998,334.0684,342.7058,352.6679,364.4877,378.9206,234.0,459.0,637.0739,112.79460000000006,542.2705,-19.726
415,415,415.0,415.0,415.0,415.0,415.0,415.0,415.0,415.0,415.0,415.0,415.0,415.0,415.0,415.0,415.0,415.0,415.0,415.0,415.0,415.0,415.0,415.0,415.0,415.0,415.0,415.0,415.0,415.0,415.0,415.0,415.0,415.0,415.0,415.0,415.0,415.0,415.0,415.0,415.0,415.0,415.0,415.0,415.0,415.0,415.0,415.0,415.0,,,,,,,,,,,,,,,,,,,,,,,,,,,,0.5,242.0003,249.3689,256.1506,262.4005,268.1872,273.5939,278.7208,283.6864,288.632,293.726,299.1714,305.2131,312.1447,320.314,330.1274,342.0557,356.6501,374.5792,396.7067,424.24,271.0,471.0,749.8685,109.428,429.4758999999999,-25.65609999999998
416,416,416.0,416.0,416.0,416.0,416.0,416.0,416.0,416.0,416.0,416.0,416.0,416.0,416.0,416.0,416.0,416.0,416.0,416.0,416.0,416.0,416.0,416.0,416.0,416.0,416.0,416.0,416.0,416.0,416.0,416.0,416.0,416.0,416.0,416.0,416.0,416.0,416.0,416.0,416.0,416.0,416.0,416.0,416.0,416.0,416.0,416.0,416.0,,,,,,,,,,,,,,,,,,,,,,,,,,,,0.6,271.2667,271.7007,272.4854,273.7595,275.6102,278.0781,281.1728,284.8939,289.2522,294.2886,300.0871,306.7843,314.5741,323.7141,334.5336,347.4503,363.0014,381.8982,405.1236,434.1007,276.0,471.0,859.2965,76.2233,320.0478999999999,-22.721900000000005
417,417,417.0,417.0,417.0,417.0,417.0,417.0,417.0,417.0,417.0,417.0,417.0,417.0,417.0,417.0,417.0,417.0,417.0,417.0,417.0,417.0,417.0,417.0,417.0,417.0,417.0,417.0,417.0,417.0,417.0,417.0,417.0,417.0,417.0,417.0,417.0,417.0,417.0,417.0,417.0,417.0,417.0,417.0,417.0,417.0,417.0,417.0,417.0,,,,,,,,,,,,,,,,,,,,,,,,,,,,0.7,276.4385,277.0398,277.8974,279.0968,280.713,282.8117,285.4531,288.6968,292.6091,297.2698,302.7804,309.2719,316.9151,325.9321,336.6137,349.344,364.6381,383.2017,406.0274,434.5613,253.0,445.0,935.5198,61.73069999999996,243.82459999999992,-19.63830000000001
418,418,418.0,418.0,418.0,418.0,418.0,418.0,418.0,418.0,418.0,418.0,418.0,418.0,418.0,418.0,418.0,418.0,418.0,418.0,418.0,418.0,418.0,418.0,418.0,418.0,418.0,418.0,418.0,418.0,418.0,418.0,418.0,418.0,418.0,418.0,418.0,418.0,418.0,418.0,418.0,418.0,418.0,418.0,418.0,418.0,418.0,418.0,418.0,,,,,,,,,,,,,,,,,,,,,,,,,,,,0.8,258.5947,263.7986,268.6194,273.0945,277.2962,281.3297,285.3263,289.4328,293.8018,298.5853,303.9321,309.9909,316.9193,324.8986,334.1562,344.994,357.8277,373.2376,392.0399,415.3966,235.0,404.0,997.2505,77.38849999999991,182.0939,-22.870299999999983
419,419,419.0,419.0,419.0,419.0,419.0,419.0,419.0,419.0,419.0,419.0,419.0,419.0,419.0,419.0,419.0,419.0,419.0,419.0,419.0,419.0,419.0,419.0,419.0,419.0,419.0,419.0,419.0,419.0,419.0,419.0,419.0,419.0,419.0,419.0,419.0,419.0,419.0,419.0,419.0,419.0,419.0,419.0,419.0,419.0,419.0,419.0,419.0,,,,,,,,,,,,,,,,,,,,,,,,,,,,0.9,243.5172,251.3598,258.5292,265.0576,271.0131,276.4966,281.6344,286.567,291.4387,296.3881,301.5433,307.0224,312.9386,319.4133,326.5952,334.686,343.9726,354.8625,367.9261,383.9476,261.0,415.0,1074.639,104.70540000000004,104.70540000000004,-29.55340000000001
420,420,420.0,420.0,420.0,420.0,420.0,420.0,420.0,420.0,420.0,420.0,420.0,420.0,420.0,420.0,420.0,420.0,420.0,420.0,420.0,420.0,420.0,420.0,420.0,420.0,420.0,420.0,420.0,420.0,420.0,420.0,420.0,420.0,420.0,420.0,420.0,420.0,420.0,420.0,420.0,420.0,420.0,420.0,420.0,420.0,420.0,420.0,,,,,,,,,,,,,,,,,,,,,,,,,,,,,0.0,273.0,273.0,273.0,273.0,273.0,273.0,273.0,273.0,273.0,273.0,273.0,273.0,273.0,273.0,273.0,273.0,273.0,273.0,273.0,273.0,323.0,472.0,0.0,365.7823,1016.9405000000002,11.043600000000026
421,421,421.0,421.0,421.0,421.0,421.0,421.0,421.0,421.0,421.0,421.0,421.0,421.0,421.0,421.0,421.0,421.0,421.0,421.0,421.0,421.0,421.0,421.0,421.0,421.0,421.0,421.0,421.0,421.0,421.0,421.0,421.0,421.0,421.0,421.0,421.0,421.0,421.0,421.0,421.0,421.0,421.0,421.0,421.0,421.0,421.0,421.0,,,,,,,,,,,,,,,,,,,,,,,,,,,,,0.1,312.8242,303.9984,296.5123,290.3484,285.4597,281.7665,279.1727,277.5952,277.0003,277.4402,279.0834,282.2321,287.3226,294.9031,305.5915,320.0227,338.8076,362.5377,391.8773,427.7942,375.0,303.0,365.7823,136.8949,651.1582000000001,11.043600000000026
422,422,422.0,422.0,422.0,422.0,422.0,422.0,422.0,422.0,422.0,422.0,422.0,422.0,422.0,422.0,422.0,422.0,422.0,422.0,422.0,422.0,422.0,422.0,422.0,422.0,422.0,422.0,422.0,422.0,422.0,422.0,422.0,422.0,422.0,422.0,422.0,422.0,422.0,422.0,422.0,422.0,422.0,422.0,422.0,422.0,422.0,422.0,,,,,,,,,,,,,,,,,,,,,,,,,,,,,0.2,355.4324,338.9776,325.2679,314.0642,305.1821,298.45,293.69,290.7125,289.3148,289.2787,290.3631,292.2942,294.7606,297.4196,299.9212,301.95,303.2816,303.8395,303.738,303.294,340.0,425.0,502.6772,127.92329999999998,514.2633000000001,11.043600000000026
423,423,423.0,423.0,423.0,423.0,423.0,423.0,423.0,423.0,423.0,423.0,423.0,423.0,423.0,423.0,423.0,423.0,423.0,423.0,423.0,423.0,423.0,423.0,423.0,423.0,423.0,423.0,423.0,423.0,423.0,423.0,423.0,423.0,423.0,423.0,423.0,423.0,423.0,423.0,423.0,423.0,423.0,423.0,423.0,423.0,423.0,423.0,,,,,,,,,,,,,,,,,,,,,,,,,,,,,0.3,330.5659,322.74,316.1914,310.6824,306.0583,302.2351,299.1851,296.9241,295.5038,295.0107,295.5732,297.3708,300.6429,305.6906,312.8674,322.5627,335.1852,351.1619,370.9759,395.2631,355.0,417.0,630.6005,63.11209999999994,386.34,11.043600000000026
424,424,424.0,424.0,424.0,424.0,424.0,424.0,424.0,424.0,424.0,424.0,424.0,424.0,424.0,424.0,424.0,424.0,424.0,424.0,424.0,424.0,424.0,424.0,424.0,424.0,424.0,424.0,424.0,424.0,424.0,424.0,424.0,424.0,424.0,424.0,424.0,424.0,424.0,424.0,424.0,424.0,424.0,424.0,424.0,424.0,424.0,424.0,,,,,,,,,,,,,,,,,,,,,,,,,,,,,0.4,342.177,331.5831,322.8814,315.8262,310.2344,305.9685,302.9287,301.0494,300.2988,300.6784,302.222,304.9937,309.0875,314.6275,321.7738,330.7332,341.7792,355.2844,371.769,391.9772,362.0,405.0,693.7126,43.19640000000004,323.2279000000001,11.043600000000026
425,425,425.0,425.0,425.0,425.0,425.0,425.0,425.0,425.0,425.0,425.0,425.0,425.0,425.0,425.0,425.0,425.0,425.0,425.0,425.0,425.0,425.0,425.0,425.0,425.0,425.0,425.0,425.0,425.0,425.0,425.0,425.0,425.0,425.0,425.0,425.0,425.0,425.0,425.0,425.0,425.0,425.0,425.0,425.0,425.0,425.0,425.0,,,,,,,,,,,,,,,,,,,,,,,,,,,,,0.5,348.287,337.0493,327.8857,320.5057,314.6952,310.2936,307.1806,305.2678,304.4945,304.8247,306.2467,308.7726,312.4415,317.3237,323.5307,331.2285,340.6576,352.1604,366.2191,383.5119,317.0,359.0,736.909,36.332,280.03150000000005,11.043600000000026
426,426,426.0,426.0,426.0,426.0,426.0,426.0,426.0,426.0,426.0,426.0,426.0,426.0,426.0,426.0,426.0,426.0,426.0,426.0,426.0,426.0,426.0,426.0,426.0,426.0,426.0,426.0,426.0,426.0,426.0,426.0,426.0,426.0,426.0,426.0,426.0,426.0,426.0,426.0,426.0,426.0,426.0,426.0,426.0,426.0,426.0,426.0,,,,,,,,,,,,,,,,,,,,,,,,,,,,,0.6,313.5979,311.0597,309.1223,307.5983,306.3812,305.4386,304.7956,304.5136,304.6676,305.3276,306.5457,308.3505,310.7506,313.744,317.3365,321.565,326.5241,332.3936,339.4618,348.1444,366.0,388.0,773.241,53.46839999999997,243.69950000000009,11.043600000000026
427,427,427.0,427.0,427.0,427.0,427.0,427.0,427.0,427.0,427.0,427.0,427.0,427.0,427.0,427.0,427.0,427.0,427.0,427.0,427.0,427.0,427.0,427.0,427.0,427.0,427.0,427.0,427.0,427.0,427.0,427.0,427.0,427.0,427.0,427.0,427.0,427.0,427.0,427.0,427.0,427.0,427.0,427.0,427.0,427.0,427.0,427.0,,,,,,,,,,,,,,,,,,,,,,,,,,,,,0.7,350.8069,338.33,328.2102,320.1759,313.9935,309.4425,306.3115,304.4054,303.5588,303.6499,304.6096,306.4282,309.1561,312.9013,317.8257,324.1399,332.1022,342.024,354.2883,369.389,351.0,367.0,826.7094,53.57310000000007,190.23110000000008,11.043600000000026
428,428,428.0,428.0,428.0,428.0,428.0,428.0,428.0,428.0,428.0,428.0,428.0,428.0,428.0,428.0,428.0,428.0,428.0,428.0,428.0,428.0,428.0,428.0,428.0,428.0,428.0,428.0,428.0,428.0,428.0,428.0,428.0,428.0,428.0,428.0,428.0,428.0,428.0,428.0,428.0,428.0,428.0,428.0,428.0,428.0,428.0,428.0,,,,,,,,,,,,,,,,,,,,,,,,,,,,,0.8,340.1932,331.4044,324.2581,318.4758,313.8563,310.2591,307.5903,305.7892,304.8185,304.6557,305.2885,306.7134,308.9369,311.9814,315.8935,320.7567,326.7069,333.9503,342.7832,353.6154,383.0,376.0,880.2825,65.25229999999999,136.65800000000002,11.043600000000026
429,429,429.0,429.0,429.0,429.0,429.0,429.0,429.0,429.0,429.0,429.0,429.0,429.0,429.0,429.0,429.0,429.0,429.0,429.0,429.0,429.0,429.0,429.0,429.0,429.0,429.0,429.0,429.0,429.0,429.0,429.0,429.0,429.0,429.0,429.0,429.0,429.0,429.0,429.0,429.0,429.0,429.0,429.0,429.0,429.0,429.0,429.0,,,,,,,,,,,,,,,,,,,,,,,,,,,,,0.9,364.8705,350.0826,338.0649,328.4048,320.7818,314.9299,310.6199,307.6547,305.871,305.1438,305.3903,306.5717,308.6942,311.8082,316.0084,321.4343,328.2744,336.7746,347.255,360.1389,381.0,404.0,945.5348,71.40570000000002,71.40570000000002,11.043600000000026
430,430,430.0,430.0,430.0,430.0,430.0,430.0,430.0,430.0,430.0,430.0,430.0,430.0,430.0,430.0,430.0,430.0,430.0,430.0,430.0,430.0,430.0,430.0,430.0,430.0,430.0,430.0,430.0,430.0,430.0,430.0,430.0,430.0,430.0,430.0,430.0,430.0,430.0,430.0,430.0,430.0,430.0,430.0,430.0,430.0,430.0,430.0,,,,,,,,,,,,,,,,,,,,,,,,,,,,,0.0,273.0,273.0,273.0,273.0,273.0,273.0,273.0,273.0,273.0,273.0,273.0,273.0,273.0,273.0,273.0,273.0,273.0,273.0,273.0,273.0,322.0,471.0,0.0,366.2234,978.598,10.93950000000001
431,431,431.0,431.0,431.0,431.0,431.0,431.0,431.0,431.0,431.0,431.0,431.0,431.0,431.0,431.0,431.0,431.0,431.0,431.0,431.0,431.0,431.0,431.0,431.0,431.0,431.0,431.0,431.0,431.0,431.0,431.0,431.0,431.0,431.0,431.0,431.0,431.0,431.0,431.0,431.0,431.0,431.0,431.0,431.0,431.0,431.0,431.0,,,,,,,,,,,,,,,,,,,,,,,,,,,,,0.1,312.0329,303.385,296.0482,290.0068,285.2154,281.5969,279.0579,277.5182,276.9468,277.3983,279.0422,282.1812,287.2508,294.7975,305.4369,319.8014,338.4989,362.1168,391.3132,427.0446,370.0,321.0,366.2234,134.46409999999997,612.3745999999999,10.93950000000001
432,432,432.0,432.0,432.0,432.0,432.0,432.0,432.0,432.0,432.0,432.0,432.0,432.0,432.0,432.0,432.0,432.0,432.0,432.0,432.0,432.0,432.0,432.0,432.0,432.0,432.0,432.0,432.0,432.0,432.0,432.0,432.0,432.0,432.0,432.0,432.0,432.0,432.0,432.0,432.0,432.0,432.0,432.0,432.0,432.0,432.0,432.0,,,,,,,,,,,,,,,,,,,,,,,,,,,,,0.2,351.5137,335.9383,322.9467,312.3253,303.9092,297.5446,293.0733,290.3284,289.1344,289.3055,290.6398,292.911,295.8643,299.2219,302.7043,306.0683,309.1569,311.9494,314.5997,317.448,341.0,422.0,500.6875,114.9909,477.9105,10.93950000000001
433,433,433.0,433.0,433.0,433.0,433.0,433.0,433.0,433.0,433.0,433.0,433.0,433.0,433.0,433.0,433.0,433.0,433.0,433.0,433.0,433.0,433.0,433.0,433.0,433.0,433.0,433.0,433.0,433.0,433.0,433.0,433.0,433.0,433.0,433.0,433.0,433.0,433.0,433.0,433.0,433.0,433.0,433.0,433.0,433.0,433.0,433.0,,,,,,,,,,,,,,,,,,,,,,,,,,,,,0.3,331.2043,323.0701,316.2786,310.6023,305.8917,302.0627,299.0826,296.9584,295.729,295.4648,296.2729,298.3049,301.7659,306.9164,314.0675,323.5696,335.8025,351.18,370.1866,393.4679,351.0,419.0,615.6784,59.770200000000045,362.9196,10.93950000000001
434,434,434.0,434.0,434.0,434.0,434.0,434.0,434.0,434.0,434.0,434.0,434.0,434.0,434.0,434.0,434.0,434.0,434.0,434.0,434.0,434.0,434.0,434.0,434.0,434.0,434.0,434.0,434.0,434.0,434.0,434.0,434.0,434.0,434.0,434.0,434.0,434.0,434.0,434.0,434.0,434.0,434.0,434.0,434.0,434.0,434.0,434.0,,,,,,,,,,,,,,,,,,,,,,,,,,,,,0.4,339.0693,329.2193,321.1348,314.5861,309.4036,305.4637,302.6805,301.0018,300.4081,300.9109,302.5526,305.4049,309.5692,315.1783,322.402,331.4585,342.634,356.3143,373.0343,393.5568,363.0,404.0,675.4486,41.49939999999992,303.1493999999999,10.93950000000001
435,435,435.0,435.0,435.0,435.0,435.0,435.0,435.0,435.0,435.0,435.0,435.0,435.0,435.0,435.0,435.0,435.0,435.0,435.0,435.0,435.0,435.0,435.0,435.0,435.0,435.0,435.0,435.0,435.0,435.0,435.0,435.0,435.0,435.0,435.0,435.0,435.0,435.0,435.0,435.0,435.0,435.0,435.0,435.0,435.0,435.0,435.0,,,,,,,,,,,,,,,,,,,,,,,,,,,,,0.5,348.9668,337.4599,328.0823,320.5464,314.6373,310.1895,307.0741,305.1915,304.4688,304.8584,306.3378,308.9098,312.605,317.4866,323.6594,331.2841,340.5974,351.9389,365.7893,382.8244,318.0,359.0,716.948,36.27150000000006,261.65,10.93950000000001
436,436,436.0,436.0,436.0,436.0,436.0,436.0,436.0,436.0,436.0,436.0,436.0,436.0,436.0,436.0,436.0,436.0,436.0,436.0,436.0,436.0,436.0,436.0,436.0,436.0,436.0,436.0,436.0,436.0,436.0,436.0,436.0,436.0,436.0,436.0,436.0,436.0,436.0,436.0,436.0,436.0,436.0,436.0,436.0,436.0,436.0,436.0,,,,,,,,,,,,,,,,,,,,,,,,,,,,,0.6,314.3934,311.681,309.5973,307.9533,306.6404,305.6238,304.926,304.605,304.7325,305.3749,306.5811,308.3773,310.77,313.7565,317.3424,321.565,326.5198,332.3872,339.4557,348.1408,366.0,390.0,753.2195,53.43619999999999,225.37849999999992,10.93950000000001
437,437,437.0,437.0,437.0,437.0,437.0,437.0,437.0,437.0,437.0,437.0,437.0,437.0,437.0,437.0,437.0,437.0,437.0,437.0,437.0,437.0,437.0,437.0,437.0,437.0,437.0,437.0,437.0,437.0,437.0,437.0,437.0,437.0,437.0,437.0,437.0,437.0,437.0,437.0,437.0,437.0,437.0,437.0,437.0,437.0,437.0,437.0,,,,,,,,,,,,,,,,,,,,,,,,,,,,,0.7,350.839,338.3914,328.2956,320.2783,314.1052,309.5565,306.4224,304.5105,303.6587,303.7485,304.7155,306.5546,309.3216,313.1311,318.1514,324.6004,332.7434,342.8991,355.459,370.9286,336.0,363.0,806.6557,50.57939999999997,171.94229999999993,10.93950000000001
438,438,438.0,438.0,438.0,438.0,438.0,438.0,438.0,438.0,438.0,438.0,438.0,438.0,438.0,438.0,438.0,438.0,438.0,438.0,438.0,438.0,438.0,438.0,438.0,438.0,438.0,438.0,438.0,438.0,438.0,438.0,438.0,438.0,438.0,438.0,438.0,438.0,438.0,438.0,438.0,438.0,438.0,438.0,438.0,438.0,438.0,438.0,,,,,,,,,,,,,,,,,,,,,,,,,,,,,0.8,328.4804,322.439,317.5605,313.6116,310.4348,307.9376,306.0784,304.8507,304.2677,304.3507,305.1206,306.5953,308.792,311.7333,315.4592,320.0416,325.6034,332.3377,340.5285,350.5717,322.0,360.0,857.2351,56.12689999999998,121.36289999999995,10.93950000000001
439,439,439.0,439.0,439.0,439.0,439.0,439.0,439.0,439.0,439.0,439.0,439.0,439.0,439.0,439.0,439.0,439.0,439.0,439.0,439.0,439.0,439.0,439.0,439.0,439.0,439.0,439.0,439.0,439.0,439.0,439.0,439.0,439.0,439.0,439.0,439.0,439.0,439.0,439.0,439.0,439.0,439.0,439.0,439.0,439.0,439.0,439.0,,,,,,,,,,,,,,,,,,,,,,,,,,,,,0.9,316.8759,312.8327,309.646,307.144,305.2051,303.7529,302.7485,302.1825,302.0663,302.4256,303.2963,304.7231,306.7611,309.4795,312.9676,317.3426,322.7591,329.4209,337.5958,347.6347,366.0,398.0,913.362,65.23599999999999,65.23599999999999,10.93950000000001
440,440,440.0,440.0,440.0,440.0,440.0,440.0,440.0,440.0,440.0,440.0,440.0,440.0,440.0,440.0,440.0,440.0,440.0,440.0,440.0,440.0,440.0,440.0,440.0,440.0,440.0,440.0,440.0,440.0,440.0,440.0,440.0,440.0,440.0,440.0,440.0,440.0,440.0,440.0,440.0,440.0,440.0,440.0,440.0,440.0,440.0,440.0,,,,,,,,,,,,,,,,,,,,,,,,,,,,,0.0,273.0,273.0,273.0,273.0,273.0,273.0,273.0,273.0,273.0,273.0,273.0,273.0,273.0,273.0,273.0,273.0,273.0,273.0,273.0,273.0,322.0,473.0,0.0,365.9216,866.129,15.198399999999992
441,441,441.0,441.0,441.0,441.0,441.0,441.0,441.0,441.0,441.0,441.0,441.0,441.0,441.0,441.0,441.0,441.0,441.0,441.0,441.0,441.0,441.0,441.0,441.0,441.0,441.0,441.0,441.0,441.0,441.0,441.0,441.0,441.0,441.0,441.0,441.0,441.0,441.0,441.0,441.0,441.0,441.0,441.0,441.0,441.0,441.0,441.0,,,,,,,,,,,,,,,,,,,,,,,,,,,,,0.1,312.0329,303.3851,296.0485,290.0073,285.2166,281.5993,279.0626,277.5272,276.9635,277.428,279.0931,282.2654,287.3849,295.0038,305.7436,320.2427,339.1156,362.9581,392.4409,428.5435,332.0,463.0,365.9216,124.09109999999998,500.2074,15.198399999999992
442,442,442.0,442.0,442.0,442.0,442.0,442.0,442.0,442.0,442.0,442.0,442.0,442.0,442.0,442.0,442.0,442.0,442.0,442.0,442.0,442.0,442.0,442.0,442.0,442.0,442.0,442.0,442.0,442.0,442.0,442.0,442.0,442.0,442.0,442.0,442.0,442.0,442.0,442.0,442.0,442.0,442.0,442.0,442.0,442.0,442.0,442.0,,,,,,,,,,,,,,,,,,,,,,,,,,,,,0.2,321.769,313.0606,305.7455,299.7443,295.0112,291.5252,289.2872,288.3202,288.6722,290.4168,293.6551,298.5146,305.1497,313.7459,324.529,337.7871,353.9077,373.4393,397.1914,426.3977,349.0,424.0,490.0127,44.55809999999997,376.1163,15.198399999999992
443,443,443.0,443.0,443.0,443.0,443.0,443.0,443.0,443.0,443.0,443.0,443.0,443.0,443.0,443.0,443.0,443.0,443.0,443.0,443.0,443.0,443.0,443.0,443.0,443.0,443.0,443.0,443.0,443.0,443.0,443.0,443.0,443.0,443.0,443.0,443.0,443.0,443.0,443.0,443.0,443.0,443.0,443.0,443.0,443.0,443.0,443.0,,,,,,,,,,,,,,,,,,,,,,,,,,,,,0.3,336.4413,325.965,317.3421,310.4167,305.0768,301.236,298.824,297.7832,298.0675,299.6426,302.4868,306.5929,311.9727,318.6674,326.7644,336.4232,347.9088,361.6356,378.2234,398.5752,350.0,421.0,534.5708,32.64570000000003,331.55820000000006,15.198399999999992
444,444,444.0,444.0,444.0,444.0,444.0,444.0,444.0,444.0,444.0,444.0,444.0,444.0,444.0,444.0,444.0,444.0,444.0,444.0,444.0,444.0,444.0,444.0,444.0,444.0,444.0,444.0,444.0,444.0,444.0,444.0,444.0,444.0,444.0,444.0,444.0,444.0,444.0,444.0,444.0,444.0,444.0,444.0,444.0,444.0,444.0,444.0,,,,,,,,,,,,,,,,,,,,,,,,,,,,,0.4,338.4621,328.981,321.2598,315.086,310.3066,306.8113,304.521,303.3806,303.355,304.428,306.6034,309.9085,314.4002,320.1736,327.3741,336.214,346.9945,360.1385,376.2372,396.1245,364.0,399.0,567.2165,32.79129999999998,298.9125,15.198399999999992
445,445,445.0,445.0,445.0,445.0,445.0,445.0,445.0,445.0,445.0,445.0,445.0,445.0,445.0,445.0,445.0,445.0,445.0,445.0,445.0,445.0,445.0,445.0,445.0,445.0,445.0,445.0,445.0,445.0,445.0,445.0,445.0,445.0,445.0,445.0,445.0,445.0,445.0,445.0,445.0,445.0,445.0,445.0,445.0,445.0,445.0,445.0,,,,,,,,,,,,,,,,,,,,,,,,,,,,,0.5,349.9105,338.3958,329.0584,321.6098,315.8309,311.5485,308.6214,306.9342,306.3946,306.933,308.5026,311.081,314.6733,319.318,325.0982,332.1563,340.7156,351.1065,363.801,379.4591,369.0,374.0,600.0078,42.81119999999999,266.12120000000004,15.198399999999992
446,446,446.0,446.0,446.0,446.0,446.0,446.0,446.0,446.0,446.0,446.0,446.0,446.0,446.0,446.0,446.0,446.0,446.0,446.0,446.0,446.0,446.0,446.0,446.0,446.0,446.0,446.0,446.0,446.0,446.0,446.0,446.0,446.0,446.0,446.0,446.0,446.0,446.0,446.0,446.0,446.0,446.0,446.0,446.0,446.0,446.0,446.0,,,,,,,,,,,,,,,,,,,,,,,,,,,,,0.6,354.4116,342.5539,332.9512,325.2558,319.2069,314.6037,311.2877,309.1321,308.0343,307.9117,308.6994,310.3495,312.8342,316.1506,320.3311,325.4573,331.6776,339.2271,348.4501,359.8254,382.0,399.0,642.819,60.03050000000008,223.3100000000001,15.198399999999992
447,447,447.0,447.0,447.0,447.0,447.0,447.0,447.0,447.0,447.0,447.0,447.0,447.0,447.0,447.0,447.0,447.0,447.0,447.0,447.0,447.0,447.0,447.0,447.0,447.0,447.0,447.0,447.0,447.0,447.0,447.0,447.0,447.0,447.0,447.0,447.0,447.0,447.0,447.0,447.0,447.0,447.0,447.0,447.0,447.0,447.0,447.0,,,,,,,,,,,,,,,,,,,,,,,,,,,,,0.7,364.7736,350.8054,339.4939,330.4035,323.2068,317.6484,313.5259,310.68,308.9914,308.3818,308.8159,310.3043,312.9059,316.7291,321.9325,328.7263,337.3766,348.2183,361.6813,378.3401,376.0,423.0,702.8495,60.51919999999996,163.27949999999998,15.198399999999992
448,448,448.0,448.0,448.0,448.0,448.0,448.0,448.0,448.0,448.0,448.0,448.0,448.0,448.0,448.0,448.0,448.0,448.0,448.0,448.0,448.0,448.0,448.0,448.0,448.0,448.0,448.0,448.0,448.0,448.0,448.0,448.0,448.0,448.0,448.0,448.0,448.0,448.0,448.0,448.0,448.0,448.0,448.0,448.0,448.0,448.0,448.0,,,,,,,,,,,,,,,,,,,,,,,,,,,,,0.8,360.5828,348.1286,338.0521,329.9274,323.4452,318.384,314.59,311.965,310.4569,310.0561,310.7931,312.7398,316.0108,320.7663,327.2148,335.6198,346.3117,359.7124,376.3816,397.098,376.0,420.0,763.3687,52.01729999999998,102.76030000000004,15.198399999999992
449,449,449.0,449.0,449.0,449.0,449.0,449.0,449.0,449.0,449.0,449.0,449.0,449.0,449.0,449.0,449.0,449.0,449.0,449.0,449.0,449.0,449.0,449.0,449.0,449.0,449.0,449.0,449.0,449.0,449.0,449.0,449.0,449.0,449.0,449.0,449.0,449.0,449.0,449.0,449.0,449.0,449.0,449.0,449.0,449.0,449.0,449.0,,,,,,,,,,,,,,,,,,,,,,,,,,,,,0.9,360.5984,348.1751,338.1578,330.1308,323.79,318.915,315.3499,312.99,311.7744,311.679,312.7142,314.9233,318.3837,323.2111,329.5676,337.6739,347.8304,360.4469,376.0901,395.5576,376.0,420.0,815.386,50.74300000000005,50.74300000000005,15.198399999999992
450,450,450.0,450.0,450.0,450.0,450.0,450.0,450.0,450.0,450.0,450.0,450.0,450.0,450.0,450.0,450.0,450.0,450.0,450.0,450.0,450.0,450.0,450.0,450.0,450.0,450.0,450.0,450.0,450.0,450.0,450.0,450.0,450.0,450.0,450.0,450.0,450.0,450.0,450.0,450.0,450.0,450.0,450.0,450.0,450.0,450.0,450.0,,,,,,,,,,,,,,,,,,,,,,,,,,,,,0.0,273.0,273.0,273.0,273.0,273.0,273.0,273.0,273.0,273.0,273.0,273.0,273.0,273.0,273.0,273.0,273.0,273.0,273.0,273.0,273.0,323.0,473.0,0.0,365.6322,869.7684,16.199799999999982
451,451,451.0,451.0,451.0,451.0,451.0,451.0,451.0,451.0,451.0,451.0,451.0,451.0,451.0,451.0,451.0,451.0,451.0,451.0,451.0,451.0,451.0,451.0,451.0,451.0,451.0,451.0,451.0,451.0,451.0,451.0,451.0,451.0,451.0,451.0,451.0,451.0,451.0,451.0,451.0,451.0,451.0,451.0,451.0,451.0,451.0,451.0,,,,,,,,,,,,,,,,,,,,,,,,,,,,,0.1,312.8242,303.9985,296.5124,290.3487,285.4602,281.7677,279.1751,277.5997,277.0087,277.4551,279.1088,282.2741,287.3897,295.0063,305.7448,320.2432,339.1159,362.9582,392.4409,428.5435,333.0,461.0,365.6322,123.3191,504.1362,16.199799999999982
452,452,452.0,452.0,452.0,452.0,452.0,452.0,452.0,452.0,452.0,452.0,452.0,452.0,452.0,452.0,452.0,452.0,452.0,452.0,452.0,452.0,452.0,452.0,452.0,452.0,452.0,452.0,452.0,452.0,452.0,452.0,452.0,452.0,452.0,452.0,452.0,452.0,452.0,452.0,452.0,452.0,452.0,452.0,452.0,452.0,452.0,452.0,,,,,,,,,,,,,,,,,,,,,,,,,,,,,0.2,322.5888,313.7301,306.2889,300.1814,295.3587,291.7973,289.4956,288.4746,288.779,290.4797,293.6734,298.4829,305.0569,313.5742,324.2536,337.3755,353.3188,372.6223,396.0812,424.9067,348.0,429.0,488.9513,45.0342,380.8171,16.199799999999982
453,453,453.0,453.0,453.0,453.0,453.0,453.0,453.0,453.0,453.0,453.0,453.0,453.0,453.0,453.0,453.0,453.0,453.0,453.0,453.0,453.0,453.0,453.0,453.0,453.0,453.0,453.0,453.0,453.0,453.0,453.0,453.0,453.0,453.0,453.0,453.0,453.0,453.0,453.0,453.0,453.0,453.0,453.0,453.0,453.0,453.0,453.0,,,,,,,,,,,,,,,,,,,,,,,,,,,,,0.3,335.6987,325.4398,316.9956,310.211,304.9759,301.2071,298.8399,297.8236,298.1207,299.7073,302.5738,306.7269,312.1951,319.0381,327.3636,337.3523,349.2906,363.6158,380.975,402.3107,348.0,425.0,533.9855,31.42960000000005,335.78290000000004,16.199799999999982
454,454,454.0,454.0,454.0,454.0,454.0,454.0,454.0,454.0,454.0,454.0,454.0,454.0,454.0,454.0,454.0,454.0,454.0,454.0,454.0,454.0,454.0,454.0,454.0,454.0,454.0,454.0,454.0,454.0,454.0,454.0,454.0,454.0,454.0,454.0,454.0,454.0,454.0,454.0,454.0,454.0,454.0,454.0,454.0,454.0,454.0,454.0,,,,,,,,,,,,,,,,,,,,,,,,,,,,,0.4,336.8845,327.7552,320.3271,314.3965,309.8179,306.4885,304.3369,303.3164,303.4007,304.5822,306.8731,310.3091,314.9545,320.9122,328.3355,337.4459,348.557,362.1088,378.7188,399.2611,366.0,400.0,565.4151,31.31439999999997,304.3533,16.199799999999982
455,455,455.0,455.0,455.0,455.0,455.0,455.0,455.0,455.0,455.0,455.0,455.0,455.0,455.0,455.0,455.0,455.0,455.0,455.0,455.0,455.0,455.0,455.0,455.0,455.0,455.0,455.0,455.0,455.0,455.0,455.0,455.0,455.0,455.0,455.0,455.0,455.0,455.0,455.0,455.0,455.0,455.0,455.0,455.0,455.0,455.0,455.0,,,,,,,,,,,,,,,,,,,,,,,,,,,,,0.5,351.4124,339.4866,329.8186,322.1159,316.1553,311.7571,308.7716,307.0734,306.5598,307.1513,308.7918,311.4508,315.1264,319.8514,325.7042,332.8249,341.4372,351.876,364.6221,380.3503,383.0,374.0,596.7295,45.787199999999984,273.0389,16.199799999999982
456,456,456.0,456.0,456.0,456.0,456.0,456.0,456.0,456.0,456.0,456.0,456.0,456.0,456.0,456.0,456.0,456.0,456.0,456.0,456.0,456.0,456.0,456.0,456.0,456.0,456.0,456.0,456.0,456.0,456.0,456.0,456.0,456.0,456.0,456.0,456.0,456.0,456.0,456.0,456.0,456.0,456.0,456.0,456.0,456.0,456.0,456.0,,,,,,,,,,,,,,,,,,,,,,,,,,,,,0.6,365.2853,350.8953,339.2434,329.9098,322.5787,316.9998,312.9659,310.3022,308.86,308.515,309.1664,310.7373,313.1767,316.4648,320.6218,325.721,331.9061,339.4101,348.5781,359.8913,378.0,420.0,642.5167,64.19819999999993,227.25170000000003,16.199799999999982
457,457,457.0,457.0,457.0,457.0,457.0,457.0,457.0,457.0,457.0,457.0,457.0,457.0,457.0,457.0,457.0,457.0,457.0,457.0,457.0,457.0,457.0,457.0,457.0,457.0,457.0,457.0,457.0,457.0,457.0,457.0,457.0,457.0,457.0,457.0,457.0,457.0,457.0,457.0,457.0,457.0,457.0,457.0,457.0,457.0,457.0,457.0,,,,,,,,,,,,,,,,,,,,,,,,,,,,,0.7,362.0905,349.2308,338.8203,330.4226,323.7183,318.474,314.5222,311.7483,310.0841,309.5053,310.033,311.7371,314.7393,319.2154,325.3955,333.5639,344.0639,357.3141,373.8479,394.3911,379.0,420.0,706.7149,55.70700000000011,163.0535000000001,16.199799999999982
458,458,458.0,458.0,458.0,458.0,458.0,458.0,458.0,458.0,458.0,458.0,458.0,458.0,458.0,458.0,458.0,458.0,458.0,458.0,458.0,458.0,458.0,458.0,458.0,458.0,458.0,458.0,458.0,458.0,458.0,458.0,458.0,458.0,458.0,458.0,458.0,458.0,458.0,458.0,458.0,458.0,458.0,458.0,458.0,458.0,458.0,458.0,,,,,,,,,,,,,,,,,,,,,,,,,,,,,0.8,362.9346,349.9702,339.5049,331.1028,324.4455,319.3011,315.5043,312.9434,311.5519,311.3031,312.207,314.3089,317.6906,322.4729,328.8232,336.9659,347.2018,359.9377,375.7328,395.3739,379.0,425.0,762.4219,54.0086,107.3465,16.199799999999982
459,459,459.0,459.0,459.0,459.0,459.0,459.0,459.0,459.0,459.0,459.0,459.0,459.0,459.0,459.0,459.0,459.0,459.0,459.0,459.0,459.0,459.0,459.0,459.0,459.0,459.0,459.0,459.0,459.0,459.0,459.0,459.0,459.0,459.0,459.0,459.0,459.0,459.0,459.0,459.0,459.0,459.0,459.0,459.0,459.0,459.0,459.0,,,,,,,,,,,,,,,,,,,,,,,,,,,,,0.9,363.0529,350.2088,339.8668,331.5918,325.0658,320.0571,316.4004,313.9831,312.7374,312.6346,313.6832,315.9285,319.4548,324.3898,330.912,339.263,349.7662,362.8582,379.1372,399.4444,377.0,430.0,816.4305,53.33789999999999,53.33789999999999,16.199799999999982
460,460,460.0,460.0,460.0,460.0,460.0,460.0,460.0,460.0,460.0,460.0,460.0,460.0,460.0,460.0,460.0,460.0,460.0,460.0,460.0,460.0,460.0,460.0,460.0,460.0,460.0,460.0,460.0,460.0,460.0,460.0,460.0,460.0,460.0,460.0,460.0,460.0,460.0,460.0,460.0,460.0,460.0,460.0,460.0,460.0,460.0,460.0,,,,,,,,,,,,,,,,,,,,,,,,,,,,,0.0,273.0,273.0,273.0,273.0,273.0,273.0,273.0,273.0,273.0,273.0,273.0,273.0,273.0,273.0,273.0,273.0,273.0,273.0,273.0,273.0,323.0,473.0,0.0,365.6322,870.4037,13.72520000000003
461,461,461.0,461.0,461.0,461.0,461.0,461.0,461.0,461.0,461.0,461.0,461.0,461.0,461.0,461.0,461.0,461.0,461.0,461.0,461.0,461.0,461.0,461.0,461.0,461.0,461.0,461.0,461.0,461.0,461.0,461.0,461.0,461.0,461.0,461.0,461.0,461.0,461.0,461.0,461.0,461.0,461.0,461.0,461.0,461.0,461.0,461.0,,,,,,,,,,,,,,,,,,,,,,,,,,,,,0.1,312.8242,303.9985,296.5124,290.3487,285.4602,281.7677,279.1751,277.5997,277.0087,277.4551,279.1088,282.2741,287.3897,295.0063,305.7448,320.2432,339.1159,362.9582,392.4409,428.5435,331.0,462.0,365.6322,123.608,504.7715,13.72520000000003
462,462,462.0,462.0,462.0,462.0,462.0,462.0,462.0,462.0,462.0,462.0,462.0,462.0,462.0,462.0,462.0,462.0,462.0,462.0,462.0,462.0,462.0,462.0,462.0,462.0,462.0,462.0,462.0,462.0,462.0,462.0,462.0,462.0,462.0,462.0,462.0,462.0,462.0,462.0,462.0,462.0,462.0,462.0,462.0,462.0,462.0,462.0,,,,,,,,,,,,,,,,,,,,,,,,,,,,,0.2,321.0139,312.5143,305.3725,299.5093,294.8805,291.4683,289.2777,288.337,288.6987,290.4407,293.6665,298.505,305.1105,313.6665,324.3964,337.5851,353.6159,373.0325,396.6374,425.6528,344.0,434.0,489.2402,45.43009999999998,381.1635,13.72520000000003
463,463,463.0,463.0,463.0,463.0,463.0,463.0,463.0,463.0,463.0,463.0,463.0,463.0,463.0,463.0,463.0,463.0,463.0,463.0,463.0,463.0,463.0,463.0,463.0,463.0,463.0,463.0,463.0,463.0,463.0,463.0,463.0,463.0,463.0,463.0,463.0,463.0,463.0,463.0,463.0,463.0,463.0,463.0,463.0,463.0,463.0,463.0,,,,,,,,,,,,,,,,,,,,,,,,,,,,,0.3,332.5054,322.9157,315.0265,308.699,303.8362,300.3672,298.2391,297.4141,297.868,299.5905,302.5863,306.8774,312.5083,319.5559,328.1463,338.4791,350.8619,365.7559,383.8396,406.1027,347.0,424.0,534.6703,29.92330000000004,335.7334,13.72520000000003
464,464,464.0,464.0,464.0,464.0,464.0,464.0,464.0,464.0,464.0,464.0,464.0,464.0,464.0,464.0,464.0,464.0,464.0,464.0,464.0,464.0,464.0,464.0,464.0,464.0,464.0,464.0,464.0,464.0,464.0,464.0,464.0,464.0,464.0,464.0,464.0,464.0,464.0,464.0,464.0,464.0,464.0,464.0,464.0,464.0,464.0,464.0,,,,,,,,,,,,,,,,,,,,,,,,,,,,,0.4,335.9693,326.9015,319.5283,313.6576,309.1514,305.9095,303.8601,302.953,303.1572,304.4592,306.8644,310.4006,315.1235,321.1259,328.5512,337.612,348.6151,361.9969,378.374,398.6213,361.0,405.0,564.5936,30.0684,305.8100999999999,13.72520000000003
465,465,465.0,465.0,465.0,465.0,465.0,465.0,465.0,465.0,465.0,465.0,465.0,465.0,465.0,465.0,465.0,465.0,465.0,465.0,465.0,465.0,465.0,465.0,465.0,465.0,465.0,465.0,465.0,465.0,465.0,465.0,465.0,465.0,465.0,465.0,465.0,465.0,465.0,465.0,465.0,465.0,465.0,465.0,465.0,465.0,465.0,465.0,,,,,,,,,,,,,,,,,,,,,,,,,,,,,0.5,347.4631,336.394,327.425,320.2887,314.7816,310.7418,308.0369,306.5586,306.2209,306.9605,308.7377,311.5388,315.3794,320.3115,326.4339,333.9084,342.9808,354.0091,367.501,384.1663,347.0,366.0,594.662,34.81899999999996,275.7416999999999,13.72520000000003
466,466,466.0,466.0,466.0,466.0,466.0,466.0,466.0,466.0,466.0,466.0,466.0,466.0,466.0,466.0,466.0,466.0,466.0,466.0,466.0,466.0,466.0,466.0,466.0,466.0,466.0,466.0,466.0,466.0,466.0,466.0,466.0,466.0,466.0,466.0,466.0,466.0,466.0,466.0,466.0,466.0,466.0,466.0,466.0,466.0,466.0,466.0,,,,,,,,,,,,,,,,,,,,,,,,,,,,,0.6,337.1925,329.272,322.896,317.8105,313.8325,310.8358,308.7365,307.4797,307.0281,307.3518,308.423,310.2129,312.6955,315.8548,319.6996,324.2818,329.7195,336.2209,344.1064,353.8298,387.0,372.0,629.481,57.13160000000005,240.9227,13.72520000000003
467,467,467.0,467.0,467.0,467.0,467.0,467.0,467.0,467.0,467.0,467.0,467.0,467.0,467.0,467.0,467.0,467.0,467.0,467.0,467.0,467.0,467.0,467.0,467.0,467.0,467.0,467.0,467.0,467.0,467.0,467.0,467.0,467.0,467.0,467.0,467.0,467.0,467.0,467.0,467.0,467.0,467.0,467.0,467.0,467.0,467.0,467.0,,,,,,,,,,,,,,,,,,,,,,,,,,,,,0.7,367.9927,352.5201,339.9878,329.9684,322.1261,316.1752,311.8614,308.9576,307.2684,306.6363,306.9474,308.1343,310.1776,313.1059,316.9962,321.9746,328.2209,335.9761,345.5567,357.3792,377.0,416.0,686.6126,70.41789999999992,183.79109999999991,13.72520000000003
468,468,468.0,468.0,468.0,468.0,468.0,468.0,468.0,468.0,468.0,468.0,468.0,468.0,468.0,468.0,468.0,468.0,468.0,468.0,468.0,468.0,468.0,468.0,468.0,468.0,468.0,468.0,468.0,468.0,468.0,468.0,468.0,468.0,468.0,468.0,468.0,468.0,468.0,468.0,468.0,468.0,468.0,468.0,468.0,468.0,468.0,468.0,,,,,,,,,,,,,,,,,,,,,,,,,,,,,0.8,361.2665,348.5294,338.1875,329.8044,323.0628,317.7349,313.6613,310.7375,308.906,308.1524,308.5064,310.0441,312.8905,317.2209,323.2603,331.2829,341.6153,354.6517,370.8913,391.0119,381.0,413.0,757.0305,57.79460000000006,113.3732,13.72520000000003
469,469,469.0,469.0,469.0,469.0,469.0,469.0,469.0,469.0,469.0,469.0,469.0,469.0,469.0,469.0,469.0,469.0,469.0,469.0,469.0,469.0,469.0,469.0,469.0,469.0,469.0,469.0,469.0,469.0,469.0,469.0,469.0,469.0,469.0,469.0,469.0,469.0,469.0,469.0,469.0,469.0,469.0,469.0,469.0,469.0,469.0,469.0,,,,,,,,,,,,,,,,,,,,,,,,,,,,,0.9,364.3781,350.9444,340.081,331.3416,324.3994,319.0143,315.0124,312.2729,310.7196,310.316,311.0617,312.9904,316.1707,320.708,326.751,334.502,344.2351,356.3232,371.2801,389.8269,375.0,431.0,814.8251,55.57859999999994,55.57859999999994,13.72520000000003
470,470,470.0,470.0,470.0,470.0,470.0,470.0,470.0,470.0,470.0,470.0,470.0,470.0,470.0,470.0,470.0,470.0,470.0,470.0,470.0,470.0,470.0,470.0,470.0,470.0,470.0,470.0,470.0,470.0,470.0,470.0,470.0,470.0,470.0,470.0,470.0,470.0,470.0,470.0,470.0,470.0,470.0,470.0,470.0,470.0,470.0,470.0,,,,,,,,,,,,,,,,,,,,,,,,,,,,,0.0,273.0,273.0,273.0,273.0,273.0,273.0,273.0,273.0,273.0,273.0,273.0,273.0,273.0,273.0,273.0,273.0,273.0,273.0,273.0,273.0,321.0,473.0,0.0,366.2136,866.434,14.648400000000038
471,471,471.0,471.0,471.0,471.0,471.0,471.0,471.0,471.0,471.0,471.0,471.0,471.0,471.0,471.0,471.0,471.0,471.0,471.0,471.0,471.0,471.0,471.0,471.0,471.0,471.0,471.0,471.0,471.0,471.0,471.0,471.0,471.0,471.0,471.0,471.0,471.0,471.0,471.0,471.0,471.0,471.0,471.0,471.0,471.0,471.0,471.0,,,,,,,,,,,,,,,,,,,,,,,,,,,,,0.1,311.2415,302.7715,295.5842,289.6658,284.9728,281.4308,278.9501,277.4546,276.9183,277.4009,279.0774,282.2566,287.3802,295.0014,305.7424,320.2421,339.1153,362.958,392.4408,428.5435,336.0,459.0,366.2136,124.0711,500.2204,14.648400000000038
472,472,472.0,472.0,472.0,472.0,472.0,472.0,472.0,472.0,472.0,472.0,472.0,472.0,472.0,472.0,472.0,472.0,472.0,472.0,472.0,472.0,472.0,472.0,472.0,472.0,472.0,472.0,472.0,472.0,472.0,472.0,472.0,472.0,472.0,472.0,472.0,472.0,472.0,472.0,472.0,472.0,472.0,472.0,472.0,472.0,472.0,472.0,,,,,,,,,,,,,,,,,,,,,,,,,,,,,0.2,324.8847,315.4283,307.4909,300.9852,295.8562,292.0711,289.6154,288.495,288.739,290.4033,293.5712,298.3536,304.8891,313.3473,323.9391,336.937,352.712,371.7934,394.9635,423.4118,345.0,427.0,490.2847,45.19800000000004,376.1493,14.648400000000038
473,473,473.0,473.0,473.0,473.0,473.0,473.0,473.0,473.0,473.0,473.0,473.0,473.0,473.0,473.0,473.0,473.0,473.0,473.0,473.0,473.0,473.0,473.0,473.0,473.0,473.0,473.0,473.0,473.0,473.0,473.0,473.0,473.0,473.0,473.0,473.0,473.0,473.0,473.0,473.0,473.0,473.0,473.0,473.0,473.0,473.0,473.0,,,,,,,,,,,,,,,,,,,,,,,,,,,,,0.3,333.4201,323.7666,315.8181,309.4243,304.4814,300.9164,298.6776,297.7289,298.0472,299.6207,302.4489,306.5445,311.9383,318.69,326.9048,336.7585,348.5312,362.6507,379.7504,400.7523,349.0,423.0,535.4827,32.198999999999955,330.95129999999995,14.648400000000038
474,474,474.0,474.0,474.0,474.0,474.0,474.0,474.0,474.0,474.0,474.0,474.0,474.0,474.0,474.0,474.0,474.0,474.0,474.0,474.0,474.0,474.0,474.0,474.0,474.0,474.0,474.0,474.0,474.0,474.0,474.0,474.0,474.0,474.0,474.0,474.0,474.0,474.0,474.0,474.0,474.0,474.0,474.0,474.0,474.0,474.0,474.0,,,,,,,,,,,,,,,,,,,,,,,,,,,,,0.4,337.591,328.2115,320.5778,314.4863,309.789,306.3776,304.1728,303.1183,303.1783,304.3369,306.5991,309.9952,314.5856,320.4695,327.7971,336.7856,347.7431,361.1011,377.4641,397.6864,365.0,401.0,567.6817,32.06460000000004,298.7523,14.648400000000038
475,475,475.0,475.0,475.0,475.0,475.0,475.0,475.0,475.0,475.0,475.0,475.0,475.0,475.0,475.0,475.0,475.0,475.0,475.0,475.0,475.0,475.0,475.0,475.0,475.0,475.0,475.0,475.0,475.0,475.0,475.0,475.0,475.0,475.0,475.0,475.0,475.0,475.0,475.0,475.0,475.0,475.0,475.0,475.0,475.0,475.0,475.0,,,,,,,,,,,,,,,,,,,,,,,,,,,,,0.5,350.6362,338.8917,329.367,321.773,315.8893,311.5402,308.5808,306.8909,306.3735,306.9547,308.5843,311.2379,314.9199,319.6699,325.5733,332.7766,341.5091,352.1095,365.0617,381.0434,366.0,373.0,599.7463,41.336599999999976,266.68769999999995,14.648400000000038
476,476,476.0,476.0,476.0,476.0,476.0,476.0,476.0,476.0,476.0,476.0,476.0,476.0,476.0,476.0,476.0,476.0,476.0,476.0,476.0,476.0,476.0,476.0,476.0,476.0,476.0,476.0,476.0,476.0,476.0,476.0,476.0,476.0,476.0,476.0,476.0,476.0,476.0,476.0,476.0,476.0,476.0,476.0,476.0,476.0,476.0,476.0,,,,,,,,,,,,,,,,,,,,,,,,,,,,,0.6,352.1022,340.8114,331.6709,324.3461,318.5876,314.2063,311.056,309.022,308.0127,307.9543,308.7872,310.4658,312.9609,316.2659,320.4077,325.4616,331.5706,338.9659,347.9895,359.1192,380.0,396.0,641.0829,58.47640000000001,225.3511,14.648400000000038
477,477,477.0,477.0,477.0,477.0,477.0,477.0,477.0,477.0,477.0,477.0,477.0,477.0,477.0,477.0,477.0,477.0,477.0,477.0,477.0,477.0,477.0,477.0,477.0,477.0,477.0,477.0,477.0,477.0,477.0,477.0,477.0,477.0,477.0,477.0,477.0,477.0,477.0,477.0,477.0,477.0,477.0,477.0,477.0,477.0,477.0,477.0,,,,,,,,,,,,,,,,,,,,,,,,,,,,,0.7,363.1566,349.491,338.4248,329.5378,322.5122,317.0984,313.0967,310.3488,308.7345,308.1737,308.6281,310.1043,312.656,316.3854,321.4437,328.0333,336.4117,346.9037,359.9259,376.0336,377.0,420.0,699.5593,60.487300000000005,166.87469999999996,14.648400000000038
478,478,478.0,478.0,478.0,478.0,478.0,478.0,478.0,478.0,478.0,478.0,478.0,478.0,478.0,478.0,478.0,478.0,478.0,478.0,478.0,478.0,478.0,478.0,478.0,478.0,478.0,478.0,478.0,478.0,478.0,478.0,478.0,478.0,478.0,478.0,478.0,478.0,478.0,478.0,478.0,478.0,478.0,478.0,478.0,478.0,478.0,478.0,,,,,,,,,,,,,,,,,,,,,,,,,,,,,0.8,361.2776,348.5665,338.2784,329.9861,323.3772,318.2248,314.3681,311.6997,310.158,309.7237,310.4189,312.3075,315.4976,320.1431,326.4467,334.6652,345.1206,358.2227,374.513,394.7417,378.0,417.0,760.0466,53.36329999999998,106.38739999999996,14.648400000000038
479,479,479.0,479.0,479.0,479.0,479.0,479.0,479.0,479.0,479.0,479.0,479.0,479.0,479.0,479.0,479.0,479.0,479.0,479.0,479.0,479.0,479.0,479.0,479.0,479.0,479.0,479.0,479.0,479.0,479.0,479.0,479.0,479.0,479.0,479.0,479.0,479.0,479.0,479.0,479.0,479.0,479.0,479.0,479.0,479.0,479.0,479.0,,,,,,,,,,,,,,,,,,,,,,,,,,,,,0.9,362.1366,349.3352,339.006,330.7214,324.1688,319.1199,315.4113,312.9313,311.6114,311.4205,312.362,314.4725,317.8231,322.523,328.7268,336.6475,346.5748,358.9048,374.1844,393.1814,377.0,424.0,813.4099,53.024099999999976,53.024099999999976,14.648400000000038
480,480,480.0,480.0,480.0,480.0,480.0,480.0,480.0,480.0,480.0,480.0,480.0,480.0,480.0,480.0,480.0,480.0,480.0,480.0,480.0,480.0,480.0,480.0,480.0,480.0,480.0,480.0,480.0,480.0,480.0,480.0,480.0,480.0,480.0,480.0,480.0,480.0,480.0,480.0,480.0,480.0,480.0,480.0,480.0,480.0,480.0,,,,,,,,,,,,,,,,,,,,,,,,,,,,,,0.0,273.0,273.0,273.0,273.0,273.0,273.0,273.0,273.0,273.0,273.0,273.0,273.0,273.0,273.0,273.0,273.0,273.0,273.0,273.0,273.0,336.0,472.0,0.0,362.2663,815.3071,6.429300000000012
481,481,481.0,481.0,481.0,481.0,481.0,481.0,481.0,481.0,481.0,481.0,481.0,481.0,481.0,481.0,481.0,481.0,481.0,481.0,481.0,481.0,481.0,481.0,481.0,481.0,481.0,481.0,481.0,481.0,481.0,481.0,481.0,481.0,481.0,481.0,481.0,481.0,481.0,481.0,481.0,481.0,481.0,481.0,481.0,481.0,481.0,,,,,,,,,,,,,,,,,,,,,,,,,,,,,,0.1,323.0897,311.9468,302.5212,294.7686,288.6147,283.947,280.6297,278.5353,277.5857,277.7918,279.287,282.3458,287.3838,294.9349,305.6074,320.0304,338.8112,362.5393,391.878,427.7945,386.0,334.0,362.2663,124.42579999999998,453.0408,6.429300000000012
482,482,482.0,482.0,482.0,482.0,482.0,482.0,482.0,482.0,482.0,482.0,482.0,482.0,482.0,482.0,482.0,482.0,482.0,482.0,482.0,482.0,482.0,482.0,482.0,482.0,482.0,482.0,482.0,482.0,482.0,482.0,482.0,482.0,482.0,482.0,482.0,482.0,482.0,482.0,482.0,482.0,482.0,482.0,482.0,482.0,482.0,,,,,,,,,,,,,,,,,,,,,,,,,,,,,,0.2,364.3575,346.264,331.2261,318.9246,309.1256,301.6293,296.2446,292.7804,291.0442,290.8399,291.9629,294.1928,297.2904,301.0024,305.0814,309.3211,313.6015,317.9365,322.5094,327.6859,303.0,473.0,486.6921,99.35770000000002,328.615,6.429300000000012
483,483,483.0,483.0,483.0,483.0,483.0,483.0,483.0,483.0,483.0,483.0,483.0,483.0,483.0,483.0,483.0,483.0,483.0,483.0,483.0,483.0,483.0,483.0,483.0,483.0,483.0,483.0,483.0,483.0,483.0,483.0,483.0,483.0,483.0,483.0,483.0,483.0,483.0,483.0,483.0,483.0,483.0,483.0,483.0,483.0,483.0,,,,,,,,,,,,,,,,,,,,,,,,,,,,,,0.3,301.9225,301.2435,300.6763,300.0356,299.2525,298.3694,297.52,296.9035,296.7614,297.365,299.0136,302.0417,306.8283,313.8021,323.4391,336.2557,352.8106,373.7366,399.8363,432.283,272.0,473.0,586.0498,45.3537,229.2573,6.429300000000012
484,484,484.0,484.0,484.0,484.0,484.0,484.0,484.0,484.0,484.0,484.0,484.0,484.0,484.0,484.0,484.0,484.0,484.0,484.0,484.0,484.0,484.0,484.0,484.0,484.0,484.0,484.0,484.0,484.0,484.0,484.0,484.0,484.0,484.0,484.0,484.0,484.0,484.0,484.0,484.0,484.0,484.0,484.0,484.0,484.0,484.0,,,,,,,,,,,,,,,,,,,,,,,,,,,,,,0.4,275.7285,279.287,282.5597,285.4878,288.0822,290.4246,292.6601,294.983,297.6227,300.8297,304.8673,310.0073,316.5311,324.7387,334.963,347.5974,363.1367,382.245,405.8632,435.3895,324.0,473.0,631.4035,37.22360000000003,183.9036,6.429300000000012
485,485,485.0,485.0,485.0,485.0,485.0,485.0,485.0,485.0,485.0,485.0,485.0,485.0,485.0,485.0,485.0,485.0,485.0,485.0,485.0,485.0,485.0,485.0,485.0,485.0,485.0,485.0,485.0,485.0,485.0,485.0,485.0,485.0,485.0,485.0,485.0,485.0,485.0,485.0,485.0,485.0,485.0,485.0,485.0,485.0,485.0,,,,,,,,,,,,,,,,,,,,,,,,,,,,,,0.5,315.86,309.1267,303.8053,299.8936,297.3618,296.1494,296.1753,297.3575,299.6331,302.9762,307.4099,313.0136,319.9275,328.3581,338.5888,350.9997,366.1025,384.5999,407.4849,436.2109,267.0,473.0,668.6271,27.981400000000008,146.67999999999995,6.429300000000012
486,486,486.0,486.0,486.0,486.0,486.0,486.0,486.0,486.0,486.0,486.0,486.0,486.0,486.0,486.0,486.0,486.0,486.0,486.0,486.0,486.0,486.0,486.0,486.0,486.0,486.0,486.0,486.0,486.0,486.0,486.0,486.0,486.0,486.0,486.0,486.0,486.0,486.0,486.0,486.0,486.0,486.0,486.0,486.0,486.0,486.0,,,,,,,,,,,,,,,,,,,,,,,,,,,,,,0.6,272.0329,276.7799,281.1207,285.0055,288.4667,291.6146,294.6202,297.6926,301.058,304.9441,309.5743,315.1704,321.9634,330.2115,340.2233,352.3905,367.2304,385.4512,408.0518,436.4927,319.0,473.0,696.6085,32.09019999999998,118.69859999999994,6.429300000000012
487,487,487.0,487.0,487.0,487.0,487.0,487.0,487.0,487.0,487.0,487.0,487.0,487.0,487.0,487.0,487.0,487.0,487.0,487.0,487.0,487.0,487.0,487.0,487.0,487.0,487.0,487.0,487.0,487.0,487.0,487.0,487.0,487.0,487.0,487.0,487.0,487.0,487.0,487.0,487.0,487.0,487.0,487.0,487.0,487.0,487.0,,,,,,,,,,,,,,,,,,,,,,,,,,,,,,0.7,312.014,306.2984,301.884,298.7857,296.9834,296.4212,297.0188,298.6915,301.3722,305.0297,309.6818,315.4041,322.3353,330.6841,340.7407,352.8962,367.678,385.8073,408.2963,436.6161,262.0,471.0,728.6987,27.088799999999992,86.60839999999996,6.429300000000012
488,488,488.0,488.0,488.0,488.0,488.0,488.0,488.0,488.0,488.0,488.0,488.0,488.0,488.0,488.0,488.0,488.0,488.0,488.0,488.0,488.0,488.0,488.0,488.0,488.0,488.0,488.0,488.0,488.0,488.0,488.0,488.0,488.0,488.0,488.0,488.0,488.0,488.0,488.0,488.0,488.0,488.0,488.0,488.0,488.0,488.0,,,,,,,,,,,,,,,,,,,,,,,,,,,,,,0.8,268.0033,273.6249,278.7465,283.3211,287.3846,291.0506,294.4932,297.9243,301.5716,305.6641,310.4255,316.078,322.8529,331.0088,340.8553,352.7851,367.3164,385.156,407.297,435.1827,320.0,471.0,755.7875,32.57899999999995,59.51959999999997,6.429300000000012
489,489,489.0,489.0,489.0,489.0,489.0,489.0,489.0,489.0,489.0,489.0,489.0,489.0,489.0,489.0,489.0,489.0,489.0,489.0,489.0,489.0,489.0,489.0,489.0,489.0,489.0,489.0,489.0,489.0,489.0,489.0,489.0,489.0,489.0,489.0,489.0,489.0,489.0,489.0,489.0,489.0,489.0,489.0,489.0,489.0,489.0,,,,,,,,,,,,,,,,,,,,,,,,,,,,,,0.9,312.6761,306.6711,302.0289,298.7721,296.8809,296.2916,296.9101,298.6342,301.3784,305.0945,309.7862,315.5186,322.4233,330.7046,340.6501,352.6492,367.226,385.0961,407.2597,435.1646,266.0,473.0,788.3665,26.940600000000018,26.940600000000018,6.429300000000012
490,490,490.0,490.0,490.0,490.0,490.0,490.0,490.0,490.0,490.0,490.0,490.0,490.0,490.0,490.0,490.0,490.0,490.0,490.0,490.0,490.0,490.0,490.0,490.0,490.0,490.0,490.0,490.0,490.0,490.0,490.0,490.0,490.0,490.0,490.0,490.0,490.0,490.0,490.0,490.0,490.0,490.0,490.0,490.0,490.0,490.0,,,,,,,,,,,,,,,,,,,,,,,,,,,,,,0.0,273.0,273.0,273.0,273.0,273.0,273.0,273.0,273.0,273.0,273.0,273.0,273.0,273.0,273.0,273.0,273.0,273.0,273.0,273.0,273.0,309.0,471.0,0.0,370.2328,758.6545,4.417500000000018
491,491,491.0,491.0,491.0,491.0,491.0,491.0,491.0,491.0,491.0,491.0,491.0,491.0,491.0,491.0,491.0,491.0,491.0,491.0,491.0,491.0,491.0,491.0,491.0,491.0,491.0,491.0,491.0,491.0,491.0,491.0,491.0,491.0,491.0,491.0,491.0,491.0,491.0,491.0,491.0,491.0,491.0,491.0,491.0,491.0,491.0,,,,,,,,,,,,,,,,,,,,,,,,,,,,,,0.1,301.7267,295.3867,289.9944,285.5519,282.0359,279.4003,277.5909,276.5722,276.3581,277.0449,278.8376,282.067,287.1893,294.7656,305.4209,319.7937,338.4953,362.1152,391.3125,427.0444,333.0,473.0,370.2328,133.7466,388.4217,4.417500000000018
492,492,492.0,492.0,492.0,492.0,492.0,492.0,492.0,492.0,492.0,492.0,492.0,492.0,492.0,492.0,492.0,492.0,492.0,492.0,492.0,492.0,492.0,492.0,492.0,492.0,492.0,492.0,492.0,492.0,492.0,492.0,492.0,492.0,492.0,492.0,492.0,492.0,492.0,492.0,492.0,492.0,492.0,492.0,492.0,492.0,492.0,,,,,,,,,,,,,,,,,,,,,,,,,,,,,,0.2,322.1299,312.8552,305.0787,298.7426,293.8079,290.2456,288.0372,287.1814,287.7021,289.6565,293.1392,298.2836,305.2622,314.2884,325.6235,339.596,356.6379,377.3502,402.614,433.7794,349.0,471.0,503.9794,47.68490000000003,254.6751,4.417500000000018
493,493,493.0,493.0,493.0,493.0,493.0,493.0,493.0,493.0,493.0,493.0,493.0,493.0,493.0,493.0,493.0,493.0,493.0,493.0,493.0,493.0,493.0,493.0,493.0,493.0,493.0,493.0,493.0,493.0,493.0,493.0,493.0,493.0,493.0,493.0,493.0,493.0,493.0,493.0,493.0,493.0,493.0,493.0,493.0,493.0,493.0,,,,,,,,,,,,,,,,,,,,,,,,,,,,,,0.3,336.3397,325.7675,317.0609,310.0724,304.6995,300.8675,298.5213,297.6238,298.1573,300.1279,303.5699,308.5502,315.1762,323.6051,334.0606,346.8578,362.4428,381.4548,404.8268,433.9546,260.0,473.0,551.6643,27.81020000000001,206.9902,4.417500000000018
494,494,494.0,494.0,494.0,494.0,494.0,494.0,494.0,494.0,494.0,494.0,494.0,494.0,494.0,494.0,494.0,494.0,494.0,494.0,494.0,494.0,494.0,494.0,494.0,494.0,494.0,494.0,494.0,494.0,494.0,494.0,494.0,494.0,494.0,494.0,494.0,494.0,494.0,494.0,494.0,494.0,494.0,494.0,494.0,494.0,494.0,,,,,,,,,,,,,,,,,,,,,,,,,,,,,,0.4,267.2539,273.9541,279.8747,284.9051,289.068,292.5112,295.4787,298.2725,301.2167,304.6291,308.8071,314.0266,320.5527,328.6592,338.6554,350.922,365.9578,384.4471,407.3641,436.1455,299.0,472.0,579.4745,34.31790000000001,179.17999999999995,4.417500000000018
495,495,495.0,495.0,495.0,495.0,495.0,495.0,495.0,495.0,495.0,495.0,495.0,495.0,495.0,495.0,495.0,495.0,495.0,495.0,495.0,495.0,495.0,495.0,495.0,495.0,495.0,495.0,495.0,495.0,495.0,495.0,495.0,495.0,495.0,495.0,495.0,495.0,495.0,495.0,495.0,495.0,495.0,495.0,495.0,495.0,495.0,,,,,,,,,,,,,,,,,,,,,,,,,,,,,,0.5,296.1122,293.9206,292.4807,291.8287,291.9743,292.9044,294.5951,297.0274,300.2033,304.1582,308.9697,314.7625,321.7132,330.0569,340.0992,352.2384,367.0009,385.1016,407.5406,435.7712,304.0,473.0,613.7924,28.583999999999943,144.86209999999994,4.417500000000018
496,496,496.0,496.0,496.0,496.0,496.0,496.0,496.0,496.0,496.0,496.0,496.0,496.0,496.0,496.0,496.0,496.0,496.0,496.0,496.0,496.0,496.0,496.0,496.0,496.0,496.0,496.0,496.0,496.0,496.0,496.0,496.0,496.0,496.0,496.0,496.0,496.0,496.0,496.0,496.0,496.0,496.0,496.0,496.0,496.0,496.0,,,,,,,,,,,,,,,,,,,,,,,,,,,,,,0.6,300.7914,298.3309,296.6022,295.5995,295.3231,295.7783,296.9763,298.9384,301.7008,305.3206,309.882,315.5043,322.3504,330.6389,340.6606,352.8031,367.5885,385.7327,408.2437,436.5891,273.0,472.0,642.3764,27.71010000000001,116.2781,4.417500000000018
497,497,497.0,497.0,497.0,497.0,497.0,497.0,497.0,497.0,497.0,497.0,497.0,497.0,497.0,497.0,497.0,497.0,497.0,497.0,497.0,497.0,497.0,497.0,497.0,497.0,497.0,497.0,497.0,497.0,497.0,497.0,497.0,497.0,497.0,497.0,497.0,497.0,497.0,497.0,497.0,497.0,497.0,497.0,497.0,497.0,497.0,,,,,,,,,,,,,,,,,,,,,,,,,,,,,,0.7,276.4869,279.8856,283.1331,286.2089,289.1424,292.0123,294.9371,298.0643,301.5586,305.595,310.3565,316.0379,322.8558,331.0628,340.9691,352.9712,367.593,385.5482,407.8384,435.9194,312.0,472.0,670.0865,30.839899999999943,88.56799999999998,4.417500000000018
498,498,498.0,498.0,498.0,498.0,498.0,498.0,498.0,498.0,498.0,498.0,498.0,498.0,498.0,498.0,498.0,498.0,498.0,498.0,498.0,498.0,498.0,498.0,498.0,498.0,498.0,498.0,498.0,498.0,498.0,498.0,498.0,498.0,498.0,498.0,498.0,498.0,498.0,498.0,498.0,498.0,498.0,498.0,498.0,498.0,498.0,,,,,,,,,,,,,,,,,,,,,,,,,,,,,,0.8,306.6253,302.2975,299.0484,296.8959,295.8315,295.8197,296.8077,298.7421,301.5858,305.3332,310.022,315.7414,322.6385,330.9264,340.8971,352.9423,367.5882,385.5537,407.8456,435.9239,272.0,472.0,700.9264,26.9765000000001,57.72810000000004,4.417500000000018
499,499,499.0,499.0,499.0,499.0,499.0,499.0,499.0,499.0,499.0,499.0,499.0,499.0,499.0,499.0,499.0,499.0,499.0,499.0,499.0,499.0,499.0,499.0,499.0,499.0,499.0,499.0,499.0,499.0,499.0,499.0,499.0,499.0,499.0,499.0,499.0,499.0,499.0,499.0,499.0,499.0,499.0,499.0,499.0,499.0,499.0,,,,,,,,,,,,,,,,,,,,,,,,,,,,,,0.9,275.8297,279.5295,283.0212,286.2762,289.3248,292.2536,295.1941,298.3082,301.7738,305.7758,310.5038,316.1556,322.9485,331.1346,341.0234,353.0108,367.6205,385.5659,407.8486,435.924,310.0,472.0,727.9029,30.75159999999994,30.75159999999994,4.417500000000018
500,500,500.0,500.0,500.0,500.0,500.0,500.0,500.0,500.0,500.0,500.0,500.0,500.0,500.0,500.0,500.0,500.0,500.0,500.0,500.0,500.0,500.0,500.0,500.0,500.0,500.0,500.0,500.0,500.0,500.0,500.0,500.0,500.0,500.0,500.0,500.0,500.0,500.0,500.0,500.0,500.0,500.0,500.0,500.0,500.0,500.0,,,,,,,,,,,,,,,,,,,,,,,,,,,,,,0.0,273.0,273.0,273.0,273.0,273.0,273.0,273.0,273.0,273.0,273.0,273.0,273.0,273.0,273.0,273.0,273.0,273.0,273.0,273.0,273.0,341.0,473.0,0.0,360.8851,842.5681,6.934300000000008
501,501,501.0,501.0,501.0,501.0,501.0,501.0,501.0,501.0,501.0,501.0,501.0,501.0,501.0,501.0,501.0,501.0,501.0,501.0,501.0,501.0,501.0,501.0,501.0,501.0,501.0,501.0,501.0,501.0,501.0,501.0,501.0,501.0,501.0,501.0,501.0,501.0,501.0,501.0,501.0,501.0,501.0,501.0,501.0,501.0,501.0,,,,,,,,,,,,,,,,,,,,,,,,,,,,,,0.1,327.0276,314.9911,304.8211,296.4601,289.8225,284.7828,281.1899,278.9,277.8184,277.9415,279.3905,282.4315,287.4744,295.0502,305.7668,320.2538,339.1208,362.9605,392.4419,428.5439,386.0,305.0,360.8851,127.41069999999996,481.683,6.934300000000008
502,502,502.0,502.0,502.0,502.0,502.0,502.0,502.0,502.0,502.0,502.0,502.0,502.0,502.0,502.0,502.0,502.0,502.0,502.0,502.0,502.0,502.0,502.0,502.0,502.0,502.0,502.0,502.0,502.0,502.0,502.0,502.0,502.0,502.0,502.0,502.0,502.0,502.0,502.0,502.0,502.0,502.0,502.0,502.0,502.0,502.0,,,,,,,,,,,,,,,,,,,,,,,,,,,,,,0.2,364.5091,346.5544,331.6295,319.4049,309.6406,302.1343,296.6935,293.124,291.2229,290.7726,291.5309,293.2216,295.5294,298.107,300.5998,302.6888,304.147,304.8961,305.0484,304.9195,298.0,472.0,488.2958,119.10170000000004,354.2723,6.934300000000008
503,503,503.0,503.0,503.0,503.0,503.0,503.0,503.0,503.0,503.0,503.0,503.0,503.0,503.0,503.0,503.0,503.0,503.0,503.0,503.0,503.0,503.0,503.0,503.0,503.0,503.0,503.0,503.0,503.0,503.0,503.0,503.0,503.0,503.0,503.0,503.0,503.0,503.0,503.0,503.0,503.0,503.0,503.0,503.0,503.0,503.0,,,,,,,,,,,,,,,,,,,,,,,,,,,,,,0.3,297.9887,298.2262,298.4177,298.3727,298.0217,297.4111,296.6829,296.0477,295.7626,296.1191,297.4434,300.106,304.5308,311.1981,320.6365,333.4063,350.0904,371.3171,397.8515,430.8,279.0,473.0,607.3975,51.4316,235.17059999999992,6.934300000000008
504,504,504.0,504.0,504.0,504.0,504.0,504.0,504.0,504.0,504.0,504.0,504.0,504.0,504.0,504.0,504.0,504.0,504.0,504.0,504.0,504.0,504.0,504.0,504.0,504.0,504.0,504.0,504.0,504.0,504.0,504.0,504.0,504.0,504.0,504.0,504.0,504.0,504.0,504.0,504.0,504.0,504.0,504.0,504.0,504.0,504.0,,,,,,,,,,,,,,,,,,,,,,,,,,,,,,0.4,281.1096,283.2311,285.2707,287.1783,288.9585,290.6738,292.4405,294.4216,296.8162,299.851,303.7723,308.8429,315.3412,323.5673,333.8558,346.5995,362.2901,381.5844,405.413,435.1628,319.0,472.0,658.8291,37.61749999999995,183.73899999999992,6.934300000000008
505,505,505.0,505.0,505.0,505.0,505.0,505.0,505.0,505.0,505.0,505.0,505.0,505.0,505.0,505.0,505.0,505.0,505.0,505.0,505.0,505.0,505.0,505.0,505.0,505.0,505.0,505.0,505.0,505.0,505.0,505.0,505.0,505.0,505.0,505.0,505.0,505.0,505.0,505.0,505.0,505.0,505.0,505.0,505.0,505.0,505.0,,,,,,,,,,,,,,,,,,,,,,,,,,,,,,0.5,312.0365,306.3035,301.7996,298.5208,296.4452,295.5309,295.7248,296.9768,299.2567,302.5671,306.9534,312.5102,319.3859,327.7893,338.0015,350.3969,365.4794,383.9417,406.7644,435.3847,275.0,472.0,696.4466,28.23159999999996,146.12149999999997,6.934300000000008
506,506,506.0,506.0,506.0,506.0,506.0,506.0,506.0,506.0,506.0,506.0,506.0,506.0,506.0,506.0,506.0,506.0,506.0,506.0,506.0,506.0,506.0,506.0,506.0,506.0,506.0,506.0,506.0,506.0,506.0,506.0,506.0,506.0,506.0,506.0,506.0,506.0,506.0,506.0,506.0,506.0,506.0,506.0,506.0,506.0,506.0,,,,,,,,,,,,,,,,,,,,,,,,,,,,,,0.6,278.275,281.4671,284.483,287.2852,289.9004,292.4181,294.9771,297.7492,300.9231,304.6934,309.2562,314.8131,321.5809,329.808,339.7965,351.9324,366.7281,384.8849,407.3925,435.6967,308.0,473.0,724.6782,31.28410000000008,117.8899,6.934300000000008
507,507,507.0,507.0,507.0,507.0,507.0,507.0,507.0,507.0,507.0,507.0,507.0,507.0,507.0,507.0,507.0,507.0,507.0,507.0,507.0,507.0,507.0,507.0,507.0,507.0,507.0,507.0,507.0,507.0,507.0,507.0,507.0,507.0,507.0,507.0,507.0,507.0,507.0,507.0,507.0,507.0,507.0,507.0,507.0,507.0,507.0,,,,,,,,,,,,,,,,,,,,,,,,,,,,,,0.7,303.5149,299.9483,297.3264,295.6652,294.9613,295.1916,296.3226,298.3243,301.184,304.9199,309.59,315.2998,322.2085,330.5377,340.5842,352.7421,367.5388,385.6939,408.2168,436.5753,274.0,471.0,755.9623,27.722599999999943,86.60579999999993,6.934300000000008
508,508,508.0,508.0,508.0,508.0,508.0,508.0,508.0,508.0,508.0,508.0,508.0,508.0,508.0,508.0,508.0,508.0,508.0,508.0,508.0,508.0,508.0,508.0,508.0,508.0,508.0,508.0,508.0,508.0,508.0,508.0,508.0,508.0,508.0,508.0,508.0,508.0,508.0,508.0,508.0,508.0,508.0,508.0,508.0,508.0,508.0,,,,,,,,,,,,,,,,,,,,,,,,,,,,,,0.8,277.2924,280.5152,283.6037,286.5366,289.3441,292.1061,294.9426,298.0015,301.4468,305.4509,310.1927,315.8616,322.6681,330.8587,340.7373,352.6947,367.2492,385.1086,407.2669,435.1681,307.0,471.0,783.6849,30.97080000000005,58.88319999999999,6.934300000000008
509,509,509.0,509.0,509.0,509.0,509.0,509.0,509.0,509.0,509.0,509.0,509.0,509.0,509.0,509.0,509.0,509.0,509.0,509.0,509.0,509.0,509.0,509.0,509.0,509.0,509.0,509.0,509.0,509.0,509.0,509.0,509.0,509.0,509.0,509.0,509.0,509.0,509.0,509.0,509.0,509.0,509.0,509.0,509.0,509.0,509.0,,,,,,,,,,,,,,,,,,,,,,,,,,,,,,0.9,302.6876,299.273,296.7899,295.2599,294.6822,295.0341,296.2804,298.3872,301.3369,305.1417,309.8536,315.5724,322.452,330.7094,340.6376,352.6272,367.2016,385.0743,407.2438,435.1564,274.0,471.0,814.6557,27.91239999999993,27.91239999999993,6.934300000000008
510,510,510.0,510.0,510.0,510.0,510.0,510.0,510.0,510.0,510.0,510.0,510.0,510.0,510.0,510.0,510.0,510.0,510.0,510.0,510.0,510.0,510.0,510.0,510.0,510.0,510.0,510.0,510.0,510.0,510.0,510.0,510.0,510.0,510.0,510.0,510.0,510.0,510.0,510.0,510.0,510.0,510.0,510.0,510.0,510.0,510.0,,,,,,,,,,,,,,,,,,,,,,,,,,,,,,0.0,273.0,273.0,273.0,273.0,273.0,273.0,273.0,273.0,273.0,273.0,273.0,273.0,273.0,273.0,273.0,273.0,273.0,273.0,273.0,273.0,341.0,472.0,0.0,361.035,841.3276,7.560299999999984
511,511,511.0,511.0,511.0,511.0,511.0,511.0,511.0,511.0,511.0,511.0,511.0,511.0,511.0,511.0,511.0,511.0,511.0,511.0,511.0,511.0,511.0,511.0,511.0,511.0,511.0,511.0,511.0,511.0,511.0,511.0,511.0,511.0,511.0,511.0,511.0,511.0,511.0,511.0,511.0,511.0,511.0,511.0,511.0,511.0,511.0,,,,,,,,,,,,,,,,,,,,,,,,,,,,,,0.1,327.0276,314.9911,304.821,296.4598,289.8219,284.7816,281.1875,278.8954,277.81,277.9266,279.3651,282.3894,287.4073,294.9471,305.6135,320.0333,338.8126,362.54,391.8783,427.7947,390.0,308.0,361.035,127.6687,480.2926,7.560299999999984
512,512,512.0,512.0,512.0,512.0,512.0,512.0,512.0,512.0,512.0,512.0,512.0,512.0,512.0,512.0,512.0,512.0,512.0,512.0,512.0,512.0,512.0,512.0,512.0,512.0,512.0,512.0,512.0,512.0,512.0,512.0,512.0,512.0,512.0,512.0,512.0,512.0,512.0,512.0,512.0,512.0,512.0,512.0,512.0,512.0,512.0,,,,,,,,,,,,,,,,,,,,,,,,,,,,,,0.2,367.5986,348.9111,333.3932,320.6928,310.5539,302.7603,297.1066,293.386,291.3843,290.875,291.611,293.3148,295.6744,298.3494,300.9951,303.3039,305.0594,306.192,306.8196,307.2591,300.0,471.0,488.7037,116.88299999999992,352.62389999999994,7.560299999999984
513,513,513.0,513.0,513.0,513.0,513.0,513.0,513.0,513.0,513.0,513.0,513.0,513.0,513.0,513.0,513.0,513.0,513.0,513.0,513.0,513.0,513.0,513.0,513.0,513.0,513.0,513.0,513.0,513.0,513.0,513.0,513.0,513.0,513.0,513.0,513.0,513.0,513.0,513.0,513.0,513.0,513.0,513.0,513.0,513.0,513.0,,,,,,,,,,,,,,,,,,,,,,,,,,,,,,0.3,299.6949,299.6828,299.6595,299.4276,298.913,298.1598,297.3093,296.572,296.2046,296.4975,297.7739,300.3988,304.7886,311.4145,320.7947,333.4798,350.0444,371.1109,397.4392,430.1287,274.0,473.0,605.5867,50.65010000000007,235.7409,7.560299999999984
514,514,514.0,514.0,514.0,514.0,514.0,514.0,514.0,514.0,514.0,514.0,514.0,514.0,514.0,514.0,514.0,514.0,514.0,514.0,514.0,514.0,514.0,514.0,514.0,514.0,514.0,514.0,514.0,514.0,514.0,514.0,514.0,514.0,514.0,514.0,514.0,514.0,514.0,514.0,514.0,514.0,514.0,514.0,514.0,514.0,514.0,,,,,,,,,,,,,,,,,,,,,,,,,,,,,,0.4,277.2284,280.3383,283.22,285.8161,288.134,290.2476,292.292,294.4524,296.9506,300.0341,303.9672,309.0261,315.4998,323.6957,333.9533,346.669,362.3362,381.6126,405.4284,435.1694,319.0,471.0,656.2368,38.51609999999994,185.0908,7.560299999999984
515,515,515.0,515.0,515.0,515.0,515.0,515.0,515.0,515.0,515.0,515.0,515.0,515.0,515.0,515.0,515.0,515.0,515.0,515.0,515.0,515.0,515.0,515.0,515.0,515.0,515.0,515.0,515.0,515.0,515.0,515.0,515.0,515.0,515.0,515.0,515.0,515.0,515.0,515.0,515.0,515.0,515.0,515.0,515.0,515.0,515.0,,,,,,,,,,,,,,,,,,,,,,,,,,,,,,0.5,311.9134,306.0717,301.4856,298.1585,296.0702,295.1752,295.4122,296.7213,299.062,302.428,306.858,312.4418,319.3247,327.7138,337.8887,350.2226,365.2172,383.5621,406.2317,434.6523,275.0,471.0,694.7529,28.52000000000009,146.5747,7.560299999999984
516,516,516.0,516.0,516.0,516.0,516.0,516.0,516.0,516.0,516.0,516.0,516.0,516.0,516.0,516.0,516.0,516.0,516.0,516.0,516.0,516.0,516.0,516.0,516.0,516.0,516.0,516.0,516.0,516.0,516.0,516.0,516.0,516.0,516.0,516.0,516.0,516.0,516.0,516.0,516.0,516.0,516.0,516.0,516.0,516.0,516.0,,,,,,,,,,,,,,,,,,,,,,,,,,,,,,0.6,278.2391,281.3976,284.3845,287.1634,289.7621,292.2696,294.824,297.5957,300.7712,304.5425,309.1035,314.6531,321.4056,329.607,339.5571,351.6393,366.3625,384.4231,406.8032,434.9356,308.0,473.0,723.2729,31.61539999999991,118.05469999999993,7.560299999999984
517,517,517.0,517.0,517.0,517.0,517.0,517.0,517.0,517.0,517.0,517.0,517.0,517.0,517.0,517.0,517.0,517.0,517.0,517.0,517.0,517.0,517.0,517.0,517.0,517.0,517.0,517.0,517.0,517.0,517.0,517.0,517.0,517.0,517.0,517.0,517.0,517.0,517.0,517.0,517.0,517.0,517.0,517.0,517.0,517.0,517.0,,,,,,,,,,,,,,,,,,,,,,,,,,,,,,0.7,303.4984,299.9157,297.2785,295.6032,294.8865,295.1052,296.2261,298.2186,301.0701,304.7986,309.4623,315.1672,322.0733,330.4031,340.4545,352.6225,367.4349,385.611,408.1594,436.5461,272.0,473.0,754.8883,28.52260000000001,86.4393,7.560299999999984
518,518,518.0,518.0,518.0,518.0,518.0,518.0,518.0,518.0,518.0,518.0,518.0,518.0,518.0,518.0,518.0,518.0,518.0,518.0,518.0,518.0,518.0,518.0,518.0,518.0,518.0,518.0,518.0,518.0,518.0,518.0,518.0,518.0,518.0,518.0,518.0,518.0,518.0,518.0,518.0,518.0,518.0,518.0,518.0,518.0,518.0,,,,,,,,,,,,,,,,,,,,,,,,,,,,,,0.8,275.6841,279.2514,282.6334,285.8082,288.8078,291.7168,294.6622,297.8,301.3028,305.3517,310.1339,315.847,322.7091,330.9745,340.955,353.0492,367.7842,385.8781,408.3395,436.6364,319.0,473.0,783.4109,31.05150000000004,57.91669999999999,7.560299999999984
519,519,519.0,519.0,519.0,519.0,519.0,519.0,519.0,519.0,519.0,519.0,519.0,519.0,519.0,519.0,519.0,519.0,519.0,519.0,519.0,519.0,519.0,519.0,519.0,519.0,519.0,519.0,519.0,519.0,519.0,519.0,519.0,519.0,519.0,519.0,519.0,519.0,519.0,519.0,519.0,519.0,519.0,519.0,519.0,519.0,519.0,,,,,,,,,,,,,,,,,,,,,,,,,,,,,,0.9,312.1163,306.4937,302.1558,299.1131,297.3455,296.7998,297.4009,299.0696,301.7431,305.3925,310.0362,315.7484,322.6658,330.9951,341.0247,353.1453,367.8848,385.966,408.4031,436.6695,260.0,471.0,814.4624,26.86519999999996,26.86519999999996,7.560299999999984
520,520,520.0,520.0,520.0,520.0,520.0,520.0,520.0,520.0,520.0,520.0,520.0,520.0,520.0,520.0,520.0,520.0,520.0,520.0,520.0,520.0,520.0,520.0,520.0,520.0,520.0,520.0,520.0,520.0,520.0,520.0,520.0,520.0,520.0,520.0,520.0,520.0,520.0,520.0,520.0,520.0,520.0,520.0,520.0,520.0,520.0,,,,,,,,,,,,,,,,,,,,,,,,,,,,,,0.0,273.0,273.0,273.0,273.0,273.0,273.0,273.0,273.0,273.0,273.0,273.0,273.0,273.0,273.0,273.0,273.0,273.0,273.0,273.0,273.0,339.0,473.0,0.0,361.3695,837.7817,7.048100000000034
521,521,521.0,521.0,521.0,521.0,521.0,521.0,521.0,521.0,521.0,521.0,521.0,521.0,521.0,521.0,521.0,521.0,521.0,521.0,521.0,521.0,521.0,521.0,521.0,521.0,521.0,521.0,521.0,521.0,521.0,521.0,521.0,521.0,521.0,521.0,521.0,521.0,521.0,521.0,521.0,521.0,521.0,521.0,521.0,521.0,521.0,,,,,,,,,,,,,,,,,,,,,,,,,,,,,,0.1,325.4532,313.7743,303.902,295.7842,289.34,284.4492,280.9669,278.756,277.7287,277.8876,279.3593,282.414,287.465,295.0453,305.7643,320.2526,339.1203,362.9602,392.4418,428.5439,388.0,310.0,361.3695,127.20439999999996,476.4122,7.048100000000034
522,522,522.0,522.0,522.0,522.0,522.0,522.0,522.0,522.0,522.0,522.0,522.0,522.0,522.0,522.0,522.0,522.0,522.0,522.0,522.0,522.0,522.0,522.0,522.0,522.0,522.0,522.0,522.0,522.0,522.0,522.0,522.0,522.0,522.0,522.0,522.0,522.0,522.0,522.0,522.0,522.0,522.0,522.0,522.0,522.0,522.0,,,,,,,,,,,,,,,,,,,,,,,,,,,,,,0.2,365.9946,347.6191,332.3533,319.8607,309.8953,302.2481,296.7189,293.105,291.1968,290.7723,291.5892,293.3757,295.8261,298.6069,301.3807,303.8474,305.7976,307.1682,308.0826,308.8621,303.0,471.0,488.5739,115.39880000000004,349.2078,7.048100000000034
523,523,523.0,523.0,523.0,523.0,523.0,523.0,523.0,523.0,523.0,523.0,523.0,523.0,523.0,523.0,523.0,523.0,523.0,523.0,523.0,523.0,523.0,523.0,523.0,523.0,523.0,523.0,523.0,523.0,523.0,523.0,523.0,523.0,523.0,523.0,523.0,523.0,523.0,523.0,523.0,523.0,523.0,523.0,523.0,523.0,523.0,,,,,,,,,,,,,,,,,,,,,,,,,,,,,,0.3,301.9932,301.3727,300.8405,300.2013,299.3779,298.4062,297.415,296.6004,296.2044,296.5031,297.8073,300.4713,304.9023,311.5639,320.9684,333.662,350.2174,371.2574,397.5447,430.1836,275.0,473.0,603.9727,49.64209999999992,233.809,7.048100000000034
524,524,524.0,524.0,524.0,524.0,524.0,524.0,524.0,524.0,524.0,524.0,524.0,524.0,524.0,524.0,524.0,524.0,524.0,524.0,524.0,524.0,524.0,524.0,524.0,524.0,524.0,524.0,524.0,524.0,524.0,524.0,524.0,524.0,524.0,524.0,524.0,524.0,524.0,524.0,524.0,524.0,524.0,524.0,524.0,524.0,524.0,,,,,,,,,,,,,,,,,,,,,,,,,,,,,,0.4,278.1037,281.1042,283.8869,286.3911,288.6226,290.6557,292.627,294.723,297.167,300.2069,304.1063,309.1403,315.5957,323.7779,334.0243,346.7295,362.386,381.6508,405.4542,435.1824,317.0,472.0,653.6148,37.99560000000008,184.16690000000008,7.048100000000034
525,525,525.0,525.0,525.0,525.0,525.0,525.0,525.0,525.0,525.0,525.0,525.0,525.0,525.0,525.0,525.0,525.0,525.0,525.0,525.0,525.0,525.0,525.0,525.0,525.0,525.0,525.0,525.0,525.0,525.0,525.0,525.0,525.0,525.0,525.0,525.0,525.0,525.0,525.0,525.0,525.0,525.0,525.0,525.0,525.0,525.0,,,,,,,,,,,,,,,,,,,,,,,,,,,,,,0.5,310.3899,304.9591,300.7179,297.6702,295.7981,295.0615,295.4073,296.7856,299.1659,302.5521,306.9916,312.5819,319.4749,327.883,338.0907,350.4755,365.5437,383.9901,406.7963,435.4005,277.0,472.0,691.6104,28.5779,146.17129999999997,7.048100000000034
526,526,526.0,526.0,526.0,526.0,526.0,526.0,526.0,526.0,526.0,526.0,526.0,526.0,526.0,526.0,526.0,526.0,526.0,526.0,526.0,526.0,526.0,526.0,526.0,526.0,526.0,526.0,526.0,526.0,526.0,526.0,526.0,526.0,526.0,526.0,526.0,526.0,526.0,526.0,526.0,526.0,526.0,526.0,526.0,526.0,526.0,,,,,,,,,,,,,,,,,,,,,,,,,,,,,,0.6,279.793,282.5597,285.2172,287.7331,290.1339,292.5029,294.9691,297.6923,300.8489,304.6221,309.1989,314.7739,321.5594,329.8011,339.8,351.9421,366.7402,384.8962,407.401,435.7013,307.0,473.0,720.1883,31.06259999999997,117.59339999999996,7.048100000000034
527,527,527.0,527.0,527.0,527.0,527.0,527.0,527.0,527.0,527.0,527.0,527.0,527.0,527.0,527.0,527.0,527.0,527.0,527.0,527.0,527.0,527.0,527.0,527.0,527.0,527.0,527.0,527.0,527.0,527.0,527.0,527.0,527.0,527.0,527.0,527.0,527.0,527.0,527.0,527.0,527.0,527.0,527.0,527.0,527.0,527.0,,,,,,,,,,,,,,,,,,,,,,,,,,,,,,0.7,302.7639,299.4123,296.968,295.4458,294.8431,295.1411,296.3124,298.334,301.2001,304.9347,309.6002,315.3049,322.2096,330.5362,340.5815,352.7393,367.5364,385.6921,408.2157,436.5748,274.0,473.0,751.2509,28.23710000000005,86.5308,7.048100000000034
528,528,528.0,528.0,528.0,528.0,528.0,528.0,528.0,528.0,528.0,528.0,528.0,528.0,528.0,528.0,528.0,528.0,528.0,528.0,528.0,528.0,528.0,528.0,528.0,528.0,528.0,528.0,528.0,528.0,528.0,528.0,528.0,528.0,528.0,528.0,528.0,528.0,528.0,528.0,528.0,528.0,528.0,528.0,528.0,528.0,528.0,,,,,,,,,,,,,,,,,,,,,,,,,,,,,,0.8,277.2707,280.4745,283.5487,286.4734,289.2792,292.0453,294.8909,297.9629,301.4249,305.4498,310.2183,315.9233,322.7794,331.0391,341.0129,353.0993,367.8253,385.9093,408.3603,436.6468,313.0,473.0,779.488,30.813399999999888,58.29369999999994,7.048100000000034
529,529,529.0,529.0,529.0,529.0,529.0,529.0,529.0,529.0,529.0,529.0,529.0,529.0,529.0,529.0,529.0,529.0,529.0,529.0,529.0,529.0,529.0,529.0,529.0,529.0,529.0,529.0,529.0,529.0,529.0,529.0,529.0,529.0,529.0,529.0,529.0,529.0,529.0,529.0,529.0,529.0,529.0,529.0,529.0,529.0,529.0,,,,,,,,,,,,,,,,,,,,,,,,,,,,,,0.9,307.4366,302.9469,299.5588,297.2879,296.1239,296.0303,296.9535,298.8393,301.6501,305.3796,310.0651,315.7951,322.7165,331.0425,341.0656,353.1786,367.9105,385.9845,408.415,436.6752,267.0,473.0,810.3014,27.480300000000057,27.480300000000057,7.048100000000034
530,530,530.0,530.0,530.0,530.0,530.0,530.0,530.0,530.0,530.0,530.0,530.0,530.0,530.0,530.0,530.0,530.0,530.0,530.0,530.0,530.0,530.0,530.0,530.0,530.0,530.0,530.0,530.0,530.0,530.0,530.0,530.0,530.0,530.0,530.0,530.0,530.0,530.0,530.0,530.0,530.0,530.0,530.0,530.0,530.0,530.0,,,,,,,,,,,,,,,,,,,,,,,,,,,,,,0.0,273.0,273.0,273.0,273.0,273.0,273.0,273.0,273.0,273.0,273.0,273.0,273.0,273.0,273.0,273.0,273.0,273.0,273.0,273.0,273.0,339.0,473.0,0.0,361.3695,841.5245,6.885699999999986
531,531,531.0,531.0,531.0,531.0,531.0,531.0,531.0,531.0,531.0,531.0,531.0,531.0,531.0,531.0,531.0,531.0,531.0,531.0,531.0,531.0,531.0,531.0,531.0,531.0,531.0,531.0,531.0,531.0,531.0,531.0,531.0,531.0,531.0,531.0,531.0,531.0,531.0,531.0,531.0,531.0,531.0,531.0,531.0,531.0,531.0,,,,,,,,,,,,,,,,,,,,,,,,,,,,,,0.1,325.4532,313.7743,303.902,295.7842,289.34,284.4492,280.9669,278.756,277.7287,277.8876,279.3593,282.414,287.465,295.0453,305.7643,320.2526,339.1203,362.9602,392.4418,428.5439,387.0,307.0,361.3695,127.81989999999996,480.155,6.885699999999986
532,532,532.0,532.0,532.0,532.0,532.0,532.0,532.0,532.0,532.0,532.0,532.0,532.0,532.0,532.0,532.0,532.0,532.0,532.0,532.0,532.0,532.0,532.0,532.0,532.0,532.0,532.0,532.0,532.0,532.0,532.0,532.0,532.0,532.0,532.0,532.0,532.0,532.0,532.0,532.0,532.0,532.0,532.0,532.0,532.0,532.0,,,,,,,,,,,,,,,,,,,,,,,,,,,,,,0.2,365.2218,347.029,331.911,319.5365,309.6634,302.0857,296.6058,293.0232,291.1295,290.7025,291.4979,293.2398,295.6158,298.2838,300.8962,303.1416,304.8006,305.8012,306.2603,306.496,300.0,473.0,489.1894,117.7645,352.3351,6.885699999999986
533,533,533.0,533.0,533.0,533.0,533.0,533.0,533.0,533.0,533.0,533.0,533.0,533.0,533.0,533.0,533.0,533.0,533.0,533.0,533.0,533.0,533.0,533.0,533.0,533.0,533.0,533.0,533.0,533.0,533.0,533.0,533.0,533.0,533.0,533.0,533.0,533.0,533.0,533.0,533.0,533.0,533.0,533.0,533.0,533.0,533.0,,,,,,,,,,,,,,,,,,,,,,,,,,,,,,0.3,299.5851,299.4735,299.3696,299.0814,298.5366,297.778,296.943,296.2371,295.9124,296.2555,297.5884,300.2771,304.7421,311.4603,320.9579,333.7939,350.552,371.8644,398.5048,431.5952,279.0,473.0,606.9539,50.112100000000055,234.5706,6.885699999999986
534,534,534.0,534.0,534.0,534.0,534.0,534.0,534.0,534.0,534.0,534.0,534.0,534.0,534.0,534.0,534.0,534.0,534.0,534.0,534.0,534.0,534.0,534.0,534.0,534.0,534.0,534.0,534.0,534.0,534.0,534.0,534.0,534.0,534.0,534.0,534.0,534.0,534.0,534.0,534.0,534.0,534.0,534.0,534.0,534.0,534.0,,,,,,,,,,,,,,,,,,,,,,,,,,,,,,0.4,281.182,283.3695,285.4631,287.4092,289.2118,290.935,292.6987,294.6698,297.0514,300.0729,303.9827,309.0435,315.5332,323.7501,334.0267,346.754,362.4226,381.6892,405.4853,435.1995,315.0,473.0,657.066,37.50919999999997,184.4585,6.885699999999986
535,535,535.0,535.0,535.0,535.0,535.0,535.0,535.0,535.0,535.0,535.0,535.0,535.0,535.0,535.0,535.0,535.0,535.0,535.0,535.0,535.0,535.0,535.0,535.0,535.0,535.0,535.0,535.0,535.0,535.0,535.0,535.0,535.0,535.0,535.0,535.0,535.0,535.0,535.0,535.0,535.0,535.0,535.0,535.0,535.0,535.0,,,,,,,,,,,,,,,,,,,,,,,,,,,,,,0.5,308.9012,303.9104,300.0319,297.2669,295.6003,295.0001,295.4259,296.8425,299.2344,302.6186,307.0532,312.6435,319.5469,327.9798,338.2297,350.6767,365.8302,384.3893,407.3425,436.1396,275.0,471.0,694.5752,28.80430000000001,146.9493,6.885699999999986
536,536,536.0,536.0,536.0,536.0,536.0,536.0,536.0,536.0,536.0,536.0,536.0,536.0,536.0,536.0,536.0,536.0,536.0,536.0,536.0,536.0,536.0,536.0,536.0,536.0,536.0,536.0,536.0,536.0,536.0,536.0,536.0,536.0,536.0,536.0,536.0,536.0,536.0,536.0,536.0,536.0,536.0,536.0,536.0,536.0,536.0,,,,,,,,,,,,,,,,,,,,,,,,,,,,,,0.6,278.1576,281.2456,284.1822,286.9361,289.5361,292.0685,294.6656,297.4913,300.7254,304.5546,309.1684,314.7628,321.5499,329.7743,339.7346,351.8135,366.5202,384.5523,406.8943,434.9825,307.0,473.0,723.3795,31.890300000000025,118.14499999999998,6.885699999999986
537,537,537.0,537.0,537.0,537.0,537.0,537.0,537.0,537.0,537.0,537.0,537.0,537.0,537.0,537.0,537.0,537.0,537.0,537.0,537.0,537.0,537.0,537.0,537.0,537.0,537.0,537.0,537.0,537.0,537.0,537.0,537.0,537.0,537.0,537.0,537.0,537.0,537.0,537.0,537.0,537.0,537.0,537.0,537.0,537.0,537.0,,,,,,,,,,,,,,,,,,,,,,,,,,,,,,0.7,302.6875,299.267,296.7674,295.2075,294.586,294.8828,296.0671,298.111,301.0042,304.7663,309.4569,315.1825,322.1036,330.443,340.4989,352.6667,367.4749,385.6435,408.182,436.5577,276.0,473.0,755.2698,28.309399999999982,86.25469999999996,6.885699999999986
538,538,538.0,538.0,538.0,538.0,538.0,538.0,538.0,538.0,538.0,538.0,538.0,538.0,538.0,538.0,538.0,538.0,538.0,538.0,538.0,538.0,538.0,538.0,538.0,538.0,538.0,538.0,538.0,538.0,538.0,538.0,538.0,538.0,538.0,538.0,538.0,538.0,538.0,538.0,538.0,538.0,538.0,538.0,538.0,538.0,538.0,,,,,,,,,,,,,,,,,,,,,,,,,,,,,,0.8,278.8413,281.6654,284.4142,287.0699,289.6619,292.2655,294.9934,297.985,301.3959,305.3916,310.1465,315.8481,322.7076,330.9742,340.9571,353.0534,367.7893,385.883,408.3433,436.6385,314.0,471.0,783.5792,29.91489999999999,57.945299999999975,6.885699999999986
539,539,539.0,539.0,539.0,539.0,539.0,539.0,539.0,539.0,539.0,539.0,539.0,539.0,539.0,539.0,539.0,539.0,539.0,539.0,539.0,539.0,539.0,539.0,539.0,539.0,539.0,539.0,539.0,539.0,539.0,539.0,539.0,539.0,539.0,539.0,539.0,539.0,539.0,539.0,539.0,539.0,539.0,539.0,539.0,539.0,539.0,,,,,,,,,,,,,,,,,,,,,,,,,,,,,,0.9,308.2824,303.6619,300.1599,297.7873,296.5313,296.3539,297.2012,299.0187,301.768,305.4412,310.0728,315.747,322.6052,330.8536,340.777,352.7596,367.321,385.1728,407.3139,435.1926,261.0,473.0,813.4941,28.030399999999982,28.030399999999982,6.885699999999986
540,540,540.0,540.0,540.0,540.0,540.0,540.0,540.0,540.0,540.0,540.0,540.0,540.0,540.0,540.0,540.0,540.0,540.0,540.0,540.0,540.0,540.0,540.0,540.0,540.0,540.0,540.0,540.0,540.0,540.0,540.0,540.0,540.0,540.0,540.0,540.0,540.0,540.0,540.0,540.0,540.0,540.0,540.0,540.0,540.0,,,,,,,,,,,,,,,,,,,,,,,,,,,,,,,0.0,273.0,273.0,273.0,273.0,273.0,273.0,273.0,273.0,273.0,273.0,273.0,273.0,273.0,273.0,273.0,273.0,273.0,273.0,273.0,273.0,471.0,336.0,0.0,387.9009,1104.9678,11.403999999999996
541,541,541.0,541.0,541.0,541.0,541.0,541.0,541.0,541.0,541.0,541.0,541.0,541.0,541.0,541.0,541.0,541.0,541.0,541.0,541.0,541.0,541.0,541.0,541.0,541.0,541.0,541.0,541.0,541.0,541.0,541.0,541.0,541.0,541.0,541.0,541.0,541.0,541.0,541.0,541.0,541.0,541.0,541.0,541.0,541.0,,,,,,,,,,,,,,,,,,,,,,,,,,,,,,,0.1,427.0449,391.3139,362.1185,338.5027,319.8097,305.454,294.8317,287.3167,282.3037,279.2615,277.777,277.5774,278.5308,280.6273,283.9458,288.6141,294.7683,302.5211,311.9467,323.0897,284.0,471.0,387.9009,201.1735,717.0668999999999,11.403999999999996
542,542,542.0,542.0,542.0,542.0,542.0,542.0,542.0,542.0,542.0,542.0,542.0,542.0,542.0,542.0,542.0,542.0,542.0,542.0,542.0,542.0,542.0,542.0,542.0,542.0,542.0,542.0,542.0,542.0,542.0,542.0,542.0,542.0,542.0,542.0,542.0,542.0,542.0,542.0,542.0,542.0,542.0,542.0,542.0,542.0,,,,,,,,,,,,,,,,,,,,,,,,,,,,,,,0.2,288.2328,292.0976,295.0966,296.929,297.5244,297.0297,295.7638,294.157,292.695,291.8783,292.2029,294.158,298.232,304.918,314.7122,328.1092,345.6064,367.7418,395.1983,429.019,246.0,433.0,589.0744,74.39319999999998,515.8933999999999,11.403999999999996
543,543,543.0,543.0,543.0,543.0,543.0,543.0,543.0,543.0,543.0,543.0,543.0,543.0,543.0,543.0,543.0,543.0,543.0,543.0,543.0,543.0,543.0,543.0,543.0,543.0,543.0,543.0,543.0,543.0,543.0,543.0,543.0,543.0,543.0,543.0,543.0,543.0,543.0,543.0,543.0,543.0,543.0,543.0,543.0,543.0,,,,,,,,,,,,,,,,,,,,,,,,,,,,,,,0.3,254.3119,261.912,268.6346,274.3975,279.2186,283.2156,286.5913,289.6103,292.5731,295.7912,299.567,304.1814,309.8899,316.9284,325.5303,335.9559,348.5334,363.714,382.1448,404.7717,264.0,471.0,663.4676,85.04860000000008,441.5002,11.403999999999996
544,544,544.0,544.0,544.0,544.0,544.0,544.0,544.0,544.0,544.0,544.0,544.0,544.0,544.0,544.0,544.0,544.0,544.0,544.0,544.0,544.0,544.0,544.0,544.0,544.0,544.0,544.0,544.0,544.0,544.0,544.0,544.0,544.0,544.0,544.0,544.0,544.0,544.0,544.0,544.0,544.0,544.0,544.0,544.0,544.0,,,,,,,,,,,,,,,,,,,,,,,,,,,,,,,0.4,266.8313,269.5643,272.2754,275.0301,277.8844,280.8899,284.1031,287.5957,291.4645,295.8402,300.894,306.842,313.9493,322.5336,332.9714,345.7109,361.2989,380.4328,404.058,433.5436,345.0,315.0,748.5162,53.58999999999992,356.45159999999987,11.403999999999996
545,545,545.0,545.0,545.0,545.0,545.0,545.0,545.0,545.0,545.0,545.0,545.0,545.0,545.0,545.0,545.0,545.0,545.0,545.0,545.0,545.0,545.0,545.0,545.0,545.0,545.0,545.0,545.0,545.0,545.0,545.0,545.0,545.0,545.0,545.0,545.0,545.0,545.0,545.0,545.0,545.0,545.0,545.0,545.0,545.0,,,,,,,,,,,,,,,,,,,,,,,,,,,,,,,0.5,331.3062,319.7821,310.421,303.2157,298.1082,294.9687,293.5999,293.7549,295.1587,297.5235,300.5556,303.9547,307.4136,310.6246,313.3011,315.2132,316.2369,316.4038,315.9386,315.2689,247.0,437.0,802.1062,81.79100000000005,302.86159999999995,11.403999999999996
546,546,546.0,546.0,546.0,546.0,546.0,546.0,546.0,546.0,546.0,546.0,546.0,546.0,546.0,546.0,546.0,546.0,546.0,546.0,546.0,546.0,546.0,546.0,546.0,546.0,546.0,546.0,546.0,546.0,546.0,546.0,546.0,546.0,546.0,546.0,546.0,546.0,546.0,546.0,546.0,546.0,546.0,546.0,546.0,546.0,,,,,,,,,,,,,,,,,,,,,,,,,,,,,,,0.6,256.0849,264.3693,271.6058,277.6654,282.5535,286.3983,289.42,291.895,294.124,296.4152,299.0816,302.4508,306.8789,312.7611,320.5338,330.6678,343.6614,360.0504,380.455,405.694,293.0,471.0,883.8972,76.75710000000004,221.0705999999999,11.403999999999996
547,547,547.0,547.0,547.0,547.0,547.0,547.0,547.0,547.0,547.0,547.0,547.0,547.0,547.0,547.0,547.0,547.0,547.0,547.0,547.0,547.0,547.0,547.0,547.0,547.0,547.0,547.0,547.0,547.0,547.0,547.0,547.0,547.0,547.0,547.0,547.0,547.0,547.0,547.0,547.0,547.0,547.0,547.0,547.0,547.0,,,,,,,,,,,,,,,,,,,,,,,,,,,,,,,0.7,290.3307,288.2333,286.7935,286.0661,286.0694,286.7909,288.2043,290.2917,293.0658,296.5871,300.9751,306.4133,313.1491,321.4919,331.8132,344.5543,360.2493,379.5768,403.4583,433.2369,323.0,411.0,960.6543,38.830799999999954,144.31349999999986,11.403999999999996
548,548,548.0,548.0,548.0,548.0,548.0,548.0,548.0,548.0,548.0,548.0,548.0,548.0,548.0,548.0,548.0,548.0,548.0,548.0,548.0,548.0,548.0,548.0,548.0,548.0,548.0,548.0,548.0,548.0,548.0,548.0,548.0,548.0,548.0,548.0,548.0,548.0,548.0,548.0,548.0,548.0,548.0,548.0,548.0,548.0,,,,,,,,,,,,,,,,,,,,,,,,,,,,,,,0.8,315.0253,308.3916,303.0803,299.0792,296.3636,294.8892,294.5946,295.4092,297.2629,300.0939,303.8538,308.5117,314.0584,320.5158,327.9536,336.5134,346.4432,358.1365,372.1797,389.4099,244.0,434.0,999.4851,42.78620000000012,105.48269999999992,11.403999999999996
549,549,549.0,549.0,549.0,549.0,549.0,549.0,549.0,549.0,549.0,549.0,549.0,549.0,549.0,549.0,549.0,549.0,549.0,549.0,549.0,549.0,549.0,549.0,549.0,549.0,549.0,549.0,549.0,549.0,549.0,549.0,549.0,549.0,549.0,549.0,549.0,549.0,549.0,549.0,549.0,549.0,549.0,549.0,549.0,549.0,,,,,,,,,,,,,,,,,,,,,,,,,,,,,,,0.9,253.373,261.9574,269.5565,276.0793,281.5541,286.1198,289.9977,293.4576,296.7857,300.2619,304.1496,308.6972,314.1486,320.7583,328.8097,338.6353,350.6418,365.3465,383.435,405.8583,288.0,472.0,1042.2713,62.69649999999979,62.69649999999979,11.403999999999996
550,550,550.0,550.0,550.0,550.0,550.0,550.0,550.0,550.0,550.0,550.0,550.0,550.0,550.0,550.0,550.0,550.0,550.0,550.0,550.0,550.0,550.0,550.0,550.0,550.0,550.0,550.0,550.0,550.0,550.0,550.0,550.0,550.0,550.0,550.0,550.0,550.0,550.0,550.0,550.0,550.0,550.0,550.0,550.0,550.0,,,,,,,,,,,,,,,,,,,,,,,,,,,,,,,0.0,273.0,273.0,273.0,273.0,273.0,273.0,273.0,273.0,273.0,273.0,273.0,273.0,273.0,273.0,273.0,273.0,273.0,273.0,273.0,273.0,473.0,338.0,0.0,387.3257,983.8254,11.713099999999995
551,551,551.0,551.0,551.0,551.0,551.0,551.0,551.0,551.0,551.0,551.0,551.0,551.0,551.0,551.0,551.0,551.0,551.0,551.0,551.0,551.0,551.0,551.0,551.0,551.0,551.0,551.0,551.0,551.0,551.0,551.0,551.0,551.0,551.0,551.0,551.0,551.0,551.0,551.0,551.0,551.0,551.0,551.0,551.0,551.0,,,,,,,,,,,,,,,,,,,,,,,,,,,,,,,0.1,428.5439,392.4418,362.9601,339.12,320.2521,305.7631,295.0429,287.4603,282.4053,279.3437,277.8606,277.6838,278.684,280.8553,284.2823,289.0986,295.446,303.442,313.1654,324.6656,263.0,471.0,387.3257,199.6841000000001,596.4997,11.713099999999995
552,552,552.0,552.0,552.0,552.0,552.0,552.0,552.0,552.0,552.0,552.0,552.0,552.0,552.0,552.0,552.0,552.0,552.0,552.0,552.0,552.0,552.0,552.0,552.0,552.0,552.0,552.0,552.0,552.0,552.0,552.0,552.0,552.0,552.0,552.0,552.0,552.0,552.0,552.0,552.0,552.0,552.0,552.0,552.0,552.0,,,,,,,,,,,,,,,,,,,,,,,,,,,,,,,0.2,271.5754,279.2596,285.5056,289.9995,292.6952,293.7952,293.694,292.9061,291.9991,291.5463,292.1028,294.2022,298.3635,305.099,314.9157,328.3139,345.7938,367.8961,395.3074,429.0751,292.0,410.0,587.0098,72.2921,396.8155999999999,11.713099999999995
553,553,553.0,553.0,553.0,553.0,553.0,553.0,553.0,553.0,553.0,553.0,553.0,553.0,553.0,553.0,553.0,553.0,553.0,553.0,553.0,553.0,553.0,553.0,553.0,553.0,553.0,553.0,553.0,553.0,553.0,553.0,553.0,553.0,553.0,553.0,553.0,553.0,553.0,553.0,553.0,553.0,553.0,553.0,553.0,553.0,,,,,,,,,,,,,,,,,,,,,,,,,,,,,,,0.3,290.4412,289.3099,288.5911,288.2728,288.3483,288.8221,289.7172,291.0819,292.991,295.5428,298.8508,303.0337,308.2089,314.4931,322.0134,330.9318,341.4814,354.0122,369.0461,387.3439,321.0,417.0,659.3019,57.156999999999925,324.5234999999999,11.713099999999995
554,554,554.0,554.0,554.0,554.0,554.0,554.0,554.0,554.0,554.0,554.0,554.0,554.0,554.0,554.0,554.0,554.0,554.0,554.0,554.0,554.0,554.0,554.0,554.0,554.0,554.0,554.0,554.0,554.0,554.0,554.0,554.0,554.0,554.0,554.0,554.0,554.0,554.0,554.0,554.0,554.0,554.0,554.0,554.0,554.0,,,,,,,,,,,,,,,,,,,,,,,,,,,,,,,0.4,313.5633,307.3798,302.4105,298.6231,295.9768,294.4168,293.8786,294.2982,295.6239,297.8267,300.91,304.9146,309.9237,316.0667,323.5255,332.5434,343.4413,356.6436,372.7218,392.4652,252.0,447.0,716.4589,51.45609999999999,267.3665,11.713099999999995
555,555,555.0,555.0,555.0,555.0,555.0,555.0,555.0,555.0,555.0,555.0,555.0,555.0,555.0,555.0,555.0,555.0,555.0,555.0,555.0,555.0,555.0,555.0,555.0,555.0,555.0,555.0,555.0,555.0,555.0,555.0,555.0,555.0,555.0,555.0,555.0,555.0,555.0,555.0,555.0,555.0,555.0,555.0,555.0,555.0,,,,,,,,,,,,,,,,,,,,,,,,,,,,,,,0.5,259.6634,266.7019,272.9443,278.3107,282.8265,286.6162,289.8819,292.8743,295.8668,299.1361,302.954,307.5882,313.3109,320.4108,329.2081,340.0726,353.4499,369.9023,390.181,415.3495,302.0,471.0,767.915,56.92510000000004,215.9104,11.713099999999995
556,556,556.0,556.0,556.0,556.0,556.0,556.0,556.0,556.0,556.0,556.0,556.0,556.0,556.0,556.0,556.0,556.0,556.0,556.0,556.0,556.0,556.0,556.0,556.0,556.0,556.0,556.0,556.0,556.0,556.0,556.0,556.0,556.0,556.0,556.0,556.0,556.0,556.0,556.0,556.0,556.0,556.0,556.0,556.0,556.0,,,,,,,,,,,,,,,,,,,,,,,,,,,,,,,0.6,297.6829,294.183,291.5884,289.9555,289.2983,289.5918,290.7874,292.8359,295.7101,299.4243,304.0476,309.7107,316.6098,325.0085,335.2425,347.7322,363.0097,381.7714,404.9743,434.0068,296.0,472.0,824.8401,37.67089999999996,158.98529999999994,11.713099999999995
557,557,557.0,557.0,557.0,557.0,557.0,557.0,557.0,557.0,557.0,557.0,557.0,557.0,557.0,557.0,557.0,557.0,557.0,557.0,557.0,557.0,557.0,557.0,557.0,557.0,557.0,557.0,557.0,557.0,557.0,557.0,557.0,557.0,557.0,557.0,557.0,557.0,557.0,557.0,557.0,557.0,557.0,557.0,557.0,557.0,,,,,,,,,,,,,,,,,,,,,,,,,,,,,,,0.7,294.1026,292.7314,291.8731,291.5307,291.723,292.4831,293.8581,295.9083,298.7084,302.3496,306.9438,312.6303,319.5845,328.0298,338.255,350.6396,365.6922,384.1105,406.8803,435.4432,254.0,454.0,862.511,35.31560000000002,121.31439999999998,11.713099999999995
558,558,558.0,558.0,558.0,558.0,558.0,558.0,558.0,558.0,558.0,558.0,558.0,558.0,558.0,558.0,558.0,558.0,558.0,558.0,558.0,558.0,558.0,558.0,558.0,558.0,558.0,558.0,558.0,558.0,558.0,558.0,558.0,558.0,558.0,558.0,558.0,558.0,558.0,558.0,558.0,558.0,558.0,558.0,558.0,558.0,,,,,,,,,,,,,,,,,,,,,,,,,,,,,,,0.8,260.7673,267.0532,272.7763,277.9145,282.5149,286.6898,290.6034,294.4523,298.4472,302.7992,307.7126,313.3867,320.0239,327.8459,337.1165,348.1727,361.4651,377.6135,397.4879,422.3356,291.0,473.0,897.8266,48.54690000000005,85.99879999999996,11.713099999999995
559,559,559.0,559.0,559.0,559.0,559.0,559.0,559.0,559.0,559.0,559.0,559.0,559.0,559.0,559.0,559.0,559.0,559.0,559.0,559.0,559.0,559.0,559.0,559.0,559.0,559.0,559.0,559.0,559.0,559.0,559.0,559.0,559.0,559.0,559.0,559.0,559.0,559.0,559.0,559.0,559.0,559.0,559.0,559.0,559.0,,,,,,,,,,,,,,,,,,,,,,,,,,,,,,,0.9,289.0555,287.6464,286.8734,286.8079,287.4841,288.9031,291.0459,293.8917,297.4361,301.7083,306.7831,312.7895,319.9174,328.4236,338.6417,350.9983,366.0444,384.5091,407.3968,436.1578,293.0,473.0,946.3735,37.45189999999991,37.45189999999991,11.713099999999995
560,560,560.0,560.0,560.0,560.0,560.0,560.0,560.0,560.0,560.0,560.0,560.0,560.0,560.0,560.0,560.0,560.0,560.0,560.0,560.0,560.0,560.0,560.0,560.0,560.0,560.0,560.0,560.0,560.0,560.0,560.0,560.0,560.0,560.0,560.0,560.0,560.0,560.0,560.0,560.0,560.0,560.0,560.0,560.0,560.0,,,,,,,,,,,,,,,,,,,,,,,,,,,,,,,0.0,273.0,273.0,273.0,273.0,273.0,273.0,273.0,273.0,273.0,273.0,273.0,273.0,273.0,273.0,273.0,273.0,273.0,273.0,273.0,273.0,471.0,336.0,0.0,387.9009,1143.2128,11.403999999999996
561,561,561.0,561.0,561.0,561.0,561.0,561.0,561.0,561.0,561.0,561.0,561.0,561.0,561.0,561.0,561.0,561.0,561.0,561.0,561.0,561.0,561.0,561.0,561.0,561.0,561.0,561.0,561.0,561.0,561.0,561.0,561.0,561.0,561.0,561.0,561.0,561.0,561.0,561.0,561.0,561.0,561.0,561.0,561.0,561.0,,,,,,,,,,,,,,,,,,,,,,,,,,,,,,,0.1,427.0449,391.3139,362.1185,338.5027,319.8097,305.454,294.8317,287.3167,282.3037,279.2615,277.777,277.5774,278.5308,280.6273,283.9458,288.6141,294.7683,302.5211,311.9467,323.0897,282.0,472.0,387.9009,201.12800000000004,755.3119,11.403999999999996
562,562,562.0,562.0,562.0,562.0,562.0,562.0,562.0,562.0,562.0,562.0,562.0,562.0,562.0,562.0,562.0,562.0,562.0,562.0,562.0,562.0,562.0,562.0,562.0,562.0,562.0,562.0,562.0,562.0,562.0,562.0,562.0,562.0,562.0,562.0,562.0,562.0,562.0,562.0,562.0,562.0,562.0,562.0,562.0,562.0,,,,,,,,,,,,,,,,,,,,,,,,,,,,,,,0.2,286.6445,290.869,294.1726,296.2547,297.0476,296.7037,295.5492,294.0223,292.6169,291.8411,292.1979,294.1824,298.2885,305.0141,314.8599,328.3247,345.9097,368.1575,395.7582,429.7661,247.0,439.0,589.0289,74.7844,554.1839,11.403999999999996
563,563,563.0,563.0,563.0,563.0,563.0,563.0,563.0,563.0,563.0,563.0,563.0,563.0,563.0,563.0,563.0,563.0,563.0,563.0,563.0,563.0,563.0,563.0,563.0,563.0,563.0,563.0,563.0,563.0,563.0,563.0,563.0,563.0,563.0,563.0,563.0,563.0,563.0,563.0,563.0,563.0,563.0,563.0,563.0,563.0,,,,,,,,,,,,,,,,,,,,,,,,,,,,,,,0.3,255.0488,262.4138,268.9388,274.5472,279.258,283.1868,286.5314,289.5516,292.5439,295.8184,299.6798,304.4157,310.2922,317.5599,326.4699,337.3031,350.4109,366.2723,385.5722,409.3138,274.0,473.0,663.8133,80.16999999999996,479.3995,11.403999999999996
564,564,564.0,564.0,564.0,564.0,564.0,564.0,564.0,564.0,564.0,564.0,564.0,564.0,564.0,564.0,564.0,564.0,564.0,564.0,564.0,564.0,564.0,564.0,564.0,564.0,564.0,564.0,564.0,564.0,564.0,564.0,564.0,564.0,564.0,564.0,564.0,564.0,564.0,564.0,564.0,564.0,564.0,564.0,564.0,564.0,,,,,,,,,,,,,,,,,,,,,,,,,,,,,,,0.4,274.8676,275.8635,277.0825,278.5987,280.464,282.7137,285.3785,288.4984,292.137,296.3934,301.4108,307.382,314.5529,323.2265,333.769,346.6231,362.3363,381.6148,405.4229,435.1629,284.0,473.0,743.9833,60.9588,399.2295,11.403999999999996
565,565,565.0,565.0,565.0,565.0,565.0,565.0,565.0,565.0,565.0,565.0,565.0,565.0,565.0,565.0,565.0,565.0,565.0,565.0,565.0,565.0,565.0,565.0,565.0,565.0,565.0,565.0,565.0,565.0,565.0,565.0,565.0,565.0,565.0,565.0,565.0,565.0,565.0,565.0,565.0,565.0,565.0,565.0,565.0,565.0,,,,,,,,,,,,,,,,,,,,,,,,,,,,,,,0.5,283.3517,283.0234,283.085,283.599,284.619,286.1908,288.358,291.1683,294.6814,298.9766,304.1598,310.3701,317.7879,326.6451,337.2406,349.9645,365.3358,384.0638,407.148,436.0495,240.0,473.0,804.9421,58.32560000000001,338.27070000000003,11.403999999999996
566,566,566.0,566.0,566.0,566.0,566.0,566.0,566.0,566.0,566.0,566.0,566.0,566.0,566.0,566.0,566.0,566.0,566.0,566.0,566.0,566.0,566.0,566.0,566.0,566.0,566.0,566.0,566.0,566.0,566.0,566.0,566.0,566.0,566.0,566.0,566.0,566.0,566.0,566.0,566.0,566.0,566.0,566.0,566.0,566.0,,,,,,,,,,,,,,,,,,,,,,,,,,,,,,,0.6,248.631,256.568,263.7418,270.1463,275.8488,280.9848,285.7437,290.3491,295.0403,300.0593,305.6463,312.0417,319.4966,328.2894,338.748,351.2815,366.4228,384.8933,407.7041,436.3268,240.0,471.0,863.2677,80.82240000000002,279.9451,11.403999999999996
567,567,567.0,567.0,567.0,567.0,567.0,567.0,567.0,567.0,567.0,567.0,567.0,567.0,567.0,567.0,567.0,567.0,567.0,567.0,567.0,567.0,567.0,567.0,567.0,567.0,567.0,567.0,567.0,567.0,567.0,567.0,567.0,567.0,567.0,567.0,567.0,567.0,567.0,567.0,567.0,567.0,567.0,567.0,567.0,567.0,,,,,,,,,,,,,,,,,,,,,,,,,,,,,,,0.7,247.3083,254.0823,260.3794,266.2669,271.8249,277.1483,282.3478,287.5503,292.8992,298.5556,304.6998,311.5354,319.297,328.2605,338.7611,351.219,366.1789,384.3707,406.8071,434.9488,351.0,313.0,944.0901,57.133500000000026,199.1227,11.403999999999996
568,568,568.0,568.0,568.0,568.0,568.0,568.0,568.0,568.0,568.0,568.0,568.0,568.0,568.0,568.0,568.0,568.0,568.0,568.0,568.0,568.0,568.0,568.0,568.0,568.0,568.0,568.0,568.0,568.0,568.0,568.0,568.0,568.0,568.0,568.0,568.0,568.0,568.0,568.0,568.0,568.0,568.0,568.0,568.0,568.0,,,,,,,,,,,,,,,,,,,,,,,,,,,,,,,0.8,335.3176,322.1065,311.4097,303.2556,297.5911,294.2557,292.99,293.4645,295.3142,298.166,301.6531,305.4186,309.1155,312.4111,315.0056,316.666,317.2724,316.8671,315.6903,314.191,251.0,443.0,1001.2236,76.06099999999992,141.98919999999998,11.403999999999996
569,569,569.0,569.0,569.0,569.0,569.0,569.0,569.0,569.0,569.0,569.0,569.0,569.0,569.0,569.0,569.0,569.0,569.0,569.0,569.0,569.0,569.0,569.0,569.0,569.0,569.0,569.0,569.0,569.0,569.0,569.0,569.0,569.0,569.0,569.0,569.0,569.0,569.0,569.0,569.0,569.0,569.0,569.0,569.0,569.0,,,,,,,,,,,,,,,,,,,,,,,,,,,,,,,0.9,259.3499,266.9784,273.6496,279.2414,283.7615,287.3355,290.1769,292.5516,294.7486,297.0639,299.8008,303.2816,307.8629,313.9474,321.9854,332.4674,345.9169,362.9002,384.0787,410.333,295.0,409.0,1077.2846,65.92820000000006,65.92820000000006,11.403999999999996
570,570,570.0,570.0,570.0,570.0,570.0,570.0,570.0,570.0,570.0,570.0,570.0,570.0,570.0,570.0,570.0,570.0,570.0,570.0,570.0,570.0,570.0,570.0,570.0,570.0,570.0,570.0,570.0,570.0,570.0,570.0,570.0,570.0,570.0,570.0,570.0,570.0,570.0,570.0,570.0,570.0,570.0,570.0,570.0,570.0,,,,,,,,,,,,,,,,,,,,,,,,,,,,,,,0.0,273.0,273.0,273.0,273.0,273.0,273.0,273.0,273.0,273.0,273.0,273.0,273.0,273.0,273.0,273.0,273.0,273.0,273.0,273.0,273.0,473.0,335.0,0.0,388.4709,1138.0986,11.709400000000016
571,571,571.0,571.0,571.0,571.0,571.0,571.0,571.0,571.0,571.0,571.0,571.0,571.0,571.0,571.0,571.0,571.0,571.0,571.0,571.0,571.0,571.0,571.0,571.0,571.0,571.0,571.0,571.0,571.0,571.0,571.0,571.0,571.0,571.0,571.0,571.0,571.0,571.0,571.0,571.0,571.0,571.0,571.0,571.0,571.0,,,,,,,,,,,,,,,,,,,,,,,,,,,,,,,0.1,428.5438,392.4416,362.9597,339.1192,320.2503,305.7594,295.0356,287.4462,282.3791,279.2968,277.7797,277.5491,278.4677,280.5203,283.781,288.3734,294.43,302.0607,311.3371,322.3015,270.0,471.0,388.4709,202.55,749.6277,11.709400000000016
572,572,572.0,572.0,572.0,572.0,572.0,572.0,572.0,572.0,572.0,572.0,572.0,572.0,572.0,572.0,572.0,572.0,572.0,572.0,572.0,572.0,572.0,572.0,572.0,572.0,572.0,572.0,572.0,572.0,572.0,572.0,572.0,572.0,572.0,572.0,572.0,572.0,572.0,572.0,572.0,572.0,572.0,572.0,572.0,572.0,,,,,,,,,,,,,,,,,,,,,,,,,,,,,,,0.2,277.1542,283.5822,288.7546,292.3627,294.3525,294.9083,294.3995,293.313,292.1898,291.5802,292.0213,294.0346,298.1325,304.8249,314.6196,328.0184,345.5226,367.6717,395.1481,428.9929,256.0,455.0,591.0209,79.20140000000004,547.0777,11.709400000000016
573,573,573.0,573.0,573.0,573.0,573.0,573.0,573.0,573.0,573.0,573.0,573.0,573.0,573.0,573.0,573.0,573.0,573.0,573.0,573.0,573.0,573.0,573.0,573.0,573.0,573.0,573.0,573.0,573.0,573.0,573.0,573.0,573.0,573.0,573.0,573.0,573.0,573.0,573.0,573.0,573.0,573.0,573.0,573.0,573.0,,,,,,,,,,,,,,,,,,,,,,,,,,,,,,,0.3,261.886,267.3188,272.2044,276.4999,280.2272,283.477,286.4042,289.2181,292.1679,295.5283,299.5859,304.6296,310.9461,318.8224,328.5592,340.4953,355.0478,372.7735,394.4607,421.2744,284.0,473.0,670.2223,70.9502,467.8763,11.709400000000016
574,574,574.0,574.0,574.0,574.0,574.0,574.0,574.0,574.0,574.0,574.0,574.0,574.0,574.0,574.0,574.0,574.0,574.0,574.0,574.0,574.0,574.0,574.0,574.0,574.0,574.0,574.0,574.0,574.0,574.0,574.0,574.0,574.0,574.0,574.0,574.0,574.0,574.0,574.0,574.0,574.0,574.0,574.0,574.0,574.0,,,,,,,,,,,,,,,,,,,,,,,,,,,,,,,0.4,283.0615,282.4709,282.318,282.6728,283.5811,285.0701,287.1586,289.8711,293.2523,297.3783,302.3656,308.3762,315.622,324.3708,334.9548,347.7888,363.4028,382.4988,406.0525,435.4886,249.0,473.0,741.1725,61.01049999999998,396.9261,11.709400000000016
575,575,575.0,575.0,575.0,575.0,575.0,575.0,575.0,575.0,575.0,575.0,575.0,575.0,575.0,575.0,575.0,575.0,575.0,575.0,575.0,575.0,575.0,575.0,575.0,575.0,575.0,575.0,575.0,575.0,575.0,575.0,575.0,575.0,575.0,575.0,575.0,575.0,575.0,575.0,575.0,575.0,575.0,575.0,575.0,575.0,,,,,,,,,,,,,,,,,,,,,,,,,,,,,,,0.5,255.7314,261.9514,267.6242,272.7617,277.4315,281.7548,285.8957,290.0472,294.4175,299.2209,304.6752,311.0042,318.4476,327.2756,337.8101,350.4542,365.7345,384.3649,407.3484,436.149,268.0,473.0,802.183,68.11120000000005,335.91560000000004,11.709400000000016
576,576,576.0,576.0,576.0,576.0,576.0,576.0,576.0,576.0,576.0,576.0,576.0,576.0,576.0,576.0,576.0,576.0,576.0,576.0,576.0,576.0,576.0,576.0,576.0,576.0,576.0,576.0,576.0,576.0,576.0,576.0,576.0,576.0,576.0,576.0,576.0,576.0,576.0,576.0,576.0,576.0,576.0,576.0,576.0,576.0,,,,,,,,,,,,,,,,,,,,,,,,,,,,,,,0.6,270.0612,272.1397,274.3454,276.7698,279.4844,282.5449,285.9993,289.8984,294.3059,299.3079,305.0203,311.5949,319.2275,328.1667,338.7297,351.3259,366.4949,384.9667,407.7612,436.3575,276.0,471.0,870.2942,58.33569999999997,267.8044,11.709400000000016
577,577,577.0,577.0,577.0,577.0,577.0,577.0,577.0,577.0,577.0,577.0,577.0,577.0,577.0,577.0,577.0,577.0,577.0,577.0,577.0,577.0,577.0,577.0,577.0,577.0,577.0,577.0,577.0,577.0,577.0,577.0,577.0,577.0,577.0,577.0,577.0,577.0,577.0,577.0,577.0,577.0,577.0,577.0,577.0,577.0,,,,,,,,,,,,,,,,,,,,,,,,,,,,,,,0.7,276.8976,277.9484,279.2363,280.8361,282.8123,285.2203,288.1113,291.5381,295.5627,300.2634,305.7426,312.1343,319.6132,328.4072,338.8137,351.2252,366.1665,384.3547,406.7945,434.9421,247.0,472.0,928.6299,58.06849999999997,209.4687,11.709400000000016
578,578,578.0,578.0,578.0,578.0,578.0,578.0,578.0,578.0,578.0,578.0,578.0,578.0,578.0,578.0,578.0,578.0,578.0,578.0,578.0,578.0,578.0,578.0,578.0,578.0,578.0,578.0,578.0,578.0,578.0,578.0,578.0,578.0,578.0,578.0,578.0,578.0,578.0,578.0,578.0,578.0,578.0,578.0,578.0,578.0,,,,,,,,,,,,,,,,,,,,,,,,,,,,,,,0.8,254.0485,260.5749,266.5614,272.0301,277.0506,281.7374,286.2415,290.7384,295.4174,300.4751,306.114,312.5469,320.0068,328.7626,339.139,351.5464,366.5206,384.7857,407.3521,435.684,240.0,471.0,986.6984,76.1065000000001,151.40020000000004,11.709400000000016
579,579,579.0,579.0,579.0,579.0,579.0,579.0,579.0,579.0,579.0,579.0,579.0,579.0,579.0,579.0,579.0,579.0,579.0,579.0,579.0,579.0,579.0,579.0,579.0,579.0,579.0,579.0,579.0,579.0,579.0,579.0,579.0,579.0,579.0,579.0,579.0,579.0,579.0,579.0,579.0,579.0,579.0,579.0,579.0,579.0,,,,,,,,,,,,,,,,,,,,,,,,,,,,,,,0.9,247.523,254.4894,260.9389,266.9286,272.537,277.8643,283.0315,288.1774,293.4571,299.0402,305.1132,311.8829,319.5845,328.4943,338.9469,351.3622,366.2848,384.4443,406.853,434.9706,286.0,473.0,1062.8049,75.29369999999994,75.29369999999994,11.709400000000016
580,580,580.0,580.0,580.0,580.0,580.0,580.0,580.0,580.0,580.0,580.0,580.0,580.0,580.0,580.0,580.0,580.0,580.0,580.0,580.0,580.0,580.0,580.0,580.0,580.0,580.0,580.0,580.0,580.0,580.0,580.0,580.0,580.0,580.0,580.0,580.0,580.0,580.0,580.0,580.0,580.0,580.0,580.0,580.0,580.0,,,,,,,,,,,,,,,,,,,,,,,,,,,,,,,0.0,273.0,273.0,273.0,273.0,273.0,273.0,273.0,273.0,273.0,273.0,273.0,273.0,273.0,273.0,273.0,273.0,273.0,273.0,273.0,273.0,472.0,338.0,0.0,387.2312,1127.8623,11.559799999999996
581,581,581.0,581.0,581.0,581.0,581.0,581.0,581.0,581.0,581.0,581.0,581.0,581.0,581.0,581.0,581.0,581.0,581.0,581.0,581.0,581.0,581.0,581.0,581.0,581.0,581.0,581.0,581.0,581.0,581.0,581.0,581.0,581.0,581.0,581.0,581.0,581.0,581.0,581.0,581.0,581.0,581.0,581.0,581.0,581.0,,,,,,,,,,,,,,,,,,,,,,,,,,,,,,,0.1,427.7946,391.8782,362.5396,338.8118,320.0315,305.6098,294.9398,287.3932,282.3632,279.3183,277.8458,277.6755,278.6795,280.853,284.2811,289.098,295.4457,303.4419,313.1654,324.6656,279.0,473.0,387.2312,198.98960000000005,740.6311000000001,11.559799999999996
582,582,582.0,582.0,582.0,582.0,582.0,582.0,582.0,582.0,582.0,582.0,582.0,582.0,582.0,582.0,582.0,582.0,582.0,582.0,582.0,582.0,582.0,582.0,582.0,582.0,582.0,582.0,582.0,582.0,582.0,582.0,582.0,582.0,582.0,582.0,582.0,582.0,582.0,582.0,582.0,582.0,582.0,582.0,582.0,582.0,,,,,,,,,,,,,,,,,,,,,,,,,,,,,,,0.2,284.291,289.0826,292.8671,295.3422,296.4445,296.3357,295.3544,293.953,292.639,291.9325,292.3463,294.3827,298.5402,305.3191,315.2214,328.7471,346.3995,368.7262,396.4258,430.5686,248.0,442.0,586.2208,74.6914999999999,541.6415,11.559799999999996
583,583,583.0,583.0,583.0,583.0,583.0,583.0,583.0,583.0,583.0,583.0,583.0,583.0,583.0,583.0,583.0,583.0,583.0,583.0,583.0,583.0,583.0,583.0,583.0,583.0,583.0,583.0,583.0,583.0,583.0,583.0,583.0,583.0,583.0,583.0,583.0,583.0,583.0,583.0,583.0,583.0,583.0,583.0,583.0,583.0,,,,,,,,,,,,,,,,,,,,,,,,,,,,,,,0.3,255.7663,262.88,269.1972,274.648,279.253,283.1236,286.451,289.4862,292.5179,295.8497,299.7834,304.606,310.5867,317.9815,327.0498,338.0824,351.4427,367.6252,387.3355,411.6085,277.0,473.0,660.9123,78.13999999999999,466.9500000000001,11.559799999999996
584,584,584.0,584.0,584.0,584.0,584.0,584.0,584.0,584.0,584.0,584.0,584.0,584.0,584.0,584.0,584.0,584.0,584.0,584.0,584.0,584.0,584.0,584.0,584.0,584.0,584.0,584.0,584.0,584.0,584.0,584.0,584.0,584.0,584.0,584.0,584.0,584.0,584.0,584.0,584.0,584.0,584.0,584.0,584.0,584.0,,,,,,,,,,,,,,,,,,,,,,,,,,,,,,,0.4,277.2838,277.7658,278.5444,279.6955,281.2695,283.2978,285.8038,288.819,292.3973,296.6278,301.6436,307.6281,314.8181,323.5081,334.0572,346.9027,362.5889,381.8219,405.5693,435.2382,278.0,473.0,739.0523,59.96210000000008,388.81000000000006,11.559799999999996
585,585,585.0,585.0,585.0,585.0,585.0,585.0,585.0,585.0,585.0,585.0,585.0,585.0,585.0,585.0,585.0,585.0,585.0,585.0,585.0,585.0,585.0,585.0,585.0,585.0,585.0,585.0,585.0,585.0,585.0,585.0,585.0,585.0,585.0,585.0,585.0,585.0,585.0,585.0,585.0,585.0,585.0,585.0,585.0,585.0,,,,,,,,,,,,,,,,,,,,,,,,,,,,,,,0.5,278.6735,279.5089,280.5605,281.8837,283.536,285.5778,288.0754,291.1035,294.7495,299.1175,304.3336,310.5521,317.9636,326.8064,337.3829,350.0852,365.4333,384.1371,407.1966,436.0736,240.0,472.0,799.0144,60.688699999999926,328.8479,11.559799999999996
586,586,586.0,586.0,586.0,586.0,586.0,586.0,586.0,586.0,586.0,586.0,586.0,586.0,586.0,586.0,586.0,586.0,586.0,586.0,586.0,586.0,586.0,586.0,586.0,586.0,586.0,586.0,586.0,586.0,586.0,586.0,586.0,586.0,586.0,586.0,586.0,586.0,586.0,586.0,586.0,586.0,586.0,586.0,586.0,586.0,,,,,,,,,,,,,,,,,,,,,,,,,,,,,,,0.6,248.4621,256.2508,263.313,269.6522,275.3366,280.4964,285.3104,289.9895,294.7603,299.8541,305.5026,311.9406,319.4157,328.2042,338.6329,351.1096,366.1655,384.5191,407.176,435.5971,270.0,473.0,859.7031,72.27380000000005,268.15920000000006,11.559799999999996
587,587,587.0,587.0,587.0,587.0,587.0,587.0,587.0,587.0,587.0,587.0,587.0,587.0,587.0,587.0,587.0,587.0,587.0,587.0,587.0,587.0,587.0,587.0,587.0,587.0,587.0,587.0,587.0,587.0,587.0,587.0,587.0,587.0,587.0,587.0,587.0,587.0,587.0,587.0,587.0,587.0,587.0,587.0,587.0,587.0,,,,,,,,,,,,,,,,,,,,,,,,,,,,,,,0.7,271.3841,272.8663,274.5887,276.6618,279.1601,282.127,285.587,289.5611,294.083,299.2117,305.0423,311.7131,319.4128,328.3885,338.9602,351.5423,366.6805,385.1109,407.8585,436.4061,279.0,471.0,931.9769,58.02419999999995,195.8854,11.559799999999996
588,588,588.0,588.0,588.0,588.0,588.0,588.0,588.0,588.0,588.0,588.0,588.0,588.0,588.0,588.0,588.0,588.0,588.0,588.0,588.0,588.0,588.0,588.0,588.0,588.0,588.0,588.0,588.0,588.0,588.0,588.0,588.0,588.0,588.0,588.0,588.0,588.0,588.0,588.0,588.0,588.0,588.0,588.0,588.0,588.0,,,,,,,,,,,,,,,,,,,,,,,,,,,,,,,0.8,279.2917,279.8077,280.6352,281.8508,283.5176,285.687,288.4031,291.7096,295.6582,300.3166,305.7771,312.1648,319.6473,328.4471,338.858,351.2704,366.2086,384.3897,406.8194,434.955,241.0,471.0,990.0011,57.98860000000013,137.86120000000005,11.559799999999996
589,589,589.0,589.0,589.0,589.0,589.0,589.0,589.0,589.0,589.0,589.0,589.0,589.0,589.0,589.0,589.0,589.0,589.0,589.0,589.0,589.0,589.0,589.0,589.0,589.0,589.0,589.0,589.0,589.0,589.0,589.0,589.0,589.0,589.0,589.0,589.0,589.0,589.0,589.0,589.0,589.0,589.0,589.0,589.0,589.0,,,,,,,,,,,,,,,,,,,,,,,,,,,,,,,0.9,249.3192,256.9864,263.9538,270.2278,275.8769,281.0284,285.8557,290.5617,295.3639,300.4836,306.143,312.569,320.0029,328.7175,339.0379,351.3725,366.2536,384.3999,406.8144,434.9489,241.0,473.0,1047.9897,79.87259999999992,79.87259999999992,11.559799999999996
590,590,590.0,590.0,590.0,590.0,590.0,590.0,590.0,590.0,590.0,590.0,590.0,590.0,590.0,590.0,590.0,590.0,590.0,590.0,590.0,590.0,590.0,590.0,590.0,590.0,590.0,590.0,590.0,590.0,590.0,590.0,590.0,590.0,590.0,590.0,590.0,590.0,590.0,590.0,590.0,590.0,590.0,590.0,590.0,590.0,,,,,,,,,,,,,,,,,,,,,,,,,,,,,,,0.0,273.0,273.0,273.0,273.0,273.0,273.0,273.0,273.0,273.0,273.0,273.0,273.0,273.0,273.0,273.0,273.0,273.0,273.0,273.0,273.0,473.0,336.0,0.0,388.0874,1041.0067,11.710699999999974
591,591,591.0,591.0,591.0,591.0,591.0,591.0,591.0,591.0,591.0,591.0,591.0,591.0,591.0,591.0,591.0,591.0,591.0,591.0,591.0,591.0,591.0,591.0,591.0,591.0,591.0,591.0,591.0,591.0,591.0,591.0,591.0,591.0,591.0,591.0,591.0,591.0,591.0,591.0,591.0,591.0,591.0,591.0,591.0,591.0,,,,,,,,,,,,,,,,,,,,,,,,,,,,,,,0.1,428.5438,392.4417,362.9599,339.1194,320.2509,305.7607,295.038,287.4509,282.3879,279.3125,277.8067,277.5941,278.5399,280.632,283.9482,288.6153,294.7689,302.5214,311.9469,323.0897,270.0,472.0,388.0874,201.4175,652.9192999999999,11.710699999999974
592,592,592.0,592.0,592.0,592.0,592.0,592.0,592.0,592.0,592.0,592.0,592.0,592.0,592.0,592.0,592.0,592.0,592.0,592.0,592.0,592.0,592.0,592.0,592.0,592.0,592.0,592.0,592.0,592.0,592.0,592.0,592.0,592.0,592.0,592.0,592.0,592.0,592.0,592.0,592.0,592.0,592.0,592.0,592.0,592.0,,,,,,,,,,,,,,,,,,,,,,,,,,,,,,,0.2,277.1552,283.5844,288.7586,292.3691,294.3624,294.9232,294.4216,293.3451,292.2355,291.6437,292.1081,294.1508,298.2853,305.0225,314.8712,328.3349,345.9175,368.1629,395.7614,429.7676,259.0,459.0,589.5049,77.94119999999998,451.5017999999999,11.710699999999974
593,593,593.0,593.0,593.0,593.0,593.0,593.0,593.0,593.0,593.0,593.0,593.0,593.0,593.0,593.0,593.0,593.0,593.0,593.0,593.0,593.0,593.0,593.0,593.0,593.0,593.0,593.0,593.0,593.0,593.0,593.0,593.0,593.0,593.0,593.0,593.0,593.0,593.0,593.0,593.0,593.0,593.0,593.0,593.0,593.0,,,,,,,,,,,,,,,,,,,,,,,,,,,,,,,0.3,264.2974,269.2066,273.6422,277.5656,280.998,284.025,286.7938,289.5044,292.3975,295.7407,299.8171,304.9147,311.3233,319.3362,329.263,341.4541,356.3412,374.5001,396.7471,424.2921,285.0,471.0,667.4461,67.13310000000001,373.5605999999999,11.710699999999974
594,594,594.0,594.0,594.0,594.0,594.0,594.0,594.0,594.0,594.0,594.0,594.0,594.0,594.0,594.0,594.0,594.0,594.0,594.0,594.0,594.0,594.0,594.0,594.0,594.0,594.0,594.0,594.0,594.0,594.0,594.0,594.0,594.0,594.0,594.0,594.0,594.0,594.0,594.0,594.0,594.0,594.0,594.0,594.0,594.0,,,,,,,,,,,,,,,,,,,,,,,,,,,,,,,0.4,283.973,283.3089,283.0902,283.3819,284.2283,285.6569,287.6889,290.3513,293.6905,297.7822,302.7395,308.718,315.9202,324.6017,335.0815,347.7613,363.1589,381.9659,405.1459,434.1053,245.0,472.0,734.5792,60.19309999999996,306.4274999999999,11.710699999999974
595,595,595.0,595.0,595.0,595.0,595.0,595.0,595.0,595.0,595.0,595.0,595.0,595.0,595.0,595.0,595.0,595.0,595.0,595.0,595.0,595.0,595.0,595.0,595.0,595.0,595.0,595.0,595.0,595.0,595.0,595.0,595.0,595.0,595.0,595.0,595.0,595.0,595.0,595.0,595.0,595.0,595.0,595.0,595.0,595.0,,,,,,,,,,,,,,,,,,,,,,,,,,,,,,,0.5,252.5946,259.5907,265.9344,271.6272,276.7356,281.3877,285.7602,290.0618,294.5173,299.3562,304.8088,311.1087,318.5025,327.265,337.7208,350.2737,365.4488,383.9561,406.7908,435.4026,263.0,473.0,794.7723,71.67690000000005,246.2344,11.710699999999974
596,596,596.0,596.0,596.0,596.0,596.0,596.0,596.0,596.0,596.0,596.0,596.0,596.0,596.0,596.0,596.0,596.0,596.0,596.0,596.0,596.0,596.0,596.0,596.0,596.0,596.0,596.0,596.0,596.0,596.0,596.0,596.0,596.0,596.0,596.0,596.0,596.0,596.0,596.0,596.0,596.0,596.0,596.0,596.0,596.0,,,,,,,,,,,,,,,,,,,,,,,,,,,,,,,0.6,265.94,268.799,271.6867,274.6959,277.9014,281.3644,285.1401,289.2883,293.8824,299.0189,304.8235,311.458,319.1267,328.0861,338.6603,351.264,366.4405,384.9221,407.7295,436.341,292.0,473.0,866.4492,58.96370000000002,174.5574999999999,11.710699999999974
597,597,597.0,597.0,597.0,597.0,597.0,597.0,597.0,597.0,597.0,597.0,597.0,597.0,597.0,597.0,597.0,597.0,597.0,597.0,597.0,597.0,597.0,597.0,597.0,597.0,597.0,597.0,597.0,597.0,597.0,597.0,597.0,597.0,597.0,597.0,597.0,597.0,597.0,597.0,597.0,597.0,597.0,597.0,597.0,597.0,,,,,,,,,,,,,,,,,,,,,,,,,,,,,,,0.7,289.4648,287.5022,286.227,285.7272,286.0558,287.2318,289.2503,292.0975,295.7673,300.2762,305.676,312.0636,319.5893,328.4677,338.9916,351.5549,366.6882,385.1184,407.8653,436.4102,310.0,456.0,925.4129,35.44569999999999,115.59379999999987,11.710699999999974
598,598,598.0,598.0,598.0,598.0,598.0,598.0,598.0,598.0,598.0,598.0,598.0,598.0,598.0,598.0,598.0,598.0,598.0,598.0,598.0,598.0,598.0,598.0,598.0,598.0,598.0,598.0,598.0,598.0,598.0,598.0,598.0,598.0,598.0,598.0,598.0,598.0,598.0,598.0,598.0,598.0,598.0,598.0,598.0,598.0,,,,,,,,,,,,,,,,,,,,,,,,,,,,,,,0.8,304.857,300.6777,297.48,295.2815,294.0893,293.8962,294.684,296.4311,299.1214,302.7541,307.3521,312.9708,319.7066,327.7096,337.2001,348.4931,362.0339,378.4498,398.6287,423.8482,245.0,437.0,960.8586,31.941799999999944,80.14809999999989,11.710699999999974
599,599,599.0,599.0,599.0,599.0,599.0,599.0,599.0,599.0,599.0,599.0,599.0,599.0,599.0,599.0,599.0,599.0,599.0,599.0,599.0,599.0,599.0,599.0,599.0,599.0,599.0,599.0,599.0,599.0,599.0,599.0,599.0,599.0,599.0,599.0,599.0,599.0,599.0,599.0,599.0,599.0,599.0,599.0,599.0,599.0,,,,,,,,,,,,,,,,,,,,,,,,,,,,,,,0.9,253.9243,262.1358,269.4881,275.9227,281.4818,286.3005,290.5831,294.5736,298.5267,302.6868,307.2779,312.5029,318.5545,325.6324,333.9678,343.8537,355.6826,369.9928,387.5337,409.3616,288.0,413.0,992.8004,48.20629999999994,48.20629999999994,11.710699999999974
600,600,600.0,600.0,600.0,600.0,600.0,600.0,600.0,600.0,600.0,600.0,600.0,600.0,600.0,600.0,600.0,600.0,600.0,600.0,600.0,600.0,600.0,600.0,600.0,600.0,600.0,600.0,600.0,600.0,600.0,600.0,600.0,600.0,600.0,600.0,600.0,600.0,600.0,600.0,600.0,600.0,600.0,600.0,600.0,,,,,,,,,,,,,,,,,,,,,,,,,,,,,,,,0.0,273.0,273.0,273.0,273.0,273.0,273.0,273.0,273.0,273.0,273.0,273.0,273.0,273.0,273.0,273.0,273.0,273.0,273.0,273.0,273.0,313.0,473.0,0.0,368.6481,2199.0287,2.036200000000008
601,601,601.0,601.0,601.0,601.0,601.0,601.0,601.0,601.0,601.0,601.0,601.0,601.0,601.0,601.0,601.0,601.0,601.0,601.0,601.0,601.0,601.0,601.0,601.0,601.0,601.0,601.0,601.0,601.0,601.0,601.0,601.0,601.0,601.0,601.0,601.0,601.0,601.0,601.0,601.0,601.0,601.0,601.0,601.0,,,,,,,,,,,,,,,,,,,,,,,,,,,,,,,,0.1,304.9018,297.8527,291.8617,286.9265,283.0178,280.0801,278.048,276.8729,276.5563,277.1835,278.9516,282.1864,287.3424,294.9818,305.7325,320.2373,339.1131,362.957,392.4404,428.5433,374.0,315.0,368.6481,139.06220000000002,1830.3806,2.036200000000008
602,602,602.0,602.0,602.0,602.0,602.0,602.0,602.0,602.0,602.0,602.0,602.0,602.0,602.0,602.0,602.0,602.0,602.0,602.0,602.0,602.0,602.0,602.0,602.0,602.0,602.0,602.0,602.0,602.0,602.0,602.0,602.0,602.0,602.0,602.0,602.0,602.0,602.0,602.0,602.0,602.0,602.0,602.0,602.0,,,,,,,,,,,,,,,,,,,,,,,,,,,,,,,,0.2,354.3435,337.7859,323.9936,312.7518,303.8892,297.2362,292.6089,289.8083,288.6237,288.8344,290.2057,292.4808,295.3764,298.5873,301.8076,304.7691,307.2928,309.3409,311.0565,312.7749,244.0,274.0,507.7103,157.13179999999994,1691.3183999999997,2.036200000000008
603,603,603.0,603.0,603.0,603.0,603.0,603.0,603.0,603.0,603.0,603.0,603.0,603.0,603.0,603.0,603.0,603.0,603.0,603.0,603.0,603.0,603.0,603.0,603.0,603.0,603.0,603.0,603.0,603.0,603.0,603.0,603.0,603.0,603.0,603.0,603.0,603.0,603.0,603.0,603.0,603.0,603.0,603.0,603.0,,,,,,,,,,,,,,,,,,,,,,,,,,,,,,,,0.3,254.2229,263.4576,271.3435,277.6805,282.4496,285.7923,287.962,289.2619,289.9851,290.3678,290.5617,290.6252,290.5317,290.1908,289.4777,288.2673,286.468,284.0499,281.0641,277.6454,287.0,274.0,664.8421,256.8176000000001,1534.1865999999998,2.036200000000008
604,604,604.0,604.0,604.0,604.0,604.0,604.0,604.0,604.0,604.0,604.0,604.0,604.0,604.0,604.0,604.0,604.0,604.0,604.0,604.0,604.0,604.0,604.0,604.0,604.0,604.0,604.0,604.0,604.0,604.0,604.0,604.0,604.0,604.0,604.0,604.0,604.0,604.0,604.0,604.0,604.0,604.0,604.0,604.0,,,,,,,,,,,,,,,,,,,,,,,,,,,,,,,,0.4,285.2228,283.8222,282.8372,282.2736,282.0959,282.2312,282.5806,283.0349,283.4895,283.8545,284.0603,284.0581,283.8175,283.3239,282.5754,281.5812,280.3615,278.9473,277.3801,275.7113,330.0,436.0,921.6597,254.0632,1277.3689999999997,2.036200000000008
605,605,605.0,605.0,605.0,605.0,605.0,605.0,605.0,605.0,605.0,605.0,605.0,605.0,605.0,605.0,605.0,605.0,605.0,605.0,605.0,605.0,605.0,605.0,605.0,605.0,605.0,605.0,605.0,605.0,605.0,605.0,605.0,605.0,605.0,605.0,605.0,605.0,605.0,605.0,605.0,605.0,605.0,605.0,605.0,,,,,,,,,,,,,,,,,,,,,,,,,,,,,,,,0.5,319.6353,310.7947,303.4011,297.3835,292.6527,289.095,286.5842,285.0051,284.2848,284.4239,285.5231,287.8004,291.5929,297.3404,305.5514,316.7567,331.4675,350.1616,373.3273,401.5962,367.0,274.0,1175.7229,126.4525000000001,1023.3058,2.036200000000008
606,606,606.0,606.0,606.0,606.0,606.0,606.0,606.0,606.0,606.0,606.0,606.0,606.0,606.0,606.0,606.0,606.0,606.0,606.0,606.0,606.0,606.0,606.0,606.0,606.0,606.0,606.0,606.0,606.0,606.0,606.0,606.0,606.0,606.0,606.0,606.0,606.0,606.0,606.0,606.0,606.0,606.0,606.0,606.0,,,,,,,,,,,,,,,,,,,,,,,,,,,,,,,,0.6,350.0528,335.8595,324.0717,314.447,306.7936,300.9368,296.7026,293.9104,292.3677,291.8636,292.158,292.971,293.9768,294.81,295.0892,294.4603,292.6529,289.5407,285.1868,279.8584,173.0,208.0,1302.1754,236.5891999999999,896.8532999999998,2.036200000000008
607,607,607.0,607.0,607.0,607.0,607.0,607.0,607.0,607.0,607.0,607.0,607.0,607.0,607.0,607.0,607.0,607.0,607.0,607.0,607.0,607.0,607.0,607.0,607.0,607.0,607.0,607.0,607.0,607.0,607.0,607.0,607.0,607.0,607.0,607.0,607.0,607.0,607.0,607.0,607.0,607.0,607.0,607.0,607.0,,,,,,,,,,,,,,,,,,,,,,,,,,,,,,,,0.7,197.04,218.8961,237.8195,253.3825,265.5047,274.4053,280.5083,284.3288,286.3695,287.0416,286.6174,285.2137,282.801,279.2337,274.294,267.7466,259.3959,249.1404,237.012,223.1926,319.0,385.0,1538.7646,387.09899999999993,660.2640999999999,2.036200000000008
608,608,608.0,608.0,608.0,608.0,608.0,608.0,608.0,608.0,608.0,608.0,608.0,608.0,608.0,608.0,608.0,608.0,608.0,608.0,608.0,608.0,608.0,608.0,608.0,608.0,608.0,608.0,608.0,608.0,608.0,608.0,608.0,608.0,608.0,608.0,608.0,608.0,608.0,608.0,608.0,608.0,608.0,608.0,608.0,,,,,,,,,,,,,,,,,,,,,,,,,,,,,,,,0.8,308.1558,298.7975,291.1319,285.2594,281.1291,278.5431,277.1997,276.7629,276.9365,277.5295,278.5021,279.9875,282.2884,285.8466,291.1893,298.8569,309.3287,322.9672,340.0064,360.6087,377.0,473.0,1925.8636,194.6063000000001,273.16509999999994,2.036200000000008
609,609,609.0,609.0,609.0,609.0,609.0,609.0,609.0,609.0,609.0,609.0,609.0,609.0,609.0,609.0,609.0,609.0,609.0,609.0,609.0,609.0,609.0,609.0,609.0,609.0,609.0,609.0,609.0,609.0,609.0,609.0,609.0,609.0,609.0,609.0,609.0,609.0,609.0,609.0,609.0,609.0,609.0,609.0,609.0,,,,,,,,,,,,,,,,,,,,,,,,,,,,,,,,0.9,356.561,339.336,324.9586,313.1904,303.8405,296.7264,291.6643,288.4833,287.0507,287.2986,289.2466,293.0136,298.818,306.9674,317.8414,331.8757,349.5637,371.4942,398.4537,431.6317,228.0,272.0,2120.4699,78.55879999999979,78.55879999999979,2.036200000000008
610,610,610.0,610.0,610.0,610.0,610.0,610.0,610.0,610.0,610.0,610.0,610.0,610.0,610.0,610.0,610.0,610.0,610.0,610.0,610.0,610.0,610.0,610.0,610.0,610.0,610.0,610.0,610.0,610.0,610.0,610.0,610.0,610.0,610.0,610.0,610.0,610.0,610.0,610.0,610.0,610.0,610.0,610.0,610.0,,,,,,,,,,,,,,,,,,,,,,,,,,,,,,,,0.0,273.0,273.0,273.0,273.0,273.0,273.0,273.0,273.0,273.0,273.0,273.0,273.0,273.0,273.0,273.0,273.0,273.0,273.0,273.0,273.0,312.0,471.0,0.0,369.2667,2264.5588,2.8718000000000075
611,611,611.0,611.0,611.0,611.0,611.0,611.0,611.0,611.0,611.0,611.0,611.0,611.0,611.0,611.0,611.0,611.0,611.0,611.0,611.0,611.0,611.0,611.0,611.0,611.0,611.0,611.0,611.0,611.0,611.0,611.0,611.0,611.0,611.0,611.0,611.0,611.0,611.0,611.0,611.0,611.0,611.0,611.0,611.0,,,,,,,,,,,,,,,,,,,,,,,,,,,,,,,,0.1,304.1083,297.2365,291.3951,286.5827,282.7716,279.9085,277.9303,276.7909,276.4943,277.1266,278.8849,282.0934,287.2035,294.7729,305.4246,319.7955,338.4961,362.1156,391.3127,427.0444,380.0,317.0,369.2667,140.5077,1895.2921,2.8718000000000075
612,612,612.0,612.0,612.0,612.0,612.0,612.0,612.0,612.0,612.0,612.0,612.0,612.0,612.0,612.0,612.0,612.0,612.0,612.0,612.0,612.0,612.0,612.0,612.0,612.0,612.0,612.0,612.0,612.0,612.0,612.0,612.0,612.0,612.0,612.0,612.0,612.0,612.0,612.0,612.0,612.0,612.0,612.0,612.0,,,,,,,,,,,,,,,,,,,,,,,,,,,,,,,,0.2,358.9693,341.2905,326.5836,314.606,305.1651,298.0718,293.121,290.0921,288.7535,288.8669,290.1845,292.4421,295.3541,298.6185,301.9355,305.0455,307.7774,310.1002,312.1601,314.2928,222.0,274.0,509.7744,159.49040000000002,1754.7844,2.8718000000000075
613,613,613.0,613.0,613.0,613.0,613.0,613.0,613.0,613.0,613.0,613.0,613.0,613.0,613.0,613.0,613.0,613.0,613.0,613.0,613.0,613.0,613.0,613.0,613.0,613.0,613.0,613.0,613.0,613.0,613.0,613.0,613.0,613.0,613.0,613.0,613.0,613.0,613.0,613.0,613.0,613.0,613.0,613.0,613.0,,,,,,,,,,,,,,,,,,,,,,,,,,,,,,,,0.3,236.6934,249.9584,261.3244,270.535,277.5707,282.6192,286.0124,288.1474,289.4122,290.1282,290.517,290.689,290.6536,290.342,289.6411,288.4303,286.6189,284.1771,281.1565,277.6941,310.0,292.0,669.2648,258.1103999999999,1595.294,2.8718000000000075
614,614,614.0,614.0,614.0,614.0,614.0,614.0,614.0,614.0,614.0,614.0,614.0,614.0,614.0,614.0,614.0,614.0,614.0,614.0,614.0,614.0,614.0,614.0,614.0,614.0,614.0,614.0,614.0,614.0,614.0,614.0,614.0,614.0,614.0,614.0,614.0,614.0,614.0,614.0,614.0,614.0,614.0,614.0,614.0,,,,,,,,,,,,,,,,,,,,,,,,,,,,,,,,0.4,302.8262,296.7245,291.7898,288.0559,285.4709,283.8986,283.1412,282.9732,283.1757,283.5648,284.007,284.4249,284.7937,285.1321,285.4907,285.9391,286.5537,287.4082,288.5667,290.0822,306.0,456.0,927.3752,228.2893000000001,1337.1835999999998,2.8718000000000075
615,615,615.0,615.0,615.0,615.0,615.0,615.0,615.0,615.0,615.0,615.0,615.0,615.0,615.0,615.0,615.0,615.0,615.0,615.0,615.0,615.0,615.0,615.0,615.0,615.0,615.0,615.0,615.0,615.0,615.0,615.0,615.0,615.0,615.0,615.0,615.0,615.0,615.0,615.0,615.0,615.0,615.0,615.0,615.0,,,,,,,,,,,,,,,,,,,,,,,,,,,,,,,,0.5,301.2109,297.1572,293.7584,290.9535,288.6979,286.9636,285.7438,285.0615,284.9841,285.6409,287.2409,290.0868,294.5788,301.2028,310.5031,323.0456,339.3877,360.082,385.7467,417.2412,342.0,275.0,1155.6645,110.09559999999988,1108.8942999999997,2.8718000000000075
616,616,616.0,616.0,616.0,616.0,616.0,616.0,616.0,616.0,616.0,616.0,616.0,616.0,616.0,616.0,616.0,616.0,616.0,616.0,616.0,616.0,616.0,616.0,616.0,616.0,616.0,616.0,616.0,616.0,616.0,616.0,616.0,616.0,616.0,616.0,616.0,616.0,616.0,616.0,616.0,616.0,616.0,616.0,616.0,,,,,,,,,,,,,,,,,,,,,,,,,,,,,,,,0.6,329.9761,319.8383,311.4343,304.6536,299.3969,295.5587,293.0216,291.6536,291.3053,291.8023,292.9329,294.4359,295.9929,297.2357,297.7729,297.2381,295.3528,291.9938,287.2443,281.412,173.0,273.0,1265.7601,209.04330000000004,998.7986999999998,2.8718000000000075
617,617,617.0,617.0,617.0,617.0,617.0,617.0,617.0,617.0,617.0,617.0,617.0,617.0,617.0,617.0,617.0,617.0,617.0,617.0,617.0,617.0,617.0,617.0,617.0,617.0,617.0,617.0,617.0,617.0,617.0,617.0,617.0,617.0,617.0,617.0,617.0,617.0,617.0,617.0,617.0,617.0,617.0,617.0,617.0,,,,,,,,,,,,,,,,,,,,,,,,,,,,,,,,0.7,196.0727,217.076,235.3515,250.5257,262.5349,271.5855,278.0723,282.4816,285.3038,286.9686,287.8093,288.0538,287.8354,287.2153,286.2102,284.8188,283.0441,280.9089,278.4647,275.793,441.0,321.0,1474.8034,302.93000000000006,789.7553999999998,2.8718000000000075
618,618,618.0,618.0,618.0,618.0,618.0,618.0,618.0,618.0,618.0,618.0,618.0,618.0,618.0,618.0,618.0,618.0,618.0,618.0,618.0,618.0,618.0,618.0,618.0,618.0,618.0,618.0,618.0,618.0,618.0,618.0,618.0,618.0,618.0,618.0,618.0,618.0,618.0,618.0,618.0,618.0,618.0,618.0,618.0,,,,,,,,,,,,,,,,,,,,,,,,,,,,,,,,0.8,402.9072,371.4435,345.7353,325.2967,309.6999,298.4155,290.7813,286.0532,283.4918,282.4466,282.4141,283.0633,284.2298,285.89,288.1219,291.0616,294.8631,299.6657,305.5759,312.6672,323.0,279.0,1777.7334,219.39279999999985,486.8253999999997,2.8718000000000075
619,619,619.0,619.0,619.0,619.0,619.0,619.0,619.0,619.0,619.0,619.0,619.0,619.0,619.0,619.0,619.0,619.0,619.0,619.0,619.0,619.0,619.0,619.0,619.0,619.0,619.0,619.0,619.0,619.0,619.0,619.0,619.0,619.0,619.0,619.0,619.0,619.0,619.0,619.0,619.0,619.0,619.0,619.0,619.0,,,,,,,,,,,,,,,,,,,,,,,,,,,,,,,,0.9,318.0494,313.9841,310.3937,306.9992,303.6619,300.3689,297.1972,294.2689,291.7058,289.5954,287.969,286.7957,285.9885,285.4192,284.9401,284.4082,283.7106,282.7854,281.6358,280.3318,191.0,272.0,1997.1262,267.43259999999987,267.43259999999987,2.8718000000000075
620,620,620.0,620.0,620.0,620.0,620.0,620.0,620.0,620.0,620.0,620.0,620.0,620.0,620.0,620.0,620.0,620.0,620.0,620.0,620.0,620.0,620.0,620.0,620.0,620.0,620.0,620.0,620.0,620.0,620.0,620.0,620.0,620.0,620.0,620.0,620.0,620.0,620.0,620.0,620.0,620.0,620.0,620.0,620.0,,,,,,,,,,,,,,,,,,,,,,,,,,,,,,,,0.0,273.0,273.0,273.0,273.0,273.0,273.0,273.0,273.0,273.0,273.0,273.0,273.0,273.0,273.0,273.0,273.0,273.0,273.0,273.0,273.0,314.0,473.0,0.0,368.3343,2212.5532,1.6680000000000064
621,621,621.0,621.0,621.0,621.0,621.0,621.0,621.0,621.0,621.0,621.0,621.0,621.0,621.0,621.0,621.0,621.0,621.0,621.0,621.0,621.0,621.0,621.0,621.0,621.0,621.0,621.0,621.0,621.0,621.0,621.0,621.0,621.0,621.0,621.0,621.0,621.0,621.0,621.0,621.0,621.0,621.0,621.0,621.0,,,,,,,,,,,,,,,,,,,,,,,,,,,,,,,,0.1,305.695,298.4685,292.3279,287.2696,283.2626,280.2493,278.1609,276.9457,276.6016,277.2107,278.9673,282.1952,287.3471,294.9842,305.7338,320.2379,339.1134,362.9571,392.4404,428.5434,371.0,322.0,368.3343,137.19240000000002,1844.2189,1.6680000000000064
622,622,622.0,622.0,622.0,622.0,622.0,622.0,622.0,622.0,622.0,622.0,622.0,622.0,622.0,622.0,622.0,622.0,622.0,622.0,622.0,622.0,622.0,622.0,622.0,622.0,622.0,622.0,622.0,622.0,622.0,622.0,622.0,622.0,622.0,622.0,622.0,622.0,622.0,622.0,622.0,622.0,622.0,622.0,622.0,,,,,,,,,,,,,,,,,,,,,,,,,,,,,,,,0.2,352.0422,336.058,322.7343,311.8685,303.2993,296.868,292.4036,289.7219,288.6292,288.9232,290.3886,292.7905,295.8691,299.345,302.9396,306.4124,309.6098,312.5161,315.2908,318.2809,253.0,276.0,505.5267,148.8795,1707.0265,1.6680000000000064
623,623,623.0,623.0,623.0,623.0,623.0,623.0,623.0,623.0,623.0,623.0,623.0,623.0,623.0,623.0,623.0,623.0,623.0,623.0,623.0,623.0,623.0,623.0,623.0,623.0,623.0,623.0,623.0,623.0,623.0,623.0,623.0,623.0,623.0,623.0,623.0,623.0,623.0,623.0,623.0,623.0,623.0,623.0,623.0,,,,,,,,,,,,,,,,,,,,,,,,,,,,,,,,0.3,261.3666,268.9441,275.4117,280.59,284.4594,287.1433,288.865,289.8914,290.4792,290.8313,291.071,291.2337,291.2743,291.0876,290.5367,289.4876,287.843,285.5725,282.7319,279.4671,269.0,274.0,654.4062,249.0742,1558.147,1.6680000000000064
624,624,624.0,624.0,624.0,624.0,624.0,624.0,624.0,624.0,624.0,624.0,624.0,624.0,624.0,624.0,624.0,624.0,624.0,624.0,624.0,624.0,624.0,624.0,624.0,624.0,624.0,624.0,624.0,624.0,624.0,624.0,624.0,624.0,624.0,624.0,624.0,624.0,624.0,624.0,624.0,624.0,624.0,624.0,624.0,,,,,,,,,,,,,,,,,,,,,,,,,,,,,,,,0.4,271.1342,273.1818,275.1343,276.976,278.6833,280.2274,281.578,282.7072,283.5925,284.2174,284.5712,284.6473,284.442,283.9546,283.1882,282.1518,280.864,279.3549,277.6681,275.8606,355.0,410.0,903.4804,259.61119999999994,1309.0728,1.6680000000000064
625,625,625.0,625.0,625.0,625.0,625.0,625.0,625.0,625.0,625.0,625.0,625.0,625.0,625.0,625.0,625.0,625.0,625.0,625.0,625.0,625.0,625.0,625.0,625.0,625.0,625.0,625.0,625.0,625.0,625.0,625.0,625.0,625.0,625.0,625.0,625.0,625.0,625.0,625.0,625.0,625.0,625.0,625.0,625.0,,,,,,,,,,,,,,,,,,,,,,,,,,,,,,,,0.5,338.7959,325.0346,313.5769,304.3102,297.0904,291.7209,287.9638,285.5725,284.335,284.115,284.8849,286.744,289.9191,294.7473,301.6403,311.039,323.3687,339.0155,358.3449,381.7862,311.0,336.0,1163.0916,127.9797000000001,1049.4616,1.6680000000000064
626,626,626.0,626.0,626.0,626.0,626.0,626.0,626.0,626.0,626.0,626.0,626.0,626.0,626.0,626.0,626.0,626.0,626.0,626.0,626.0,626.0,626.0,626.0,626.0,626.0,626.0,626.0,626.0,626.0,626.0,626.0,626.0,626.0,626.0,626.0,626.0,626.0,626.0,626.0,626.0,626.0,626.0,626.0,626.0,,,,,,,,,,,,,,,,,,,,,,,,,,,,,,,,0.6,306.7272,303.1987,300.218,297.6556,295.4526,293.6142,292.1938,291.272,290.9344,291.2517,292.2648,293.9763,296.3504,299.3213,302.8111,306.7568,311.1425,316.0317,321.5929,328.1135,203.0,274.0,1291.0713,170.60619999999994,921.4818999999998,1.6680000000000064
627,627,627.0,627.0,627.0,627.0,627.0,627.0,627.0,627.0,627.0,627.0,627.0,627.0,627.0,627.0,627.0,627.0,627.0,627.0,627.0,627.0,627.0,627.0,627.0,627.0,627.0,627.0,627.0,627.0,627.0,627.0,627.0,627.0,627.0,627.0,627.0,627.0,627.0,627.0,627.0,627.0,627.0,627.0,627.0,,,,,,,,,,,,,,,,,,,,,,,,,,,,,,,,0.7,219.6913,234.8492,248.071,259.1353,268.0206,274.8824,280.0026,283.7252,286.3947,288.3066,289.6751,290.6189,291.1642,291.2605,290.8098,289.7015,287.8523,285.242,281.939,278.1087,414.0,309.0,1461.6775,261.93769999999995,750.8756999999998,1.6680000000000064
628,628,628.0,628.0,628.0,628.0,628.0,628.0,628.0,628.0,628.0,628.0,628.0,628.0,628.0,628.0,628.0,628.0,628.0,628.0,628.0,628.0,628.0,628.0,628.0,628.0,628.0,628.0,628.0,628.0,628.0,628.0,628.0,628.0,628.0,628.0,628.0,628.0,628.0,628.0,628.0,628.0,628.0,628.0,628.0,,,,,,,,,,,,,,,,,,,,,,,,,,,,,,,,0.8,383.0795,357.3112,336.17,319.34,306.5004,297.2247,290.9694,287.1205,285.0642,284.2537,284.2553,284.769,285.626,286.7706,288.2323,290.0947,292.4666,295.4571,299.1606,303.6528,310.0,275.0,1723.6152,221.0845,488.9379999999999,1.6680000000000064
629,629,629.0,629.0,629.0,629.0,629.0,629.0,629.0,629.0,629.0,629.0,629.0,629.0,629.0,629.0,629.0,629.0,629.0,629.0,629.0,629.0,629.0,629.0,629.0,629.0,629.0,629.0,629.0,629.0,629.0,629.0,629.0,629.0,629.0,629.0,629.0,629.0,629.0,629.0,629.0,629.0,629.0,629.0,629.0,,,,,,,,,,,,,,,,,,,,,,,,,,,,,,,,0.9,307.3159,305.1774,303.2445,301.2877,299.2003,296.9853,294.7245,292.5379,290.5439,288.8286,287.4274,286.32,285.4359,284.6685,283.894,282.9927,281.8707,280.4778,278.8191,276.9567,234.0,276.0,1944.6997,267.85349999999994,267.85349999999994,1.6680000000000064
630,630,630.0,630.0,630.0,630.0,630.0,630.0,630.0,630.0,630.0,630.0,630.0,630.0,630.0,630.0,630.0,630.0,630.0,630.0,630.0,630.0,630.0,630.0,630.0,630.0,630.0,630.0,630.0,630.0,630.0,630.0,630.0,630.0,630.0,630.0,630.0,630.0,630.0,630.0,630.0,630.0,630.0,630.0,630.0,,,,,,,,,,,,,,,,,,,,,,,,,,,,,,,,0.0,273.0,273.0,273.0,273.0,273.0,273.0,273.0,273.0,273.0,273.0,273.0,273.0,273.0,273.0,273.0,273.0,273.0,273.0,273.0,273.0,315.0,472.0,0.0,368.1733,2016.4117,0.7954000000000292
631,631,631.0,631.0,631.0,631.0,631.0,631.0,631.0,631.0,631.0,631.0,631.0,631.0,631.0,631.0,631.0,631.0,631.0,631.0,631.0,631.0,631.0,631.0,631.0,631.0,631.0,631.0,631.0,631.0,631.0,631.0,631.0,631.0,631.0,631.0,631.0,631.0,631.0,631.0,631.0,631.0,631.0,631.0,631.0,,,,,,,,,,,,,,,,,,,,,,,,,,,,,,,,0.1,306.488,299.0839,292.7937,287.6122,283.5068,280.4171,278.2715,277.014,276.6386,277.2231,278.9576,282.1619,287.2848,294.8835,305.5817,320.018,338.8054,362.5367,391.8769,427.7941,365.0,325.0,368.1733,137.1155,1648.2384000000002,0.7954000000000292
632,632,632.0,632.0,632.0,632.0,632.0,632.0,632.0,632.0,632.0,632.0,632.0,632.0,632.0,632.0,632.0,632.0,632.0,632.0,632.0,632.0,632.0,632.0,632.0,632.0,632.0,632.0,632.0,632.0,632.0,632.0,632.0,632.0,632.0,632.0,632.0,632.0,632.0,632.0,632.0,632.0,632.0,632.0,632.0,,,,,,,,,,,,,,,,,,,,,,,,,,,,,,,,0.2,347.4,332.5313,320.1202,309.9882,301.9931,295.9954,291.8455,289.3827,288.4372,288.8303,290.3686,292.8374,295.9957,299.5816,303.3331,307.0248,310.5163,313.8025,317.0499,320.6101,267.0,275.0,505.2888,146.18689999999998,1511.1229,0.7954000000000292
633,633,633.0,633.0,633.0,633.0,633.0,633.0,633.0,633.0,633.0,633.0,633.0,633.0,633.0,633.0,633.0,633.0,633.0,633.0,633.0,633.0,633.0,633.0,633.0,633.0,633.0,633.0,633.0,633.0,633.0,633.0,633.0,633.0,633.0,633.0,633.0,633.0,633.0,633.0,633.0,633.0,633.0,633.0,633.0,,,,,,,,,,,,,,,,,,,,,,,,,,,,,,,,0.3,272.3936,277.3303,281.5443,284.8819,287.3177,288.9417,289.9241,290.4696,290.7715,290.975,291.1545,291.3061,291.3541,291.1696,290.5977,289.4906,287.7416,285.3156,282.2688,278.753,251.0,274.0,651.4757,246.567,1364.936,0.7954000000000292
634,634,634.0,634.0,634.0,634.0,634.0,634.0,634.0,634.0,634.0,634.0,634.0,634.0,634.0,634.0,634.0,634.0,634.0,634.0,634.0,634.0,634.0,634.0,634.0,634.0,634.0,634.0,634.0,634.0,634.0,634.0,634.0,634.0,634.0,634.0,634.0,634.0,634.0,634.0,634.0,634.0,634.0,634.0,634.0,,,,,,,,,,,,,,,,,,,,,,,,,,,,,,,,0.4,257.1193,262.7124,267.6873,271.9847,275.5835,278.4997,280.7788,282.4843,283.6866,284.4528,284.8394,284.8895,284.6329,284.089,283.2719,282.1958,280.8805,279.3556,277.6628,275.8561,309.0,398.0,898.0427,279.89750000000004,1118.369,0.7954000000000292
635,635,635.0,635.0,635.0,635.0,635.0,635.0,635.0,635.0,635.0,635.0,635.0,635.0,635.0,635.0,635.0,635.0,635.0,635.0,635.0,635.0,635.0,635.0,635.0,635.0,635.0,635.0,635.0,635.0,635.0,635.0,635.0,635.0,635.0,635.0,635.0,635.0,635.0,635.0,635.0,635.0,635.0,635.0,635.0,,,,,,,,,,,,,,,,,,,,,,,,,,,,,,,,0.5,302.043,296.0756,291.154,287.2968,284.4669,282.5735,281.4912,281.092,281.2794,282.0219,283.3778,285.5091,288.6817,293.25,299.6258,308.2377,319.4904,333.7412,351.312,372.557,357.0,413.0,1177.9402,147.8007,838.4715000000001,0.7954000000000292
636,636,636.0,636.0,636.0,636.0,636.0,636.0,636.0,636.0,636.0,636.0,636.0,636.0,636.0,636.0,636.0,636.0,636.0,636.0,636.0,636.0,636.0,636.0,636.0,636.0,636.0,636.0,636.0,636.0,636.0,636.0,636.0,636.0,636.0,636.0,636.0,636.0,636.0,636.0,636.0,636.0,636.0,636.0,636.0,,,,,,,,,,,,,,,,,,,,,,,,,,,,,,,,0.6,341.2843,328.0022,316.9336,307.9266,300.8484,295.5622,291.9245,289.7961,289.0585,289.6312,291.4829,294.6377,299.1747,305.224,312.9631,322.6154,334.4573,348.8397,366.2305,387.2906,216.0,312.0,1325.7409,97.16079999999988,690.6708000000001,0.7954000000000292
637,637,637.0,637.0,637.0,637.0,637.0,637.0,637.0,637.0,637.0,637.0,637.0,637.0,637.0,637.0,637.0,637.0,637.0,637.0,637.0,637.0,637.0,637.0,637.0,637.0,637.0,637.0,637.0,637.0,637.0,637.0,637.0,637.0,637.0,637.0,637.0,637.0,637.0,637.0,637.0,637.0,637.0,637.0,637.0,,,,,,,,,,,,,,,,,,,,,,,,,,,,,,,,0.7,231.2539,245.0648,257.0073,266.8612,274.6329,280.5302,284.9027,288.168,290.7389,292.9655,295.0973,297.2672,299.4957,301.7137,303.799,305.6251,307.1126,308.2782,309.2683,310.371,293.0,275.0,1422.9017,194.1498000000001,593.5100000000002,0.7954000000000292
638,638,638.0,638.0,638.0,638.0,638.0,638.0,638.0,638.0,638.0,638.0,638.0,638.0,638.0,638.0,638.0,638.0,638.0,638.0,638.0,638.0,638.0,638.0,638.0,638.0,638.0,638.0,638.0,638.0,638.0,638.0,638.0,638.0,638.0,638.0,638.0,638.0,638.0,638.0,638.0,638.0,638.0,638.0,638.0,,,,,,,,,,,,,,,,,,,,,,,,,,,,,,,,0.8,289.0908,285.84,283.3987,281.849,281.1851,281.3173,282.0917,283.3187,284.7998,286.3469,287.7912,288.9842,289.7944,290.1055,289.8181,288.8596,287.198,284.8569,281.9272,278.5688,303.0,358.0,1617.0515,232.5074,399.3602000000001,0.7954000000000292
639,639,639.0,639.0,639.0,639.0,639.0,639.0,639.0,639.0,639.0,639.0,639.0,639.0,639.0,639.0,639.0,639.0,639.0,639.0,639.0,639.0,639.0,639.0,639.0,639.0,639.0,639.0,639.0,639.0,639.0,639.0,639.0,639.0,639.0,639.0,639.0,639.0,639.0,639.0,639.0,639.0,639.0,639.0,639.0,,,,,,,,,,,,,,,,,,,,,,,,,,,,,,,,0.9,298.3526,294.423,291.1882,288.6223,286.6885,285.3367,284.5073,284.1416,284.1946,284.6511,285.5403,286.9483,289.0232,291.9717,296.0446,301.5126,308.639,317.6562,328.7608,342.1346,304.0,413.0,1849.5589,166.85280000000012,166.85280000000012,0.7954000000000292
640,640,640.0,640.0,640.0,640.0,640.0,640.0,640.0,640.0,640.0,640.0,640.0,640.0,640.0,640.0,640.0,640.0,640.0,640.0,640.0,640.0,640.0,640.0,640.0,640.0,640.0,640.0,640.0,640.0,640.0,640.0,640.0,640.0,640.0,640.0,640.0,640.0,640.0,640.0,640.0,640.0,640.0,640.0,640.0,,,,,,,,,,,,,,,,,,,,,,,,,,,,,,,,0.0,273.0,273.0,273.0,273.0,273.0,273.0,273.0,273.0,273.0,273.0,273.0,273.0,273.0,273.0,273.0,273.0,273.0,273.0,273.0,273.0,314.0,472.0,0.0,368.4844,2315.5076,2.428699999999992
641,641,641.0,641.0,641.0,641.0,641.0,641.0,641.0,641.0,641.0,641.0,641.0,641.0,641.0,641.0,641.0,641.0,641.0,641.0,641.0,641.0,641.0,641.0,641.0,641.0,641.0,641.0,641.0,641.0,641.0,641.0,641.0,641.0,641.0,641.0,641.0,641.0,641.0,641.0,641.0,641.0,641.0,641.0,641.0,,,,,,,,,,,,,,,,,,,,,,,,,,,,,,,,0.1,305.695,298.4684,292.3278,287.2693,283.262,280.2481,278.1586,276.9412,276.5933,277.1959,278.9419,282.1531,287.2801,294.8811,305.5805,320.0174,338.8052,362.5366,391.8768,427.7941,368.0,323.0,368.4844,137.911,1947.0232,2.428699999999992
642,642,642.0,642.0,642.0,642.0,642.0,642.0,642.0,642.0,642.0,642.0,642.0,642.0,642.0,642.0,642.0,642.0,642.0,642.0,642.0,642.0,642.0,642.0,642.0,642.0,642.0,642.0,642.0,642.0,642.0,642.0,642.0,642.0,642.0,642.0,642.0,642.0,642.0,642.0,642.0,642.0,642.0,642.0,642.0,,,,,,,,,,,,,,,,,,,,,,,,,,,,,,,,0.2,349.7059,334.2647,321.3846,310.8762,302.5881,296.3708,292.0632,289.4917,288.473,288.8151,290.3127,292.7397,295.8448,299.3564,303.0032,306.5513,309.8527,312.8956,315.8418,319.0388,256.0,272.0,506.3954,150.14200000000005,1809.1122,2.428699999999992
643,643,643.0,643.0,643.0,643.0,643.0,643.0,643.0,643.0,643.0,643.0,643.0,643.0,643.0,643.0,643.0,643.0,643.0,643.0,643.0,643.0,643.0,643.0,643.0,643.0,643.0,643.0,643.0,643.0,643.0,643.0,643.0,643.0,643.0,643.0,643.0,643.0,643.0,643.0,643.0,643.0,643.0,643.0,643.0,,,,,,,,,,,,,,,,,,,,,,,,,,,,,,,,0.3,263.673,270.632,276.5736,281.3275,284.8736,287.3268,288.8954,289.8284,290.3628,290.6822,290.8914,291.0076,290.9676,290.648,289.8938,288.554,286.5171,283.7434,280.2858,276.2939,272.0,272.0,656.5374,252.6491,1658.9701999999995,2.428699999999992
644,644,644.0,644.0,644.0,644.0,644.0,644.0,644.0,644.0,644.0,644.0,644.0,644.0,644.0,644.0,644.0,644.0,644.0,644.0,644.0,644.0,644.0,644.0,644.0,644.0,644.0,644.0,644.0,644.0,644.0,644.0,644.0,644.0,644.0,644.0,644.0,644.0,644.0,644.0,644.0,644.0,644.0,644.0,644.0,,,,,,,,,,,,,,,,,,,,,,,,,,,,,,,,0.4,273.6054,275.1837,276.724,278.2076,279.6072,280.8891,282.0169,282.9558,283.6756,284.1521,284.367,284.3074,283.9643,283.3332,282.4146,281.2162,279.7545,278.0572,276.1638,274.1249,343.0,422.0,909.1865,261.5853,1406.3211,2.428699999999992
645,645,645.0,645.0,645.0,645.0,645.0,645.0,645.0,645.0,645.0,645.0,645.0,645.0,645.0,645.0,645.0,645.0,645.0,645.0,645.0,645.0,645.0,645.0,645.0,645.0,645.0,645.0,645.0,645.0,645.0,645.0,645.0,645.0,645.0,645.0,645.0,645.0,645.0,645.0,645.0,645.0,645.0,645.0,645.0,,,,,,,,,,,,,,,,,,,,,,,,,,,,,,,,0.5,329.4907,317.9826,308.386,300.6192,294.5674,290.0699,286.9335,284.9641,284.0063,283.9815,284.9194,286.9754,290.4316,295.679,303.1812,313.4271,326.886,343.9869,365.1479,390.881,377.0,275.0,1170.7718,136.7152000000001,1144.7358,2.428699999999992
646,646,646.0,646.0,646.0,646.0,646.0,646.0,646.0,646.0,646.0,646.0,646.0,646.0,646.0,646.0,646.0,646.0,646.0,646.0,646.0,646.0,646.0,646.0,646.0,646.0,646.0,646.0,646.0,646.0,646.0,646.0,646.0,646.0,646.0,646.0,646.0,646.0,646.0,646.0,646.0,646.0,646.0,646.0,646.0,,,,,,,,,,,,,,,,,,,,,,,,,,,,,,,,0.6,358.0903,342.3132,329.2163,318.4892,309.895,303.2287,298.2946,294.8955,292.8258,291.8647,291.7664,292.2509,292.9989,293.6579,293.8645,293.2834,291.6598,288.8732,284.9787,280.2192,171.0,173.0,1307.487,257.0661,1008.0205999999998,2.428699999999992
647,647,647.0,647.0,647.0,647.0,647.0,647.0,647.0,647.0,647.0,647.0,647.0,647.0,647.0,647.0,647.0,647.0,647.0,647.0,647.0,647.0,647.0,647.0,647.0,647.0,647.0,647.0,647.0,647.0,647.0,647.0,647.0,647.0,647.0,647.0,647.0,647.0,647.0,647.0,647.0,647.0,647.0,647.0,647.0,,,,,,,,,,,,,,,,,,,,,,,,,,,,,,,,0.7,195.8065,218.3554,237.8478,253.8255,266.1981,275.1913,281.2438,284.8862,286.6275,286.8684,285.8476,283.6203,280.0668,274.9265,267.852,258.4813,246.5186,231.8142,214.427,194.6519,340.0,367.0,1564.5531,440.50969999999984,750.9544999999998,2.428699999999992
648,648,648.0,648.0,648.0,648.0,648.0,648.0,648.0,648.0,648.0,648.0,648.0,648.0,648.0,648.0,648.0,648.0,648.0,648.0,648.0,648.0,648.0,648.0,648.0,648.0,648.0,648.0,648.0,648.0,648.0,648.0,648.0,648.0,648.0,648.0,648.0,648.0,648.0,648.0,648.0,648.0,648.0,648.0,648.0,,,,,,,,,,,,,,,,,,,,,,,,,,,,,,,,0.8,324.7789,311.6995,300.8916,292.4006,286.1207,281.787,279.0173,277.3857,276.5058,276.1049,276.0775,276.5112,277.6852,280.0363,284.0987,290.4199,299.471,311.5729,326.8666,345.3516,380.0,473.0,2005.0628,223.9149,310.4448,2.428699999999992
649,649,649.0,649.0,649.0,649.0,649.0,649.0,649.0,649.0,649.0,649.0,649.0,649.0,649.0,649.0,649.0,649.0,649.0,649.0,649.0,649.0,649.0,649.0,649.0,649.0,649.0,649.0,649.0,649.0,649.0,649.0,649.0,649.0,649.0,649.0,649.0,649.0,649.0,649.0,649.0,649.0,649.0,649.0,649.0,,,,,,,,,,,,,,,,,,,,,,,,,,,,,,,,0.9,359.4537,342.1812,327.7272,315.7891,306.1398,298.587,292.9598,289.1164,286.9626,286.4743,287.7168,290.8549,296.1532,303.9619,314.6961,328.8136,346.8101,369.2522,396.8813,430.8267,225.0,275.0,2228.9777,86.5299,86.5299,2.428699999999992
650,650,650.0,650.0,650.0,650.0,650.0,650.0,650.0,650.0,650.0,650.0,650.0,650.0,650.0,650.0,650.0,650.0,650.0,650.0,650.0,650.0,650.0,650.0,650.0,650.0,650.0,650.0,650.0,650.0,650.0,650.0,650.0,650.0,650.0,650.0,650.0,650.0,650.0,650.0,650.0,650.0,650.0,650.0,650.0,,,,,,,,,,,,,,,,,,,,,,,,,,,,,,,,0.0,273.0,273.0,273.0,273.0,273.0,273.0,273.0,273.0,273.0,273.0,273.0,273.0,273.0,273.0,273.0,273.0,273.0,273.0,273.0,273.0,312.0,471.0,0.0,369.2667,2189.4228,2.709600000000023
651,651,651.0,651.0,651.0,651.0,651.0,651.0,651.0,651.0,651.0,651.0,651.0,651.0,651.0,651.0,651.0,651.0,651.0,651.0,651.0,651.0,651.0,651.0,651.0,651.0,651.0,651.0,651.0,651.0,651.0,651.0,651.0,651.0,651.0,651.0,651.0,651.0,651.0,651.0,651.0,651.0,651.0,651.0,651.0,,,,,,,,,,,,,,,,,,,,,,,,,,,,,,,,0.1,304.1083,297.2365,291.3951,286.5827,282.7716,279.9085,277.9303,276.7909,276.4943,277.1266,278.8849,282.0934,287.2035,294.7729,305.4246,319.7955,338.4961,362.1156,391.3127,427.0444,379.0,316.0,369.2667,140.75119999999998,1820.1561,2.709600000000023
652,652,652.0,652.0,652.0,652.0,652.0,652.0,652.0,652.0,652.0,652.0,652.0,652.0,652.0,652.0,652.0,652.0,652.0,652.0,652.0,652.0,652.0,652.0,652.0,652.0,652.0,652.0,652.0,652.0,652.0,652.0,652.0,652.0,652.0,652.0,652.0,652.0,652.0,652.0,652.0,652.0,652.0,652.0,652.0,,,,,,,,,,,,,,,,,,,,,,,,,,,,,,,,0.2,358.1934,340.6964,326.1375,314.2788,304.9316,297.9096,293.0112,290.0182,288.702,288.8262,290.144,292.3912,295.2812,298.5096,301.7738,304.8109,307.4464,309.6463,311.5548,313.5058,226.0,274.0,510.0179,159.79559999999998,1679.4048999999995,2.709600000000023
653,653,653.0,653.0,653.0,653.0,653.0,653.0,653.0,653.0,653.0,653.0,653.0,653.0,653.0,653.0,653.0,653.0,653.0,653.0,653.0,653.0,653.0,653.0,653.0,653.0,653.0,653.0,653.0,653.0,653.0,653.0,653.0,653.0,653.0,653.0,653.0,653.0,653.0,653.0,653.0,653.0,653.0,653.0,653.0,,,,,,,,,,,,,,,,,,,,,,,,,,,,,,,,0.3,239.8855,252.4184,263.1495,271.8339,278.4524,283.1848,286.3487,288.324,289.4815,290.1274,290.4707,290.6131,290.5581,290.2342,289.5275,288.3177,286.515,284.0898,281.0933,277.6609,307.0,290.0,669.8135,257.5067,1519.6092999999996,2.709600000000023
654,654,654.0,654.0,654.0,654.0,654.0,654.0,654.0,654.0,654.0,654.0,654.0,654.0,654.0,654.0,654.0,654.0,654.0,654.0,654.0,654.0,654.0,654.0,654.0,654.0,654.0,654.0,654.0,654.0,654.0,654.0,654.0,654.0,654.0,654.0,654.0,654.0,654.0,654.0,654.0,654.0,654.0,654.0,654.0,,,,,,,,,,,,,,,,,,,,,,,,,,,,,,,,0.4,300.5696,295.1122,290.715,287.4072,285.1391,283.7836,283.1577,283.0536,283.2702,283.6383,284.035,284.3888,284.6757,284.9117,285.1415,285.4279,285.8408,286.4483,287.3108,288.4797,306.0,450.0,927.3202,231.8956,1262.1025999999997,2.709600000000023
655,655,655.0,655.0,655.0,655.0,655.0,655.0,655.0,655.0,655.0,655.0,655.0,655.0,655.0,655.0,655.0,655.0,655.0,655.0,655.0,655.0,655.0,655.0,655.0,655.0,655.0,655.0,655.0,655.0,655.0,655.0,655.0,655.0,655.0,655.0,655.0,655.0,655.0,655.0,655.0,655.0,655.0,655.0,655.0,,,,,,,,,,,,,,,,,,,,,,,,,,,,,,,,0.5,301.1477,297.0379,293.5957,290.7629,288.4945,286.7586,285.5419,284.8595,284.7696,285.3918,286.9251,289.6616,293.9902,300.3844,309.3752,321.5139,337.3405,357.3841,382.2256,412.6593,320.0,310.0,1159.2158,109.88210000000004,1030.207,2.709600000000023
656,656,656.0,656.0,656.0,656.0,656.0,656.0,656.0,656.0,656.0,656.0,656.0,656.0,656.0,656.0,656.0,656.0,656.0,656.0,656.0,656.0,656.0,656.0,656.0,656.0,656.0,656.0,656.0,656.0,656.0,656.0,656.0,656.0,656.0,656.0,656.0,656.0,656.0,656.0,656.0,656.0,656.0,656.0,656.0,,,,,,,,,,,,,,,,,,,,,,,,,,,,,,,,0.6,312.6236,306.4106,301.2757,297.1583,294.011,291.7923,290.4631,289.982,290.2995,291.3486,293.0328,295.2154,297.7145,300.31,302.7659,304.8683,306.4756,307.5683,308.2867,308.9429,219.0,275.0,1269.0979,172.10259999999994,920.3248999999998,2.709600000000023
657,657,657.0,657.0,657.0,657.0,657.0,657.0,657.0,657.0,657.0,657.0,657.0,657.0,657.0,657.0,657.0,657.0,657.0,657.0,657.0,657.0,657.0,657.0,657.0,657.0,657.0,657.0,657.0,657.0,657.0,657.0,657.0,657.0,657.0,657.0,657.0,657.0,657.0,657.0,657.0,657.0,657.0,657.0,657.0,,,,,,,,,,,,,,,,,,,,,,,,,,,,,,,,0.7,232.634,244.9937,255.7541,264.7394,271.9385,277.4859,281.6181,284.6185,286.7655,288.2918,289.3597,290.053,290.3834,290.307,289.7496,288.6346,286.912,284.5833,281.7178,278.4562,377.0,314.0,1441.2005,256.876,748.2222999999999,2.709600000000023
658,658,658.0,658.0,658.0,658.0,658.0,658.0,658.0,658.0,658.0,658.0,658.0,658.0,658.0,658.0,658.0,658.0,658.0,658.0,658.0,658.0,658.0,658.0,658.0,658.0,658.0,658.0,658.0,658.0,658.0,658.0,658.0,658.0,658.0,658.0,658.0,658.0,658.0,658.0,658.0,658.0,658.0,658.0,658.0,,,,,,,,,,,,,,,,,,,,,,,,,,,,,,,,0.8,354.9581,336.35,321.0016,308.7848,299.5061,292.8613,288.4457,285.8003,284.4705,284.059,284.2618,284.8842,285.8385,287.129,288.8284,291.0505,293.9234,297.567,302.0791,307.5349,351.0,272.0,1698.0765,223.0773000000001,491.3462999999999,2.709600000000023
659,659,659.0,659.0,659.0,659.0,659.0,659.0,659.0,659.0,659.0,659.0,659.0,659.0,659.0,659.0,659.0,659.0,659.0,659.0,659.0,659.0,659.0,659.0,659.0,659.0,659.0,659.0,659.0,659.0,659.0,659.0,659.0,659.0,659.0,659.0,659.0,659.0,659.0,659.0,659.0,659.0,659.0,659.0,659.0,,,,,,,,,,,,,,,,,,,,,,,,,,,,,,,,0.9,338.5687,328.1501,319.3733,311.97,305.7483,300.5706,296.3328,292.9457,290.3194,288.3523,286.9246,285.8963,285.11,284.3984,283.5962,282.5563,281.1687,279.3773,277.1917,274.6886,211.0,273.0,1921.1538,268.2689999999998,268.2689999999998,2.709600000000023
660,660,660.0,660.0,660.0,660.0,660.0,660.0,660.0,660.0,660.0,660.0,660.0,660.0,660.0,660.0,660.0,660.0,660.0,660.0,660.0,660.0,660.0,660.0,660.0,660.0,660.0,660.0,660.0,660.0,660.0,660.0,660.0,660.0,660.0,660.0,660.0,660.0,660.0,660.0,660.0,660.0,660.0,660.0,,,,,,,,,,,,,,,,,,,,,,,,,,,,,,,,,0.0,273.0,273.0,273.0,273.0,273.0,273.0,273.0,273.0,273.0,273.0,273.0,273.0,273.0,273.0,273.0,273.0,273.0,273.0,273.0,273.0,377.0,470.0,0.0,354.4382,860.935,10.9649
661,661,661.0,661.0,661.0,661.0,661.0,661.0,661.0,661.0,661.0,661.0,661.0,661.0,661.0,661.0,661.0,661.0,661.0,661.0,661.0,661.0,661.0,661.0,661.0,661.0,661.0,661.0,661.0,661.0,661.0,661.0,661.0,661.0,661.0,661.0,661.0,661.0,661.0,661.0,661.0,661.0,661.0,661.0,,,,,,,,,,,,,,,,,,,,,,,,,,,,,,,,,0.1,355.1984,336.6898,321.1835,308.4863,298.4079,290.7195,285.1567,281.454,279.3942,278.8596,279.8723,282.6172,287.4412,294.828,305.3504,319.6128,338.2052,361.7025,390.7518,426.2957,290.0,473.0,354.4382,105.62490000000004,506.4968,10.9649
662,662,662.0,662.0,662.0,662.0,662.0,662.0,662.0,662.0,662.0,662.0,662.0,662.0,662.0,662.0,662.0,662.0,662.0,662.0,662.0,662.0,662.0,662.0,662.0,662.0,662.0,662.0,662.0,662.0,662.0,662.0,662.0,662.0,662.0,662.0,662.0,662.0,662.0,662.0,662.0,662.0,662.0,662.0,,,,,,,,,,,,,,,,,,,,,,,,,,,,,,,,,0.2,290.295,290.695,290.9715,290.9999,290.7791,290.4266,290.1569,290.2483,291.0108,292.7591,295.7964,300.4079,306.8647,315.4347,326.4019,340.0969,356.9417,377.5221,402.7024,433.8158,297.0,473.0,460.0631,52.70159999999993,400.8718999999999,10.9649
663,663,663.0,663.0,663.0,663.0,663.0,663.0,663.0,663.0,663.0,663.0,663.0,663.0,663.0,663.0,663.0,663.0,663.0,663.0,663.0,663.0,663.0,663.0,663.0,663.0,663.0,663.0,663.0,663.0,663.0,663.0,663.0,663.0,663.0,663.0,663.0,663.0,663.0,663.0,663.0,663.0,663.0,663.0,,,,,,,,,,,,,,,,,,,,,,,,,,,,,,,,,0.3,294.6583,292.8575,291.573,290.797,290.5403,290.8339,291.7308,293.3075,295.664,298.9241,303.2347,308.7673,315.7211,324.3323,334.889,347.7575,363.4236,382.5572,406.1177,435.5301,291.0,471.0,512.7647,37.63600000000008,348.1703,10.9649
664,664,664.0,664.0,664.0,664.0,664.0,664.0,664.0,664.0,664.0,664.0,664.0,664.0,664.0,664.0,664.0,664.0,664.0,664.0,664.0,664.0,664.0,664.0,664.0,664.0,664.0,664.0,664.0,664.0,664.0,664.0,664.0,664.0,664.0,664.0,664.0,664.0,664.0,664.0,664.0,664.0,664.0,664.0,,,,,,,,,,,,,,,,,,,,,,,,,,,,,,,,,0.4,290.1531,289.6972,289.6156,289.9099,290.6022,291.7354,293.3714,295.5902,298.4878,302.1768,306.7877,312.4735,319.4176,327.8459,338.0446,350.3872,365.3745,383.696,406.3287,434.7029,289.0,441.0,550.4007,29.30639999999994,310.5342999999999,10.9649
665,665,665.0,665.0,665.0,665.0,665.0,665.0,665.0,665.0,665.0,665.0,665.0,665.0,665.0,665.0,665.0,665.0,665.0,665.0,665.0,665.0,665.0,665.0,665.0,665.0,665.0,665.0,665.0,665.0,665.0,665.0,665.0,665.0,665.0,665.0,665.0,665.0,665.0,665.0,665.0,665.0,665.0,665.0,,,,,,,,,,,,,,,,,,,,,,,,,,,,,,,,,0.5,288.5947,288.5474,288.8549,289.5261,290.5823,292.0573,293.9968,296.4566,299.502,303.2065,307.6532,312.9377,319.175,326.5122,335.1472,345.3555,357.5267,372.2127,390.1951,412.5865,377.0,471.0,579.7071,33.70519999999999,281.2279,10.9649
666,666,666.0,666.0,666.0,666.0,666.0,666.0,666.0,666.0,666.0,666.0,666.0,666.0,666.0,666.0,666.0,666.0,666.0,666.0,666.0,666.0,666.0,666.0,666.0,666.0,666.0,666.0,666.0,666.0,666.0,666.0,666.0,666.0,666.0,666.0,666.0,666.0,666.0,666.0,666.0,666.0,666.0,666.0,,,,,,,,,,,,,,,,,,,,,,,,,,,,,,,,,0.6,357.8087,341.9263,329.054,318.9881,311.5376,306.4854,303.5859,302.584,303.2459,305.389,308.9056,313.7767,320.0794,327.9895,337.7834,349.8471,364.6975,383.0291,405.8037,434.4164,365.0,275.0,613.4123,24.839200000000005,247.5227,10.9649
667,667,667.0,667.0,667.0,667.0,667.0,667.0,667.0,667.0,667.0,667.0,667.0,667.0,667.0,667.0,667.0,667.0,667.0,667.0,667.0,667.0,667.0,667.0,667.0,667.0,667.0,667.0,667.0,667.0,667.0,667.0,667.0,667.0,667.0,667.0,667.0,667.0,667.0,667.0,667.0,667.0,667.0,667.0,,,,,,,,,,,,,,,,,,,,,,,,,,,,,,,,,0.7,351.1151,339.8108,330.6553,323.3416,317.6495,313.4149,310.5035,308.7861,308.1153,308.3034,309.1044,310.2018,311.2085,311.6827,311.1646,309.2336,305.5804,300.0814,292.8563,284.2897,172.0,473.0,638.2515,86.3732,222.6835,10.9649
668,668,668.0,668.0,668.0,668.0,668.0,668.0,668.0,668.0,668.0,668.0,668.0,668.0,668.0,668.0,668.0,668.0,668.0,668.0,668.0,668.0,668.0,668.0,668.0,668.0,668.0,668.0,668.0,668.0,668.0,668.0,668.0,668.0,668.0,668.0,668.0,668.0,668.0,668.0,668.0,668.0,668.0,668.0,,,,,,,,,,,,,,,,,,,,,,,,,,,,,,,,,0.8,197.693,221.1489,241.5849,258.5571,271.9893,282.1296,289.462,294.6083,298.2449,301.0511,303.6907,306.8171,311.0907,317.1912,325.8172,337.6727,353.4555,373.876,399.7444,432.1781,299.0,471.0,724.6247,90.0268000000001,136.31029999999998,10.9649
669,669,669.0,669.0,669.0,669.0,669.0,669.0,669.0,669.0,669.0,669.0,669.0,669.0,669.0,669.0,669.0,669.0,669.0,669.0,669.0,669.0,669.0,669.0,669.0,669.0,669.0,669.0,669.0,669.0,669.0,669.0,669.0,669.0,669.0,669.0,669.0,669.0,669.0,669.0,669.0,669.0,669.0,669.0,,,,,,,,,,,,,,,,,,,,,,,,,,,,,,,,,0.9,293.377,288.7153,285.2888,283.2645,282.6774,283.4425,285.3968,288.3554,292.166,296.7489,302.1187,308.3878,315.7587,324.5137,335.0084,347.6785,363.0664,381.8766,405.0759,434.0671,322.0,469.0,814.6515,46.28349999999989,46.28349999999989,10.9649
670,670,670.0,670.0,670.0,670.0,670.0,670.0,670.0,670.0,670.0,670.0,670.0,670.0,670.0,670.0,670.0,670.0,670.0,670.0,670.0,670.0,670.0,670.0,670.0,670.0,670.0,670.0,670.0,670.0,670.0,670.0,670.0,670.0,670.0,670.0,670.0,670.0,670.0,670.0,670.0,670.0,670.0,670.0,,,,,,,,,,,,,,,,,,,,,,,,,,,,,,,,,0.0,273.0,273.0,273.0,273.0,273.0,273.0,273.0,273.0,273.0,273.0,273.0,273.0,273.0,273.0,273.0,273.0,273.0,273.0,273.0,273.0,375.0,473.0,0.0,354.2786,901.3085,11.000099999999977
671,671,671.0,671.0,671.0,671.0,671.0,671.0,671.0,671.0,671.0,671.0,671.0,671.0,671.0,671.0,671.0,671.0,671.0,671.0,671.0,671.0,671.0,671.0,671.0,671.0,671.0,671.0,671.0,671.0,671.0,671.0,671.0,671.0,671.0,671.0,671.0,671.0,671.0,671.0,671.0,671.0,671.0,671.0,,,,,,,,,,,,,,,,,,,,,,,,,,,,,,,,,0.1,353.6421,335.495,320.2841,307.826,297.9375,290.3963,284.945,281.3261,279.3309,278.851,279.9179,282.7263,287.6332,295.1328,305.8081,320.2738,339.1301,362.9646,392.4437,428.5446,296.0,470.0,354.2786,103.594,547.0299,11.000099999999977
672,672,672.0,672.0,672.0,672.0,672.0,672.0,672.0,672.0,672.0,672.0,672.0,672.0,672.0,672.0,672.0,672.0,672.0,672.0,672.0,672.0,672.0,672.0,672.0,672.0,672.0,672.0,672.0,672.0,672.0,672.0,672.0,672.0,672.0,672.0,672.0,672.0,672.0,672.0,672.0,672.0,672.0,672.0,,,,,,,,,,,,,,,,,,,,,,,,,,,,,,,,,0.2,295.0017,294.2767,293.6047,292.8633,292.0442,291.2493,290.6708,290.561,291.2026,292.884,295.8839,300.465,306.8777,315.3705,326.2098,339.7096,356.2773,376.4841,401.1758,431.6551,292.0,472.0,457.8726,51.53000000000003,443.4359,11.000099999999977
673,673,673.0,673.0,673.0,673.0,673.0,673.0,673.0,673.0,673.0,673.0,673.0,673.0,673.0,673.0,673.0,673.0,673.0,673.0,673.0,673.0,673.0,673.0,673.0,673.0,673.0,673.0,673.0,673.0,673.0,673.0,673.0,673.0,673.0,673.0,673.0,673.0,673.0,673.0,673.0,673.0,673.0,673.0,,,,,,,,,,,,,,,,,,,,,,,,,,,,,,,,,0.3,290.8637,290.1152,289.7125,289.6397,289.911,290.5722,291.7,293.3989,295.7972,299.044,303.3064,308.7706,315.6459,324.1744,334.6471,347.4306,363.0081,382.0439,405.4872,434.7465,291.0,472.0,509.4026,39.01109999999994,391.9059,11.000099999999977
674,674,674.0,674.0,674.0,674.0,674.0,674.0,674.0,674.0,674.0,674.0,674.0,674.0,674.0,674.0,674.0,674.0,674.0,674.0,674.0,674.0,674.0,674.0,674.0,674.0,674.0,674.0,674.0,674.0,674.0,674.0,674.0,674.0,674.0,674.0,674.0,674.0,674.0,674.0,674.0,674.0,674.0,674.0,,,,,,,,,,,,,,,,,,,,,,,,,,,,,,,,,0.4,290.0414,289.4873,289.3316,289.5819,290.2608,291.407,293.0751,295.3363,298.2792,302.0109,306.6597,312.3796,319.3577,327.8256,338.0762,350.4899,365.574,384.0243,406.8247,435.4163,298.0,392.0,548.4137,24.21670000000006,352.89480000000003,11.000099999999977
675,675,675.0,675.0,675.0,675.0,675.0,675.0,675.0,675.0,675.0,675.0,675.0,675.0,675.0,675.0,675.0,675.0,675.0,675.0,675.0,675.0,675.0,675.0,675.0,675.0,675.0,675.0,675.0,675.0,675.0,675.0,675.0,675.0,675.0,675.0,675.0,675.0,675.0,675.0,675.0,675.0,675.0,675.0,,,,,,,,,,,,,,,,,,,,,,,,,,,,,,,,,0.5,295.7203,294.0398,292.959,292.4835,292.6206,293.3776,294.7602,296.7727,299.4167,302.6884,306.5777,311.0673,316.1382,321.7815,328.0202,334.9396,342.7256,351.7047,362.3838,375.4871,410.0,273.0,572.6304,51.65160000000003,328.6781,11.000099999999977
676,676,676.0,676.0,676.0,676.0,676.0,676.0,676.0,676.0,676.0,676.0,676.0,676.0,676.0,676.0,676.0,676.0,676.0,676.0,676.0,676.0,676.0,676.0,676.0,676.0,676.0,676.0,676.0,676.0,676.0,676.0,676.0,676.0,676.0,676.0,676.0,676.0,676.0,676.0,676.0,676.0,676.0,676.0,,,,,,,,,,,,,,,,,,,,,,,,,,,,,,,,,0.6,383.469,361.7218,344.0883,330.1315,319.4914,311.8001,306.6517,303.6045,302.1999,301.9798,302.498,303.3225,304.0355,304.2369,303.5592,301.6962,298.4428,293.7388,287.701,280.6331,173.0,473.0,624.282,113.91809999999998,277.02649999999994,11.000099999999977
677,677,677.0,677.0,677.0,677.0,677.0,677.0,677.0,677.0,677.0,677.0,677.0,677.0,677.0,677.0,677.0,677.0,677.0,677.0,677.0,677.0,677.0,677.0,677.0,677.0,677.0,677.0,677.0,677.0,677.0,677.0,677.0,677.0,677.0,677.0,677.0,677.0,677.0,677.0,677.0,677.0,677.0,677.0,,,,,,,,,,,,,,,,,,,,,,,,,,,,,,,,,0.7,199.0055,222.6701,243.1284,259.896,272.9013,282.4338,289.0425,293.4225,296.32,298.4732,300.5893,303.3513,307.4362,313.5297,322.3272,334.5201,350.7839,371.7975,398.333,431.4695,303.0,471.0,738.2001,95.81459999999991,163.10839999999996,11.000099999999977
678,678,678.0,678.0,678.0,678.0,678.0,678.0,678.0,678.0,678.0,678.0,678.0,678.0,678.0,678.0,678.0,678.0,678.0,678.0,678.0,678.0,678.0,678.0,678.0,678.0,678.0,678.0,678.0,678.0,678.0,678.0,678.0,678.0,678.0,678.0,678.0,678.0,678.0,678.0,678.0,678.0,678.0,678.0,,,,,,,,,,,,,,,,,,,,,,,,,,,,,,,,,0.8,296.5715,291.1948,287.1267,284.5222,283.4084,283.6962,285.2216,287.8017,291.2883,295.6074,300.7794,306.922,314.2406,323.0173,333.6036,346.4274,362.0193,381.0703,404.5323,433.7953,327.0,473.0,834.0147,47.29900000000009,67.29380000000003,11.000099999999977
679,679,679.0,679.0,679.0,679.0,679.0,679.0,679.0,679.0,679.0,679.0,679.0,679.0,679.0,679.0,679.0,679.0,679.0,679.0,679.0,679.0,679.0,679.0,679.0,679.0,679.0,679.0,679.0,679.0,679.0,679.0,679.0,679.0,679.0,679.0,679.0,679.0,679.0,679.0,679.0,679.0,679.0,679.0,,,,,,,,,,,,,,,,,,,,,,,,,,,,,,,,,0.9,318.0586,310.5866,304.5604,299.9697,296.7966,295.0058,294.5473,295.3655,297.413,300.6646,305.1305,310.8669,317.9861,326.6666,337.1677,349.8513,365.2171,383.9612,407.0743,436.0114,284.0,404.0,881.3137,19.99479999999994,19.99479999999994,11.000099999999977
680,680,680.0,680.0,680.0,680.0,680.0,680.0,680.0,680.0,680.0,680.0,680.0,680.0,680.0,680.0,680.0,680.0,680.0,680.0,680.0,680.0,680.0,680.0,680.0,680.0,680.0,680.0,680.0,680.0,680.0,680.0,680.0,680.0,680.0,680.0,680.0,680.0,680.0,680.0,680.0,680.0,680.0,680.0,,,,,,,,,,,,,,,,,,,,,,,,,,,,,,,,,0.0,273.0,273.0,273.0,273.0,273.0,273.0,273.0,273.0,273.0,273.0,273.0,273.0,273.0,273.0,273.0,273.0,273.0,273.0,273.0,273.0,384.0,453.0,0.0,356.3457,882.6234,15.341700000000005
681,681,681.0,681.0,681.0,681.0,681.0,681.0,681.0,681.0,681.0,681.0,681.0,681.0,681.0,681.0,681.0,681.0,681.0,681.0,681.0,681.0,681.0,681.0,681.0,681.0,681.0,681.0,681.0,681.0,681.0,681.0,681.0,681.0,681.0,681.0,681.0,681.0,681.0,681.0,681.0,681.0,681.0,681.0,,,,,,,,,,,,,,,,,,,,,,,,,,,,,,,,,0.1,360.6368,340.8613,324.3217,310.7886,300.0457,291.8399,285.8803,281.8709,279.5602,278.7918,279.5452,281.9581,286.3263,293.0787,302.7325,315.8361,332.9214,354.4945,381.0997,413.4967,394.0,470.0,356.3457,114.4556,526.2776999999999,15.341700000000005
682,682,682.0,682.0,682.0,682.0,682.0,682.0,682.0,682.0,682.0,682.0,682.0,682.0,682.0,682.0,682.0,682.0,682.0,682.0,682.0,682.0,682.0,682.0,682.0,682.0,682.0,682.0,682.0,682.0,682.0,682.0,682.0,682.0,682.0,682.0,682.0,682.0,682.0,682.0,682.0,682.0,682.0,682.0,,,,,,,,,,,,,,,,,,,,,,,,,,,,,,,,,0.2,371.9251,353.6411,338.4606,325.932,315.7544,307.7246,301.7063,297.6136,295.4043,295.0781,296.6766,300.2848,306.0316,314.0919,324.6931,338.1299,354.796,375.2438,400.2893,431.196,361.0,438.0,470.8013,42.635899999999936,411.8220999999999,15.341700000000005
683,683,683.0,683.0,683.0,683.0,683.0,683.0,683.0,683.0,683.0,683.0,683.0,683.0,683.0,683.0,683.0,683.0,683.0,683.0,683.0,683.0,683.0,683.0,683.0,683.0,683.0,683.0,683.0,683.0,683.0,683.0,683.0,683.0,683.0,683.0,683.0,683.0,683.0,683.0,683.0,683.0,683.0,683.0,,,,,,,,,,,,,,,,,,,,,,,,,,,,,,,,,0.3,348.1887,337.7188,329.1163,322.0505,316.3123,311.7917,308.4557,306.3249,305.4517,305.903,307.7485,311.057,315.9001,322.3643,330.5723,340.7132,353.0822,368.133,386.5467,409.3338,172.0,472.0,513.4372,42.16290000000004,369.1862,15.341700000000005
684,684,684.0,684.0,684.0,684.0,684.0,684.0,684.0,684.0,684.0,684.0,684.0,684.0,684.0,684.0,684.0,684.0,684.0,684.0,684.0,684.0,684.0,684.0,684.0,684.0,684.0,684.0,684.0,684.0,684.0,684.0,684.0,684.0,684.0,684.0,684.0,684.0,684.0,684.0,684.0,684.0,684.0,684.0,,,,,,,,,,,,,,,,,,,,,,,,,,,,,,,,,0.4,197.5163,220.8294,241.1902,258.1906,271.7935,282.2902,290.2104,296.2169,301.0116,305.2677,309.5936,314.5244,320.5339,328.06,337.5357,349.4264,364.2759,382.7729,405.8561,434.8932,297.0,473.0,555.6001,75.26750000000004,327.02329999999995,15.341700000000005
685,685,685.0,685.0,685.0,685.0,685.0,685.0,685.0,685.0,685.0,685.0,685.0,685.0,685.0,685.0,685.0,685.0,685.0,685.0,685.0,685.0,685.0,685.0,685.0,685.0,685.0,685.0,685.0,685.0,685.0,685.0,685.0,685.0,685.0,685.0,685.0,685.0,685.0,685.0,685.0,685.0,685.0,685.0,,,,,,,,,,,,,,,,,,,,,,,,,,,,,,,,,0.5,291.9227,287.7735,284.8454,283.3208,283.2458,284.5419,287.0458,290.5643,294.9285,300.0338,305.8638,312.4973,320.1053,328.9458,339.3632,351.7981,366.8167,385.1655,407.8698,436.4037,317.0,473.0,630.8676,41.05329999999992,251.7557999999999,15.341700000000005
686,686,686.0,686.0,686.0,686.0,686.0,686.0,686.0,686.0,686.0,686.0,686.0,686.0,686.0,686.0,686.0,686.0,686.0,686.0,686.0,686.0,686.0,686.0,686.0,686.0,686.0,686.0,686.0,686.0,686.0,686.0,686.0,686.0,686.0,686.0,686.0,686.0,686.0,686.0,686.0,686.0,686.0,686.0,,,,,,,,,,,,,,,,,,,,,,,,,,,,,,,,,0.6,310.2183,304.62,300.2245,297.0512,295.1036,294.3634,294.7939,296.3502,298.9929,302.7025,307.493,313.4235,320.6098,329.236,339.5702,351.9873,367.0044,385.3388,408.0041,436.4769,379.0,472.0,671.9209,28.923700000000053,210.7025,15.341700000000005
687,687,687.0,687.0,687.0,687.0,687.0,687.0,687.0,687.0,687.0,687.0,687.0,687.0,687.0,687.0,687.0,687.0,687.0,687.0,687.0,687.0,687.0,687.0,687.0,687.0,687.0,687.0,687.0,687.0,687.0,687.0,687.0,687.0,687.0,687.0,687.0,687.0,687.0,687.0,687.0,687.0,687.0,687.0,,,,,,,,,,,,,,,,,,,,,,,,,,,,,,,,,0.7,360.0179,344.3675,331.6778,321.6994,314.2277,309.0625,305.9966,304.8236,305.3559,307.4435,310.9909,315.9689,322.4233,330.4833,340.3735,352.4334,367.1507,385.2167,407.6205,435.8124,365.0,273.0,700.8446,25.08510000000001,181.7788,15.341700000000005
688,688,688.0,688.0,688.0,688.0,688.0,688.0,688.0,688.0,688.0,688.0,688.0,688.0,688.0,688.0,688.0,688.0,688.0,688.0,688.0,688.0,688.0,688.0,688.0,688.0,688.0,688.0,688.0,688.0,688.0,688.0,688.0,688.0,688.0,688.0,688.0,688.0,688.0,688.0,688.0,688.0,688.0,688.0,,,,,,,,,,,,,,,,,,,,,,,,,,,,,,,,,0.8,351.3988,340.3673,331.4621,324.3665,318.8538,314.7575,311.944,310.2873,309.6434,309.8274,310.5935,311.6224,312.5209,312.8383,312.1041,309.8865,305.8668,299.9154,292.1522,282.9694,359.0,381.0,725.9297,84.18089999999995,156.69369999999992,15.341700000000005
689,689,689.0,689.0,689.0,689.0,689.0,689.0,689.0,689.0,689.0,689.0,689.0,689.0,689.0,689.0,689.0,689.0,689.0,689.0,689.0,689.0,689.0,689.0,689.0,689.0,689.0,689.0,689.0,689.0,689.0,689.0,689.0,689.0,689.0,689.0,689.0,689.0,689.0,689.0,689.0,689.0,689.0,689.0,,,,,,,,,,,,,,,,,,,,,,,,,,,,,,,,,0.9,346.9263,337.1569,329.2495,322.8666,317.7469,313.6858,310.5233,308.1365,306.4402,305.3914,304.9994,305.3364,306.5455,308.841,312.498,317.8306,325.1659,334.8224,347.1088,362.357,359.0,341.0,810.1106,72.51279999999997,72.51279999999997,15.341700000000005
690,690,690.0,690.0,690.0,690.0,690.0,690.0,690.0,690.0,690.0,690.0,690.0,690.0,690.0,690.0,690.0,690.0,690.0,690.0,690.0,690.0,690.0,690.0,690.0,690.0,690.0,690.0,690.0,690.0,690.0,690.0,690.0,690.0,690.0,690.0,690.0,690.0,690.0,690.0,690.0,690.0,690.0,690.0,,,,,,,,,,,,,,,,,,,,,,,,,,,,,,,,,0.0,273.0,273.0,273.0,273.0,273.0,273.0,273.0,273.0,273.0,273.0,273.0,273.0,273.0,273.0,273.0,273.0,273.0,273.0,273.0,273.0,375.0,473.0,0.0,354.2786,850.3447,13.945899999999996
691,691,691.0,691.0,691.0,691.0,691.0,691.0,691.0,691.0,691.0,691.0,691.0,691.0,691.0,691.0,691.0,691.0,691.0,691.0,691.0,691.0,691.0,691.0,691.0,691.0,691.0,691.0,691.0,691.0,691.0,691.0,691.0,691.0,691.0,691.0,691.0,691.0,691.0,691.0,691.0,691.0,691.0,691.0,,,,,,,,,,,,,,,,,,,,,,,,,,,,,,,,,0.1,353.6421,335.495,320.2841,307.826,297.9375,290.3963,284.945,281.3261,279.3309,278.851,279.9179,282.7263,287.6332,295.1328,305.8081,320.2738,339.1301,362.9646,392.4437,428.5446,295.0,472.0,354.2786,103.80990000000004,496.0661,13.945899999999996
692,692,692.0,692.0,692.0,692.0,692.0,692.0,692.0,692.0,692.0,692.0,692.0,692.0,692.0,692.0,692.0,692.0,692.0,692.0,692.0,692.0,692.0,692.0,692.0,692.0,692.0,692.0,692.0,692.0,692.0,692.0,692.0,692.0,692.0,692.0,692.0,692.0,692.0,692.0,692.0,692.0,692.0,692.0,,,,,,,,,,,,,,,,,,,,,,,,,,,,,,,,,0.2,294.2077,293.6614,293.1407,292.5237,291.8036,291.0854,290.5647,290.4984,291.174,292.8851,295.9156,300.5344,306.9977,315.5607,326.4966,340.127,356.8673,377.2986,402.2809,433.1409,294.0,472.0,458.0885,51.08749999999998,392.2562,13.945899999999996
693,693,693.0,693.0,693.0,693.0,693.0,693.0,693.0,693.0,693.0,693.0,693.0,693.0,693.0,693.0,693.0,693.0,693.0,693.0,693.0,693.0,693.0,693.0,693.0,693.0,693.0,693.0,693.0,693.0,693.0,693.0,693.0,693.0,693.0,693.0,693.0,693.0,693.0,693.0,693.0,693.0,693.0,693.0,,,,,,,,,,,,,,,,,,,,,,,,,,,,,,,,,0.3,292.4236,291.2917,290.5663,290.2331,290.3045,290.8218,291.8541,293.4973,295.8705,299.1141,303.3875,308.8704,315.7661,324.3119,334.7948,347.5785,363.1445,382.1573,405.5681,434.7883,288.0,470.0,509.176,38.339999999999975,341.1687,13.945899999999996
694,694,694.0,694.0,694.0,694.0,694.0,694.0,694.0,694.0,694.0,694.0,694.0,694.0,694.0,694.0,694.0,694.0,694.0,694.0,694.0,694.0,694.0,694.0,694.0,694.0,694.0,694.0,694.0,694.0,694.0,694.0,694.0,694.0,694.0,694.0,694.0,694.0,694.0,694.0,694.0,694.0,694.0,694.0,,,,,,,,,,,,,,,,,,,,,,,,,,,,,,,,,0.4,287.7126,287.7455,288.0855,288.7379,289.7282,291.103,292.9287,295.2903,298.2893,302.0437,306.6892,312.3838,319.3148,327.711,337.8604,350.137,365.0399,383.255,405.7517,433.9474,389.0,472.0,547.516,33.955100000000016,302.8287,13.945899999999996
695,695,695.0,695.0,695.0,695.0,695.0,695.0,695.0,695.0,695.0,695.0,695.0,695.0,695.0,695.0,695.0,695.0,695.0,695.0,695.0,695.0,695.0,695.0,695.0,695.0,695.0,695.0,695.0,695.0,695.0,695.0,695.0,695.0,695.0,695.0,695.0,695.0,695.0,695.0,695.0,695.0,695.0,695.0,,,,,,,,,,,,,,,,,,,,,,,,,,,,,,,,,0.5,366.9966,348.8278,334.0963,322.5425,313.9393,308.0397,304.5665,303.2309,303.7629,305.9421,309.6205,314.7364,321.3207,329.5007,339.5064,351.6853,366.5316,384.7396,407.2972,435.6497,366.0,269.0,581.4711,26.60910000000001,268.8736,13.945899999999996
696,696,696.0,696.0,696.0,696.0,696.0,696.0,696.0,696.0,696.0,696.0,696.0,696.0,696.0,696.0,696.0,696.0,696.0,696.0,696.0,696.0,696.0,696.0,696.0,696.0,696.0,696.0,696.0,696.0,696.0,696.0,696.0,696.0,696.0,696.0,696.0,696.0,696.0,696.0,696.0,696.0,696.0,696.0,,,,,,,,,,,,,,,,,,,,,,,,,,,,,,,,,0.6,352.213,341.02,331.9582,324.7003,319.017,314.7459,311.7621,309.9483,309.1676,309.237,309.907,310.8487,311.6539,311.8529,310.9542,308.505,304.1677,297.7988,289.5111,279.6975,172.0,471.0,608.0802,86.71450000000004,242.2645,13.945899999999996
697,697,697.0,697.0,697.0,697.0,697.0,697.0,697.0,697.0,697.0,697.0,697.0,697.0,697.0,697.0,697.0,697.0,697.0,697.0,697.0,697.0,697.0,697.0,697.0,697.0,697.0,697.0,697.0,697.0,697.0,697.0,697.0,697.0,697.0,697.0,697.0,697.0,697.0,697.0,697.0,697.0,697.0,697.0,,,,,,,,,,,,,,,,,,,,,,,,,,,,,,,,,0.7,197.8501,221.4512,242.0103,259.0769,272.571,282.7391,290.0656,295.1733,298.7399,301.4468,303.9599,306.9362,311.0404,316.9579,325.3926,337.0527,352.6358,372.8449,398.4724,430.6024,297.0,473.0,694.7947,89.35659999999996,155.54999999999995,13.945899999999996
698,698,698.0,698.0,698.0,698.0,698.0,698.0,698.0,698.0,698.0,698.0,698.0,698.0,698.0,698.0,698.0,698.0,698.0,698.0,698.0,698.0,698.0,698.0,698.0,698.0,698.0,698.0,698.0,698.0,698.0,698.0,698.0,698.0,698.0,698.0,698.0,698.0,698.0,698.0,698.0,698.0,698.0,698.0,,,,,,,,,,,,,,,,,,,,,,,,,,,,,,,,,0.8,291.8439,287.592,284.5155,282.7789,282.4169,283.3472,285.4122,288.435,292.273,296.8576,302.2152,308.4707,315.8399,324.618,335.1736,347.9542,363.5127,382.5639,406.0863,435.5024,325.0,471.0,784.1513,46.501499999999965,66.1934,13.945899999999996
699,699,699.0,699.0,699.0,699.0,699.0,699.0,699.0,699.0,699.0,699.0,699.0,699.0,699.0,699.0,699.0,699.0,699.0,699.0,699.0,699.0,699.0,699.0,699.0,699.0,699.0,699.0,699.0,699.0,699.0,699.0,699.0,699.0,699.0,699.0,699.0,699.0,699.0,699.0,699.0,699.0,699.0,699.0,,,,,,,,,,,,,,,,,,,,,,,,,,,,,,,,,0.9,316.3674,309.1611,303.3799,299.0285,296.0957,294.5461,294.3241,295.3651,297.6114,301.0278,305.6151,311.422,318.554,327.1844,337.5681,350.0633,365.1669,383.5716,406.2609,434.6736,310.0,295.0,830.6528,19.691900000000032,19.691900000000032,13.945899999999996
700,700,700.0,700.0,700.0,700.0,700.0,700.0,700.0,700.0,700.0,700.0,700.0,700.0,700.0,700.0,700.0,700.0,700.0,700.0,700.0,700.0,700.0,700.0,700.0,700.0,700.0,700.0,700.0,700.0,700.0,700.0,700.0,700.0,700.0,700.0,700.0,700.0,700.0,700.0,700.0,700.0,700.0,700.0,,,,,,,,,,,,,,,,,,,,,,,,,,,,,,,,,0.0,273.0,273.0,273.0,273.0,273.0,273.0,273.0,273.0,273.0,273.0,273.0,273.0,273.0,273.0,273.0,273.0,273.0,273.0,273.0,273.0,377.0,470.0,0.0,354.4382,976.2558,8.470699999999965
701,701,701.0,701.0,701.0,701.0,701.0,701.0,701.0,701.0,701.0,701.0,701.0,701.0,701.0,701.0,701.0,701.0,701.0,701.0,701.0,701.0,701.0,701.0,701.0,701.0,701.0,701.0,701.0,701.0,701.0,701.0,701.0,701.0,701.0,701.0,701.0,701.0,701.0,701.0,701.0,701.0,701.0,701.0,,,,,,,,,,,,,,,,,,,,,,,,,,,,,,,,,0.1,355.1984,336.6898,321.1835,308.4863,298.4079,290.7195,285.1567,281.454,279.3942,278.8596,279.8723,282.6172,287.4412,294.828,305.3504,319.6128,338.2052,361.7025,390.7518,426.2957,292.0,470.0,354.4382,105.2249,621.8176000000001,8.470699999999965
702,702,702.0,702.0,702.0,702.0,702.0,702.0,702.0,702.0,702.0,702.0,702.0,702.0,702.0,702.0,702.0,702.0,702.0,702.0,702.0,702.0,702.0,702.0,702.0,702.0,702.0,702.0,702.0,702.0,702.0,702.0,702.0,702.0,702.0,702.0,702.0,702.0,702.0,702.0,702.0,702.0,702.0,702.0,,,,,,,,,,,,,,,,,,,,,,,,,,,,,,,,,0.2,291.8848,291.9279,291.9016,291.6809,291.2616,290.7562,290.3716,290.3779,291.0759,292.7708,295.7563,300.308,306.6869,315.1505,325.9721,339.4708,356.0566,376.3004,401.0447,431.5873,295.0,471.0,459.6631,52.73230000000001,516.5927,8.470699999999965
703,703,703.0,703.0,703.0,703.0,703.0,703.0,703.0,703.0,703.0,703.0,703.0,703.0,703.0,703.0,703.0,703.0,703.0,703.0,703.0,703.0,703.0,703.0,703.0,703.0,703.0,703.0,703.0,703.0,703.0,703.0,703.0,703.0,703.0,703.0,703.0,703.0,703.0,703.0,703.0,703.0,703.0,703.0,,,,,,,,,,,,,,,,,,,,,,,,,,,,,,,,,0.3,293.132,291.7437,290.8038,290.3015,290.2483,290.6802,291.6584,293.269,295.6222,298.8503,303.1071,308.5687,315.4373,323.9495,334.3926,347.1296,362.6397,381.5822,404.899,433.9862,292.0,469.0,512.3954,38.17999999999995,463.8604,8.470699999999965
704,704,704.0,704.0,704.0,704.0,704.0,704.0,704.0,704.0,704.0,704.0,704.0,704.0,704.0,704.0,704.0,704.0,704.0,704.0,704.0,704.0,704.0,704.0,704.0,704.0,704.0,704.0,704.0,704.0,704.0,704.0,704.0,704.0,704.0,704.0,704.0,704.0,704.0,704.0,704.0,704.0,704.0,704.0,,,,,,,,,,,,,,,,,,,,,,,,,,,,,,,,,0.4,290.8962,290.2149,289.9434,290.0854,290.6614,291.7094,293.2847,295.4591,298.321,301.9757,306.5481,312.1869,319.0718,327.4256,337.5311,349.7572,364.5978,382.7319,405.1198,433.1643,311.0,330.0,550.5754,22.71440000000007,425.6804000000001,8.470699999999965
705,705,705.0,705.0,705.0,705.0,705.0,705.0,705.0,705.0,705.0,705.0,705.0,705.0,705.0,705.0,705.0,705.0,705.0,705.0,705.0,705.0,705.0,705.0,705.0,705.0,705.0,705.0,705.0,705.0,705.0,705.0,705.0,705.0,705.0,705.0,705.0,705.0,705.0,705.0,705.0,705.0,705.0,705.0,,,,,,,,,,,,,,,,,,,,,,,,,,,,,,,,,0.5,306.074,302.1102,299.0951,297.018,295.8594,295.5861,296.1493,297.4845,299.5093,302.12,305.1855,308.5426,311.9977,315.3388,318.3612,320.9074,322.9164,324.4717,325.8378,327.471,390.0,270.0,573.2898,79.00279999999998,402.966,8.470699999999965
706,706,706.0,706.0,706.0,706.0,706.0,706.0,706.0,706.0,706.0,706.0,706.0,706.0,706.0,706.0,706.0,706.0,706.0,706.0,706.0,706.0,706.0,706.0,706.0,706.0,706.0,706.0,706.0,706.0,706.0,706.0,706.0,706.0,706.0,706.0,706.0,706.0,706.0,706.0,706.0,706.0,706.0,706.0,,,,,,,,,,,,,,,,,,,,,,,,,,,,,,,,,0.6,368.434,350.6617,336.1879,324.6665,315.7974,309.2707,304.7469,301.8605,300.2339,299.4929,299.2769,299.2442,299.0747,298.4742,297.1848,295.0022,291.799,287.5487,282.3419,276.3887,172.0,473.0,652.2926,141.22069999999997,323.96320000000003,8.470699999999965
707,707,707.0,707.0,707.0,707.0,707.0,707.0,707.0,707.0,707.0,707.0,707.0,707.0,707.0,707.0,707.0,707.0,707.0,707.0,707.0,707.0,707.0,707.0,707.0,707.0,707.0,707.0,707.0,707.0,707.0,707.0,707.0,707.0,707.0,707.0,707.0,707.0,707.0,707.0,707.0,707.0,707.0,707.0,,,,,,,,,,,,,,,,,,,,,,,,,,,,,,,,,0.7,197.5394,220.7825,240.8994,257.4213,270.2714,279.7188,286.2845,290.6364,293.501,295.6085,297.6713,300.3896,304.4658,310.6145,319.5567,332.001,348.6267,370.1008,397.1705,430.8823,321.0,471.0,793.5133,107.84120000000009,182.7425000000001,8.470699999999965
708,708,708.0,708.0,708.0,708.0,708.0,708.0,708.0,708.0,708.0,708.0,708.0,708.0,708.0,708.0,708.0,708.0,708.0,708.0,708.0,708.0,708.0,708.0,708.0,708.0,708.0,708.0,708.0,708.0,708.0,708.0,708.0,708.0,708.0,708.0,708.0,708.0,708.0,708.0,708.0,708.0,708.0,708.0,,,,,,,,,,,,,,,,,,,,,,,,,,,,,,,,,0.8,310.5369,301.6561,294.5986,289.5091,286.3955,285.133,285.5064,287.2708,290.2134,294.1996,299.1983,305.2862,312.6384,321.5151,332.2519,345.2639,361.0712,380.3543,404.0561,433.559,322.0,471.0,901.3545,44.73270000000002,74.90129999999999,8.470699999999965
709,709,709.0,709.0,709.0,709.0,709.0,709.0,709.0,709.0,709.0,709.0,709.0,709.0,709.0,709.0,709.0,709.0,709.0,709.0,709.0,709.0,709.0,709.0,709.0,709.0,709.0,709.0,709.0,709.0,709.0,709.0,709.0,709.0,709.0,709.0,709.0,709.0,709.0,709.0,709.0,709.0,709.0,709.0,,,,,,,,,,,,,,,,,,,,,,,,,,,,,,,,,0.9,314.5282,308.3139,303.3006,299.4589,296.7741,295.2377,294.8441,295.5918,297.4874,300.5528,304.8326,310.4043,317.3883,325.9612,336.3725,348.9696,364.2349,382.8448,405.7669,434.4254,378.0,471.0,946.0872,30.16859999999997,30.16859999999997,8.470699999999965
710,710,710.0,710.0,710.0,710.0,710.0,710.0,710.0,710.0,710.0,710.0,710.0,710.0,710.0,710.0,710.0,710.0,710.0,710.0,710.0,710.0,710.0,710.0,710.0,710.0,710.0,710.0,710.0,710.0,710.0,710.0,710.0,710.0,710.0,710.0,710.0,710.0,710.0,710.0,710.0,710.0,710.0,710.0,,,,,,,,,,,,,,,,,,,,,,,,,,,,,,,,,0.0,273.0,273.0,273.0,273.0,273.0,273.0,273.0,273.0,273.0,273.0,273.0,273.0,273.0,273.0,273.0,273.0,273.0,273.0,273.0,273.0,376.0,473.0,0.0,354.1305,948.7393,8.524100000000033
711,711,711.0,711.0,711.0,711.0,711.0,711.0,711.0,711.0,711.0,711.0,711.0,711.0,711.0,711.0,711.0,711.0,711.0,711.0,711.0,711.0,711.0,711.0,711.0,711.0,711.0,711.0,711.0,711.0,711.0,711.0,711.0,711.0,711.0,711.0,711.0,711.0,711.0,711.0,711.0,711.0,711.0,711.0,,,,,,,,,,,,,,,,,,,,,,,,,,,,,,,,,0.1,354.4204,336.0926,320.7341,308.1566,298.1736,290.5597,285.0544,281.3968,279.3751,278.8775,279.9333,282.7349,287.6379,295.1352,305.8093,320.2744,339.1304,362.9647,392.4437,428.5446,291.0,470.0,354.1305,103.88,594.6088,8.524100000000033
712,712,712.0,712.0,712.0,712.0,712.0,712.0,712.0,712.0,712.0,712.0,712.0,712.0,712.0,712.0,712.0,712.0,712.0,712.0,712.0,712.0,712.0,712.0,712.0,712.0,712.0,712.0,712.0,712.0,712.0,712.0,712.0,712.0,712.0,712.0,712.0,712.0,712.0,712.0,712.0,712.0,712.0,712.0,,,,,,,,,,,,,,,,,,,,,,,,,,,,,,,,,0.2,291.0611,291.2574,291.3642,291.259,290.9402,290.5228,290.2166,290.2939,291.0574,292.8136,295.8561,300.4594,306.8819,315.3779,326.2171,339.7155,356.2816,376.487,401.1775,431.6559,296.0,471.0,458.0105,52.68440000000004,490.7288,8.524100000000033
713,713,713.0,713.0,713.0,713.0,713.0,713.0,713.0,713.0,713.0,713.0,713.0,713.0,713.0,713.0,713.0,713.0,713.0,713.0,713.0,713.0,713.0,713.0,713.0,713.0,713.0,713.0,713.0,713.0,713.0,713.0,713.0,713.0,713.0,713.0,713.0,713.0,713.0,713.0,713.0,713.0,713.0,713.0,,,,,,,,,,,,,,,,,,,,,,,,,,,,,,,,,0.3,293.8901,292.291,291.1753,290.534,290.3786,290.742,291.6807,293.2746,295.6274,298.8653,303.1368,308.6138,315.4953,324.0162,334.4626,347.1972,362.6998,381.6307,404.9327,434.0034,290.0,470.0,510.6949,38.32390000000004,438.0444,8.524100000000033
714,714,714.0,714.0,714.0,714.0,714.0,714.0,714.0,714.0,714.0,714.0,714.0,714.0,714.0,714.0,714.0,714.0,714.0,714.0,714.0,714.0,714.0,714.0,714.0,714.0,714.0,714.0,714.0,714.0,714.0,714.0,714.0,714.0,714.0,714.0,714.0,714.0,714.0,714.0,714.0,714.0,714.0,714.0,,,,,,,,,,,,,,,,,,,,,,,,,,,,,,,,,0.4,289.3282,289.0236,289.0707,289.4722,290.2513,291.4513,293.1356,295.3851,298.2973,301.9864,306.5844,312.2465,319.1577,327.5453,337.6964,349.9842,364.907,383.1492,405.6786,433.9102,287.0,460.0,549.0188,33.08319999999992,399.7204999999999,8.524100000000033
715,715,715.0,715.0,715.0,715.0,715.0,715.0,715.0,715.0,715.0,715.0,715.0,715.0,715.0,715.0,715.0,715.0,715.0,715.0,715.0,715.0,715.0,715.0,715.0,715.0,715.0,715.0,715.0,715.0,715.0,715.0,715.0,715.0,715.0,715.0,715.0,715.0,715.0,715.0,715.0,715.0,715.0,715.0,,,,,,,,,,,,,,,,,,,,,,,,,,,,,,,,,0.5,286.9533,287.2168,287.7894,288.6824,289.9215,291.5466,293.6121,296.1865,299.3515,303.2036,307.8559,313.4427,320.1274,328.1144,337.6669,349.1327,362.9814,379.8593,400.6747,426.7366,300.0,359.0,582.102,23.546400000000062,366.6373,8.524100000000033
716,716,716.0,716.0,716.0,716.0,716.0,716.0,716.0,716.0,716.0,716.0,716.0,716.0,716.0,716.0,716.0,716.0,716.0,716.0,716.0,716.0,716.0,716.0,716.0,716.0,716.0,716.0,716.0,716.0,716.0,716.0,716.0,716.0,716.0,716.0,716.0,716.0,716.0,716.0,716.0,716.0,716.0,716.0,,,,,,,,,,,,,,,,,,,,,,,,,,,,,,,,,0.6,297.2643,295.1937,293.7962,293.0788,293.0414,293.6739,294.9567,296.8605,299.3461,302.3629,305.8452,309.7113,313.8664,318.2143,322.6791,327.2375,331.9586,337.0425,342.852,349.9298,406.0,272.0,605.6484,66.63,343.0908999999999,8.524100000000033
717,717,717.0,717.0,717.0,717.0,717.0,717.0,717.0,717.0,717.0,717.0,717.0,717.0,717.0,717.0,717.0,717.0,717.0,717.0,717.0,717.0,717.0,717.0,717.0,717.0,717.0,717.0,717.0,717.0,717.0,717.0,717.0,717.0,717.0,717.0,717.0,717.0,717.0,717.0,717.0,717.0,717.0,717.0,,,,,,,,,,,,,,,,,,,,,,,,,,,,,,,,,0.7,380.4314,359.4397,342.3918,328.868,318.5162,310.9741,305.8419,302.6864,301.0603,300.5221,300.6483,301.0393,301.3193,301.1398,300.1906,298.2207,295.0683,290.693,285.199,278.8407,174.0,472.0,672.2784,127.02589999999998,276.4608999999999,8.524100000000033
718,718,718.0,718.0,718.0,718.0,718.0,718.0,718.0,718.0,718.0,718.0,718.0,718.0,718.0,718.0,718.0,718.0,718.0,718.0,718.0,718.0,718.0,718.0,718.0,718.0,718.0,718.0,718.0,718.0,718.0,718.0,718.0,718.0,718.0,718.0,718.0,718.0,718.0,718.0,718.0,718.0,718.0,718.0,,,,,,,,,,,,,,,,,,,,,,,,,,,,,,,,,0.8,199.633,222.9489,243.0956,259.5948,272.374,281.716,288.1609,292.395,295.1585,297.1876,299.1923,301.8617,305.8814,311.9461,320.7575,333.0088,349.3709,370.5097,397.1765,430.4214,305.0,472.0,799.3043,101.50620000000004,149.43499999999997,8.524100000000033
719,719,719.0,719.0,719.0,719.0,719.0,719.0,719.0,719.0,719.0,719.0,719.0,719.0,719.0,719.0,719.0,719.0,719.0,719.0,719.0,719.0,719.0,719.0,719.0,719.0,719.0,719.0,719.0,719.0,719.0,719.0,719.0,719.0,719.0,719.0,719.0,719.0,719.0,719.0,719.0,719.0,719.0,719.0,,,,,,,,,,,,,,,,,,,,,,,,,,,,,,,,,0.9,298.0882,292.2811,287.8324,284.8955,283.496,283.5431,284.8706,287.2929,290.6593,294.8942,300.0175,306.1472,313.4905,322.3313,333.0232,345.9952,361.7786,381.0642,404.8054,434.3979,329.0,472.0,900.8105,47.92879999999991,47.92879999999991,8.524100000000033
720,720,720.0,720.0,720.0,720.0,720.0,720.0,720.0,720.0,720.0,720.0,720.0,720.0,720.0,720.0,720.0,720.0,720.0,720.0,720.0,720.0,720.0,720.0,720.0,720.0,720.0,720.0,720.0,720.0,720.0,720.0,720.0,720.0,720.0,720.0,720.0,720.0,720.0,720.0,720.0,720.0,720.0,,,,,,,,,,,,,,,,,,,,,,,,,,,,,,,,,,0.0,273.0,273.0,273.0,273.0,273.0,273.0,273.0,273.0,273.0,273.0,273.0,273.0,273.0,273.0,273.0,273.0,273.0,273.0,273.0,273.0,251.0,465.0,0.0,394.7453,1066.3083,-20.0
721,721,721.0,721.0,721.0,721.0,721.0,721.0,721.0,721.0,721.0,721.0,721.0,721.0,721.0,721.0,721.0,721.0,721.0,721.0,721.0,721.0,721.0,721.0,721.0,721.0,721.0,721.0,721.0,721.0,721.0,721.0,721.0,721.0,721.0,721.0,721.0,721.0,721.0,721.0,721.0,721.0,721.0,,,,,,,,,,,,,,,,,,,,,,,,,,,,,,,,,,0.1,255.331,259.1851,262.516,265.3085,267.5874,269.4216,270.9255,272.2616,273.646,275.3599,277.7619,281.2994,286.5092,294.0013,304.4265,318.4312,336.6232,359.5764,387.9175,422.5386,394.0,472.0,394.7453,174.82430000000005,671.5629999999999,-24.6284
722,722,722.0,722.0,722.0,722.0,722.0,722.0,722.0,722.0,722.0,722.0,722.0,722.0,722.0,722.0,722.0,722.0,722.0,722.0,722.0,722.0,722.0,722.0,722.0,722.0,722.0,722.0,722.0,722.0,722.0,722.0,722.0,722.0,722.0,722.0,722.0,722.0,722.0,722.0,722.0,722.0,722.0,,,,,,,,,,,,,,,,,,,,,,,,,,,,,,,,,,0.2,367.8569,345.8406,327.6038,312.9532,301.71,293.6429,288.461,285.8445,285.4918,287.1633,290.7108,296.0892,303.3538,312.6523,324.2172,338.3705,355.5483,376.3562,401.675,432.8456,242.0,471.0,569.5696,52.89779999999996,496.7386999999999,-1.5570999999999913
723,723,723.0,723.0,723.0,723.0,723.0,723.0,723.0,723.0,723.0,723.0,723.0,723.0,723.0,723.0,723.0,723.0,723.0,723.0,723.0,723.0,723.0,723.0,723.0,723.0,723.0,723.0,723.0,723.0,723.0,723.0,723.0,723.0,723.0,723.0,723.0,723.0,723.0,723.0,723.0,723.0,723.0,,,,,,,,,,,,,,,,,,,,,,,,,,,,,,,,,,0.3,252.6927,262.3599,270.6484,277.3918,282.6349,286.6155,289.7127,292.3827,295.0967,298.2953,302.364,307.6296,314.3743,322.8614,333.3708,346.2414,361.9243,381.0541,404.5563,433.8192,338.0,337.0,622.4674,42.33240000000001,443.8408999999999,-9.834499999999991
724,724,724.0,724.0,724.0,724.0,724.0,724.0,724.0,724.0,724.0,724.0,724.0,724.0,724.0,724.0,724.0,724.0,724.0,724.0,724.0,724.0,724.0,724.0,724.0,724.0,724.0,724.0,724.0,724.0,724.0,724.0,724.0,724.0,724.0,724.0,724.0,724.0,724.0,724.0,724.0,724.0,724.0,,,,,,,,,,,,,,,,,,,,,,,,,,,,,,,,,,0.4,326.0031,315.9457,307.8546,301.7368,297.537,295.1262,294.3127,294.867,296.5466,299.1123,302.3344,305.9899,309.8592,313.7294,317.4112,320.7703,323.7707,326.5187,329.2969,332.5761,314.0,364.0,664.7998,62.49860000000001,401.5084999999999,-2.6738000000000284
725,725,725.0,725.0,725.0,725.0,725.0,725.0,725.0,725.0,725.0,725.0,725.0,725.0,725.0,725.0,725.0,725.0,725.0,725.0,725.0,725.0,725.0,725.0,725.0,725.0,725.0,725.0,725.0,725.0,725.0,725.0,725.0,725.0,725.0,725.0,725.0,725.0,725.0,725.0,725.0,725.0,725.0,,,,,,,,,,,,,,,,,,,,,,,,,,,,,,,,,,0.5,309.4126,305.7291,302.8052,300.537,298.8575,297.7285,297.1313,297.0577,297.5035,298.4672,299.9531,301.9792,304.5862,307.8462,311.8698,316.8097,322.8621,330.2702,339.3313,350.4156,277.0,388.0,727.2984,74.84119999999996,339.0098999999999,-1.5215000000000032
726,726,726.0,726.0,726.0,726.0,726.0,726.0,726.0,726.0,726.0,726.0,726.0,726.0,726.0,726.0,726.0,726.0,726.0,726.0,726.0,726.0,726.0,726.0,726.0,726.0,726.0,726.0,726.0,726.0,726.0,726.0,726.0,726.0,726.0,726.0,726.0,726.0,726.0,726.0,726.0,726.0,726.0,,,,,,,,,,,,,,,,,,,,,,,,,,,,,,,,,,0.6,279.8176,282.5583,285.0889,287.3276,289.2531,290.9034,292.3653,293.7601,295.2305,296.93,299.0188,301.6642,305.044,309.3511,314.7986,321.6239,330.0959,340.5268,353.2966,368.8963,287.0,364.0,802.1396,80.22469999999998,264.16869999999994,-9.896600000000037
727,727,727.0,727.0,727.0,727.0,727.0,727.0,727.0,727.0,727.0,727.0,727.0,727.0,727.0,727.0,727.0,727.0,727.0,727.0,727.0,727.0,727.0,727.0,727.0,727.0,727.0,727.0,727.0,727.0,727.0,727.0,727.0,727.0,727.0,727.0,727.0,727.0,727.0,727.0,727.0,727.0,727.0,,,,,,,,,,,,,,,,,,,,,,,,,,,,,,,,,,0.7,286.4923,286.2927,286.3913,286.7793,287.4488,288.3944,289.6158,291.1209,292.9281,295.0665,297.5755,300.5034,303.9074,307.8566,312.4384,317.7698,324.0125,331.3917,340.2162,350.9019,295.0,439.0,882.3643,90.02120000000002,183.944,-14.05559999999997
728,728,728.0,728.0,728.0,728.0,728.0,728.0,728.0,728.0,728.0,728.0,728.0,728.0,728.0,728.0,728.0,728.0,728.0,728.0,728.0,728.0,728.0,728.0,728.0,728.0,728.0,728.0,728.0,728.0,728.0,728.0,728.0,728.0,728.0,728.0,728.0,728.0,728.0,728.0,728.0,728.0,728.0,,,,,,,,,,,,,,,,,,,,,,,,,,,,,,,,,,0.8,292.774,291.0554,289.8313,289.0919,288.8277,289.0319,289.7047,290.8624,292.5468,294.8367,297.8587,301.7952,306.8897,313.4462,321.8239,332.4316,345.7274,362.2388,382.6179,407.7574,294.0,472.0,972.3855,61.83299999999997,93.92279999999994,-15.16809999999998
729,729,729.0,729.0,729.0,729.0,729.0,729.0,729.0,729.0,729.0,729.0,729.0,729.0,729.0,729.0,729.0,729.0,729.0,729.0,729.0,729.0,729.0,729.0,729.0,729.0,729.0,729.0,729.0,729.0,729.0,729.0,729.0,729.0,729.0,729.0,729.0,729.0,729.0,729.0,729.0,729.0,729.0,,,,,,,,,,,,,,,,,,,,,,,,,,,,,,,,,,0.9,292.2156,290.8975,290.0244,289.5897,289.6027,290.0894,291.095,292.6869,294.9578,298.0305,302.0623,307.2501,313.8346,322.1062,332.4122,345.1712,360.9013,380.2743,404.2161,434.0856,310.0,362.0,1034.2185,32.08979999999997,32.08979999999997,-15.9606
730,730,730.0,730.0,730.0,730.0,730.0,730.0,730.0,730.0,730.0,730.0,730.0,730.0,730.0,730.0,730.0,730.0,730.0,730.0,730.0,730.0,730.0,730.0,730.0,730.0,730.0,730.0,730.0,730.0,730.0,730.0,730.0,730.0,730.0,730.0,730.0,730.0,730.0,730.0,730.0,730.0,730.0,,,,,,,,,,,,,,,,,,,,,,,,,,,,,,,,,,0.0,273.0,273.0,273.0,273.0,273.0,273.0,273.0,273.0,273.0,273.0,273.0,273.0,273.0,273.0,273.0,273.0,273.0,273.0,273.0,273.0,248.0,468.0,0.0,395.7363,1030.2322,-20.0
731,731,731.0,731.0,731.0,731.0,731.0,731.0,731.0,731.0,731.0,731.0,731.0,731.0,731.0,731.0,731.0,731.0,731.0,731.0,731.0,731.0,731.0,731.0,731.0,731.0,731.0,731.0,731.0,731.0,731.0,731.0,731.0,731.0,731.0,731.0,731.0,731.0,731.0,731.0,731.0,731.0,731.0,,,,,,,,,,,,,,,,,,,,,,,,,,,,,,,,,,0.1,252.9147,257.2917,261.0758,264.2471,266.8311,268.9022,270.5841,272.051,273.532,275.3212,277.7904,281.3993,286.6967,294.3046,304.8846,319.0942,337.5515,360.8433,389.615,424.7924,397.0,473.0,395.7363,175.2242,634.4958999999999,-25.14780000000001
732,732,732.0,732.0,732.0,732.0,732.0,732.0,732.0,732.0,732.0,732.0,732.0,732.0,732.0,732.0,732.0,732.0,732.0,732.0,732.0,732.0,732.0,732.0,732.0,732.0,732.0,732.0,732.0,732.0,732.0,732.0,732.0,732.0,732.0,732.0,732.0,732.0,732.0,732.0,732.0,732.0,732.0,,,,,,,,,,,,,,,,,,,,,,,,,,,,,,,,,,0.2,370.082,347.4349,328.6883,313.6382,302.0978,293.8265,288.5207,285.8461,285.486,287.1864,290.7869,296.2324,303.571,312.945,324.584,338.8093,356.0588,376.9442,402.357,433.6553,249.0,432.0,570.9605,47.08129999999994,459.2716999999999,-1.3734999999999786
733,733,733.0,733.0,733.0,733.0,733.0,733.0,733.0,733.0,733.0,733.0,733.0,733.0,733.0,733.0,733.0,733.0,733.0,733.0,733.0,733.0,733.0,733.0,733.0,733.0,733.0,733.0,733.0,733.0,733.0,733.0,733.0,733.0,733.0,733.0,733.0,733.0,733.0,733.0,733.0,733.0,733.0,,,,,,,,,,,,,,,,,,,,,,,,,,,,,,,,,,0.3,258.3824,266.8748,274.1426,280.0267,284.5671,287.9851,290.6332,292.9313,295.3045,298.1362,301.7409,306.3587,312.1677,319.3114,327.9354,338.2322,350.4921,365.1594,382.9016,404.7009,327.0,348.0,618.0418,50.53039999999999,412.1904,-8.4649
734,734,734.0,734.0,734.0,734.0,734.0,734.0,734.0,734.0,734.0,734.0,734.0,734.0,734.0,734.0,734.0,734.0,734.0,734.0,734.0,734.0,734.0,734.0,734.0,734.0,734.0,734.0,734.0,734.0,734.0,734.0,734.0,734.0,734.0,734.0,734.0,734.0,734.0,734.0,734.0,734.0,734.0,,,,,,,,,,,,,,,,,,,,,,,,,,,,,,,,,,0.4,317.5598,309.6677,303.3591,298.6443,295.4793,293.7594,293.3314,294.0149,295.6244,297.9838,300.9334,304.3292,308.0408,311.9549,315.9865,320.1018,324.3482,328.8861,334.015,340.1859,310.0,388.0,668.5722,66.16470000000004,361.66,-4.040599999999984
735,735,735.0,735.0,735.0,735.0,735.0,735.0,735.0,735.0,735.0,735.0,735.0,735.0,735.0,735.0,735.0,735.0,735.0,735.0,735.0,735.0,735.0,735.0,735.0,735.0,735.0,735.0,735.0,735.0,735.0,735.0,735.0,735.0,735.0,735.0,735.0,735.0,735.0,735.0,735.0,735.0,735.0,,,,,,,,,,,,,,,,,,,,,,,,,,,,,,,,,,0.5,305.9184,302.6502,300.0799,298.1246,296.7314,295.8713,295.534,295.7227,296.4515,297.7472,299.6545,302.2436,305.6182,309.9219,315.3416,322.1076,330.4942,340.8254,353.4922,368.9922,287.0,409.0,734.7369,63.8306,295.4953,-3.3786999999999807
736,736,736.0,736.0,736.0,736.0,736.0,736.0,736.0,736.0,736.0,736.0,736.0,736.0,736.0,736.0,736.0,736.0,736.0,736.0,736.0,736.0,736.0,736.0,736.0,736.0,736.0,736.0,736.0,736.0,736.0,736.0,736.0,736.0,736.0,736.0,736.0,736.0,736.0,736.0,736.0,736.0,736.0,,,,,,,,,,,,,,,,,,,,,,,,,,,,,,,,,,0.6,287.5535,288.3056,289.1574,290.0467,290.9543,291.9043,292.9578,294.2056,295.76,297.7504,300.3208,303.6315,307.8624,313.2178,319.9312,328.2731,338.5619,351.186,366.6407,385.5949,317.0,388.0,798.5675,55.906799999999976,231.66469999999995,-8.895700000000033
737,737,737.0,737.0,737.0,737.0,737.0,737.0,737.0,737.0,737.0,737.0,737.0,737.0,737.0,737.0,737.0,737.0,737.0,737.0,737.0,737.0,737.0,737.0,737.0,737.0,737.0,737.0,737.0,737.0,737.0,737.0,737.0,737.0,737.0,737.0,737.0,737.0,737.0,737.0,737.0,737.0,737.0,,,,,,,,,,,,,,,,,,,,,,,,,,,,,,,,,,0.7,310.6153,305.3544,301.1773,298.0465,295.9146,294.721,294.3972,294.8758,296.1008,298.0358,300.668,304.0107,308.1047,313.0204,318.8643,325.7904,334.0166,343.8474,355.7029,370.1581,301.0,395.0,854.4743,54.75229999999999,175.75789999999995,-7.728999999999985
738,738,738.0,738.0,738.0,738.0,738.0,738.0,738.0,738.0,738.0,738.0,738.0,738.0,738.0,738.0,738.0,738.0,738.0,738.0,738.0,738.0,738.0,738.0,738.0,738.0,738.0,738.0,738.0,738.0,738.0,738.0,738.0,738.0,738.0,738.0,738.0,738.0,738.0,738.0,738.0,738.0,738.0,,,,,,,,,,,,,,,,,,,,,,,,,,,,,,,,,,0.8,298.7154,297.0031,295.7673,294.9436,294.4993,294.4308,294.759,295.5227,296.7743,298.5762,301.0013,304.1359,308.0845,312.9765,318.9746,326.284,335.166,345.9562,359.0945,375.1707,312.0,369.0,909.2266,55.35770000000002,121.00559999999996,-9.769200000000012
739,739,739.0,739.0,739.0,739.0,739.0,739.0,739.0,739.0,739.0,739.0,739.0,739.0,739.0,739.0,739.0,739.0,739.0,739.0,739.0,739.0,739.0,739.0,739.0,739.0,739.0,739.0,739.0,739.0,739.0,739.0,739.0,739.0,739.0,739.0,739.0,739.0,739.0,739.0,739.0,739.0,739.0,,,,,,,,,,,,,,,,,,,,,,,,,,,,,,,,,,0.9,307.1402,303.2072,300.1274,297.8423,296.3011,295.4577,295.2708,295.7056,296.7357,298.3449,300.5273,303.2886,306.6475,310.6408,315.3319,320.8234,327.2746,334.9207,344.0948,355.2519,299.0,381.0,964.5843,65.64789999999994,65.64789999999994,-10.592300000000025
740,740,740.0,740.0,740.0,740.0,740.0,740.0,740.0,740.0,740.0,740.0,740.0,740.0,740.0,740.0,740.0,740.0,740.0,740.0,740.0,740.0,740.0,740.0,740.0,740.0,740.0,740.0,740.0,740.0,740.0,740.0,740.0,740.0,740.0,740.0,740.0,740.0,740.0,740.0,740.0,740.0,740.0,,,,,,,,,,,,,,,,,,,,,,,,,,,,,,,,,,0.0,273.0,273.0,273.0,273.0,273.0,273.0,273.0,273.0,273.0,273.0,273.0,273.0,273.0,273.0,273.0,273.0,273.0,273.0,273.0,273.0,276.0,423.0,0.0,391.7932,1025.1474,5.036400000000015
741,741,741.0,741.0,741.0,741.0,741.0,741.0,741.0,741.0,741.0,741.0,741.0,741.0,741.0,741.0,741.0,741.0,741.0,741.0,741.0,741.0,741.0,741.0,741.0,741.0,741.0,741.0,741.0,741.0,741.0,741.0,741.0,741.0,741.0,741.0,741.0,741.0,741.0,741.0,741.0,741.0,741.0,,,,,,,,,,,,,,,,,,,,,,,,,,,,,,,,,,0.1,275.4062,274.8849,274.4442,274.0922,273.8392,273.7022,273.7127,273.9281,274.4459,275.4202,277.0778,279.728,283.7644,289.6503,297.8889,308.9827,323.3949,341.5362,363.8016,390.6852,392.0,472.0,391.7932,185.1624,633.3542,5.036400000000015
742,742,742.0,742.0,742.0,742.0,742.0,742.0,742.0,742.0,742.0,742.0,742.0,742.0,742.0,742.0,742.0,742.0,742.0,742.0,742.0,742.0,742.0,742.0,742.0,742.0,742.0,742.0,742.0,742.0,742.0,742.0,742.0,742.0,742.0,742.0,742.0,742.0,742.0,742.0,742.0,742.0,742.0,,,,,,,,,,,,,,,,,,,,,,,,,,,,,,,,,,0.2,367.0815,346.1255,328.7289,314.6495,303.6817,295.5959,290.1286,287.0066,285.9851,286.8854,289.622,294.2139,300.7838,309.5472,320.7997,334.9121,352.3429,373.6854,399.7705,431.8604,290.0,471.0,576.9556,51.40499999999997,448.19180000000006,5.036400000000015
743,743,743.0,743.0,743.0,743.0,743.0,743.0,743.0,743.0,743.0,743.0,743.0,743.0,743.0,743.0,743.0,743.0,743.0,743.0,743.0,743.0,743.0,743.0,743.0,743.0,743.0,743.0,743.0,743.0,743.0,743.0,743.0,743.0,743.0,743.0,743.0,743.0,743.0,743.0,743.0,743.0,743.0,,,,,,,,,,,,,,,,,,,,,,,,,,,,,,,,,,0.3,291.1761,292.4264,293.4986,294.2561,294.697,294.947,295.2305,295.831,297.0534,299.1931,302.5204,307.2782,313.6911,321.9858,332.4178,345.3076,361.0896,380.3812,404.0884,433.581,319.0,363.0,628.3606,25.28089999999997,396.7868000000001,5.036400000000015
744,744,744.0,744.0,744.0,744.0,744.0,744.0,744.0,744.0,744.0,744.0,744.0,744.0,744.0,744.0,744.0,744.0,744.0,744.0,744.0,744.0,744.0,744.0,744.0,744.0,744.0,744.0,744.0,744.0,744.0,744.0,744.0,744.0,744.0,744.0,744.0,744.0,744.0,744.0,744.0,744.0,744.0,,,,,,,,,,,,,,,,,,,,,,,,,,,,,,,,,,0.4,312.6169,307.4027,303.3013,300.2685,298.26,297.2268,297.1156,297.8712,299.4369,301.7518,304.7453,308.3328,312.4148,316.8863,321.6586,326.6928,332.0418,337.8938,344.6064,352.7273,349.0,275.0,653.6415,59.564700000000016,371.5059000000001,5.036400000000015
745,745,745.0,745.0,745.0,745.0,745.0,745.0,745.0,745.0,745.0,745.0,745.0,745.0,745.0,745.0,745.0,745.0,745.0,745.0,745.0,745.0,745.0,745.0,745.0,745.0,745.0,745.0,745.0,745.0,745.0,745.0,745.0,745.0,745.0,745.0,745.0,745.0,745.0,745.0,745.0,745.0,745.0,,,,,,,,,,,,,,,,,,,,,,,,,,,,,,,,,,0.5,336.8561,326.8152,318.6548,312.2031,307.3033,303.7937,301.498,300.2244,299.7653,299.8983,300.3846,300.9676,301.3745,301.3254,300.5515,298.8245,295.9933,292.0205,287.0094,281.2103,298.0,408.0,713.2062,114.9035,311.9412000000001,5.036400000000015
746,746,746.0,746.0,746.0,746.0,746.0,746.0,746.0,746.0,746.0,746.0,746.0,746.0,746.0,746.0,746.0,746.0,746.0,746.0,746.0,746.0,746.0,746.0,746.0,746.0,746.0,746.0,746.0,746.0,746.0,746.0,746.0,746.0,746.0,746.0,746.0,746.0,746.0,746.0,746.0,746.0,746.0,,,,,,,,,,,,,,,,,,,,,,,,,,,,,,,,,,0.6,297.6401,297.6231,297.7259,297.7901,297.7308,297.5339,297.2447,296.9545,296.791,296.9168,297.5351,298.8998,301.3238,305.1788,310.8816,318.869,329.5693,343.3864,360.7184,382.0298,343.0,462.0,828.1097,70.99549999999999,197.0377000000001,5.036400000000015
747,747,747.0,747.0,747.0,747.0,747.0,747.0,747.0,747.0,747.0,747.0,747.0,747.0,747.0,747.0,747.0,747.0,747.0,747.0,747.0,747.0,747.0,747.0,747.0,747.0,747.0,747.0,747.0,747.0,747.0,747.0,747.0,747.0,747.0,747.0,747.0,747.0,747.0,747.0,747.0,747.0,747.0,,,,,,,,,,,,,,,,,,,,,,,,,,,,,,,,,,0.7,331.7181,322.3427,314.6951,308.6349,304.0328,300.763,298.7092,297.7797,297.9266,299.1617,301.5676,305.3024,310.5982,317.7543,327.1303,339.1435,354.2799,373.1344,396.4967,425.5167,368.0,471.0,899.1052,37.06060000000002,126.0422000000001,5.036400000000015
748,748,748.0,748.0,748.0,748.0,748.0,748.0,748.0,748.0,748.0,748.0,748.0,748.0,748.0,748.0,748.0,748.0,748.0,748.0,748.0,748.0,748.0,748.0,748.0,748.0,748.0,748.0,748.0,748.0,748.0,748.0,748.0,748.0,748.0,748.0,748.0,748.0,748.0,748.0,748.0,748.0,748.0,,,,,,,,,,,,,,,,,,,,,,,,,,,,,,,,,,0.8,352.3234,339.4167,328.8937,320.4838,313.9848,309.2364,306.1088,304.5017,304.3486,305.6231,308.3448,312.5838,318.4654,326.1752,335.9696,348.1938,363.3146,381.9779,405.107,434.0726,321.0,294.0,936.1658,18.610599999999977,88.98160000000007,5.036400000000015
749,749,749.0,749.0,749.0,749.0,749.0,749.0,749.0,749.0,749.0,749.0,749.0,749.0,749.0,749.0,749.0,749.0,749.0,749.0,749.0,749.0,749.0,749.0,749.0,749.0,749.0,749.0,749.0,749.0,749.0,749.0,749.0,749.0,749.0,749.0,749.0,749.0,749.0,749.0,749.0,749.0,749.0,,,,,,,,,,,,,,,,,,,,,,,,,,,,,,,,,,0.9,316.8141,313.6255,311.1744,309.2801,307.843,306.8339,306.2725,306.1969,306.6321,307.5589,308.8895,310.4529,311.995,313.1952,313.7043,313.1998,311.454,308.4015,304.1898,299.1965,376.0,402.0,954.7764,70.3710000000001,70.3710000000001,5.036400000000015
750,750,750.0,750.0,750.0,750.0,750.0,750.0,750.0,750.0,750.0,750.0,750.0,750.0,750.0,750.0,750.0,750.0,750.0,750.0,750.0,750.0,750.0,750.0,750.0,750.0,750.0,750.0,750.0,750.0,750.0,750.0,750.0,750.0,750.0,750.0,750.0,750.0,750.0,750.0,750.0,750.0,750.0,,,,,,,,,,,,,,,,,,,,,,,,,,,,,,,,,,0.0,273.0,273.0,273.0,273.0,273.0,273.0,273.0,273.0,273.0,273.0,273.0,273.0,273.0,273.0,273.0,273.0,273.0,273.0,273.0,273.0,273.0,428.0,0.0,391.9073,1057.4404,4.801300000000026
751,751,751.0,751.0,751.0,751.0,751.0,751.0,751.0,751.0,751.0,751.0,751.0,751.0,751.0,751.0,751.0,751.0,751.0,751.0,751.0,751.0,751.0,751.0,751.0,751.0,751.0,751.0,751.0,751.0,751.0,751.0,751.0,751.0,751.0,751.0,751.0,751.0,751.0,751.0,751.0,751.0,751.0,,,,,,,,,,,,,,,,,,,,,,,,,,,,,,,,,,0.1,273.0031,273.0085,273.0197,273.0436,273.0928,273.1911,273.3798,273.729,274.3504,275.4132,277.1601,279.9169,284.0947,290.1744,298.6771,310.1227,324.9916,343.7127,366.7059,394.5059,390.0,472.0,391.9073,183.6789,665.5330999999999,4.801300000000026
752,752,752.0,752.0,752.0,752.0,752.0,752.0,752.0,752.0,752.0,752.0,752.0,752.0,752.0,752.0,752.0,752.0,752.0,752.0,752.0,752.0,752.0,752.0,752.0,752.0,752.0,752.0,752.0,752.0,752.0,752.0,752.0,752.0,752.0,752.0,752.0,752.0,752.0,752.0,752.0,752.0,752.0,,,,,,,,,,,,,,,,,,,,,,,,,,,,,,,,,,0.2,365.4417,344.766,327.5987,313.7164,302.9254,295.0029,289.6895,286.7138,285.8315,286.8636,289.7227,294.4247,301.0876,309.9208,321.214,335.3328,352.7335,374.0111,400.0028,431.9806,299.0,471.0,575.5862,50.59570000000008,481.8542,4.801300000000026
753,753,753.0,753.0,753.0,753.0,753.0,753.0,753.0,753.0,753.0,753.0,753.0,753.0,753.0,753.0,753.0,753.0,753.0,753.0,753.0,753.0,753.0,753.0,753.0,753.0,753.0,753.0,753.0,753.0,753.0,753.0,753.0,753.0,753.0,753.0,753.0,753.0,753.0,753.0,753.0,753.0,753.0,,,,,,,,,,,,,,,,,,,,,,,,,,,,,,,,,,0.3,298.2351,297.7985,297.4489,297.0508,296.5909,296.1711,295.9827,296.2715,297.3041,299.3409,302.6224,307.3678,313.7844,322.0871,332.5238,345.4117,361.1838,380.458,404.1423,433.6086,306.0,373.0,626.1819,23.83179999999993,431.2584999999999,4.801300000000026
754,754,754.0,754.0,754.0,754.0,754.0,754.0,754.0,754.0,754.0,754.0,754.0,754.0,754.0,754.0,754.0,754.0,754.0,754.0,754.0,754.0,754.0,754.0,754.0,754.0,754.0,754.0,754.0,754.0,754.0,754.0,754.0,754.0,754.0,754.0,754.0,754.0,754.0,754.0,754.0,754.0,754.0,,,,,,,,,,,,,,,,,,,,,,,,,,,,,,,,,,0.4,302.5993,299.9531,297.9988,296.6944,296.016,295.9551,296.5158,297.71,299.5505,302.043,305.1771,308.9217,313.2253,318.0277,323.2827,328.9928,335.251,342.2838,350.4886,360.4584,356.0,275.0,650.0137,55.75800000000004,407.4267,4.801300000000026
755,755,755.0,755.0,755.0,755.0,755.0,755.0,755.0,755.0,755.0,755.0,755.0,755.0,755.0,755.0,755.0,755.0,755.0,755.0,755.0,755.0,755.0,755.0,755.0,755.0,755.0,755.0,755.0,755.0,755.0,755.0,755.0,755.0,755.0,755.0,755.0,755.0,755.0,755.0,755.0,755.0,755.0,,,,,,,,,,,,,,,,,,,,,,,,,,,,,,,,,,0.5,342.0151,330.4286,321.0133,313.5945,308.0032,304.0513,301.5247,300.1864,299.7833,300.0508,300.7143,301.4877,302.0737,302.1711,301.4922,299.7929,296.9108,292.8044,287.583,281.5137,295.0,404.0,705.7717,111.5929,351.66869999999994,4.801300000000026
756,756,756.0,756.0,756.0,756.0,756.0,756.0,756.0,756.0,756.0,756.0,756.0,756.0,756.0,756.0,756.0,756.0,756.0,756.0,756.0,756.0,756.0,756.0,756.0,756.0,756.0,756.0,756.0,756.0,756.0,756.0,756.0,756.0,756.0,756.0,756.0,756.0,756.0,756.0,756.0,756.0,756.0,,,,,,,,,,,,,,,,,,,,,,,,,,,,,,,,,,0.6,295.4043,296.0537,296.7122,297.2166,297.4864,297.5202,297.3811,297.1794,297.0597,297.1956,297.7942,299.1066,301.4363,305.1412,310.6222,318.2999,328.5879,341.8763,358.5478,379.0436,339.0,434.0,817.3646,71.00210000000004,240.0758,4.801300000000026
757,757,757.0,757.0,757.0,757.0,757.0,757.0,757.0,757.0,757.0,757.0,757.0,757.0,757.0,757.0,757.0,757.0,757.0,757.0,757.0,757.0,757.0,757.0,757.0,757.0,757.0,757.0,757.0,757.0,757.0,757.0,757.0,757.0,757.0,757.0,757.0,757.0,757.0,757.0,757.0,757.0,757.0,,,,,,,,,,,,,,,,,,,,,,,,,,,,,,,,,,0.7,328.5327,319.8386,312.7595,307.1679,302.9426,299.9625,298.1122,297.2971,297.4594,298.5924,300.7492,304.0455,308.6573,314.8153,322.7997,332.9388,345.6179,361.3073,380.6202,404.4192,333.0,427.0,888.3667,37.72479999999996,169.07369999999992,4.801300000000026
758,758,758.0,758.0,758.0,758.0,758.0,758.0,758.0,758.0,758.0,758.0,758.0,758.0,758.0,758.0,758.0,758.0,758.0,758.0,758.0,758.0,758.0,758.0,758.0,758.0,758.0,758.0,758.0,758.0,758.0,758.0,758.0,758.0,758.0,758.0,758.0,758.0,758.0,758.0,758.0,758.0,758.0,,,,,,,,,,,,,,,,,,,,,,,,,,,,,,,,,,0.8,324.8298,318.1396,312.7189,308.4162,305.1277,302.7894,301.3696,300.8637,301.29,302.6874,305.1148,308.6521,313.4044,319.5083,327.1432,336.5477,348.0443,362.0754,379.2588,400.4731,308.0,282.0,926.0915,34.3605,131.34889999999996,4.801300000000026
759,759,759.0,759.0,759.0,759.0,759.0,759.0,759.0,759.0,759.0,759.0,759.0,759.0,759.0,759.0,759.0,759.0,759.0,759.0,759.0,759.0,759.0,759.0,759.0,759.0,759.0,759.0,759.0,759.0,759.0,759.0,759.0,759.0,759.0,759.0,759.0,759.0,759.0,759.0,759.0,759.0,759.0,,,,,,,,,,,,,,,,,,,,,,,,,,,,,,,,,,0.9,305.3543,303.4079,301.9983,301.0111,300.3805,300.0824,300.1205,300.5067,301.2384,302.2765,303.5268,304.8278,305.9499,306.608,306.4932,305.3192,302.8811,299.1137,294.1365,288.2678,392.0,473.0,960.452,96.98839999999996,96.98839999999996,4.801300000000026
760,760,760.0,760.0,760.0,760.0,760.0,760.0,760.0,760.0,760.0,760.0,760.0,760.0,760.0,760.0,760.0,760.0,760.0,760.0,760.0,760.0,760.0,760.0,760.0,760.0,760.0,760.0,760.0,760.0,760.0,760.0,760.0,760.0,760.0,760.0,760.0,760.0,760.0,760.0,760.0,760.0,760.0,,,,,,,,,,,,,,,,,,,,,,,,,,,,,,,,,,0.0,273.0,273.0,273.0,273.0,273.0,273.0,273.0,273.0,273.0,273.0,273.0,273.0,273.0,273.0,273.0,273.0,273.0,273.0,273.0,273.0,293.0,393.0,0.0,392.8942,1078.0694,1.6861999999999853
761,761,761.0,761.0,761.0,761.0,761.0,761.0,761.0,761.0,761.0,761.0,761.0,761.0,761.0,761.0,761.0,761.0,761.0,761.0,761.0,761.0,761.0,761.0,761.0,761.0,761.0,761.0,761.0,761.0,761.0,761.0,761.0,761.0,761.0,761.0,761.0,761.0,761.0,761.0,761.0,761.0,761.0,,,,,,,,,,,,,,,,,,,,,,,,,,,,,,,,,,0.1,288.9914,285.4775,282.479,280.0047,278.0467,276.5827,275.5863,275.0428,274.9685,275.43,276.5612,278.5738,281.758,286.4698,293.1044,302.0587,313.6951,328.3192,346.1943,367.607,346.0,471.0,392.8942,203.4613,685.1752000000001,1.6861999999999853
762,762,762.0,762.0,762.0,762.0,762.0,762.0,762.0,762.0,762.0,762.0,762.0,762.0,762.0,762.0,762.0,762.0,762.0,762.0,762.0,762.0,762.0,762.0,762.0,762.0,762.0,762.0,762.0,762.0,762.0,762.0,762.0,762.0,762.0,762.0,762.0,762.0,762.0,762.0,762.0,762.0,762.0,,,,,,,,,,,,,,,,,,,,,,,,,,,,,,,,,,0.2,331.75,319.5735,309.3499,300.9988,294.4411,289.583,286.3218,284.564,284.2503,285.3784,288.0206,292.3326,298.5524,306.9917,318.0231,332.0717,349.6225,371.2623,397.7821,430.3752,282.0,452.0,596.3555,69.06790000000001,481.7139000000001,1.6861999999999853
763,763,763.0,763.0,763.0,763.0,763.0,763.0,763.0,763.0,763.0,763.0,763.0,763.0,763.0,763.0,763.0,763.0,763.0,763.0,763.0,763.0,763.0,763.0,763.0,763.0,763.0,763.0,763.0,763.0,763.0,763.0,763.0,763.0,763.0,763.0,763.0,763.0,763.0,763.0,763.0,763.0,763.0,,,,,,,,,,,,,,,,,,,,,,,,,,,,,,,,,,0.3,283.4593,284.9222,286.2383,287.336,288.2375,289.0542,289.9687,291.2078,293.0165,295.6357,299.2898,304.1833,310.5069,318.4524,328.2355,340.1284,354.5029,371.8898,393.0653,419.1832,300.0,439.0,665.4234,48.10289999999998,412.6460000000001,1.6861999999999853
764,764,764.0,764.0,764.0,764.0,764.0,764.0,764.0,764.0,764.0,764.0,764.0,764.0,764.0,764.0,764.0,764.0,764.0,764.0,764.0,764.0,764.0,764.0,764.0,764.0,764.0,764.0,764.0,764.0,764.0,764.0,764.0,764.0,764.0,764.0,764.0,764.0,764.0,764.0,764.0,764.0,764.0,,,,,,,,,,,,,,,,,,,,,,,,,,,,,,,,,,0.4,296.8188,294.2994,292.4483,291.2741,290.7839,290.9838,291.8825,293.4977,295.8608,299.0215,303.0502,308.0414,314.1172,321.4356,330.2034,340.6974,353.2946,368.517,387.097,410.0806,348.0,357.0,713.5263,33.182500000000005,364.5431000000001,1.6861999999999853
765,765,765.0,765.0,765.0,765.0,765.0,765.0,765.0,765.0,765.0,765.0,765.0,765.0,765.0,765.0,765.0,765.0,765.0,765.0,765.0,765.0,765.0,765.0,765.0,765.0,765.0,765.0,765.0,765.0,765.0,765.0,765.0,765.0,765.0,765.0,765.0,765.0,765.0,765.0,765.0,765.0,765.0,,,,,,,,,,,,,,,,,,,,,,,,,,,,,,,,,,0.5,335.2138,324.5721,315.9323,309.1888,304.2333,300.9362,299.1436,298.6845,299.3816,301.06,303.5522,306.7003,310.3584,314.4005,318.7355,323.3316,328.2473,333.6627,339.9054,347.4656,297.0,325.0,746.7088,55.8134,331.3606000000001,1.6861999999999853
766,766,766.0,766.0,766.0,766.0,766.0,766.0,766.0,766.0,766.0,766.0,766.0,766.0,766.0,766.0,766.0,766.0,766.0,766.0,766.0,766.0,766.0,766.0,766.0,766.0,766.0,766.0,766.0,766.0,766.0,766.0,766.0,766.0,766.0,766.0,766.0,766.0,766.0,766.0,766.0,766.0,766.0,,,,,,,,,,,,,,,,,,,,,,,,,,,,,,,,,,0.6,296.6711,296.6985,296.8983,297.1477,297.3923,297.6386,297.9363,298.3559,298.9658,299.8151,300.9243,302.2833,303.8582,305.6036,307.48,309.4749,311.6234,314.0271,316.8672,320.4094,312.0,319.0,802.5222,100.49019999999996,275.5472000000001,1.6861999999999853
767,767,767.0,767.0,767.0,767.0,767.0,767.0,767.0,767.0,767.0,767.0,767.0,767.0,767.0,767.0,767.0,767.0,767.0,767.0,767.0,767.0,767.0,767.0,767.0,767.0,767.0,767.0,767.0,767.0,767.0,767.0,767.0,767.0,767.0,767.0,767.0,767.0,767.0,767.0,767.0,767.0,767.0,,,,,,,,,,,,,,,,,,,,,,,,,,,,,,,,,,0.7,307.3309,303.5664,300.6083,298.37,296.7682,295.7206,295.1469,294.9717,295.1284,295.5613,296.2282,297.1008,298.1656,299.4256,300.9025,302.6409,304.713,307.2232,310.3129,314.1636,345.0,472.0,903.0124,114.38020000000006,175.05700000000013,1.6861999999999853
768,768,768.0,768.0,768.0,768.0,768.0,768.0,768.0,768.0,768.0,768.0,768.0,768.0,768.0,768.0,768.0,768.0,768.0,768.0,768.0,768.0,768.0,768.0,768.0,768.0,768.0,768.0,768.0,768.0,768.0,768.0,768.0,768.0,768.0,768.0,768.0,768.0,768.0,768.0,768.0,768.0,768.0,,,,,,,,,,,,,,,,,,,,,,,,,,,,,,,,,,0.8,333.3004,323.549,315.5328,309.0849,304.0563,300.3058,297.7044,296.151,295.5944,296.0578,297.6594,300.6274,305.3024,312.1267,321.6207,334.3535,350.9248,371.982,398.3096,431.0318,341.0,473.0,1017.3926,43.023599999999874,60.67680000000007,1.6861999999999853
769,769,769.0,769.0,769.0,769.0,769.0,769.0,769.0,769.0,769.0,769.0,769.0,769.0,769.0,769.0,769.0,769.0,769.0,769.0,769.0,769.0,769.0,769.0,769.0,769.0,769.0,769.0,769.0,769.0,769.0,769.0,769.0,769.0,769.0,769.0,769.0,769.0,769.0,769.0,769.0,769.0,769.0,,,,,,,,,,,,,,,,,,,,,,,,,,,,,,,,,,0.9,331.1877,323.1093,316.5098,311.2091,307.0873,304.0749,302.146,301.3131,301.6243,303.1606,306.036,310.3968,316.4249,324.3433,334.428,347.0302,362.6135,381.8179,405.5649,435.2375,297.0,292.0,1060.4162,17.653200000000197,17.653200000000197,1.6861999999999853
770,770,770.0,770.0,770.0,770.0,770.0,770.0,770.0,770.0,770.0,770.0,770.0,770.0,770.0,770.0,770.0,770.0,770.0,770.0,770.0,770.0,770.0,770.0,770.0,770.0,770.0,770.0,770.0,770.0,770.0,770.0,770.0,770.0,770.0,770.0,770.0,770.0,770.0,770.0,770.0,770.0,770.0,,,,,,,,,,,,,,,,,,,,,,,,,,,,,,,,,,0.0,273.0,273.0,273.0,273.0,273.0,273.0,273.0,273.0,273.0,273.0,273.0,273.0,273.0,273.0,273.0,273.0,273.0,273.0,273.0,273.0,281.0,409.0,0.0,393.1902,1118.7297,6.966600000000028
771,771,771.0,771.0,771.0,771.0,771.0,771.0,771.0,771.0,771.0,771.0,771.0,771.0,771.0,771.0,771.0,771.0,771.0,771.0,771.0,771.0,771.0,771.0,771.0,771.0,771.0,771.0,771.0,771.0,771.0,771.0,771.0,771.0,771.0,771.0,771.0,771.0,771.0,771.0,771.0,771.0,771.0,,,,,,,,,,,,,,,,,,,,,,,,,,,,,,,,,,0.1,279.4075,278.0074,276.8133,275.8349,275.0773,274.5456,274.2529,274.2331,274.5561,275.3451,276.7915,279.1658,282.8183,288.166,295.664,305.7674,318.8928,335.4011,355.6228,379.9476,382.0,472.0,393.1902,193.8126,725.5395000000001,6.966600000000028
772,772,772.0,772.0,772.0,772.0,772.0,772.0,772.0,772.0,772.0,772.0,772.0,772.0,772.0,772.0,772.0,772.0,772.0,772.0,772.0,772.0,772.0,772.0,772.0,772.0,772.0,772.0,772.0,772.0,772.0,772.0,772.0,772.0,772.0,772.0,772.0,772.0,772.0,772.0,772.0,772.0,772.0,,,,,,,,,,,,,,,,,,,,,,,,,,,,,,,,,,0.2,359.4798,340.4696,324.6448,311.8048,301.7733,294.35,289.3063,286.4084,285.4536,286.305,288.9169,293.3462,299.7509,308.3797,319.5578,333.6779,351.2106,372.7474,399.1038,431.5162,301.0,473.0,587.0028,55.32670000000007,531.7269000000001,6.966600000000028
773,773,773.0,773.0,773.0,773.0,773.0,773.0,773.0,773.0,773.0,773.0,773.0,773.0,773.0,773.0,773.0,773.0,773.0,773.0,773.0,773.0,773.0,773.0,773.0,773.0,773.0,773.0,773.0,773.0,773.0,773.0,773.0,773.0,773.0,773.0,773.0,773.0,773.0,773.0,773.0,773.0,773.0,,,,,,,,,,,,,,,,,,,,,,,,,,,,,,,,,,0.3,299.616,298.6347,297.8289,297.0697,296.3416,295.7356,295.4274,295.6457,296.6419,298.6664,301.9556,306.7302,313.204,321.6008,332.1783,345.2626,361.2944,380.8984,404.9921,434.9653,295.0,405.0,642.3295,26.6599,476.4002,6.966600000000028
774,774,774.0,774.0,774.0,774.0,774.0,774.0,774.0,774.0,774.0,774.0,774.0,774.0,774.0,774.0,774.0,774.0,774.0,774.0,774.0,774.0,774.0,774.0,774.0,774.0,774.0,774.0,774.0,774.0,774.0,774.0,774.0,774.0,774.0,774.0,774.0,774.0,774.0,774.0,774.0,774.0,774.0,,,,,,,,,,,,,,,,,,,,,,,,,,,,,,,,,,0.4,293.8529,293.151,292.8326,292.8637,293.2404,293.9887,295.1593,296.8206,299.0493,301.9206,305.5007,309.8427,314.9902,320.9885,327.9065,335.8692,345.0966,355.9489,368.9734,384.9575,375.0,272.0,668.9894,46.212999999999965,449.7403000000001,6.966600000000028
775,775,775.0,775.0,775.0,775.0,775.0,775.0,775.0,775.0,775.0,775.0,775.0,775.0,775.0,775.0,775.0,775.0,775.0,775.0,775.0,775.0,775.0,775.0,775.0,775.0,775.0,775.0,775.0,775.0,775.0,775.0,775.0,775.0,775.0,775.0,775.0,775.0,775.0,775.0,775.0,775.0,775.0,,,,,,,,,,,,,,,,,,,,,,,,,,,,,,,,,,0.5,356.4724,341.134,328.6656,318.8387,311.4372,306.2166,302.8929,301.1493,300.6489,301.0443,301.9814,303.0965,304.0155,304.3591,303.7626,301.9108,298.5861,293.7185,287.4252,280.0223,288.0,395.0,715.2024,103.85720000000003,403.5273000000001,6.966600000000028
776,776,776.0,776.0,776.0,776.0,776.0,776.0,776.0,776.0,776.0,776.0,776.0,776.0,776.0,776.0,776.0,776.0,776.0,776.0,776.0,776.0,776.0,776.0,776.0,776.0,776.0,776.0,776.0,776.0,776.0,776.0,776.0,776.0,776.0,776.0,776.0,776.0,776.0,776.0,776.0,776.0,776.0,,,,,,,,,,,,,,,,,,,,,,,,,,,,,,,,,,0.6,290.3749,292.7555,294.8604,296.5042,297.6118,298.2113,298.4115,298.3737,298.2888,298.3642,298.8246,299.9207,301.9416,305.2195,310.124,317.0435,326.3607,338.4361,353.6169,372.291,302.0,379.0,819.0596,75.50469999999996,299.67010000000005,6.966600000000028
777,777,777.0,777.0,777.0,777.0,777.0,777.0,777.0,777.0,777.0,777.0,777.0,777.0,777.0,777.0,777.0,777.0,777.0,777.0,777.0,777.0,777.0,777.0,777.0,777.0,777.0,777.0,777.0,777.0,777.0,777.0,777.0,777.0,777.0,777.0,777.0,777.0,777.0,777.0,777.0,777.0,777.0,,,,,,,,,,,,,,,,,,,,,,,,,,,,,,,,,,0.7,299.2876,297.2059,295.6791,294.6434,294.0464,293.8493,294.0306,294.5906,295.5544,296.9717,298.9159,301.48,304.7734,308.9205,314.0627,320.3656,328.0319,337.3209,348.5753,362.257,291.0,430.0,894.5643,71.64679999999998,224.1654000000001,6.966600000000028
778,778,778.0,778.0,778.0,778.0,778.0,778.0,778.0,778.0,778.0,778.0,778.0,778.0,778.0,778.0,778.0,778.0,778.0,778.0,778.0,778.0,778.0,778.0,778.0,778.0,778.0,778.0,778.0,778.0,778.0,778.0,778.0,778.0,778.0,778.0,778.0,778.0,778.0,778.0,778.0,778.0,778.0,,,,,,,,,,,,,,,,,,,,,,,,,,,,,,,,,,0.8,290.3896,290.1128,290.0989,290.3014,290.7018,291.3107,292.1672,293.337,294.913,297.0162,299.7998,303.4529,308.2047,314.3261,322.1305,331.9743,344.2643,359.48,378.2248,401.3245,325.0,309.0,966.2111,56.20910000000004,152.5186000000001,6.966600000000028
779,779,779.0,779.0,779.0,779.0,779.0,779.0,779.0,779.0,779.0,779.0,779.0,779.0,779.0,779.0,779.0,779.0,779.0,779.0,779.0,779.0,779.0,779.0,779.0,779.0,779.0,779.0,779.0,779.0,779.0,779.0,779.0,779.0,779.0,779.0,779.0,779.0,779.0,779.0,779.0,779.0,779.0,,,,,,,,,,,,,,,,,,,,,,,,,,,,,,,,,,0.9,316.944,310.2553,304.8736,300.7463,297.8097,295.9811,295.1586,295.2257,296.0546,297.506,299.4247,301.6339,303.9333,306.105,307.9334,309.2375,309.9139,309.9795,309.6041,309.1197,297.0,375.0,1022.4202,96.30950000000009,96.30950000000009,6.966600000000028
780,780,780.0,780.0,780.0,780.0,780.0,780.0,780.0,780.0,780.0,780.0,780.0,780.0,780.0,780.0,780.0,780.0,780.0,780.0,780.0,780.0,780.0,780.0,780.0,780.0,780.0,780.0,780.0,780.0,780.0,780.0,780.0,780.0,780.0,780.0,780.0,780.0,780.0,780.0,780.0,780.0,,,,,,,,,,,,,,,,,,,,,,,,,,,,,,,,,,,0.0,273.0,273.0,273.0,273.0,273.0,273.0,273.0,273.0,273.0,273.0,273.0,273.0,273.0,273.0,273.0,273.0,273.0,273.0,273.0,273.0,405.0,272.0,0.0,415.4163,1055.1496,2.541800000000024
781,781,781.0,781.0,781.0,781.0,781.0,781.0,781.0,781.0,781.0,781.0,781.0,781.0,781.0,781.0,781.0,781.0,781.0,781.0,781.0,781.0,781.0,781.0,781.0,781.0,781.0,781.0,781.0,781.0,781.0,781.0,781.0,781.0,781.0,781.0,781.0,781.0,781.0,781.0,781.0,781.0,,,,,,,,,,,,,,,,,,,,,,,,,,,,,,,,,,,0.1,376.869,353.273,333.6362,317.5954,304.8368,295.0117,287.7137,282.4968,278.9117,276.5431,275.0361,274.1082,273.5488,273.2094,272.9906,272.8293,272.6869,272.5414,272.3812,272.2012,334.0,399.0,415.4163,300.15070000000003,639.7333,2.541800000000024
782,782,782.0,782.0,782.0,782.0,782.0,782.0,782.0,782.0,782.0,782.0,782.0,782.0,782.0,782.0,782.0,782.0,782.0,782.0,782.0,782.0,782.0,782.0,782.0,782.0,782.0,782.0,782.0,782.0,782.0,782.0,782.0,782.0,782.0,782.0,782.0,782.0,782.0,782.0,782.0,782.0,,,,,,,,,,,,,,,,,,,,,,,,,,,,,,,,,,,0.2,325.7195,318.7439,312.6804,307.2505,302.2908,297.7418,293.6291,290.0416,287.1138,285.0174,283.9617,284.1994,286.0311,289.8006,295.8772,304.6265,316.3788,331.412,349.9713,372.3429,304.0,459.0,715.567,134.16859999999997,339.5826,2.541800000000024
783,783,783.0,783.0,783.0,783.0,783.0,783.0,783.0,783.0,783.0,783.0,783.0,783.0,783.0,783.0,783.0,783.0,783.0,783.0,783.0,783.0,783.0,783.0,783.0,783.0,783.0,783.0,783.0,783.0,783.0,783.0,783.0,783.0,783.0,783.0,783.0,783.0,783.0,783.0,783.0,783.0,,,,,,,,,,,,,,,,,,,,,,,,,,,,,,,,,,,0.3,301.3794,299.2963,297.5531,296.0158,294.6246,293.3951,292.413,291.8244,291.8255,292.6538,294.5824,297.9158,302.9866,310.1523,319.7919,332.3082,348.1443,367.8268,392.058,421.8853,298.0,461.0,849.7356,57.34450000000004,205.414,2.541800000000024
784,784,784.0,784.0,784.0,784.0,784.0,784.0,784.0,784.0,784.0,784.0,784.0,784.0,784.0,784.0,784.0,784.0,784.0,784.0,784.0,784.0,784.0,784.0,784.0,784.0,784.0,784.0,784.0,784.0,784.0,784.0,784.0,784.0,784.0,784.0,784.0,784.0,784.0,784.0,784.0,784.0,,,,,,,,,,,,,,,,,,,,,,,,,,,,,,,,,,,0.4,295.9214,294.3543,293.2245,292.4888,292.1383,292.2002,292.737,293.8432,295.6421,298.2815,301.9312,306.7816,313.0455,320.9638,330.8178,342.9506,357.8022,375.9665,398.2837,425.993,312.0,460.0,907.0801,36.55189999999993,148.06949999999995,2.541800000000024
785,785,785.0,785.0,785.0,785.0,785.0,785.0,785.0,785.0,785.0,785.0,785.0,785.0,785.0,785.0,785.0,785.0,785.0,785.0,785.0,785.0,785.0,785.0,785.0,785.0,785.0,785.0,785.0,785.0,785.0,785.0,785.0,785.0,785.0,785.0,785.0,785.0,785.0,785.0,785.0,785.0,,,,,,,,,,,,,,,,,,,,,,,,,,,,,,,,,,,0.5,306.9374,302.8342,299.6496,297.357,295.9373,295.3773,295.6717,296.8281,298.8726,301.8551,305.8537,310.9797,317.3827,325.2593,334.8665,346.5427,360.7421,378.0872,399.4544,426.1177,320.0,455.0,943.632,25.609500000000025,111.51760000000002,2.541800000000024
786,786,786.0,786.0,786.0,786.0,786.0,786.0,786.0,786.0,786.0,786.0,786.0,786.0,786.0,786.0,786.0,786.0,786.0,786.0,786.0,786.0,786.0,786.0,786.0,786.0,786.0,786.0,786.0,786.0,786.0,786.0,786.0,786.0,786.0,786.0,786.0,786.0,786.0,786.0,786.0,786.0,,,,,,,,,,,,,,,,,,,,,,,,,,,,,,,,,,,0.6,313.8495,308.864,304.9578,302.0709,300.1604,299.1954,299.1561,300.0357,301.8439,304.6106,308.3911,313.2714,319.3755,326.8753,336.006,347.0875,360.5576,377.0215,397.331,422.7134,329.0,448.0,969.2415,20.83860000000004,85.90809999999999,2.541800000000024
787,787,787.0,787.0,787.0,787.0,787.0,787.0,787.0,787.0,787.0,787.0,787.0,787.0,787.0,787.0,787.0,787.0,787.0,787.0,787.0,787.0,787.0,787.0,787.0,787.0,787.0,787.0,787.0,787.0,787.0,787.0,787.0,787.0,787.0,787.0,787.0,787.0,787.0,787.0,787.0,787.0,,,,,,,,,,,,,,,,,,,,,,,,,,,,,,,,,,,0.7,321.4543,315.3278,310.4833,306.821,304.2653,302.7572,302.2527,302.7224,304.1553,306.562,309.979,314.4744,320.1543,327.173,335.7468,346.1752,358.871,374.4065,393.584,417.5509,335.0,448.0,990.0801,20.68259999999998,65.06949999999995,2.541800000000024
788,788,788.0,788.0,788.0,788.0,788.0,788.0,788.0,788.0,788.0,788.0,788.0,788.0,788.0,788.0,788.0,788.0,788.0,788.0,788.0,788.0,788.0,788.0,788.0,788.0,788.0,788.0,788.0,788.0,788.0,788.0,788.0,788.0,788.0,788.0,788.0,788.0,788.0,788.0,788.0,788.0,,,,,,,,,,,,,,,,,,,,,,,,,,,,,,,,,,,0.8,326.6501,319.8838,314.5134,310.4006,307.442,305.5602,304.6991,304.8232,305.919,307.998,311.0999,315.2983,320.707,327.4893,335.8707,346.1582,358.769,374.2739,393.4675,417.4841,340.0,444.0,1010.7627,21.172900000000027,44.38689999999997,2.541800000000024
789,789,789.0,789.0,789.0,789.0,789.0,789.0,789.0,789.0,789.0,789.0,789.0,789.0,789.0,789.0,789.0,789.0,789.0,789.0,789.0,789.0,789.0,789.0,789.0,789.0,789.0,789.0,789.0,789.0,789.0,789.0,789.0,789.0,789.0,789.0,789.0,789.0,789.0,789.0,789.0,789.0,,,,,,,,,,,,,,,,,,,,,,,,,,,,,,,,,,,0.9,330.9262,323.5831,317.7418,313.2335,309.9319,307.743,306.5997,306.4588,307.3015,309.1346,311.9933,315.9449,321.0954,327.5976,335.6646,345.5881,357.7676,372.7521,391.307,414.5224,347.0,441.0,1031.9356,23.213999999999945,23.213999999999945,2.541800000000024
790,790,790.0,790.0,790.0,790.0,790.0,790.0,790.0,790.0,790.0,790.0,790.0,790.0,790.0,790.0,790.0,790.0,790.0,790.0,790.0,790.0,790.0,790.0,790.0,790.0,790.0,790.0,790.0,790.0,790.0,790.0,790.0,790.0,790.0,790.0,790.0,790.0,790.0,790.0,790.0,790.0,,,,,,,,,,,,,,,,,,,,,,,,,,,,,,,,,,,0.0,273.0,273.0,273.0,273.0,273.0,273.0,273.0,273.0,273.0,273.0,273.0,273.0,273.0,273.0,273.0,273.0,273.0,273.0,273.0,273.0,407.0,273.0,0.0,414.7776,1056.4114,2.883899999999983
791,791,791.0,791.0,791.0,791.0,791.0,791.0,791.0,791.0,791.0,791.0,791.0,791.0,791.0,791.0,791.0,791.0,791.0,791.0,791.0,791.0,791.0,791.0,791.0,791.0,791.0,791.0,791.0,791.0,791.0,791.0,791.0,791.0,791.0,791.0,791.0,791.0,791.0,791.0,791.0,791.0,,,,,,,,,,,,,,,,,,,,,,,,,,,,,,,,,,,0.1,378.4088,354.4484,334.5188,318.2435,305.3003,295.3337,287.9313,282.6409,279.0077,276.6115,275.0942,274.1714,273.6322,273.3293,273.1656,273.0804,273.0377,273.0171,273.0073,273.0027,333.0,395.0,414.7776,299.27520000000004,641.6338,2.883899999999983
792,792,792.0,792.0,792.0,792.0,792.0,792.0,792.0,792.0,792.0,792.0,792.0,792.0,792.0,792.0,792.0,792.0,792.0,792.0,792.0,792.0,792.0,792.0,792.0,792.0,792.0,792.0,792.0,792.0,792.0,792.0,792.0,792.0,792.0,792.0,792.0,792.0,792.0,792.0,792.0,792.0,,,,,,,,,,,,,,,,,,,,,,,,,,,,,,,,,,,0.2,324.9949,318.2552,312.3866,307.1099,302.263,297.7902,293.7222,290.1532,287.2222,285.103,284.0033,284.1706,285.8961,289.5112,295.3706,303.8249,315.1899,329.7301,347.6748,369.2873,303.0,460.0,714.0528,136.74979999999994,342.3585999999999,2.883899999999983
793,793,793.0,793.0,793.0,793.0,793.0,793.0,793.0,793.0,793.0,793.0,793.0,793.0,793.0,793.0,793.0,793.0,793.0,793.0,793.0,793.0,793.0,793.0,793.0,793.0,793.0,793.0,793.0,793.0,793.0,793.0,793.0,793.0,793.0,793.0,793.0,793.0,793.0,793.0,793.0,793.0,,,,,,,,,,,,,,,,,,,,,,,,,,,,,,,,,,,0.3,300.5739,298.6585,297.0572,295.6373,294.3394,293.18,292.2456,291.6837,291.6929,292.5139,294.425,297.7377,302.7934,309.9601,319.6277,332.2094,348.1559,367.9992,392.4446,422.5438,304.0,463.0,850.8026,57.59310000000005,205.6088,2.883899999999983
794,794,794.0,794.0,794.0,794.0,794.0,794.0,794.0,794.0,794.0,794.0,794.0,794.0,794.0,794.0,794.0,794.0,794.0,794.0,794.0,794.0,794.0,794.0,794.0,794.0,794.0,794.0,794.0,794.0,794.0,794.0,794.0,794.0,794.0,794.0,794.0,794.0,794.0,794.0,794.0,794.0,,,,,,,,,,,,,,,,,,,,,,,,,,,,,,,,,,,0.4,300.6437,297.9694,295.9041,294.4023,293.4468,293.0499,293.2541,294.1321,295.7851,298.3423,301.9586,306.8145,313.1174,321.1065,331.0644,343.3379,358.3725,376.7708,399.386,427.4801,313.0,456.0,908.3957,34.006399999999985,148.01569999999992,2.883899999999983
795,795,795.0,795.0,795.0,795.0,795.0,795.0,795.0,795.0,795.0,795.0,795.0,795.0,795.0,795.0,795.0,795.0,795.0,795.0,795.0,795.0,795.0,795.0,795.0,795.0,795.0,795.0,795.0,795.0,795.0,795.0,795.0,795.0,795.0,795.0,795.0,795.0,795.0,795.0,795.0,795.0,,,,,,,,,,,,,,,,,,,,,,,,,,,,,,,,,,,0.5,307.9103,303.7912,300.585,298.2541,296.7748,296.1348,296.3341,297.3873,299.3264,302.2043,306.098,311.1124,317.3862,325.1011,334.496,345.8905,359.718,376.5793,397.323,423.1806,323.0,453.0,942.4021,24.99199999999996,114.00929999999994,2.883899999999983
796,796,796.0,796.0,796.0,796.0,796.0,796.0,796.0,796.0,796.0,796.0,796.0,796.0,796.0,796.0,796.0,796.0,796.0,796.0,796.0,796.0,796.0,796.0,796.0,796.0,796.0,796.0,796.0,796.0,796.0,796.0,796.0,796.0,796.0,796.0,796.0,796.0,796.0,796.0,796.0,796.0,,,,,,,,,,,,,,,,,,,,,,,,,,,,,,,,,,,0.6,316.3043,310.861,306.5718,303.3668,301.1933,300.0108,299.7898,300.514,302.1843,304.8231,308.4795,313.235,319.2101,326.5745,335.5607,346.4851,359.7795,376.0389,396.0977,421.1561,332.0,449.0,967.3941,21.140899999999988,89.01729999999998,2.883899999999983
797,797,797.0,797.0,797.0,797.0,797.0,797.0,797.0,797.0,797.0,797.0,797.0,797.0,797.0,797.0,797.0,797.0,797.0,797.0,797.0,797.0,797.0,797.0,797.0,797.0,797.0,797.0,797.0,797.0,797.0,797.0,797.0,797.0,797.0,797.0,797.0,797.0,797.0,797.0,797.0,797.0,,,,,,,,,,,,,,,,,,,,,,,,,,,,,,,,,,,0.7,323.9345,317.3762,312.1695,308.2008,305.3839,303.652,302.9545,303.2576,304.5467,306.8306,310.1457,314.5612,320.1861,327.1787,335.76,346.234,359.0178,374.6867,394.046,418.2488,337.0,447.0,988.535,20.825000000000045,67.87639999999999,2.883899999999983
798,798,798.0,798.0,798.0,798.0,798.0,798.0,798.0,798.0,798.0,798.0,798.0,798.0,798.0,798.0,798.0,798.0,798.0,798.0,798.0,798.0,798.0,798.0,798.0,798.0,798.0,798.0,798.0,798.0,798.0,798.0,798.0,798.0,798.0,798.0,798.0,798.0,798.0,798.0,798.0,798.0,,,,,,,,,,,,,,,,,,,,,,,,,,,,,,,,,,,0.8,328.3483,321.3376,315.7637,311.4766,308.3646,306.3451,305.3592,305.3704,306.3644,308.3521,311.372,315.4956,320.8333,327.5438,335.8472,346.0448,358.5472,373.9188,392.9465,416.7541,345.0,445.0,1009.36,22.39569999999992,47.05139999999994,2.883899999999983
799,799,799.0,799.0,799.0,799.0,799.0,799.0,799.0,799.0,799.0,799.0,799.0,799.0,799.0,799.0,799.0,799.0,799.0,799.0,799.0,799.0,799.0,799.0,799.0,799.0,799.0,799.0,799.0,799.0,799.0,799.0,799.0,799.0,799.0,799.0,799.0,799.0,799.0,799.0,799.0,799.0,,,,,,,,,,,,,,,,,,,,,,,,,,,,,,,,,,,0.9,334.9426,326.7858,320.2738,315.2175,311.4741,308.9339,307.5149,307.16,307.838,309.5453,312.3094,316.193,321.2998,327.7829,335.8569,345.8167,358.0649,373.1543,391.8551,415.265,348.0,443.0,1031.7557,24.655700000000024,24.655700000000024,2.883899999999983
800,800,800.0,800.0,800.0,800.0,800.0,800.0,800.0,800.0,800.0,800.0,800.0,800.0,800.0,800.0,800.0,800.0,800.0,800.0,800.0,800.0,800.0,800.0,800.0,800.0,800.0,800.0,800.0,800.0,800.0,800.0,800.0,800.0,800.0,800.0,800.0,800.0,800.0,800.0,800.0,800.0,,,,,,,,,,,,,,,,,,,,,,,,,,,,,,,,,,,0.0,273.0,273.0,273.0,273.0,273.0,273.0,273.0,273.0,273.0,273.0,273.0,273.0,273.0,273.0,273.0,273.0,273.0,273.0,273.0,273.0,407.0,273.0,0.0,414.7776,1061.1719,2.588999999999998
801,801,801.0,801.0,801.0,801.0,801.0,801.0,801.0,801.0,801.0,801.0,801.0,801.0,801.0,801.0,801.0,801.0,801.0,801.0,801.0,801.0,801.0,801.0,801.0,801.0,801.0,801.0,801.0,801.0,801.0,801.0,801.0,801.0,801.0,801.0,801.0,801.0,801.0,801.0,801.0,801.0,,,,,,,,,,,,,,,,,,,,,,,,,,,,,,,,,,,0.1,378.4088,354.4484,334.5188,318.2435,305.3003,295.3337,287.9313,282.6409,279.0077,276.6115,275.0942,274.1714,273.6322,273.3293,273.1656,273.0804,273.0377,273.0171,273.0073,273.0027,333.0,394.0,414.7776,299.54009999999994,646.3943,2.588999999999998
802,802,802.0,802.0,802.0,802.0,802.0,802.0,802.0,802.0,802.0,802.0,802.0,802.0,802.0,802.0,802.0,802.0,802.0,802.0,802.0,802.0,802.0,802.0,802.0,802.0,802.0,802.0,802.0,802.0,802.0,802.0,802.0,802.0,802.0,802.0,802.0,802.0,802.0,802.0,802.0,802.0,,,,,,,,,,,,,,,,,,,,,,,,,,,,,,,,,,,0.2,324.9949,318.2552,312.3865,307.1097,302.2625,297.789,293.7198,290.1486,287.2137,285.0878,283.9771,284.127,285.8262,289.4031,295.2092,303.5919,314.8637,329.2856,347.0834,368.5142,305.0,461.0,714.3177,137.37170000000003,346.8542000000001,2.588999999999998
803,803,803.0,803.0,803.0,803.0,803.0,803.0,803.0,803.0,803.0,803.0,803.0,803.0,803.0,803.0,803.0,803.0,803.0,803.0,803.0,803.0,803.0,803.0,803.0,803.0,803.0,803.0,803.0,803.0,803.0,803.0,803.0,803.0,803.0,803.0,803.0,803.0,803.0,803.0,803.0,803.0,,,,,,,,,,,,,,,,,,,,,,,,,,,,,,,,,,,0.3,302.1578,299.8831,297.9785,296.3091,294.8122,293.4988,292.4489,291.803,291.7528,292.534,294.4211,297.7239,302.7847,309.9734,319.6834,332.3318,348.3734,368.3443,392.9552,423.2667,291.0,460.0,851.6894,58.09950000000004,209.48250000000007,2.588999999999998
804,804,804.0,804.0,804.0,804.0,804.0,804.0,804.0,804.0,804.0,804.0,804.0,804.0,804.0,804.0,804.0,804.0,804.0,804.0,804.0,804.0,804.0,804.0,804.0,804.0,804.0,804.0,804.0,804.0,804.0,804.0,804.0,804.0,804.0,804.0,804.0,804.0,804.0,804.0,804.0,804.0,,,,,,,,,,,,,,,,,,,,,,,,,,,,,,,,,,,0.4,290.3797,290.0795,290.0211,290.1618,290.5021,291.0868,292.0022,293.3706,295.3425,298.0903,301.8034,306.6861,312.9594,320.8675,330.6912,342.7703,357.5406,375.5908,397.7546,425.2617,312.0,458.0,909.7889,38.82529999999997,151.38300000000004,2.588999999999998
805,805,805.0,805.0,805.0,805.0,805.0,805.0,805.0,805.0,805.0,805.0,805.0,805.0,805.0,805.0,805.0,805.0,805.0,805.0,805.0,805.0,805.0,805.0,805.0,805.0,805.0,805.0,805.0,805.0,805.0,805.0,805.0,805.0,805.0,805.0,805.0,805.0,805.0,805.0,805.0,805.0,,,,,,,,,,,,,,,,,,,,,,,,,,,,,,,,,,,0.5,306.7122,302.4061,299.0599,296.6589,295.1875,294.6278,294.9637,296.1884,298.3127,301.3727,305.4352,310.6026,317.0183,324.8742,334.4232,345.9998,360.0528,377.1969,398.2962,424.6027,319.0,455.0,948.6142,26.82090000000005,112.55770000000008,2.588999999999998
806,806,806.0,806.0,806.0,806.0,806.0,806.0,806.0,806.0,806.0,806.0,806.0,806.0,806.0,806.0,806.0,806.0,806.0,806.0,806.0,806.0,806.0,806.0,806.0,806.0,806.0,806.0,806.0,806.0,806.0,806.0,806.0,806.0,806.0,806.0,806.0,806.0,806.0,806.0,806.0,806.0,,,,,,,,,,,,,,,,,,,,,,,,,,,,,,,,,,,0.6,312.9843,308.1061,304.2847,301.4649,299.6073,298.6845,298.6795,299.5875,301.4199,304.2077,308.0072,312.9056,319.0283,326.5493,335.7059,346.82,360.3307,376.8435,397.2087,422.6514,326.0,453.0,975.4351,21.92459999999994,85.73680000000002,2.588999999999998
807,807,807.0,807.0,807.0,807.0,807.0,807.0,807.0,807.0,807.0,807.0,807.0,807.0,807.0,807.0,807.0,807.0,807.0,807.0,807.0,807.0,807.0,807.0,807.0,807.0,807.0,807.0,807.0,807.0,807.0,807.0,807.0,807.0,807.0,807.0,807.0,807.0,807.0,807.0,807.0,807.0,,,,,,,,,,,,,,,,,,,,,,,,,,,,,,,,,,,0.7,319.0254,313.3763,308.9272,305.5873,303.2897,301.9848,301.6387,302.2333,303.7693,306.2698,309.7846,314.396,320.2257,327.4446,336.2873,347.0722,360.2334,376.3674,396.3096,421.2593,334.0,446.0,997.3597,19.878900000000044,63.81220000000008,2.588999999999998
808,808,808.0,808.0,808.0,808.0,808.0,808.0,808.0,808.0,808.0,808.0,808.0,808.0,808.0,808.0,808.0,808.0,808.0,808.0,808.0,808.0,808.0,808.0,808.0,808.0,808.0,808.0,808.0,808.0,808.0,808.0,808.0,808.0,808.0,808.0,808.0,808.0,808.0,808.0,808.0,808.0,,,,,,,,,,,,,,,,,,,,,,,,,,,,,,,,,,,0.8,325.7478,319.0559,313.7492,309.6991,306.8083,305.002,304.2246,304.4392,305.6291,307.801,310.9886,315.2573,320.7108,327.5003,335.8385,346.0196,358.4492,373.689,392.5246,416.0781,340.0,446.0,1017.2386,21.30499999999995,43.93330000000003,2.588999999999998
809,809,809.0,809.0,809.0,809.0,809.0,809.0,809.0,809.0,809.0,809.0,809.0,809.0,809.0,809.0,809.0,809.0,809.0,809.0,809.0,809.0,809.0,809.0,809.0,809.0,809.0,809.0,809.0,809.0,809.0,809.0,809.0,809.0,809.0,809.0,809.0,809.0,809.0,809.0,809.0,809.0,,,,,,,,,,,,,,,,,,,,,,,,,,,,,,,,,,,0.9,330.8602,323.456,317.5631,313.016,309.6901,307.4917,306.3522,306.2264,307.0932,308.9576,311.8548,315.854,321.065,327.6472,335.8214,345.8892,358.2597,373.4929,392.3671,415.9913,345.0,441.0,1038.5436,22.62830000000008,22.62830000000008,2.588999999999998
810,810,810.0,810.0,810.0,810.0,810.0,810.0,810.0,810.0,810.0,810.0,810.0,810.0,810.0,810.0,810.0,810.0,810.0,810.0,810.0,810.0,810.0,810.0,810.0,810.0,810.0,810.0,810.0,810.0,810.0,810.0,810.0,810.0,810.0,810.0,810.0,810.0,810.0,810.0,810.0,810.0,,,,,,,,,,,,,,,,,,,,,,,,,,,,,,,,,,,0.0,273.0,273.0,273.0,273.0,273.0,273.0,273.0,273.0,273.0,273.0,273.0,273.0,273.0,273.0,273.0,273.0,273.0,273.0,273.0,273.0,407.0,274.0,0.0,414.2841,1062.2145,2.9254000000000246
811,811,811.0,811.0,811.0,811.0,811.0,811.0,811.0,811.0,811.0,811.0,811.0,811.0,811.0,811.0,811.0,811.0,811.0,811.0,811.0,811.0,811.0,811.0,811.0,811.0,811.0,811.0,811.0,811.0,811.0,811.0,811.0,811.0,811.0,811.0,811.0,811.0,811.0,811.0,811.0,811.0,,,,,,,,,,,,,,,,,,,,,,,,,,,,,,,,,,,0.1,378.4088,354.4484,334.5189,318.2438,305.3009,295.335,287.9338,282.6457,279.0166,276.6275,275.1218,274.2174,273.7062,273.4443,273.3381,273.3303,273.3879,273.4923,273.6331,273.8039,335.0,393.0,414.2841,298.368,647.9304,2.9254000000000246
812,812,812.0,812.0,812.0,812.0,812.0,812.0,812.0,812.0,812.0,812.0,812.0,812.0,812.0,812.0,812.0,812.0,812.0,812.0,812.0,812.0,812.0,812.0,812.0,812.0,812.0,812.0,812.0,812.0,812.0,812.0,812.0,812.0,812.0,812.0,812.0,812.0,812.0,812.0,812.0,812.0,,,,,,,,,,,,,,,,,,,,,,,,,,,,,,,,,,,0.2,326.5651,319.464,313.2961,307.7777,302.7414,298.1254,293.9534,290.3117,287.3311,285.1766,284.0472,284.1812,285.8602,289.4056,295.1622,303.4713,314.6405,328.9271,346.5535,367.7731,297.0,458.0,712.6521,137.90009999999995,349.5624,2.9254000000000246
813,813,813.0,813.0,813.0,813.0,813.0,813.0,813.0,813.0,813.0,813.0,813.0,813.0,813.0,813.0,813.0,813.0,813.0,813.0,813.0,813.0,813.0,813.0,813.0,813.0,813.0,813.0,813.0,813.0,813.0,813.0,813.0,813.0,813.0,813.0,813.0,813.0,813.0,813.0,813.0,813.0,,,,,,,,,,,,,,,,,,,,,,,,,,,,,,,,,,,0.3,295.8786,295.0936,294.4436,293.796,293.0992,292.3854,291.7624,291.4017,291.5256,292.3958,294.3074,297.5838,302.5745,309.6513,319.2052,331.6476,347.4247,367.0601,391.2447,421.0048,300.0,459.0,850.5522,60.63330000000008,211.66230000000007,2.9254000000000246
814,814,814.0,814.0,814.0,814.0,814.0,814.0,814.0,814.0,814.0,814.0,814.0,814.0,814.0,814.0,814.0,814.0,814.0,814.0,814.0,814.0,814.0,814.0,814.0,814.0,814.0,814.0,814.0,814.0,814.0,814.0,814.0,814.0,814.0,814.0,814.0,814.0,814.0,814.0,814.0,814.0,,,,,,,,,,,,,,,,,,,,,,,,,,,,,,,,,,,0.4,297.289,295.1662,293.575,292.4815,291.8766,291.7773,292.2288,293.3047,295.1071,297.7649,301.4331,306.2913,312.5448,320.4295,330.2229,342.2636,356.9857,374.9741,397.0544,424.4418,308.0,460.0,911.1855,38.27229999999997,151.029,2.9254000000000246
815,815,815.0,815.0,815.0,815.0,815.0,815.0,815.0,815.0,815.0,815.0,815.0,815.0,815.0,815.0,815.0,815.0,815.0,815.0,815.0,815.0,815.0,815.0,815.0,815.0,815.0,815.0,815.0,815.0,815.0,815.0,815.0,815.0,815.0,815.0,815.0,815.0,815.0,815.0,815.0,815.0,,,,,,,,,,,,,,,,,,,,,,,,,,,,,,,,,,,0.5,303.7554,300.3499,297.7444,295.9158,294.8526,294.5535,295.0285,296.3024,298.4179,301.4398,305.4589,310.596,317.0086,324.8987,334.5274,346.236,360.4797,377.8802,399.312,426.0454,318.0,453.0,949.4578,26.763199999999983,112.75670000000002,2.9254000000000246
816,816,816.0,816.0,816.0,816.0,816.0,816.0,816.0,816.0,816.0,816.0,816.0,816.0,816.0,816.0,816.0,816.0,816.0,816.0,816.0,816.0,816.0,816.0,816.0,816.0,816.0,816.0,816.0,816.0,816.0,816.0,816.0,816.0,816.0,816.0,816.0,816.0,816.0,816.0,816.0,816.0,,,,,,,,,,,,,,,,,,,,,,,,,,,,,,,,,,,0.6,312.1227,307.361,303.6435,300.9207,299.1561,298.3221,298.3999,299.3821,301.2772,304.1136,307.9447,312.8544,318.9639,326.4415,335.5176,346.5064,359.8384,376.1095,396.158,421.1902,325.0,451.0,976.221,22.006899999999973,85.99350000000004,2.9254000000000246
817,817,817.0,817.0,817.0,817.0,817.0,817.0,817.0,817.0,817.0,817.0,817.0,817.0,817.0,817.0,817.0,817.0,817.0,817.0,817.0,817.0,817.0,817.0,817.0,817.0,817.0,817.0,817.0,817.0,817.0,817.0,817.0,817.0,817.0,817.0,817.0,817.0,817.0,817.0,817.0,817.0,,,,,,,,,,,,,,,,,,,,,,,,,,,,,,,,,,,0.7,318.187,312.6713,308.3334,305.0868,302.8675,301.6279,301.3348,301.9701,303.5338,306.0478,309.5601,314.1511,319.94,327.0951,335.8475,346.5113,359.5146,375.445,395.1239,419.7276,335.0,447.0,998.2279,20.447200000000063,63.98660000000007,2.9254000000000246
818,818,818.0,818.0,818.0,818.0,818.0,818.0,818.0,818.0,818.0,818.0,818.0,818.0,818.0,818.0,818.0,818.0,818.0,818.0,818.0,818.0,818.0,818.0,818.0,818.0,818.0,818.0,818.0,818.0,818.0,818.0,818.0,818.0,818.0,818.0,818.0,818.0,818.0,818.0,818.0,818.0,,,,,,,,,,,,,,,,,,,,,,,,,,,,,,,,,,,0.8,326.4809,319.5593,314.0599,309.8537,306.8413,304.9446,304.1032,304.2748,305.4375,307.594,310.7761,315.0492,320.5194,327.3421,335.7352,345.9989,358.5442,373.9374,392.9691,416.7685,339.0,444.0,1018.6751,20.998500000000035,43.5394,2.9254000000000246
819,819,819.0,819.0,819.0,819.0,819.0,819.0,819.0,819.0,819.0,819.0,819.0,819.0,819.0,819.0,819.0,819.0,819.0,819.0,819.0,819.0,819.0,819.0,819.0,819.0,819.0,819.0,819.0,819.0,819.0,819.0,819.0,819.0,819.0,819.0,819.0,819.0,819.0,819.0,819.0,819.0,,,,,,,,,,,,,,,,,,,,,,,,,,,,,,,,,,,0.9,330.0843,322.867,317.1258,312.6968,309.4581,307.3199,306.2184,306.1133,306.988,308.8506,311.737,315.7149,320.8905,327.4169,335.5076,345.4552,357.6595,372.67,391.2518,414.4948,343.0,442.0,1039.6736,22.540899999999965,22.540899999999965,2.9254000000000246
820,820,820.0,820.0,820.0,820.0,820.0,820.0,820.0,820.0,820.0,820.0,820.0,820.0,820.0,820.0,820.0,820.0,820.0,820.0,820.0,820.0,820.0,820.0,820.0,820.0,820.0,820.0,820.0,820.0,820.0,820.0,820.0,820.0,820.0,820.0,820.0,820.0,820.0,820.0,820.0,820.0,,,,,,,,,,,,,,,,,,,,,,,,,,,,,,,,,,,0.0,273.0,273.0,273.0,273.0,273.0,273.0,273.0,273.0,273.0,273.0,273.0,273.0,273.0,273.0,273.0,273.0,273.0,273.0,273.0,273.0,406.0,271.0,0.0,415.8403,1068.8446,2.785500000000013
821,821,821.0,821.0,821.0,821.0,821.0,821.0,821.0,821.0,821.0,821.0,821.0,821.0,821.0,821.0,821.0,821.0,821.0,821.0,821.0,821.0,821.0,821.0,821.0,821.0,821.0,821.0,821.0,821.0,821.0,821.0,821.0,821.0,821.0,821.0,821.0,821.0,821.0,821.0,821.0,821.0,,,,,,,,,,,,,,,,,,,,,,,,,,,,,,,,,,,0.1,377.639,353.8608,334.0774,317.9191,305.0677,295.1709,287.8188,282.5617,278.9464,276.5534,275.0237,274.0707,273.4793,273.0967,272.8192,272.5797,272.3366,272.0658,271.7549,271.3996,335.0,396.0,415.8403,302.1339,653.0042999999998,2.785500000000013
822,822,822.0,822.0,822.0,822.0,822.0,822.0,822.0,822.0,822.0,822.0,822.0,822.0,822.0,822.0,822.0,822.0,822.0,822.0,822.0,822.0,822.0,822.0,822.0,822.0,822.0,822.0,822.0,822.0,822.0,822.0,822.0,822.0,822.0,822.0,822.0,822.0,822.0,822.0,822.0,822.0,,,,,,,,,,,,,,,,,,,,,,,,,,,,,,,,,,,0.2,326.5326,319.4011,313.2068,307.667,302.6142,297.9855,293.8033,290.1527,287.1643,285.0051,283.8789,284.0322,285.7581,289.3925,295.2965,303.8269,315.305,329.9991,348.1406,369.995,307.0,461.0,717.9742,136.32799999999995,350.8703999999999,2.785500000000013
823,823,823.0,823.0,823.0,823.0,823.0,823.0,823.0,823.0,823.0,823.0,823.0,823.0,823.0,823.0,823.0,823.0,823.0,823.0,823.0,823.0,823.0,823.0,823.0,823.0,823.0,823.0,823.0,823.0,823.0,823.0,823.0,823.0,823.0,823.0,823.0,823.0,823.0,823.0,823.0,823.0,,,,,,,,,,,,,,,,,,,,,,,,,,,,,,,,,,,0.3,303.7914,301.2025,299.0299,297.1341,295.4486,293.9809,292.8081,292.0676,291.9481,292.6823,294.5411,297.8306,302.8884,310.0798,319.7931,332.4411,348.4753,368.4303,393.0173,423.2991,286.0,457.0,854.3022,57.33850000000007,214.5424,2.785500000000013
824,824,824.0,824.0,824.0,824.0,824.0,824.0,824.0,824.0,824.0,824.0,824.0,824.0,824.0,824.0,824.0,824.0,824.0,824.0,824.0,824.0,824.0,824.0,824.0,824.0,824.0,824.0,824.0,824.0,824.0,824.0,824.0,824.0,824.0,824.0,824.0,824.0,824.0,824.0,824.0,824.0,,,,,,,,,,,,,,,,,,,,,,,,,,,,,,,,,,,0.4,286.4808,287.1441,287.9014,288.7069,289.5653,290.5338,291.7173,293.2587,295.3291,298.1184,301.8288,306.6719,312.8706,320.6663,330.3337,342.2035,356.7001,374.3981,396.1108,423.0351,308.0,457.0,911.6407,41.04329999999993,157.20389999999986,2.785500000000013
825,825,825.0,825.0,825.0,825.0,825.0,825.0,825.0,825.0,825.0,825.0,825.0,825.0,825.0,825.0,825.0,825.0,825.0,825.0,825.0,825.0,825.0,825.0,825.0,825.0,825.0,825.0,825.0,825.0,825.0,825.0,825.0,825.0,825.0,825.0,825.0,825.0,825.0,825.0,825.0,825.0,,,,,,,,,,,,,,,,,,,,,,,,,,,,,,,,,,,0.5,303.405,299.6894,296.8478,294.8771,293.77,293.5141,294.0977,295.5177,297.7886,300.9508,305.076,310.2725,316.6895,324.5249,334.0369,345.5637,359.555,376.623,397.6242,423.7966,316.0,455.0,952.684,28.760400000000004,116.16059999999992,2.785500000000013
826,826,826.0,826.0,826.0,826.0,826.0,826.0,826.0,826.0,826.0,826.0,826.0,826.0,826.0,826.0,826.0,826.0,826.0,826.0,826.0,826.0,826.0,826.0,826.0,826.0,826.0,826.0,826.0,826.0,826.0,826.0,826.0,826.0,826.0,826.0,826.0,826.0,826.0,826.0,826.0,826.0,,,,,,,,,,,,,,,,,,,,,,,,,,,,,,,,,,,0.6,310.4387,305.9378,302.4344,299.8864,298.2638,297.5448,297.7163,298.776,300.7368,303.6316,307.5188,312.4885,318.6694,326.2395,335.4396,346.5952,360.1478,376.7043,397.115,422.6044,324.0,452.0,981.4444,22.70350000000008,87.40019999999993,2.785500000000013
827,827,827.0,827.0,827.0,827.0,827.0,827.0,827.0,827.0,827.0,827.0,827.0,827.0,827.0,827.0,827.0,827.0,827.0,827.0,827.0,827.0,827.0,827.0,827.0,827.0,827.0,827.0,827.0,827.0,827.0,827.0,827.0,827.0,827.0,827.0,827.0,827.0,827.0,827.0,827.0,827.0,,,,,,,,,,,,,,,,,,,,,,,,,,,,,,,,,,,0.7,317.2903,311.8541,307.5812,304.3922,302.2281,301.0443,300.8094,301.5062,303.1349,305.7177,309.3029,313.9711,319.8419,327.0843,335.93,346.695,359.8096,375.8665,395.6947,420.4839,335.0,447.0,1004.1479,20.47860000000003,64.69669999999985,2.785500000000013
828,828,828.0,828.0,828.0,828.0,828.0,828.0,828.0,828.0,828.0,828.0,828.0,828.0,828.0,828.0,828.0,828.0,828.0,828.0,828.0,828.0,828.0,828.0,828.0,828.0,828.0,828.0,828.0,828.0,828.0,828.0,828.0,828.0,828.0,828.0,828.0,828.0,828.0,828.0,828.0,828.0,,,,,,,,,,,,,,,,,,,,,,,,,,,,,,,,,,,0.8,326.41,319.4225,313.8668,309.6173,306.5769,304.668,303.8294,304.0168,305.206,307.3969,310.618,314.9319,320.4416,327.3,335.7226,346.0078,358.5657,373.9626,392.9905,416.7806,340.0,447.0,1024.6265,21.46629999999982,44.21809999999982,2.785500000000013
829,829,829.0,829.0,829.0,829.0,829.0,829.0,829.0,829.0,829.0,829.0,829.0,829.0,829.0,829.0,829.0,829.0,829.0,829.0,829.0,829.0,829.0,829.0,829.0,829.0,829.0,829.0,829.0,829.0,829.0,829.0,829.0,829.0,829.0,829.0,829.0,829.0,829.0,829.0,829.0,829.0,,,,,,,,,,,,,,,,,,,,,,,,,,,,,,,,,,,0.9,330.8419,323.4182,317.5043,312.9348,309.5862,307.3667,306.2098,306.0728,306.9368,308.8086,311.7246,315.7549,321.0101,327.6499,335.8962,346.0516,358.5278,373.8883,392.9182,416.7375,344.0,444.0,1046.0928,22.751800000000003,22.751800000000003,2.785500000000013
830,830,830.0,830.0,830.0,830.0,830.0,830.0,830.0,830.0,830.0,830.0,830.0,830.0,830.0,830.0,830.0,830.0,830.0,830.0,830.0,830.0,830.0,830.0,830.0,830.0,830.0,830.0,830.0,830.0,830.0,830.0,830.0,830.0,830.0,830.0,830.0,830.0,830.0,830.0,830.0,830.0,,,,,,,,,,,,,,,,,,,,,,,,,,,,,,,,,,,0.0,273.0,273.0,273.0,273.0,273.0,273.0,273.0,273.0,273.0,273.0,273.0,273.0,273.0,273.0,273.0,273.0,273.0,273.0,273.0,273.0,407.0,270.0,0.0,416.2686,1061.729,2.632599999999968
831,831,831.0,831.0,831.0,831.0,831.0,831.0,831.0,831.0,831.0,831.0,831.0,831.0,831.0,831.0,831.0,831.0,831.0,831.0,831.0,831.0,831.0,831.0,831.0,831.0,831.0,831.0,831.0,831.0,831.0,831.0,831.0,831.0,831.0,831.0,831.0,831.0,831.0,831.0,831.0,831.0,,,,,,,,,,,,,,,,,,,,,,,,,,,,,,,,,,,0.1,378.4087,354.4482,334.5184,318.2427,305.2985,295.33,287.9239,282.6265,278.981,276.5637,275.0114,274.0332,273.4098,272.9839,272.6477,272.3301,271.9862,271.59,271.1285,270.5978,333.0,396.0,416.2686,303.3457,645.4604,2.632599999999968
832,832,832.0,832.0,832.0,832.0,832.0,832.0,832.0,832.0,832.0,832.0,832.0,832.0,832.0,832.0,832.0,832.0,832.0,832.0,832.0,832.0,832.0,832.0,832.0,832.0,832.0,832.0,832.0,832.0,832.0,832.0,832.0,832.0,832.0,832.0,832.0,832.0,832.0,832.0,832.0,832.0,,,,,,,,,,,,,,,,,,,,,,,,,,,,,,,,,,,0.2,324.9918,318.2484,312.3749,307.0912,302.2344,297.748,293.6618,290.0698,287.1111,284.9609,283.8299,283.9705,285.6809,289.3011,295.1954,303.7233,315.2075,329.9166,348.0809,369.9637,305.0,459.0,719.6143,137.37330000000009,342.1147000000001,2.632599999999968
833,833,833.0,833.0,833.0,833.0,833.0,833.0,833.0,833.0,833.0,833.0,833.0,833.0,833.0,833.0,833.0,833.0,833.0,833.0,833.0,833.0,833.0,833.0,833.0,833.0,833.0,833.0,833.0,833.0,833.0,833.0,833.0,833.0,833.0,833.0,833.0,833.0,833.0,833.0,833.0,833.0,,,,,,,,,,,,,,,,,,,,,,,,,,,,,,,,,,,0.3,302.1518,299.871,297.9602,296.2847,294.7817,293.4627,292.4079,291.7579,291.7039,292.4803,294.359,297.6456,302.6761,309.8129,319.4401,331.9654,347.8339,367.5719,391.8777,421.7924,305.0,461.0,856.9876,57.19859999999994,204.7414,2.632599999999968
834,834,834.0,834.0,834.0,834.0,834.0,834.0,834.0,834.0,834.0,834.0,834.0,834.0,834.0,834.0,834.0,834.0,834.0,834.0,834.0,834.0,834.0,834.0,834.0,834.0,834.0,834.0,834.0,834.0,834.0,834.0,834.0,834.0,834.0,834.0,834.0,834.0,834.0,834.0,834.0,834.0,,,,,,,,,,,,,,,,,,,,,,,,,,,,,,,,,,,0.4,301.4956,298.6951,296.5191,294.9175,293.8702,293.3879,293.5123,294.3154,295.8978,298.3872,301.9363,306.7222,312.9479,320.8473,330.697,342.8364,357.703,375.8883,398.2301,425.966,313.0,456.0,914.1862,34.01319999999998,147.54280000000006,2.632599999999968
835,835,835.0,835.0,835.0,835.0,835.0,835.0,835.0,835.0,835.0,835.0,835.0,835.0,835.0,835.0,835.0,835.0,835.0,835.0,835.0,835.0,835.0,835.0,835.0,835.0,835.0,835.0,835.0,835.0,835.0,835.0,835.0,835.0,835.0,835.0,835.0,835.0,835.0,835.0,835.0,835.0,,,,,,,,,,,,,,,,,,,,,,,,,,,,,,,,,,,0.5,307.9572,303.8802,300.7072,298.3973,296.9254,296.2789,296.4592,297.4827,299.3842,302.2197,306.0691,311.0409,317.2771,324.9625,334.3395,345.7294,359.5672,376.4525,397.232,423.1333,322.0,451.0,948.1994,24.759700000000063,113.52960000000007,2.632599999999968
836,836,836.0,836.0,836.0,836.0,836.0,836.0,836.0,836.0,836.0,836.0,836.0,836.0,836.0,836.0,836.0,836.0,836.0,836.0,836.0,836.0,836.0,836.0,836.0,836.0,836.0,836.0,836.0,836.0,836.0,836.0,836.0,836.0,836.0,836.0,836.0,836.0,836.0,836.0,836.0,836.0,,,,,,,,,,,,,,,,,,,,,,,,,,,,,,,,,,,0.6,315.5281,310.2757,306.1457,303.0692,300.9949,299.8844,299.7113,300.4626,302.1421,304.7747,308.4107,313.1311,319.0545,326.3469,335.2353,346.0297,359.1537,375.1921,394.9654,419.6519,330.0,452.0,972.9591,21.770599999999945,88.7699,2.632599999999968
837,837,837.0,837.0,837.0,837.0,837.0,837.0,837.0,837.0,837.0,837.0,837.0,837.0,837.0,837.0,837.0,837.0,837.0,837.0,837.0,837.0,837.0,837.0,837.0,837.0,837.0,837.0,837.0,837.0,837.0,837.0,837.0,837.0,837.0,837.0,837.0,837.0,837.0,837.0,837.0,837.0,,,,,,,,,,,,,,,,,,,,,,,,,,,,,,,,,,,0.7,322.333,316.109,311.1806,307.4397,304.8053,303.2157,302.6259,303.0083,304.3555,306.6841,310.0396,314.502,320.1922,327.2819,336.0065,346.6844,359.7474,375.7861,395.6244,420.4437,337.0,446.0,994.7297,20.37919999999997,66.99930000000006,2.632599999999968
838,838,838.0,838.0,838.0,838.0,838.0,838.0,838.0,838.0,838.0,838.0,838.0,838.0,838.0,838.0,838.0,838.0,838.0,838.0,838.0,838.0,838.0,838.0,838.0,838.0,838.0,838.0,838.0,838.0,838.0,838.0,838.0,838.0,838.0,838.0,838.0,838.0,838.0,838.0,838.0,838.0,,,,,,,,,,,,,,,,,,,,,,,,,,,,,,,,,,,0.8,328.2771,321.2019,315.576,311.2535,308.1248,306.1069,305.1391,305.1811,306.215,308.2469,311.3106,315.4721,320.8357,327.5535,335.8385,345.985,358.3975,373.6356,392.4821,416.0548,344.0,445.0,1015.1089,22.187800000000152,46.62010000000009,2.632599999999968
839,839,839.0,839.0,839.0,839.0,839.0,839.0,839.0,839.0,839.0,839.0,839.0,839.0,839.0,839.0,839.0,839.0,839.0,839.0,839.0,839.0,839.0,839.0,839.0,839.0,839.0,839.0,839.0,839.0,839.0,839.0,839.0,839.0,839.0,839.0,839.0,839.0,839.0,839.0,839.0,839.0,,,,,,,,,,,,,,,,,,,,,,,,,,,,,,,,,,,0.9,334.139,326.1438,319.764,314.8147,311.1562,308.6826,307.3149,306.9991,307.7065,309.4357,312.2159,316.1111,321.2261,327.7154,335.7949,345.7606,358.0163,373.1153,391.8277,415.2509,348.0,443.0,1037.2967,24.43229999999994,24.43229999999994,2.632599999999968
840,840,840.0,840.0,840.0,840.0,840.0,840.0,840.0,840.0,840.0,840.0,840.0,840.0,840.0,840.0,840.0,840.0,840.0,840.0,840.0,840.0,840.0,840.0,840.0,840.0,840.0,840.0,840.0,840.0,840.0,840.0,840.0,840.0,840.0,840.0,840.0,840.0,840.0,840.0,840.0,,,,,,,,,,,,,,,,,,,,,,,,,,,,,,,,,,,,0.0,273.0,273.0,273.0,273.0,273.0,273.0,273.0,273.0,273.0,273.0,273.0,273.0,273.0,273.0,273.0,273.0,273.0,273.0,273.0,273.0,472.0,392.0,0.0,369.2963,1320.1757,37.03840000000002
841,841,841.0,841.0,841.0,841.0,841.0,841.0,841.0,841.0,841.0,841.0,841.0,841.0,841.0,841.0,841.0,841.0,841.0,841.0,841.0,841.0,841.0,841.0,841.0,841.0,841.0,841.0,841.0,841.0,841.0,841.0,841.0,841.0,841.0,841.0,841.0,841.0,841.0,841.0,841.0,,,,,,,,,,,,,,,,,,,,,,,,,,,,,,,,,,,,0.1,427.7955,391.8808,362.5461,338.8265,320.0632,305.6755,295.0707,287.645,282.8303,280.1536,279.2862,280.0703,282.5194,286.7944,293.1601,301.9305,313.4172,327.896,345.6114,366.8366,471.0,412.0,369.2963,192.93100000000004,950.8794,37.03840000000002
842,842,842.0,842.0,842.0,842.0,842.0,842.0,842.0,842.0,842.0,842.0,842.0,842.0,842.0,842.0,842.0,842.0,842.0,842.0,842.0,842.0,842.0,842.0,842.0,842.0,842.0,842.0,842.0,842.0,842.0,842.0,842.0,842.0,842.0,842.0,842.0,842.0,842.0,842.0,842.0,,,,,,,,,,,,,,,,,,,,,,,,,,,,,,,,,,,,0.2,432.3918,401.7224,376.9002,356.621,340.0466,326.6231,315.9731,307.8323,302.012,298.3798,296.8498,297.3798,299.9702,304.6637,311.5461,320.7489,332.4594,346.9427,364.5849,385.9687,217.0,451.0,562.2273,88.91980000000001,757.9484,37.03840000000002
843,843,843.0,843.0,843.0,843.0,843.0,843.0,843.0,843.0,843.0,843.0,843.0,843.0,843.0,843.0,843.0,843.0,843.0,843.0,843.0,843.0,843.0,843.0,843.0,843.0,843.0,843.0,843.0,843.0,843.0,843.0,843.0,843.0,843.0,843.0,843.0,843.0,843.0,843.0,843.0,,,,,,,,,,,,,,,,,,,,,,,,,,,,,,,,,,,,0.3,236.8974,254.8809,270.1513,282.2706,291.1963,297.2357,300.9511,303.0474,304.2707,305.3326,306.8669,309.4164,313.4415,319.342,327.4852,338.2391,352.011,369.3028,390.798,417.5045,472.0,472.0,651.1471,56.71219999999994,669.0286,37.03840000000002
844,844,844.0,844.0,844.0,844.0,844.0,844.0,844.0,844.0,844.0,844.0,844.0,844.0,844.0,844.0,844.0,844.0,844.0,844.0,844.0,844.0,844.0,844.0,844.0,844.0,844.0,844.0,844.0,844.0,844.0,844.0,844.0,844.0,844.0,844.0,844.0,844.0,844.0,844.0,844.0,,,,,,,,,,,,,,,,,,,,,,,,,,,,,,,,,,,,0.4,429.539,395.5247,368.3317,347.0237,330.9269,319.4166,311.8465,307.5658,305.9752,306.586,309.0606,313.227,319.0732,326.7289,336.4482,348.602,363.69,382.385,405.6253,434.7871,466.0,368.0,707.8593,100.49790000000009,612.3164,37.03840000000002
845,845,845.0,845.0,845.0,845.0,845.0,845.0,845.0,845.0,845.0,845.0,845.0,845.0,845.0,845.0,845.0,845.0,845.0,845.0,845.0,845.0,845.0,845.0,845.0,845.0,845.0,845.0,845.0,845.0,845.0,845.0,845.0,845.0,845.0,845.0,845.0,845.0,845.0,845.0,845.0,,,,,,,,,,,,,,,,,,,,,,,,,,,,,,,,,,,,0.5,430.1369,401.9642,379.5348,361.6126,347.3836,336.2884,327.9203,321.9606,318.1371,316.1977,315.8955,316.9823,319.2123,322.3551,326.2201,330.6909,335.7652,341.5943,348.5147,357.0666,173.0,432.0,808.3572,78.61069999999995,511.8185,37.03840000000002
846,846,846.0,846.0,846.0,846.0,846.0,846.0,846.0,846.0,846.0,846.0,846.0,846.0,846.0,846.0,846.0,846.0,846.0,846.0,846.0,846.0,846.0,846.0,846.0,846.0,846.0,846.0,846.0,846.0,846.0,846.0,846.0,846.0,846.0,846.0,846.0,846.0,846.0,846.0,846.0,,,,,,,,,,,,,,,,,,,,,,,,,,,,,,,,,,,,0.6,202.4485,229.2736,252.3979,271.2252,285.6731,296.1008,303.1745,307.7185,310.5881,312.5815,314.3961,316.6214,319.7562,324.2385,330.4759,338.8742,349.8638,363.9356,381.6981,403.9788,409.0,471.0,886.9679,41.31790000000001,433.2078,37.03840000000002
847,847,847.0,847.0,847.0,847.0,847.0,847.0,847.0,847.0,847.0,847.0,847.0,847.0,847.0,847.0,847.0,847.0,847.0,847.0,847.0,847.0,847.0,847.0,847.0,847.0,847.0,847.0,847.0,847.0,847.0,847.0,847.0,847.0,847.0,847.0,847.0,847.0,847.0,847.0,847.0,,,,,,,,,,,,,,,,,,,,,,,,,,,,,,,,,,,,0.7,381.0589,358.0863,339.6426,325.4425,315.1716,308.4103,304.6434,303.3209,303.9368,306.0973,309.5633,314.264,320.2893,327.8683,337.3479,349.1792,363.924,382.293,405.2352,434.1093,453.0,384.0,928.2858,57.03620000000001,391.8899,37.03840000000002
848,848,848.0,848.0,848.0,848.0,848.0,848.0,848.0,848.0,848.0,848.0,848.0,848.0,848.0,848.0,848.0,848.0,848.0,848.0,848.0,848.0,848.0,848.0,848.0,848.0,848.0,848.0,848.0,848.0,848.0,848.0,848.0,848.0,848.0,848.0,848.0,848.0,848.0,848.0,848.0,,,,,,,,,,,,,,,,,,,,,,,,,,,,,,,,,,,,0.8,418.866,391.7031,369.955,352.6413,339.0985,328.832,321.4345,316.5456,313.8351,312.9979,313.7544,315.8526,319.0728,323.238,328.2312,334.0213,340.6959,348.4956,357.8465,369.3879,469.0,360.0,985.322,139.27049999999997,334.8537,37.03840000000002
849,849,849.0,849.0,849.0,849.0,849.0,849.0,849.0,849.0,849.0,849.0,849.0,849.0,849.0,849.0,849.0,849.0,849.0,849.0,849.0,849.0,849.0,849.0,849.0,849.0,849.0,849.0,849.0,849.0,849.0,849.0,849.0,849.0,849.0,849.0,849.0,849.0,849.0,849.0,849.0,,,,,,,,,,,,,,,,,,,,,,,,,,,,,,,,,,,,0.9,432.8576,404.6058,382.2152,364.3799,350.2169,339.0973,330.5483,324.1956,319.7303,316.8902,315.4501,315.2182,316.037,317.7888,320.4045,323.8766,328.2739,333.7567,340.5917,349.1655,469.0,350.0,1124.5925,195.58320000000003,195.58320000000003,37.03840000000002
850,850,850.0,850.0,850.0,850.0,850.0,850.0,850.0,850.0,850.0,850.0,850.0,850.0,850.0,850.0,850.0,850.0,850.0,850.0,850.0,850.0,850.0,850.0,850.0,850.0,850.0,850.0,850.0,850.0,850.0,850.0,850.0,850.0,850.0,850.0,850.0,850.0,850.0,850.0,850.0,,,,,,,,,,,,,,,,,,,,,,,,,,,,,,,,,,,,0.0,273.0,273.0,273.0,273.0,273.0,273.0,273.0,273.0,273.0,273.0,273.0,273.0,273.0,273.0,273.0,273.0,273.0,273.0,273.0,273.0,473.0,391.0,0.0,369.6777,1348.3263,37.087699999999984
851,851,851.0,851.0,851.0,851.0,851.0,851.0,851.0,851.0,851.0,851.0,851.0,851.0,851.0,851.0,851.0,851.0,851.0,851.0,851.0,851.0,851.0,851.0,851.0,851.0,851.0,851.0,851.0,851.0,851.0,851.0,851.0,851.0,851.0,851.0,851.0,851.0,851.0,851.0,851.0,,,,,,,,,,,,,,,,,,,,,,,,,,,,,,,,,,,,0.1,428.5447,392.4444,362.9665,339.1344,320.2832,305.8275,295.1714,287.7074,282.8638,280.1638,279.2746,280.0348,282.4537,286.6883,292.9994,301.6974,313.0903,327.4506,345.0189,366.0627,470.0,407.0,369.6777,194.2359,978.6486,37.087699999999984
852,852,852.0,852.0,852.0,852.0,852.0,852.0,852.0,852.0,852.0,852.0,852.0,852.0,852.0,852.0,852.0,852.0,852.0,852.0,852.0,852.0,852.0,852.0,852.0,852.0,852.0,852.0,852.0,852.0,852.0,852.0,852.0,852.0,852.0,852.0,852.0,852.0,852.0,852.0,852.0,,,,,,,,,,,,,,,,,,,,,,,,,,,,,,,,,,,,0.2,431.6709,401.2123,376.552,356.3958,339.9107,326.5467,315.9296,307.7972,301.9623,298.2914,296.6956,297.1262,299.5745,304.0712,310.688,319.5409,330.8003,344.7118,361.6361,382.118,203.0,472.0,563.9136,92.92090000000007,784.4127,37.087699999999984
853,853,853.0,853.0,853.0,853.0,853.0,853.0,853.0,853.0,853.0,853.0,853.0,853.0,853.0,853.0,853.0,853.0,853.0,853.0,853.0,853.0,853.0,853.0,853.0,853.0,853.0,853.0,853.0,853.0,853.0,853.0,853.0,853.0,853.0,853.0,853.0,853.0,853.0,853.0,853.0,,,,,,,,,,,,,,,,,,,,,,,,,,,,,,,,,,,,0.3,225.5916,246.0291,263.435,277.3308,287.6707,294.79,299.3002,301.9678,303.6055,304.9936,306.837,309.7517,314.2757,320.8904,330.0476,342.2013,357.8476,377.5891,402.2465,433.0527,473.0,473.0,656.8345,55.2627,691.4917999999999,37.087699999999984
854,854,854.0,854.0,854.0,854.0,854.0,854.0,854.0,854.0,854.0,854.0,854.0,854.0,854.0,854.0,854.0,854.0,854.0,854.0,854.0,854.0,854.0,854.0,854.0,854.0,854.0,854.0,854.0,854.0,854.0,854.0,854.0,854.0,854.0,854.0,854.0,854.0,854.0,854.0,854.0,,,,,,,,,,,,,,,,,,,,,,,,,,,,,,,,,,,,0.4,429.8875,395.3152,367.6733,346.0479,329.7802,318.2463,310.7871,306.7283,305.4423,306.4111,309.2684,313.8148,320.0109,327.9601,337.8923,350.1605,365.2574,383.8649,406.9487,435.9304,468.0,368.0,712.0972,97.9493,636.2290999999999,37.087699999999984
855,855,855.0,855.0,855.0,855.0,855.0,855.0,855.0,855.0,855.0,855.0,855.0,855.0,855.0,855.0,855.0,855.0,855.0,855.0,855.0,855.0,855.0,855.0,855.0,855.0,855.0,855.0,855.0,855.0,855.0,855.0,855.0,855.0,855.0,855.0,855.0,855.0,855.0,855.0,855.0,,,,,,,,,,,,,,,,,,,,,,,,,,,,,,,,,,,,0.5,431.5572,402.9402,380.165,361.9783,347.5575,336.3377,327.906,321.9359,318.145,316.2694,316.0488,317.2219,319.5303,322.7328,326.6309,331.103,336.1453,341.9109,348.7415,357.1848,171.0,430.0,810.0465,78.4654999999999,538.2797999999999,37.087699999999984
856,856,856.0,856.0,856.0,856.0,856.0,856.0,856.0,856.0,856.0,856.0,856.0,856.0,856.0,856.0,856.0,856.0,856.0,856.0,856.0,856.0,856.0,856.0,856.0,856.0,856.0,856.0,856.0,856.0,856.0,856.0,856.0,856.0,856.0,856.0,856.0,856.0,856.0,856.0,856.0,,,,,,,,,,,,,,,,,,,,,,,,,,,,,,,,,,,,0.6,200.8669,228.0779,251.5386,270.6432,285.3078,295.8964,303.0839,307.7045,310.622,312.6409,314.4614,316.6726,319.7699,324.1858,330.3212,338.5745,349.3686,363.1863,380.6261,402.4995,410.0,473.0,888.512,42.25700000000006,459.8143,37.087699999999984
857,857,857.0,857.0,857.0,857.0,857.0,857.0,857.0,857.0,857.0,857.0,857.0,857.0,857.0,857.0,857.0,857.0,857.0,857.0,857.0,857.0,857.0,857.0,857.0,857.0,857.0,857.0,857.0,857.0,857.0,857.0,857.0,857.0,857.0,857.0,857.0,857.0,857.0,857.0,857.0,,,,,,,,,,,,,,,,,,,,,,,,,,,,,,,,,,,,0.7,381.7771,358.5761,339.9495,325.6084,315.235,308.4054,304.5982,303.2564,303.8679,306.0344,309.5147,314.2396,320.3031,327.9417,337.5112,349.4726,364.3981,383.0092,406.2688,435.5573,465.0,379.0,930.769,62.23479999999995,417.5573,37.087699999999984
858,858,858.0,858.0,858.0,858.0,858.0,858.0,858.0,858.0,858.0,858.0,858.0,858.0,858.0,858.0,858.0,858.0,858.0,858.0,858.0,858.0,858.0,858.0,858.0,858.0,858.0,858.0,858.0,858.0,858.0,858.0,858.0,858.0,858.0,858.0,858.0,858.0,858.0,858.0,858.0,,,,,,,,,,,,,,,,,,,,,,,,,,,,,,,,,,,,0.8,427.8478,398.4244,374.9345,356.2662,341.6765,330.6151,322.6291,317.3166,314.3077,313.26,313.8589,315.8199,318.8925,322.8705,327.6086,333.049,339.254,346.4412,355.014,365.5859,470.0,357.0,993.0038,150.76980000000003,355.3225,37.087699999999984
859,859,859.0,859.0,859.0,859.0,859.0,859.0,859.0,859.0,859.0,859.0,859.0,859.0,859.0,859.0,859.0,859.0,859.0,859.0,859.0,859.0,859.0,859.0,859.0,859.0,859.0,859.0,859.0,859.0,859.0,859.0,859.0,859.0,859.0,859.0,859.0,859.0,859.0,859.0,859.0,,,,,,,,,,,,,,,,,,,,,,,,,,,,,,,,,,,,0.9,433.8578,405.6555,383.3202,365.5148,351.3376,340.1526,331.4894,324.9823,320.3334,317.2911,315.6379,315.1865,315.7805,317.3003,319.6725,322.8833,326.9928,332.1497,338.605,346.7241,473.0,348.0,1143.7736,204.5527,204.5527,37.087699999999984
860,860,860.0,860.0,860.0,860.0,860.0,860.0,860.0,860.0,860.0,860.0,860.0,860.0,860.0,860.0,860.0,860.0,860.0,860.0,860.0,860.0,860.0,860.0,860.0,860.0,860.0,860.0,860.0,860.0,860.0,860.0,860.0,860.0,860.0,860.0,860.0,860.0,860.0,860.0,860.0,,,,,,,,,,,,,,,,,,,,,,,,,,,,,,,,,,,,0.0,273.0,273.0,273.0,273.0,273.0,273.0,273.0,273.0,273.0,273.0,273.0,273.0,273.0,273.0,273.0,273.0,273.0,273.0,273.0,273.0,472.0,391.0,0.0,369.5825,1252.735,39.73320000000001
861,861,861.0,861.0,861.0,861.0,861.0,861.0,861.0,861.0,861.0,861.0,861.0,861.0,861.0,861.0,861.0,861.0,861.0,861.0,861.0,861.0,861.0,861.0,861.0,861.0,861.0,861.0,861.0,861.0,861.0,861.0,861.0,861.0,861.0,861.0,861.0,861.0,861.0,861.0,861.0,,,,,,,,,,,,,,,,,,,,,,,,,,,,,,,,,,,,0.1,427.7955,391.8807,362.546,338.8262,320.0627,305.6743,295.0683,287.6404,282.8218,280.1383,279.2598,280.0264,282.4492,286.686,292.9982,301.6968,313.0901,327.4505,345.0189,366.0626,471.0,411.0,369.5825,193.91790000000003,883.1524999999999,39.73320000000001
862,862,862.0,862.0,862.0,862.0,862.0,862.0,862.0,862.0,862.0,862.0,862.0,862.0,862.0,862.0,862.0,862.0,862.0,862.0,862.0,862.0,862.0,862.0,862.0,862.0,862.0,862.0,862.0,862.0,862.0,862.0,862.0,862.0,862.0,862.0,862.0,862.0,862.0,862.0,862.0,,,,,,,,,,,,,,,,,,,,,,,,,,,,,,,,,,,,0.2,432.3909,401.7204,376.8967,356.6152,340.0374,326.609,315.9521,307.8016,301.9682,298.3185,296.7656,297.2664,299.82,304.4678,311.2941,320.4285,332.0557,346.4371,363.9529,385.1769,470.0,360.0,563.5004,166.07769999999994,689.2345999999999,39.73320000000001
863,863,863.0,863.0,863.0,863.0,863.0,863.0,863.0,863.0,863.0,863.0,863.0,863.0,863.0,863.0,863.0,863.0,863.0,863.0,863.0,863.0,863.0,863.0,863.0,863.0,863.0,863.0,863.0,863.0,863.0,863.0,863.0,863.0,863.0,863.0,863.0,863.0,863.0,863.0,863.0,,,,,,,,,,,,,,,,,,,,,,,,,,,,,,,,,,,,0.3,433.4051,404.6956,381.7621,363.2497,348.26,336.1832,326.5962,319.1981,313.7658,310.1232,308.1198,307.6172,308.4832,310.595,313.8503,318.1875,323.6111,330.2185,338.2247,347.9828,172.0,430.0,729.5781,101.14380000000006,523.1569,39.73320000000001
864,864,864.0,864.0,864.0,864.0,864.0,864.0,864.0,864.0,864.0,864.0,864.0,864.0,864.0,864.0,864.0,864.0,864.0,864.0,864.0,864.0,864.0,864.0,864.0,864.0,864.0,864.0,864.0,864.0,864.0,864.0,864.0,864.0,864.0,864.0,864.0,864.0,864.0,864.0,864.0,,,,,,,,,,,,,,,,,,,,,,,,,,,,,,,,,,,,0.4,201.5443,228.4174,251.5059,270.1889,284.3725,294.4181,301.0066,304.9884,307.2538,308.6435,309.9016,311.6655,314.4788,318.816,325.1088,333.7686,345.2105,359.8869,378.3465,401.3395,472.0,442.0,830.7219,57.97360000000003,422.0130999999999,39.73320000000001
865,865,865.0,865.0,865.0,865.0,865.0,865.0,865.0,865.0,865.0,865.0,865.0,865.0,865.0,865.0,865.0,865.0,865.0,865.0,865.0,865.0,865.0,865.0,865.0,865.0,865.0,865.0,865.0,865.0,865.0,865.0,865.0,865.0,865.0,865.0,865.0,865.0,865.0,865.0,865.0,,,,,,,,,,,,,,,,,,,,,,,,,,,,,,,,,,,,0.5,428.6535,393.8326,366.0052,344.3057,328.0845,316.6877,309.3945,305.452,304.1515,304.9039,307.2889,311.0718,316.1933,322.7441,330.9379,341.0924,353.6282,369.0914,388.2116,412.0113,281.0,473.0,888.6955,44.40649999999994,364.0394999999999,39.73320000000001
866,866,866.0,866.0,866.0,866.0,866.0,866.0,866.0,866.0,866.0,866.0,866.0,866.0,866.0,866.0,866.0,866.0,866.0,866.0,866.0,866.0,866.0,866.0,866.0,866.0,866.0,866.0,866.0,866.0,866.0,866.0,866.0,866.0,866.0,866.0,866.0,866.0,866.0,866.0,866.0,,,,,,,,,,,,,,,,,,,,,,,,,,,,,,,,,,,,0.6,287.3675,293.3256,298.4091,302.3506,305.1081,306.8465,307.8851,308.6311,309.5166,310.9544,313.3149,316.926,322.0886,329.1013,338.2907,350.0441,364.8529,383.3738,406.5317,435.6959,472.0,399.0,933.102,46.20609999999999,319.6329999999999,39.73320000000001
867,867,867.0,867.0,867.0,867.0,867.0,867.0,867.0,867.0,867.0,867.0,867.0,867.0,867.0,867.0,867.0,867.0,867.0,867.0,867.0,867.0,867.0,867.0,867.0,867.0,867.0,867.0,867.0,867.0,867.0,867.0,867.0,867.0,867.0,867.0,867.0,867.0,867.0,867.0,867.0,,,,,,,,,,,,,,,,,,,,,,,,,,,,,,,,,,,,0.7,431.3218,399.0036,373.2924,353.1399,337.8095,326.6735,319.1302,314.5935,312.5162,312.4201,313.9151,316.7058,320.5865,325.4358,331.217,337.9893,345.9306,355.3688,366.818,381.02,470.0,361.0,979.3081,134.02120000000014,273.42689999999993,39.73320000000001
868,868,868.0,868.0,868.0,868.0,868.0,868.0,868.0,868.0,868.0,868.0,868.0,868.0,868.0,868.0,868.0,868.0,868.0,868.0,868.0,868.0,868.0,868.0,868.0,868.0,868.0,868.0,868.0,868.0,868.0,868.0,868.0,868.0,868.0,868.0,868.0,868.0,868.0,868.0,868.0,,,,,,,,,,,,,,,,,,,,,,,,,,,,,,,,,,,,0.8,433.6627,405.2718,382.7677,364.8305,350.5768,339.3873,330.8041,324.4681,320.0801,317.3795,316.1329,316.1305,317.1897,319.1628,321.9513,325.5223,329.9288,335.3295,342.0054,350.3736,173.0,426.0,1113.3293,92.17399999999998,139.4056999999998,39.73320000000001
869,869,869.0,869.0,869.0,869.0,869.0,869.0,869.0,869.0,869.0,869.0,869.0,869.0,869.0,869.0,869.0,869.0,869.0,869.0,869.0,869.0,869.0,869.0,869.0,869.0,869.0,869.0,869.0,869.0,869.0,869.0,869.0,869.0,869.0,869.0,869.0,869.0,869.0,869.0,869.0,,,,,,,,,,,,,,,,,,,,,,,,,,,,,,,,,,,,0.9,202.7709,229.8847,253.2365,272.2111,286.7155,297.1054,304.0486,308.3755,310.9505,312.5842,313.9894,315.7722,318.4488,322.4715,328.2572,336.2108,346.7492,360.3315,377.5125,399.0364,471.0,389.0,1205.5033,47.23169999999982,47.23169999999982,39.73320000000001
870,870,870.0,870.0,870.0,870.0,870.0,870.0,870.0,870.0,870.0,870.0,870.0,870.0,870.0,870.0,870.0,870.0,870.0,870.0,870.0,870.0,870.0,870.0,870.0,870.0,870.0,870.0,870.0,870.0,870.0,870.0,870.0,870.0,870.0,870.0,870.0,870.0,870.0,870.0,870.0,,,,,,,,,,,,,,,,,,,,,,,,,,,,,,,,,,,,0.0,273.0,273.0,273.0,273.0,273.0,273.0,273.0,273.0,273.0,273.0,273.0,273.0,273.0,273.0,273.0,273.0,273.0,273.0,273.0,273.0,473.0,392.0,0.0,369.3915,1292.9995,39.07120000000003
871,871,871.0,871.0,871.0,871.0,871.0,871.0,871.0,871.0,871.0,871.0,871.0,871.0,871.0,871.0,871.0,871.0,871.0,871.0,871.0,871.0,871.0,871.0,871.0,871.0,871.0,871.0,871.0,871.0,871.0,871.0,871.0,871.0,871.0,871.0,871.0,871.0,871.0,871.0,871.0,,,,,,,,,,,,,,,,,,,,,,,,,,,,,,,,,,,,0.1,428.5448,392.4444,362.9666,339.1347,320.2838,305.8287,295.1738,287.7121,282.8724,280.1791,279.301,280.0786,282.5239,286.7968,293.1613,301.9311,313.4175,327.8961,345.6114,366.8366,473.0,409.0,369.3915,194.42900000000003,923.608,39.07120000000003
872,872,872.0,872.0,872.0,872.0,872.0,872.0,872.0,872.0,872.0,872.0,872.0,872.0,872.0,872.0,872.0,872.0,872.0,872.0,872.0,872.0,872.0,872.0,872.0,872.0,872.0,872.0,872.0,872.0,872.0,872.0,872.0,872.0,872.0,872.0,872.0,872.0,872.0,872.0,872.0,,,,,,,,,,,,,,,,,,,,,,,,,,,,,,,,,,,,0.2,433.9,402.8715,377.7771,357.2868,340.5471,326.9937,316.2414,308.0189,302.1308,298.4375,296.8456,297.3041,299.8038,304.377,311.0982,320.0876,331.5212,345.6515,362.8497,383.6763,464.0,363.0,563.8205,164.8419,729.1789999999999,39.07120000000003
873,873,873.0,873.0,873.0,873.0,873.0,873.0,873.0,873.0,873.0,873.0,873.0,873.0,873.0,873.0,873.0,873.0,873.0,873.0,873.0,873.0,873.0,873.0,873.0,873.0,873.0,873.0,873.0,873.0,873.0,873.0,873.0,873.0,873.0,873.0,873.0,873.0,873.0,873.0,873.0,,,,,,,,,,,,,,,,,,,,,,,,,,,,,,,,,,,,0.3,429.0015,401.4877,379.4713,361.6635,347.2068,335.5212,326.2094,318.9952,313.6788,310.1068,308.1498,307.689,308.6111,310.8114,314.2049,318.7463,324.4542,331.4377,339.9219,350.2691,172.0,432.0,728.6624,97.79419999999992,564.3370999999999,39.07120000000003
874,874,874.0,874.0,874.0,874.0,874.0,874.0,874.0,874.0,874.0,874.0,874.0,874.0,874.0,874.0,874.0,874.0,874.0,874.0,874.0,874.0,874.0,874.0,874.0,874.0,874.0,874.0,874.0,874.0,874.0,874.0,874.0,874.0,874.0,874.0,874.0,874.0,874.0,874.0,874.0,,,,,,,,,,,,,,,,,,,,,,,,,,,,,,,,,,,,0.4,201.3937,228.1352,251.1256,269.7516,283.9204,293.9891,300.6313,304.6892,307.0458,308.5362,309.9014,311.7776,314.709,319.1719,325.6009,334.4118,346.0257,360.9043,379.6109,402.9192,471.0,455.0,826.4566,58.7387,466.5428999999999,39.07120000000003
875,875,875.0,875.0,875.0,875.0,875.0,875.0,875.0,875.0,875.0,875.0,875.0,875.0,875.0,875.0,875.0,875.0,875.0,875.0,875.0,875.0,875.0,875.0,875.0,875.0,875.0,875.0,875.0,875.0,875.0,875.0,875.0,875.0,875.0,875.0,875.0,875.0,875.0,875.0,875.0,,,,,,,,,,,,,,,,,,,,,,,,,,,,,,,,,,,,0.5,427.8699,393.2023,365.4907,343.8847,327.7445,316.4237,309.2084,305.3533,304.159,305.0488,307.619,311.6566,317.1297,324.1624,333.007,344.0254,357.6886,374.6052,395.5916,421.8074,465.0,371.0,885.1953,94.6803,407.8041999999999,39.07120000000003
876,876,876.0,876.0,876.0,876.0,876.0,876.0,876.0,876.0,876.0,876.0,876.0,876.0,876.0,876.0,876.0,876.0,876.0,876.0,876.0,876.0,876.0,876.0,876.0,876.0,876.0,876.0,876.0,876.0,876.0,876.0,876.0,876.0,876.0,876.0,876.0,876.0,876.0,876.0,876.0,,,,,,,,,,,,,,,,,,,,,,,,,,,,,,,,,,,,0.6,429.1376,400.9032,378.3793,360.3517,346.0206,334.8341,326.3871,320.3585,316.472,314.4738,314.1201,315.174,317.4102,320.6273,324.6694,329.4548,335.0105,341.5058,349.2811,358.8673,172.0,433.0,979.8756,77.06090000000006,313.12389999999994,39.07120000000003
877,877,877.0,877.0,877.0,877.0,877.0,877.0,877.0,877.0,877.0,877.0,877.0,877.0,877.0,877.0,877.0,877.0,877.0,877.0,877.0,877.0,877.0,877.0,877.0,877.0,877.0,877.0,877.0,877.0,877.0,877.0,877.0,877.0,877.0,877.0,877.0,877.0,877.0,877.0,877.0,,,,,,,,,,,,,,,,,,,,,,,,,,,,,,,,,,,,0.7,201.4636,228.2983,251.4263,270.2512,284.6912,295.1075,302.1696,306.7065,309.5787,311.5902,313.4437,315.7329,318.9599,323.5639,329.9527,338.5304,349.7262,364.0302,382.0532,404.6302,473.0,423.0,1056.9365,49.12110000000007,236.06299999999987,39.07120000000003
878,878,878.0,878.0,878.0,878.0,878.0,878.0,878.0,878.0,878.0,878.0,878.0,878.0,878.0,878.0,878.0,878.0,878.0,878.0,878.0,878.0,878.0,878.0,878.0,878.0,878.0,878.0,878.0,878.0,878.0,878.0,878.0,878.0,878.0,878.0,878.0,878.0,878.0,878.0,878.0,,,,,,,,,,,,,,,,,,,,,,,,,,,,,,,,,,,,0.8,429.5134,394.6292,366.7999,345.1518,329.0281,317.7652,310.6282,306.8443,305.6776,306.5041,308.8601,312.4584,317.1789,323.0452,330.2007,338.8922,349.4697,362.4041,378.3289,398.1153,468.0,371.0,1106.0576,104.9822999999999,186.9418999999998,39.07120000000003
879,879,879.0,879.0,879.0,879.0,879.0,879.0,879.0,879.0,879.0,879.0,879.0,879.0,879.0,879.0,879.0,879.0,879.0,879.0,879.0,879.0,879.0,879.0,879.0,879.0,879.0,879.0,879.0,879.0,879.0,879.0,879.0,879.0,879.0,879.0,879.0,879.0,879.0,879.0,879.0,,,,,,,,,,,,,,,,,,,,,,,,,,,,,,,,,,,,0.9,431.4929,402.8069,379.9533,361.6723,347.1312,335.7514,327.1049,320.8511,316.6995,314.3891,313.6798,314.3509,316.2067,319.0867,322.8826,327.5586,333.1762,339.9184,348.1121,358.248,172.0,433.0,1211.0399,81.95959999999991,81.95959999999991,39.07120000000003
880,880,880.0,880.0,880.0,880.0,880.0,880.0,880.0,880.0,880.0,880.0,880.0,880.0,880.0,880.0,880.0,880.0,880.0,880.0,880.0,880.0,880.0,880.0,880.0,880.0,880.0,880.0,880.0,880.0,880.0,880.0,880.0,880.0,880.0,880.0,880.0,880.0,880.0,880.0,880.0,,,,,,,,,,,,,,,,,,,,,,,,,,,,,,,,,,,,0.0,273.0,273.0,273.0,273.0,273.0,273.0,273.0,273.0,273.0,273.0,273.0,273.0,273.0,273.0,273.0,273.0,273.0,273.0,273.0,273.0,473.0,391.0,0.0,369.6777,1596.7507,37.59739999999999
881,881,881.0,881.0,881.0,881.0,881.0,881.0,881.0,881.0,881.0,881.0,881.0,881.0,881.0,881.0,881.0,881.0,881.0,881.0,881.0,881.0,881.0,881.0,881.0,881.0,881.0,881.0,881.0,881.0,881.0,881.0,881.0,881.0,881.0,881.0,881.0,881.0,881.0,881.0,881.0,,,,,,,,,,,,,,,,,,,,,,,,,,,,,,,,,,,,0.1,428.5447,392.4444,362.9665,339.1344,320.2832,305.8275,295.1714,287.7074,282.8638,280.1638,279.2746,280.0348,282.4537,286.6883,292.9994,301.6974,313.0903,327.4506,345.0189,366.0627,473.0,405.0,369.6777,195.7672,1227.073,37.59739999999999
882,882,882.0,882.0,882.0,882.0,882.0,882.0,882.0,882.0,882.0,882.0,882.0,882.0,882.0,882.0,882.0,882.0,882.0,882.0,882.0,882.0,882.0,882.0,882.0,882.0,882.0,882.0,882.0,882.0,882.0,882.0,882.0,882.0,882.0,882.0,882.0,882.0,882.0,882.0,882.0,,,,,,,,,,,,,,,,,,,,,,,,,,,,,,,,,,,,0.2,433.8991,402.8694,377.7732,357.2802,340.5363,326.9762,316.2136,307.9751,302.0627,298.3328,296.6866,297.0662,299.4537,303.8712,310.3819,319.0938,330.1693,343.8458,360.4746,380.5864,242.0,425.0,565.4449,93.40420000000006,1031.3058,37.59739999999999
883,883,883.0,883.0,883.0,883.0,883.0,883.0,883.0,883.0,883.0,883.0,883.0,883.0,883.0,883.0,883.0,883.0,883.0,883.0,883.0,883.0,883.0,883.0,883.0,883.0,883.0,883.0,883.0,883.0,883.0,883.0,883.0,883.0,883.0,883.0,883.0,883.0,883.0,883.0,883.0,,,,,,,,,,,,,,,,,,,,,,,,,,,,,,,,,,,,0.3,257.0151,270.5927,282.0468,290.9919,297.3764,301.4488,303.6794,304.6655,305.0417,305.4115,306.3073,308.176,311.3862,316.2474,323.0369,332.0299,343.5338,357.9315,375.743,397.7202,472.0,436.0,658.8491,59.98519999999996,937.9016,37.59739999999999
884,884,884.0,884.0,884.0,884.0,884.0,884.0,884.0,884.0,884.0,884.0,884.0,884.0,884.0,884.0,884.0,884.0,884.0,884.0,884.0,884.0,884.0,884.0,884.0,884.0,884.0,884.0,884.0,884.0,884.0,884.0,884.0,884.0,884.0,884.0,884.0,884.0,884.0,884.0,884.0,,,,,,,,,,,,,,,,,,,,,,,,,,,,,,,,,,,,0.4,430.2214,396.8383,370.1583,349.1849,333.2062,321.5864,313.6912,308.8953,306.6255,306.4101,307.9114,310.9372,315.4341,321.4709,329.2213,338.954,351.0359,365.9576,384.3872,407.2695,287.0,416.0,718.8343,49.047300000000064,877.9164000000001,37.59739999999999
885,885,885.0,885.0,885.0,885.0,885.0,885.0,885.0,885.0,885.0,885.0,885.0,885.0,885.0,885.0,885.0,885.0,885.0,885.0,885.0,885.0,885.0,885.0,885.0,885.0,885.0,885.0,885.0,885.0,885.0,885.0,885.0,885.0,885.0,885.0,885.0,885.0,885.0,885.0,885.0,,,,,,,,,,,,,,,,,,,,,,,,,,,,,,,,,,,,0.5,292.552,297.8194,302.3165,305.7522,308.0577,309.3681,309.9704,310.2361,310.5559,311.2898,312.7391,315.1399,318.6742,323.4941,329.7522,337.6378,347.4143,359.462,374.3287,392.7989,463.0,378.0,767.8816,53.16229999999996,828.8691,37.59739999999999
886,886,886.0,886.0,886.0,886.0,886.0,886.0,886.0,886.0,886.0,886.0,886.0,886.0,886.0,886.0,886.0,886.0,886.0,886.0,886.0,886.0,886.0,886.0,886.0,886.0,886.0,886.0,886.0,886.0,886.0,886.0,886.0,886.0,886.0,886.0,886.0,886.0,886.0,886.0,886.0,,,,,,,,,,,,,,,,,,,,,,,,,,,,,,,,,,,,0.6,424.8454,394.4436,370.2042,351.1499,336.576,325.8737,318.4592,313.7671,311.2744,310.5288,311.1681,312.9255,315.6252,319.1736,323.5542,328.8285,335.1465,342.7626,352.0575,363.5637,470.0,362.0,821.0439,139.1051,775.7068,37.59739999999999
887,887,887.0,887.0,887.0,887.0,887.0,887.0,887.0,887.0,887.0,887.0,887.0,887.0,887.0,887.0,887.0,887.0,887.0,887.0,887.0,887.0,887.0,887.0,887.0,887.0,887.0,887.0,887.0,887.0,887.0,887.0,887.0,887.0,887.0,887.0,887.0,887.0,887.0,887.0,887.0,,,,,,,,,,,,,,,,,,,,,,,,,,,,,,,,,,,,0.7,433.4512,404.8483,382.1345,363.991,349.531,338.1271,329.3107,322.7128,318.0301,315.0066,313.4255,313.1064,313.9073,315.7293,318.5234,322.3008,327.1429,333.2146,340.7773,350.2038,468.0,350.0,960.149,194.0019000000001,636.6017,37.59739999999999
888,888,888.0,888.0,888.0,888.0,888.0,888.0,888.0,888.0,888.0,888.0,888.0,888.0,888.0,888.0,888.0,888.0,888.0,888.0,888.0,888.0,888.0,888.0,888.0,888.0,888.0,888.0,888.0,888.0,888.0,888.0,888.0,888.0,888.0,888.0,888.0,888.0,888.0,888.0,888.0,,,,,,,,,,,,,,,,,,,,,,,,,,,,,,,,,,,,0.8,432.9156,405.6074,384.0011,366.7366,352.8866,341.7974,332.9948,326.1256,320.9196,317.1657,314.6965,313.3796,313.1139,313.83,315.4937,318.1132,321.7478,326.5179,332.6161,340.3185,471.0,348.0,1154.1509,217.28329999999983,442.5998,37.59739999999999
889,889,889.0,889.0,889.0,889.0,889.0,889.0,889.0,889.0,889.0,889.0,889.0,889.0,889.0,889.0,889.0,889.0,889.0,889.0,889.0,889.0,889.0,889.0,889.0,889.0,889.0,889.0,889.0,889.0,889.0,889.0,889.0,889.0,889.0,889.0,889.0,889.0,889.0,889.0,889.0,,,,,,,,,,,,,,,,,,,,,,,,,,,,,,,,,,,,0.9,435.3674,407.7084,385.8725,368.448,354.4679,343.247,334.2858,327.2128,321.7478,317.6786,314.8463,313.1355,312.4686,312.8039,314.1347,316.4914,319.9455,324.6151,330.6736,338.3608,468.0,348.0,1371.4342,225.31650000000013,225.31650000000013,37.59739999999999
890,890,890.0,890.0,890.0,890.0,890.0,890.0,890.0,890.0,890.0,890.0,890.0,890.0,890.0,890.0,890.0,890.0,890.0,890.0,890.0,890.0,890.0,890.0,890.0,890.0,890.0,890.0,890.0,890.0,890.0,890.0,890.0,890.0,890.0,890.0,890.0,890.0,890.0,890.0,890.0,,,,,,,,,,,,,,,,,,,,,,,,,,,,,,,,,,,,0.0,273.0,273.0,273.0,273.0,273.0,273.0,273.0,273.0,273.0,273.0,273.0,273.0,273.0,273.0,273.0,273.0,273.0,273.0,273.0,273.0,473.0,394.0,0.0,368.8242,1829.3528,42.06130000000002
891,891,891.0,891.0,891.0,891.0,891.0,891.0,891.0,891.0,891.0,891.0,891.0,891.0,891.0,891.0,891.0,891.0,891.0,891.0,891.0,891.0,891.0,891.0,891.0,891.0,891.0,891.0,891.0,891.0,891.0,891.0,891.0,891.0,891.0,891.0,891.0,891.0,891.0,891.0,891.0,,,,,,,,,,,,,,,,,,,,,,,,,,,,,,,,,,,,0.1,428.5448,392.4445,362.9668,339.1353,320.2849,305.8311,295.1786,287.7213,282.8895,280.2097,279.3538,280.1662,282.6641,287.0134,293.4846,302.398,314.0712,328.7862,346.7954,368.3838,413.0,473.0,368.8242,166.62900000000002,1460.5286,42.06130000000002
892,892,892.0,892.0,892.0,892.0,892.0,892.0,892.0,892.0,892.0,892.0,892.0,892.0,892.0,892.0,892.0,892.0,892.0,892.0,892.0,892.0,892.0,892.0,892.0,892.0,892.0,892.0,892.0,892.0,892.0,892.0,892.0,892.0,892.0,892.0,892.0,892.0,892.0,892.0,892.0,,,,,,,,,,,,,,,,,,,,,,,,,,,,,,,,,,,,0.2,388.7868,369.0916,352.8079,339.1941,327.7732,318.2646,310.5324,304.5441,300.3398,298.0132,297.702,299.5864,303.8904,310.8822,320.874,334.2242,351.3544,372.7978,399.3058,432.0516,284.0,473.0,535.4532,52.44899999999996,1293.8996000000002,42.06130000000002
893,893,893.0,893.0,893.0,893.0,893.0,893.0,893.0,893.0,893.0,893.0,893.0,893.0,893.0,893.0,893.0,893.0,893.0,893.0,893.0,893.0,893.0,893.0,893.0,893.0,893.0,893.0,893.0,893.0,893.0,893.0,893.0,893.0,893.0,893.0,893.0,893.0,893.0,893.0,893.0,,,,,,,,,,,,,,,,,,,,,,,,,,,,,,,,,,,,0.3,288.8835,293.5069,297.4609,300.4997,302.5693,303.7981,304.4605,304.9261,305.6075,306.9183,309.2456,312.9392,318.3151,325.6712,335.3133,347.5918,362.9531,382.0128,405.6682,435.2815,473.0,457.0,587.9022,52.36540000000002,1241.4506,42.06130000000002
894,894,894.0,894.0,894.0,894.0,894.0,894.0,894.0,894.0,894.0,894.0,894.0,894.0,894.0,894.0,894.0,894.0,894.0,894.0,894.0,894.0,894.0,894.0,894.0,894.0,894.0,894.0,894.0,894.0,894.0,894.0,894.0,894.0,894.0,894.0,894.0,894.0,894.0,894.0,894.0,,,,,,,,,,,,,,,,,,,,,,,,,,,,,,,,,,,,0.4,431.8134,399.0445,372.92,352.3882,336.7205,325.3049,317.5618,312.9351,310.9191,311.0924,313.1432,316.8798,322.229,329.2304,338.0331,348.9035,362.2478,378.6572,398.9846,424.4756,464.0,361.0,640.2676,118.5312,1189.0852,42.06130000000002
895,895,895.0,895.0,895.0,895.0,895.0,895.0,895.0,895.0,895.0,895.0,895.0,895.0,895.0,895.0,895.0,895.0,895.0,895.0,895.0,895.0,895.0,895.0,895.0,895.0,895.0,895.0,895.0,895.0,895.0,895.0,895.0,895.0,895.0,895.0,895.0,895.0,895.0,895.0,895.0,,,,,,,,,,,,,,,,,,,,,,,,,,,,,,,,,,,,0.5,429.1353,401.8246,380.1437,362.8557,349.1371,338.4187,330.2876,324.4241,320.5595,318.449,317.8546,318.5379,320.2619,322.8034,325.976,329.6624,333.8527,338.6807,344.4533,351.6652,470.0,351.0,758.7988,184.642,1070.554,42.06130000000002
896,896,896.0,896.0,896.0,896.0,896.0,896.0,896.0,896.0,896.0,896.0,896.0,896.0,896.0,896.0,896.0,896.0,896.0,896.0,896.0,896.0,896.0,896.0,896.0,896.0,896.0,896.0,896.0,896.0,896.0,896.0,896.0,896.0,896.0,896.0,896.0,896.0,896.0,896.0,896.0,,,,,,,,,,,,,,,,,,,,,,,,,,,,,,,,,,,,0.6,434.4248,406.7814,384.9719,367.6267,353.8113,342.8613,334.2857,327.7082,322.8309,319.4121,317.2532,316.1925,316.103,316.8957,318.5248,320.9958,324.3754,328.8009,334.4904,341.7528,469.0,349.0,943.4408,215.99760000000003,885.9119999999999,42.06130000000002
897,897,897.0,897.0,897.0,897.0,897.0,897.0,897.0,897.0,897.0,897.0,897.0,897.0,897.0,897.0,897.0,897.0,897.0,897.0,897.0,897.0,897.0,897.0,897.0,897.0,897.0,897.0,897.0,897.0,897.0,897.0,897.0,897.0,897.0,897.0,897.0,897.0,897.0,897.0,897.0,,,,,,,,,,,,,,,,,,,,,,,,,,,,,,,,,,,,0.7,434.0183,406.8792,385.4759,368.4197,354.7569,343.8106,335.0875,328.2199,322.93,319.0058,316.2874,314.6572,314.0358,314.3799,315.6834,317.9797,321.3462,325.91,331.8563,339.4395,466.0,348.0,1159.4384,222.74610000000007,669.9143999999999,42.06130000000002
898,898,898.0,898.0,898.0,898.0,898.0,898.0,898.0,898.0,898.0,898.0,898.0,898.0,898.0,898.0,898.0,898.0,898.0,898.0,898.0,898.0,898.0,898.0,898.0,898.0,898.0,898.0,898.0,898.0,898.0,898.0,898.0,898.0,898.0,898.0,898.0,898.0,898.0,898.0,898.0,,,,,,,,,,,,,,,,,,,,,,,,,,,,,,,,,,,,0.8,431.8297,405.2963,384.3493,367.6288,354.1968,343.3875,334.7179,327.8322,322.4666,318.4254,315.5657,313.7878,313.0288,313.26,314.486,316.7463,320.1186,324.7238,330.7347,338.3876,468.0,349.0,1382.1845,223.3824,447.1682999999998,42.06130000000002
899,899,899.0,899.0,899.0,899.0,899.0,899.0,899.0,899.0,899.0,899.0,899.0,899.0,899.0,899.0,899.0,899.0,899.0,899.0,899.0,899.0,899.0,899.0,899.0,899.0,899.0,899.0,899.0,899.0,899.0,899.0,899.0,899.0,899.0,899.0,899.0,899.0,899.0,899.0,899.0,,,,,,,,,,,,,,,,,,,,,,,,,,,,,,,,,,,,0.9,433.2383,406.2485,384.9414,367.936,354.2811,343.3,334.4999,327.5161,322.0773,317.9829,315.0882,313.2944,312.5428,312.8102,314.1078,316.4811,320.0122,324.8243,331.09,339.0434,467.0,347.0,1605.5669,223.78589999999983,223.78589999999983,42.06130000000002
900,900,900.0,900.0,900.0,900.0,900.0,900.0,900.0,900.0,900.0,900.0,900.0,900.0,900.0,900.0,900.0,900.0,900.0,900.0,900.0,900.0,900.0,900.0,900.0,900.0,900.0,900.0,900.0,900.0,900.0,900.0,900.0,900.0,900.0,900.0,900.0,900.0,900.0,900.0,,,,,,,,,,,,,,,,,,,,,,,,,,,,,,,,,,,,,0.0,273.0,273.0,273.0,273.0,273.0,273.0,273.0,273.0,273.0,273.0,273.0,273.0,273.0,273.0,273.0,273.0,273.0,273.0,273.0,273.0,310.0,438.0,0.0,375.868,848.101,11.264399999999966
901,901,901.0,901.0,901.0,901.0,901.0,901.0,901.0,901.0,901.0,901.0,901.0,901.0,901.0,901.0,901.0,901.0,901.0,901.0,901.0,901.0,901.0,901.0,901.0,901.0,901.0,901.0,901.0,901.0,901.0,901.0,901.0,901.0,901.0,901.0,901.0,901.0,901.0,901.0,,,,,,,,,,,,,,,,,,,,,,,,,,,,,,,,,,,,,0.1,302.5201,296.0018,290.4575,285.8866,282.2621,279.5302,277.6257,276.495,276.1263,276.5786,278.0062,280.6739,284.9571,291.3238,300.2987,312.4162,328.1793,348.048,372.4902,402.1254,377.0,380.0,375.868,157.05300000000005,472.233,11.264399999999966
902,902,902.0,902.0,902.0,902.0,902.0,902.0,902.0,902.0,902.0,902.0,902.0,902.0,902.0,902.0,902.0,902.0,902.0,902.0,902.0,902.0,902.0,902.0,902.0,902.0,902.0,902.0,902.0,902.0,902.0,902.0,902.0,902.0,902.0,902.0,902.0,902.0,902.0,902.0,,,,,,,,,,,,,,,,,,,,,,,,,,,,,,,,,,,,,0.2,356.5485,339.3224,324.9666,313.2523,303.9961,297.0179,292.1272,289.1293,287.8388,288.0919,289.7534,292.7173,296.9043,302.2613,308.7668,316.4456,325.3925,335.8026,348.005,362.4993,350.0,471.0,532.921,87.90719999999999,315.17999999999995,11.264399999999966
903,903,903.0,903.0,903.0,903.0,903.0,903.0,903.0,903.0,903.0,903.0,903.0,903.0,903.0,903.0,903.0,903.0,903.0,903.0,903.0,903.0,903.0,903.0,903.0,903.0,903.0,903.0,903.0,903.0,903.0,903.0,903.0,903.0,903.0,903.0,903.0,903.0,903.0,903.0,,,,,,,,,,,,,,,,,,,,,,,,,,,,,,,,,,,,,0.3,338.3105,328.601,320.5123,313.7948,308.2901,303.9148,300.6446,298.5024,297.5499,297.8861,299.6507,303.0311,308.2693,315.6665,325.5834,338.4423,354.7396,375.087,400.3074,431.6225,350.0,471.0,620.8282,37.4556,227.2728,11.264399999999966
904,904,904.0,904.0,904.0,904.0,904.0,904.0,904.0,904.0,904.0,904.0,904.0,904.0,904.0,904.0,904.0,904.0,904.0,904.0,904.0,904.0,904.0,904.0,904.0,904.0,904.0,904.0,904.0,904.0,904.0,904.0,904.0,904.0,904.0,904.0,904.0,904.0,904.0,904.0,,,,,,,,,,,,,,,,,,,,,,,,,,,,,,,,,,,,,0.4,338.672,329.377,321.7972,315.7071,310.9527,307.4376,305.1137,303.9742,304.0483,305.3982,308.1173,312.3302,318.1959,325.9153,335.745,348.0211,363.1979,381.9098,405.0736,434.0602,350.0,473.0,658.2838,28.676199999999994,189.8172,11.264399999999966
905,905,905.0,905.0,905.0,905.0,905.0,905.0,905.0,905.0,905.0,905.0,905.0,905.0,905.0,905.0,905.0,905.0,905.0,905.0,905.0,905.0,905.0,905.0,905.0,905.0,905.0,905.0,905.0,905.0,905.0,905.0,905.0,905.0,905.0,905.0,905.0,905.0,905.0,905.0,,,,,,,,,,,,,,,,,,,,,,,,,,,,,,,,,,,,,0.5,339.1092,330.2614,323.1445,317.5346,313.2743,310.2587,308.4259,307.7506,308.2402,309.933,312.8991,317.2427,323.1091,330.694,340.2598,352.1608,366.8812,385.0966,407.774,436.3425,350.0,471.0,686.96,29.496800000000007,161.14099999999996,11.264399999999966
906,906,906.0,906.0,906.0,906.0,906.0,906.0,906.0,906.0,906.0,906.0,906.0,906.0,906.0,906.0,906.0,906.0,906.0,906.0,906.0,906.0,906.0,906.0,906.0,906.0,906.0,906.0,906.0,906.0,906.0,906.0,906.0,906.0,906.0,906.0,906.0,906.0,906.0,906.0,,,,,,,,,,,,,,,,,,,,,,,,,,,,,,,,,,,,,0.6,339.4216,330.8864,324.0801,318.7747,314.8069,312.0644,310.4766,310.0086,310.6576,312.4517,315.4508,319.7503,325.4877,332.853,342.1059,353.6002,367.8223,385.4511,407.4538,435.249,347.0,473.0,716.4568,31.62889999999993,131.64419999999996,11.264399999999966
907,907,907.0,907.0,907.0,907.0,907.0,907.0,907.0,907.0,907.0,907.0,907.0,907.0,907.0,907.0,907.0,907.0,907.0,907.0,907.0,907.0,907.0,907.0,907.0,907.0,907.0,907.0,907.0,907.0,907.0,907.0,907.0,907.0,907.0,907.0,907.0,907.0,907.0,907.0,,,,,,,,,,,,,,,,,,,,,,,,,,,,,,,,,,,,,0.7,337.2699,329.4701,323.2971,318.5284,315.0055,312.621,311.3103,311.0455,311.8314,313.7048,316.735,321.028,326.7334,334.0551,343.2677,354.7415,368.9796,386.6782,408.8245,436.8633,347.0,473.0,748.0857,32.435299999999984,100.01530000000002,11.264399999999966
908,908,908.0,908.0,908.0,908.0,908.0,908.0,908.0,908.0,908.0,908.0,908.0,908.0,908.0,908.0,908.0,908.0,908.0,908.0,908.0,908.0,908.0,908.0,908.0,908.0,908.0,908.0,908.0,908.0,908.0,908.0,908.0,908.0,908.0,908.0,908.0,908.0,908.0,908.0,,,,,,,,,,,,,,,,,,,,,,,,,,,,,,,,,,,,,0.8,337.2897,329.5166,323.3826,318.668,315.2135,312.9083,311.6821,311.5002,312.361,314.2955,317.3687,321.684,327.3891,334.6877,343.8549,355.2623,369.4158,387.0155,409.0528,436.9779,349.0,473.0,780.521,33.48680000000002,67.58000000000004,11.264399999999966
909,909,909.0,909.0,909.0,909.0,909.0,909.0,909.0,909.0,909.0,909.0,909.0,909.0,909.0,909.0,909.0,909.0,909.0,909.0,909.0,909.0,909.0,909.0,909.0,909.0,909.0,909.0,909.0,909.0,909.0,909.0,909.0,909.0,909.0,909.0,909.0,909.0,909.0,909.0,,,,,,,,,,,,,,,,,,,,,,,,,,,,,,,,,,,,,0.9,338.8838,330.7791,324.3789,319.4569,315.8472,313.4315,312.1312,311.9028,312.7359,314.6538,317.7148,322.0171,327.7053,334.9808,344.1182,355.4895,369.6016,387.1563,409.1467,437.0246,349.0,471.0,814.0078,34.093200000000024,34.093200000000024,11.264399999999966
910,910,910.0,910.0,910.0,910.0,910.0,910.0,910.0,910.0,910.0,910.0,910.0,910.0,910.0,910.0,910.0,910.0,910.0,910.0,910.0,910.0,910.0,910.0,910.0,910.0,910.0,910.0,910.0,910.0,910.0,910.0,910.0,910.0,910.0,910.0,910.0,910.0,910.0,910.0,,,,,,,,,,,,,,,,,,,,,,,,,,,,,,,,,,,,,0.0,273.0,273.0,273.0,273.0,273.0,273.0,273.0,273.0,273.0,273.0,273.0,273.0,273.0,273.0,273.0,273.0,273.0,273.0,273.0,273.0,314.0,433.0,0.0,375.6585,946.4137,10.247199999999964
911,911,911.0,911.0,911.0,911.0,911.0,911.0,911.0,911.0,911.0,911.0,911.0,911.0,911.0,911.0,911.0,911.0,911.0,911.0,911.0,911.0,911.0,911.0,911.0,911.0,911.0,911.0,911.0,911.0,911.0,911.0,911.0,911.0,911.0,911.0,911.0,911.0,911.0,911.0,,,,,,,,,,,,,,,,,,,,,,,,,,,,,,,,,,,,,0.1,305.6942,298.4663,292.3229,287.2586,283.2393,280.2013,278.0658,276.7636,276.2654,276.612,277.9397,280.4946,284.6334,290.8055,299.517,311.2849,326.5946,345.8871,369.6037,398.3199,401.0,292.0,375.6585,177.21929999999998,570.7552,10.247199999999964
912,912,912.0,912.0,912.0,912.0,912.0,912.0,912.0,912.0,912.0,912.0,912.0,912.0,912.0,912.0,912.0,912.0,912.0,912.0,912.0,912.0,912.0,912.0,912.0,912.0,912.0,912.0,912.0,912.0,912.0,912.0,912.0,912.0,912.0,912.0,912.0,912.0,912.0,912.0,,,,,,,,,,,,,,,,,,,,,,,,,,,,,,,,,,,,,0.2,375.2245,353.7279,335.9105,321.3942,309.8899,301.1239,294.8076,290.6338,288.2852,287.442,287.7826,288.9793,290.693,292.5753,294.2841,295.5165,296.0535,295.8068,294.8546,293.4509,348.0,471.0,552.8778,152.4882,393.5359,10.247199999999964
913,913,913.0,913.0,913.0,913.0,913.0,913.0,913.0,913.0,913.0,913.0,913.0,913.0,913.0,913.0,913.0,913.0,913.0,913.0,913.0,913.0,913.0,913.0,913.0,913.0,913.0,913.0,913.0,913.0,913.0,913.0,913.0,913.0,913.0,913.0,913.0,913.0,913.0,913.0,,,,,,,,,,,,,,,,,,,,,,,,,,,,,,,,,,,,,0.3,337.3961,328.614,321.2257,314.9262,309.5233,304.9226,301.1104,298.1369,296.1064,295.1769,295.5675,297.5704,301.5596,307.9877,317.3696,330.2559,347.2142,368.8444,395.8666,429.3284,350.0,472.0,705.366,52.08730000000003,241.0477,10.247199999999964
914,914,914.0,914.0,914.0,914.0,914.0,914.0,914.0,914.0,914.0,914.0,914.0,914.0,914.0,914.0,914.0,914.0,914.0,914.0,914.0,914.0,914.0,914.0,914.0,914.0,914.0,914.0,914.0,914.0,914.0,914.0,914.0,914.0,914.0,914.0,914.0,914.0,914.0,914.0,,,,,,,,,,,,,,,,,,,,,,,,,,,,,,,,,,,,,0.4,338.6489,329.3135,321.6598,315.4481,310.5144,306.7579,304.1336,302.6462,302.3456,303.3225,305.7047,309.6534,315.3632,323.0639,333.0315,345.6083,361.2413,380.5459,404.4132,434.1904,349.0,473.0,757.4533,29.848999999999933,188.9604,10.247199999999964
915,915,915.0,915.0,915.0,915.0,915.0,915.0,915.0,915.0,915.0,915.0,915.0,915.0,915.0,915.0,915.0,915.0,915.0,915.0,915.0,915.0,915.0,915.0,915.0,915.0,915.0,915.0,915.0,915.0,915.0,915.0,915.0,915.0,915.0,915.0,915.0,915.0,915.0,915.0,,,,,,,,,,,,,,,,,,,,,,,,,,,,,,,,,,,,,0.5,338.231,329.4638,322.388,316.7814,312.4899,309.4144,307.501,306.7346,307.1338,308.7489,311.6607,315.9827,321.8663,329.5101,339.1758,351.213,366.099,384.5003,407.3749,436.1437,347.0,473.0,787.3023,28.50240000000008,159.1114,10.247199999999964
916,916,916.0,916.0,916.0,916.0,916.0,916.0,916.0,916.0,916.0,916.0,916.0,916.0,916.0,916.0,916.0,916.0,916.0,916.0,916.0,916.0,916.0,916.0,916.0,916.0,916.0,916.0,916.0,916.0,916.0,916.0,916.0,916.0,916.0,916.0,916.0,916.0,916.0,916.0,,,,,,,,,,,,,,,,,,,,,,,,,,,,,,,,,,,,,0.6,336.9743,328.8837,322.4307,317.3997,313.6388,311.0472,309.5663,309.1736,309.8788,311.7219,314.774,319.1407,324.9683,332.4549,341.8671,353.565,368.0416,385.9832,408.369,436.6394,350.0,471.0,815.8047,30.28469999999993,130.60899999999992,10.247199999999964
917,917,917.0,917.0,917.0,917.0,917.0,917.0,917.0,917.0,917.0,917.0,917.0,917.0,917.0,917.0,917.0,917.0,917.0,917.0,917.0,917.0,917.0,917.0,917.0,917.0,917.0,917.0,917.0,917.0,917.0,917.0,917.0,917.0,917.0,917.0,917.0,917.0,917.0,917.0,,,,,,,,,,,,,,,,,,,,,,,,,,,,,,,,,,,,,0.7,339.4697,330.9899,324.2524,319.0314,315.1623,312.5282,311.0514,310.6883,311.4275,313.2897,316.3294,320.6389,326.3548,333.6688,342.8436,354.2379,368.3438,385.8458,407.7167,435.3796,349.0,473.0,846.0894,32.862100000000055,100.3243,10.247199999999964
918,918,918.0,918.0,918.0,918.0,918.0,918.0,918.0,918.0,918.0,918.0,918.0,918.0,918.0,918.0,918.0,918.0,918.0,918.0,918.0,918.0,918.0,918.0,918.0,918.0,918.0,918.0,918.0,918.0,918.0,918.0,918.0,918.0,918.0,918.0,918.0,918.0,918.0,918.0,,,,,,,,,,,,,,,,,,,,,,,,,,,,,,,,,,,,,0.8,338.8823,330.769,324.3474,319.3881,315.7252,313.2436,311.8697,311.5663,312.3293,314.1873,317.2031,321.4779,327.1579,334.4457,343.6158,355.0393,369.2215,386.8605,408.9455,436.9233,347.0,473.0,878.9515,33.590400000000045,67.46219999999994,10.247199999999964
919,919,919.0,919.0,919.0,919.0,919.0,919.0,919.0,919.0,919.0,919.0,919.0,919.0,919.0,919.0,919.0,919.0,919.0,919.0,919.0,919.0,919.0,919.0,919.0,919.0,919.0,919.0,919.0,919.0,919.0,919.0,919.0,919.0,919.0,919.0,919.0,919.0,919.0,919.0,,,,,,,,,,,,,,,,,,,,,,,,,,,,,,,,,,,,,0.9,337.3797,329.6908,323.6298,318.973,315.5594,313.2781,312.0607,311.875,312.7225,314.6368,317.6853,321.9726,327.6476,334.9145,344.049,355.4231,369.543,387.1095,409.1144,437.0082,350.0,471.0,912.5419,33.871799999999894,33.871799999999894,10.247199999999964
920,920,920.0,920.0,920.0,920.0,920.0,920.0,920.0,920.0,920.0,920.0,920.0,920.0,920.0,920.0,920.0,920.0,920.0,920.0,920.0,920.0,920.0,920.0,920.0,920.0,920.0,920.0,920.0,920.0,920.0,920.0,920.0,920.0,920.0,920.0,920.0,920.0,920.0,920.0,,,,,,,,,,,,,,,,,,,,,,,,,,,,,,,,,,,,,0.0,273.0,273.0,273.0,273.0,273.0,273.0,273.0,273.0,273.0,273.0,273.0,273.0,273.0,273.0,273.0,273.0,273.0,273.0,273.0,273.0,327.0,322.0,0.0,406.5024,1266.7285,9.077699999999991
921,921,921.0,921.0,921.0,921.0,921.0,921.0,921.0,921.0,921.0,921.0,921.0,921.0,921.0,921.0,921.0,921.0,921.0,921.0,921.0,921.0,921.0,921.0,921.0,921.0,921.0,921.0,921.0,921.0,921.0,921.0,921.0,921.0,921.0,921.0,921.0,921.0,921.0,921.0,,,,,,,,,,,,,,,,,,,,,,,,,,,,,,,,,,,,,0.1,315.984,306.4411,298.3471,291.6705,286.3444,282.2567,279.2597,277.1901,275.8948,275.2537,275.1966,275.713,276.8513,278.7101,281.4219,285.1305,289.967,296.0303,303.3774,312.0301,249.0,388.0,406.5024,290.9734,860.2260999999999,9.077699999999991
922,922,922.0,922.0,922.0,922.0,922.0,922.0,922.0,922.0,922.0,922.0,922.0,922.0,922.0,922.0,922.0,922.0,922.0,922.0,922.0,922.0,922.0,922.0,922.0,922.0,922.0,922.0,922.0,922.0,922.0,922.0,922.0,922.0,922.0,922.0,922.0,922.0,922.0,922.0,,,,,,,,,,,,,,,,,,,,,,,,,,,,,,,,,,,,,0.2,255.6918,261.6731,266.739,270.7822,273.8109,275.9427,277.3819,278.3904,279.2593,280.2892,281.7816,284.0369,287.3573,292.0477,298.4123,306.7465,317.3297,330.4277,346.316,365.3369,429.0,298.0,697.4758,204.5802,569.2526999999999,9.077699999999991
923,923,923.0,923.0,923.0,923.0,923.0,923.0,923.0,923.0,923.0,923.0,923.0,923.0,923.0,923.0,923.0,923.0,923.0,923.0,923.0,923.0,923.0,923.0,923.0,923.0,923.0,923.0,923.0,923.0,923.0,923.0,923.0,923.0,923.0,923.0,923.0,923.0,923.0,923.0,,,,,,,,,,,,,,,,,,,,,,,,,,,,,,,,,,,,,0.3,395.3447,367.5116,344.6656,326.3178,312.0804,301.5401,294.2195,289.5925,287.1247,286.3116,286.7029,287.9075,289.5882,291.4526,293.2515,294.7886,295.9412,296.6854,297.115,297.4463,350.0,471.0,902.056,157.83809999999994,364.6724999999999,9.077699999999991
924,924,924.0,924.0,924.0,924.0,924.0,924.0,924.0,924.0,924.0,924.0,924.0,924.0,924.0,924.0,924.0,924.0,924.0,924.0,924.0,924.0,924.0,924.0,924.0,924.0,924.0,924.0,924.0,924.0,924.0,924.0,924.0,924.0,924.0,924.0,924.0,924.0,924.0,924.0,,,,,,,,,,,,,,,,,,,,,,,,,,,,,,,,,,,,,0.4,339.3778,330.597,323.1742,316.7699,311.1804,306.3213,302.2037,298.9103,296.5773,295.3882,295.5784,297.4461,301.3619,307.7684,317.1661,330.0902,347.0939,368.7667,395.823,429.3095,350.0,472.0,1059.8941,52.86069999999995,206.8344,9.077699999999991
925,925,925.0,925.0,925.0,925.0,925.0,925.0,925.0,925.0,925.0,925.0,925.0,925.0,925.0,925.0,925.0,925.0,925.0,925.0,925.0,925.0,925.0,925.0,925.0,925.0,925.0,925.0,925.0,925.0,925.0,925.0,925.0,925.0,925.0,925.0,925.0,925.0,925.0,925.0,,,,,,,,,,,,,,,,,,,,,,,,,,,,,,,,,,,,,0.5,338.8036,329.6104,322.0749,315.9487,311.0628,307.3164,304.6683,303.1301,302.7603,303.6586,305.9611,309.8358,315.4816,323.1312,333.0612,345.6133,361.2326,380.5323,404.401,434.1834,348.0,473.0,1112.7548,29.94950000000017,153.9737,9.077699999999991
926,926,926.0,926.0,926.0,926.0,926.0,926.0,926.0,926.0,926.0,926.0,926.0,926.0,926.0,926.0,926.0,926.0,926.0,926.0,926.0,926.0,926.0,926.0,926.0,926.0,926.0,926.0,926.0,926.0,926.0,926.0,926.0,926.0,926.0,926.0,926.0,926.0,926.0,926.0,,,,,,,,,,,,,,,,,,,,,,,,,,,,,,,,,,,,,0.6,337.5016,328.9657,322.0839,316.6351,312.4665,309.4811,307.6283,306.8972,307.3111,308.9251,311.8248,316.1278,321.9889,329.6095,339.2532,351.2708,366.1401,384.5278,407.3914,436.1514,350.0,471.0,1142.7043,28.63469999999984,124.02419999999984,9.077699999999991
927,927,927.0,927.0,927.0,927.0,927.0,927.0,927.0,927.0,927.0,927.0,927.0,927.0,927.0,927.0,927.0,927.0,927.0,927.0,927.0,927.0,927.0,927.0,927.0,927.0,927.0,927.0,927.0,927.0,927.0,927.0,927.0,927.0,927.0,927.0,927.0,927.0,927.0,927.0,,,,,,,,,,,,,,,,,,,,,,,,,,,,,,,,,,,,,0.7,339.3086,330.6649,323.7594,318.3672,314.3272,311.5277,309.8975,309.4008,310.0337,311.8237,314.8308,319.1505,324.9204,332.3306,341.6399,353.2007,367.4973,385.2058,407.2906,435.1681,347.0,472.0,1171.339,30.68209999999999,95.3895,9.077699999999991
928,928,928.0,928.0,928.0,928.0,928.0,928.0,928.0,928.0,928.0,928.0,928.0,928.0,928.0,928.0,928.0,928.0,928.0,928.0,928.0,928.0,928.0,928.0,928.0,928.0,928.0,928.0,928.0,928.0,928.0,928.0,928.0,928.0,928.0,928.0,928.0,928.0,928.0,928.0,,,,,,,,,,,,,,,,,,,,,,,,,,,,,,,,,,,,,0.8,337.2152,329.3617,323.1374,318.3213,314.7561,312.3356,310.9958,310.7092,311.4805,313.3457,316.3727,320.6653,326.3701,333.6872,342.887,354.3347,368.5278,386.156,408.1976,436.0844,347.0,473.0,1202.0211,31.945900000000165,64.7074,9.077699999999991
929,929,929.0,929.0,929.0,929.0,929.0,929.0,929.0,929.0,929.0,929.0,929.0,929.0,929.0,929.0,929.0,929.0,929.0,929.0,929.0,929.0,929.0,929.0,929.0,929.0,929.0,929.0,929.0,929.0,929.0,929.0,929.0,929.0,929.0,929.0,929.0,929.0,929.0,929.0,,,,,,,,,,,,,,,,,,,,,,,,,,,,,,,,,,,,,0.9,337.2599,329.4575,323.295,318.5534,315.0739,312.7462,311.5002,311.3017,312.1492,314.0739,317.1412,321.4548,327.1632,334.4706,343.6528,355.0817,369.2633,386.8966,408.9718,436.9371,348.0,472.0,1233.967,32.76149999999984,32.76149999999984,9.077699999999991
930,930,930.0,930.0,930.0,930.0,930.0,930.0,930.0,930.0,930.0,930.0,930.0,930.0,930.0,930.0,930.0,930.0,930.0,930.0,930.0,930.0,930.0,930.0,930.0,930.0,930.0,930.0,930.0,930.0,930.0,930.0,930.0,930.0,930.0,930.0,930.0,930.0,930.0,930.0,,,,,,,,,,,,,,,,,,,,,,,,,,,,,,,,,,,,,0.0,273.0,273.0,273.0,273.0,273.0,273.0,273.0,273.0,273.0,273.0,273.0,273.0,273.0,273.0,273.0,273.0,273.0,273.0,273.0,273.0,328.0,323.0,0.0,405.8168,953.1888,11.273799999999994
931,931,931.0,931.0,931.0,931.0,931.0,931.0,931.0,931.0,931.0,931.0,931.0,931.0,931.0,931.0,931.0,931.0,931.0,931.0,931.0,931.0,931.0,931.0,931.0,931.0,931.0,931.0,931.0,931.0,931.0,931.0,931.0,931.0,931.0,931.0,931.0,931.0,931.0,931.0,,,,,,,,,,,,,,,,,,,,,,,,,,,,,,,,,,,,,0.1,316.7741,307.0531,298.8098,292.0112,286.588,282.4259,279.3744,277.2673,275.9487,275.2964,275.2394,275.767,276.9286,278.8252,281.5916,285.3747,290.3086,296.4943,303.9907,312.8213,375.0,472.0,405.8168,250.33020000000005,547.3720000000001,11.273799999999994
932,932,932.0,932.0,932.0,932.0,932.0,932.0,932.0,932.0,932.0,932.0,932.0,932.0,932.0,932.0,932.0,932.0,932.0,932.0,932.0,932.0,932.0,932.0,932.0,932.0,932.0,932.0,932.0,932.0,932.0,932.0,932.0,932.0,932.0,932.0,932.0,932.0,932.0,932.0,,,,,,,,,,,,,,,,,,,,,,,,,,,,,,,,,,,,,0.2,355.4479,338.9674,325.15,313.7188,304.4585,297.18,291.7114,287.9095,285.6814,285.0106,285.9795,288.7828,293.7286,301.2227,311.7407,325.7955,343.9176,366.6768,394.7784,429.2804,352.0,471.0,656.147,73.09309999999994,297.0418,11.273799999999994
933,933,933.0,933.0,933.0,933.0,933.0,933.0,933.0,933.0,933.0,933.0,933.0,933.0,933.0,933.0,933.0,933.0,933.0,933.0,933.0,933.0,933.0,933.0,933.0,933.0,933.0,933.0,933.0,933.0,933.0,933.0,933.0,933.0,933.0,933.0,933.0,933.0,933.0,933.0,,,,,,,,,,,,,,,,,,,,,,,,,,,,,,,,,,,,,0.3,339.8106,329.6731,321.2189,314.1969,308.455,303.9241,300.6014,298.5357,297.8135,298.5482,300.8736,304.9409,310.9205,319.0094,329.4451,342.5313,358.6786,378.4713,402.7749,432.9162,348.0,473.0,729.2401,32.91899999999998,223.94870000000003,11.273799999999994
934,934,934.0,934.0,934.0,934.0,934.0,934.0,934.0,934.0,934.0,934.0,934.0,934.0,934.0,934.0,934.0,934.0,934.0,934.0,934.0,934.0,934.0,934.0,934.0,934.0,934.0,934.0,934.0,934.0,934.0,934.0,934.0,934.0,934.0,934.0,934.0,934.0,934.0,934.0,,,,,,,,,,,,,,,,,,,,,,,,,,,,,,,,,,,,,0.4,337.1729,328.3058,321.0915,315.3134,310.8273,307.5476,305.4368,304.497,304.7632,306.299,309.1943,313.5672,319.5686,327.3924,337.2918,349.6057,364.7985,383.5241,406.7285,435.8238,350.0,473.0,762.1591,27.93850000000009,191.02970000000005,11.273799999999994
935,935,935.0,935.0,935.0,935.0,935.0,935.0,935.0,935.0,935.0,935.0,935.0,935.0,935.0,935.0,935.0,935.0,935.0,935.0,935.0,935.0,935.0,935.0,935.0,935.0,935.0,935.0,935.0,935.0,935.0,935.0,935.0,935.0,935.0,935.0,935.0,935.0,935.0,935.0,,,,,,,,,,,,,,,,,,,,,,,,,,,,,,,,,,,,,0.5,339.1068,330.2634,323.1638,317.5878,313.3791,310.4316,308.6796,308.0923,308.671,310.4472,313.4845,317.8814,323.7778,331.3656,340.9048,352.7493,367.3851,385.4925,408.0451,436.4794,349.0,473.0,790.0976,29.91239999999993,163.09119999999996,11.273799999999994
936,936,936.0,936.0,936.0,936.0,936.0,936.0,936.0,936.0,936.0,936.0,936.0,936.0,936.0,936.0,936.0,936.0,936.0,936.0,936.0,936.0,936.0,936.0,936.0,936.0,936.0,936.0,936.0,936.0,936.0,936.0,936.0,936.0,936.0,936.0,936.0,936.0,936.0,936.0,,,,,,,,,,,,,,,,,,,,,,,,,,,,,,,,,,,,,0.6,338.6649,330.3368,323.7074,318.5521,314.7107,312.0738,310.5737,310.1783,310.8876,312.7327,315.7769,320.1196,325.903,333.3234,342.6476,354.2381,368.5917,386.3997,408.6466,436.7773,348.0,473.0,820.01,31.876499999999965,133.17880000000002,11.273799999999994
937,937,937.0,937.0,937.0,937.0,937.0,937.0,937.0,937.0,937.0,937.0,937.0,937.0,937.0,937.0,937.0,937.0,937.0,937.0,937.0,937.0,937.0,937.0,937.0,937.0,937.0,937.0,937.0,937.0,937.0,937.0,937.0,937.0,937.0,937.0,937.0,937.0,937.0,937.0,,,,,,,,,,,,,,,,,,,,,,,,,,,,,,,,,,,,,0.7,338.0415,330.0531,323.7296,318.8472,315.2447,312.811,311.4768,311.2083,312.0047,313.8973,316.9501,321.2649,326.987,334.317,343.5268,354.9846,369.1931,386.8497,408.9439,436.9242,349.0,473.0,851.8865,33.28550000000007,101.30230000000006,11.273799999999994
938,938,938.0,938.0,938.0,938.0,938.0,938.0,938.0,938.0,938.0,938.0,938.0,938.0,938.0,938.0,938.0,938.0,938.0,938.0,938.0,938.0,938.0,938.0,938.0,938.0,938.0,938.0,938.0,938.0,938.0,938.0,938.0,938.0,938.0,938.0,938.0,938.0,938.0,938.0,,,,,,,,,,,,,,,,,,,,,,,,,,,,,,,,,,,,,0.8,338.8853,330.7794,324.3729,319.4384,315.8099,313.3705,312.0436,311.7884,312.5973,314.4956,317.5436,321.8402,327.5303,334.8148,343.9675,355.359,369.495,387.0757,409.0932,436.998,347.0,473.0,885.172,33.92589999999996,68.01679999999999,11.273799999999994
939,939,939.0,939.0,939.0,939.0,939.0,939.0,939.0,939.0,939.0,939.0,939.0,939.0,939.0,939.0,939.0,939.0,939.0,939.0,939.0,939.0,939.0,939.0,939.0,939.0,939.0,939.0,939.0,939.0,939.0,939.0,939.0,939.0,939.0,939.0,939.0,939.0,939.0,939.0,,,,,,,,,,,,,,,,,,,,,,,,,,,,,,,,,,,,,0.9,337.3953,329.7225,323.6783,319.0392,315.6439,313.3813,312.182,312.0132,312.8754,314.8011,317.8568,322.1465,327.8185,335.0768,344.1974,355.5527,369.6502,387.1912,409.1692,437.0355,350.0,471.0,919.0979,34.09090000000003,34.09090000000003,11.273799999999994
940,940,940.0,940.0,940.0,940.0,940.0,940.0,940.0,940.0,940.0,940.0,940.0,940.0,940.0,940.0,940.0,940.0,940.0,940.0,940.0,940.0,940.0,940.0,940.0,940.0,940.0,940.0,940.0,940.0,940.0,940.0,940.0,940.0,940.0,940.0,940.0,940.0,940.0,940.0,,,,,,,,,,,,,,,,,,,,,,,,,,,,,,,,,,,,,0.0,273.0,273.0,273.0,273.0,273.0,273.0,273.0,273.0,273.0,273.0,273.0,273.0,273.0,273.0,273.0,273.0,273.0,273.0,273.0,273.0,306.0,437.0,0.0,377.3946,845.5152,10.87809999999996
941,941,941.0,941.0,941.0,941.0,941.0,941.0,941.0,941.0,941.0,941.0,941.0,941.0,941.0,941.0,941.0,941.0,941.0,941.0,941.0,941.0,941.0,941.0,941.0,941.0,941.0,941.0,941.0,941.0,941.0,941.0,941.0,941.0,941.0,941.0,941.0,941.0,941.0,941.0,,,,,,,,,,,,,,,,,,,,,,,,,,,,,,,,,,,,,0.1,299.3425,293.5327,288.5874,284.51,281.2792,278.8505,277.1703,276.1984,275.9361,276.4544,277.9172,280.5958,284.8697,291.2085,300.1366,312.1874,327.8615,347.6159,371.9133,401.3648,381.0,383.0,377.3946,159.72419999999994,468.1206,10.87809999999996
942,942,942.0,942.0,942.0,942.0,942.0,942.0,942.0,942.0,942.0,942.0,942.0,942.0,942.0,942.0,942.0,942.0,942.0,942.0,942.0,942.0,942.0,942.0,942.0,942.0,942.0,942.0,942.0,942.0,942.0,942.0,942.0,942.0,942.0,942.0,942.0,942.0,942.0,942.0,,,,,,,,,,,,,,,,,,,,,,,,,,,,,,,,,,,,,0.2,359.5261,341.4569,326.414,314.156,304.4887,297.2177,292.135,289.0261,287.6863,287.9357,289.6277,292.6514,296.9281,302.4108,309.0875,316.9947,326.2395,337.0292,349.7053,364.7828,348.0,472.0,537.1188,86.56230000000005,308.3964000000001,10.87809999999996
943,943,943.0,943.0,943.0,943.0,943.0,943.0,943.0,943.0,943.0,943.0,943.0,943.0,943.0,943.0,943.0,943.0,943.0,943.0,943.0,943.0,943.0,943.0,943.0,943.0,943.0,943.0,943.0,943.0,943.0,943.0,943.0,943.0,943.0,943.0,943.0,943.0,943.0,943.0,,,,,,,,,,,,,,,,,,,,,,,,,,,,,,,,,,,,,0.3,336.8258,327.5494,319.8135,313.3709,308.069,303.8339,300.6547,298.5688,297.6523,298.0166,299.8104,303.2267,308.5097,315.9602,325.9373,338.8619,355.2306,375.6589,400.9783,432.4269,348.0,473.0,623.6811,36.86839999999995,221.83410000000003,10.87809999999996
944,944,944.0,944.0,944.0,944.0,944.0,944.0,944.0,944.0,944.0,944.0,944.0,944.0,944.0,944.0,944.0,944.0,944.0,944.0,944.0,944.0,944.0,944.0,944.0,944.0,944.0,944.0,944.0,944.0,944.0,944.0,944.0,944.0,944.0,944.0,944.0,944.0,944.0,944.0,,,,,,,,,,,,,,,,,,,,,,,,,,,,,,,,,,,,,0.4,337.0758,328.1159,320.8159,314.9597,310.4004,307.0475,304.8581,303.83,303.9976,305.4283,308.2204,312.5041,318.444,326.2472,336.1769,348.5765,363.909,382.8206,406.2447,435.5789,350.0,471.0,660.5495,27.717500000000086,184.96570000000008,10.87809999999996
945,945,945.0,945.0,945.0,945.0,945.0,945.0,945.0,945.0,945.0,945.0,945.0,945.0,945.0,945.0,945.0,945.0,945.0,945.0,945.0,945.0,945.0,945.0,945.0,945.0,945.0,945.0,945.0,945.0,945.0,945.0,945.0,945.0,945.0,945.0,945.0,945.0,945.0,945.0,,,,,,,,,,,,,,,,,,,,,,,,,,,,,,,,,,,,,0.5,339.0473,330.1441,322.9845,317.3485,313.0807,310.0755,308.2684,307.6297,308.1613,309.8954,312.8952,317.2577,323.12,330.669,340.1583,351.933,366.4685,384.4313,406.7766,434.9133,348.0,471.0,688.267,28.96729999999991,157.2482,10.87809999999996
946,946,946.0,946.0,946.0,946.0,946.0,946.0,946.0,946.0,946.0,946.0,946.0,946.0,946.0,946.0,946.0,946.0,946.0,946.0,946.0,946.0,946.0,946.0,946.0,946.0,946.0,946.0,946.0,946.0,946.0,946.0,946.0,946.0,946.0,946.0,946.0,946.0,946.0,946.0,,,,,,,,,,,,,,,,,,,,,,,,,,,,,,,,,,,,,0.6,337.8446,329.6593,323.1403,318.0665,314.2811,311.6781,310.1936,309.7988,310.4969,312.3214,315.3369,319.643,325.381,332.7446,341.9968,353.4945,367.7262,385.3715,407.3971,435.2196,347.0,472.0,717.2343,30.774800000000027,128.2809000000001,10.87809999999996
947,947,947.0,947.0,947.0,947.0,947.0,947.0,947.0,947.0,947.0,947.0,947.0,947.0,947.0,947.0,947.0,947.0,947.0,947.0,947.0,947.0,947.0,947.0,947.0,947.0,947.0,947.0,947.0,947.0,947.0,947.0,947.0,947.0,947.0,947.0,947.0,947.0,947.0,947.0,,,,,,,,,,,,,,,,,,,,,,,,,,,,,,,,,,,,,0.7,337.2044,329.3449,323.1229,318.3193,314.7768,312.387,311.0826,310.8319,311.6359,313.527,316.5712,320.8712,326.5735,333.8794,343.0605,354.4839,368.649,386.2472,408.258,436.1144,346.0,473.0,748.0091,31.87980000000005,97.50610000000006,10.87809999999996
948,948,948.0,948.0,948.0,948.0,948.0,948.0,948.0,948.0,948.0,948.0,948.0,948.0,948.0,948.0,948.0,948.0,948.0,948.0,948.0,948.0,948.0,948.0,948.0,948.0,948.0,948.0,948.0,948.0,948.0,948.0,948.0,948.0,948.0,948.0,948.0,948.0,948.0,948.0,,,,,,,,,,,,,,,,,,,,,,,,,,,,,,,,,,,,,0.8,336.4858,328.8733,322.8693,318.258,314.8837,312.6388,311.4565,311.3055,312.1871,314.1352,317.2173,321.5384,327.2486,334.553,343.7285,355.1478,369.3176,386.9378,408.9993,436.9507,348.0,472.0,779.8889,32.56819999999993,65.62630000000001,10.87809999999996
949,949,949.0,949.0,949.0,949.0,949.0,949.0,949.0,949.0,949.0,949.0,949.0,949.0,949.0,949.0,949.0,949.0,949.0,949.0,949.0,949.0,949.0,949.0,949.0,949.0,949.0,949.0,949.0,949.0,949.0,949.0,949.0,949.0,949.0,949.0,949.0,949.0,949.0,949.0,,,,,,,,,,,,,,,,,,,,,,,,,,,,,,,,,,,,,0.9,338.063,330.1035,323.8217,318.9965,315.4659,313.1144,311.8657,311.678,312.5423,314.4824,317.557,321.8638,327.5461,334.8035,343.908,355.2285,369.2678,386.7224,408.5783,436.2747,347.0,471.0,812.4571,33.05810000000008,33.05810000000008,10.87809999999996
950,950,950.0,950.0,950.0,950.0,950.0,950.0,950.0,950.0,950.0,950.0,950.0,950.0,950.0,950.0,950.0,950.0,950.0,950.0,950.0,950.0,950.0,950.0,950.0,950.0,950.0,950.0,950.0,950.0,950.0,950.0,950.0,950.0,950.0,950.0,950.0,950.0,950.0,950.0,,,,,,,,,,,,,,,,,,,,,,,,,,,,,,,,,,,,,0.0,273.0,273.0,273.0,273.0,273.0,273.0,273.0,273.0,273.0,273.0,273.0,273.0,273.0,273.0,273.0,273.0,273.0,273.0,273.0,273.0,324.0,323.0,0.0,406.9438,1159.2965,9.458699999999965
951,951,951.0,951.0,951.0,951.0,951.0,951.0,951.0,951.0,951.0,951.0,951.0,951.0,951.0,951.0,951.0,951.0,951.0,951.0,951.0,951.0,951.0,951.0,951.0,951.0,951.0,951.0,951.0,951.0,951.0,951.0,951.0,951.0,951.0,951.0,951.0,951.0,951.0,951.0,,,,,,,,,,,,,,,,,,,,,,,,,,,,,,,,,,,,,0.1,313.6123,304.6036,296.9575,290.6484,285.6153,281.7536,278.9252,276.9775,275.7683,275.1881,275.1767,275.7319,276.9097,278.8152,281.5866,285.3723,290.3075,296.4939,303.9906,312.8213,257.0,391.0,406.9438,288.5472,752.3526999999999,9.458699999999965
952,952,952.0,952.0,952.0,952.0,952.0,952.0,952.0,952.0,952.0,952.0,952.0,952.0,952.0,952.0,952.0,952.0,952.0,952.0,952.0,952.0,952.0,952.0,952.0,952.0,952.0,952.0,952.0,952.0,952.0,952.0,952.0,952.0,952.0,952.0,952.0,952.0,952.0,952.0,,,,,,,,,,,,,,,,,,,,,,,,,,,,,,,,,,,,,0.2,262.0175,266.5037,270.2866,273.2761,275.4796,276.9981,278.0085,278.7394,279.4487,280.408,281.8959,284.1976,287.6072,292.4278,298.9659,307.5224,318.3843,331.8272,348.1396,367.6833,391.0,386.0,695.491,178.82450000000006,463.8055,9.458699999999965
953,953,953.0,953.0,953.0,953.0,953.0,953.0,953.0,953.0,953.0,953.0,953.0,953.0,953.0,953.0,953.0,953.0,953.0,953.0,953.0,953.0,953.0,953.0,953.0,953.0,953.0,953.0,953.0,953.0,953.0,953.0,953.0,953.0,953.0,953.0,953.0,953.0,953.0,953.0,,,,,,,,,,,,,,,,,,,,,,,,,,,,,,,,,,,,,0.3,366.3635,345.6758,328.5651,314.7991,304.158,296.3744,291.1266,288.0649,286.8526,287.203,288.9034,291.824,295.9146,301.1944,307.7419,315.6884,325.2211,336.5953,350.1598,366.3991,352.0,473.0,874.3155,91.1037,284.9809999999999,9.458699999999965
954,954,954.0,954.0,954.0,954.0,954.0,954.0,954.0,954.0,954.0,954.0,954.0,954.0,954.0,954.0,954.0,954.0,954.0,954.0,954.0,954.0,954.0,954.0,954.0,954.0,954.0,954.0,954.0,954.0,954.0,954.0,954.0,954.0,954.0,954.0,954.0,954.0,954.0,954.0,,,,,,,,,,,,,,,,,,,,,,,,,,,,,,,,,,,,,0.4,340.0057,330.0424,321.7217,314.7765,309.042,304.438,300.9499,298.6131,297.5017,297.7245,299.4274,302.8,308.0841,315.5777,325.6377,338.6825,355.2067,375.8249,401.3708,433.0905,349.0,471.0,965.4192,37.4529,193.87729999999988,9.458699999999965
955,955,955.0,955.0,955.0,955.0,955.0,955.0,955.0,955.0,955.0,955.0,955.0,955.0,955.0,955.0,955.0,955.0,955.0,955.0,955.0,955.0,955.0,955.0,955.0,955.0,955.0,955.0,955.0,955.0,955.0,955.0,955.0,955.0,955.0,955.0,955.0,955.0,955.0,955.0,,,,,,,,,,,,,,,,,,,,,,,,,,,,,,,,,,,,,0.5,337.9666,328.9216,321.5451,315.6103,310.9647,307.5169,305.2264,304.0957,304.1638,305.5016,308.2088,312.414,318.2771,325.9979,335.8302,348.1067,363.2785,381.9785,405.1237,434.0864,350.0,472.0,1002.8721,28.443700000000035,156.42439999999988,9.458699999999965
956,956,956.0,956.0,956.0,956.0,956.0,956.0,956.0,956.0,956.0,956.0,956.0,956.0,956.0,956.0,956.0,956.0,956.0,956.0,956.0,956.0,956.0,956.0,956.0,956.0,956.0,956.0,956.0,956.0,956.0,956.0,956.0,956.0,956.0,956.0,956.0,956.0,956.0,956.0,,,,,,,,,,,,,,,,,,,,,,,,,,,,,,,,,,,,,0.6,339.1024,330.2494,323.1304,317.522,313.2667,310.2587,308.4349,307.768,308.2636,309.9583,312.9202,317.2518,323.0959,330.6459,340.1614,351.9931,366.6217,384.7178,407.2416,435.6102,349.0,472.0,1031.3158,29.51800000000003,127.98069999999984,9.458699999999965
957,957,957.0,957.0,957.0,957.0,957.0,957.0,957.0,957.0,957.0,957.0,957.0,957.0,957.0,957.0,957.0,957.0,957.0,957.0,957.0,957.0,957.0,957.0,957.0,957.0,957.0,957.0,957.0,957.0,957.0,957.0,957.0,957.0,957.0,957.0,957.0,957.0,957.0,957.0,,,,,,,,,,,,,,,,,,,,,,,,,,,,,,,,,,,,,0.7,338.6412,330.2884,323.6322,318.4478,314.5748,311.9041,310.3685,309.9367,310.6098,312.4198,315.4308,319.7427,325.4975,332.8904,342.1862,353.7441,368.0559,385.8058,407.9678,435.9714,347.0,473.0,1060.8338,31.357699999999795,98.4626999999998,9.458699999999965
958,958,958.0,958.0,958.0,958.0,958.0,958.0,958.0,958.0,958.0,958.0,958.0,958.0,958.0,958.0,958.0,958.0,958.0,958.0,958.0,958.0,958.0,958.0,958.0,958.0,958.0,958.0,958.0,958.0,958.0,958.0,958.0,958.0,958.0,958.0,958.0,958.0,958.0,958.0,,,,,,,,,,,,,,,,,,,,,,,,,,,,,,,,,,,,,0.8,337.2408,329.4147,323.2209,318.4387,314.9101,312.5276,311.2254,310.9741,311.7772,313.6695,316.7193,321.0311,326.7532,334.0885,343.3106,354.7888,369.0259,386.7183,408.8537,436.8786,350.0,473.0,1092.1915,32.949800000000096,67.10500000000002,9.458699999999965
959,959,959.0,959.0,959.0,959.0,959.0,959.0,959.0,959.0,959.0,959.0,959.0,959.0,959.0,959.0,959.0,959.0,959.0,959.0,959.0,959.0,959.0,959.0,959.0,959.0,959.0,959.0,959.0,959.0,959.0,959.0,959.0,959.0,959.0,959.0,959.0,959.0,959.0,959.0,,,,,,,,,,,,,,,,,,,,,,,,,,,,,,,,,,,,,0.9,339.6226,331.2938,324.7023,319.619,315.8756,313.3518,311.9666,311.6742,312.462,314.3511,317.3982,321.6998,327.3989,334.6954,343.8623,355.2698,369.423,387.0216,409.0573,436.9803,348.0,473.0,1125.1413,34.15519999999992,34.15519999999992,9.458699999999965
960,960,960.0,960.0,960.0,960.0,960.0,960.0,960.0,960.0,960.0,960.0,960.0,960.0,960.0,960.0,960.0,960.0,960.0,960.0,960.0,960.0,960.0,960.0,960.0,960.0,960.0,960.0,960.0,960.0,960.0,960.0,960.0,960.0,960.0,960.0,960.0,960.0,960.0,,,,,,,,,,,,,,,,,,,,,,,,,,,,,,,,,,,,,,0.0,273.0,273.0,273.0,273.0,273.0,273.0,273.0,273.0,273.0,273.0,273.0,273.0,273.0,273.0,273.0,273.0,273.0,273.0,273.0,273.0,426.0,473.0,0.0,350.0177,797.1387,6.680700000000002
961,961,961.0,961.0,961.0,961.0,961.0,961.0,961.0,961.0,961.0,961.0,961.0,961.0,961.0,961.0,961.0,961.0,961.0,961.0,961.0,961.0,961.0,961.0,961.0,961.0,961.0,961.0,961.0,961.0,961.0,961.0,961.0,961.0,961.0,961.0,961.0,961.0,961.0,,,,,,,,,,,,,,,,,,,,,,,,,,,,,,,,,,,,,,0.1,392.9822,365.5556,342.8675,324.4081,309.784,298.6035,290.4461,284.8876,281.556,280.1915,280.6965,283.1622,287.8685,295.2552,305.8696,320.3035,339.1439,362.9707,392.4461,428.5454,314.0,473.0,350.0177,91.29829999999998,447.121,6.680700000000002
962,962,962.0,962.0,962.0,962.0,962.0,962.0,962.0,962.0,962.0,962.0,962.0,962.0,962.0,962.0,962.0,962.0,962.0,962.0,962.0,962.0,962.0,962.0,962.0,962.0,962.0,962.0,962.0,962.0,962.0,962.0,962.0,962.0,962.0,962.0,962.0,962.0,962.0,,,,,,,,,,,,,,,,,,,,,,,,,,,,,,,,,,,,,,0.2,310.8024,308.2444,305.9686,303.7537,301.5327,299.3862,297.5124,296.1874,295.7235,296.4363,298.6233,302.5566,308.4866,316.6559,327.321,340.786,357.4501,377.8815,402.932,433.9273,343.0,473.0,441.316,35.95960000000002,355.8227,6.680700000000002
963,963,963.0,963.0,963.0,963.0,963.0,963.0,963.0,963.0,963.0,963.0,963.0,963.0,963.0,963.0,963.0,963.0,963.0,963.0,963.0,963.0,963.0,963.0,963.0,963.0,963.0,963.0,963.0,963.0,963.0,963.0,963.0,963.0,963.0,963.0,963.0,963.0,963.0,,,,,,,,,,,,,,,,,,,,,,,,,,,,,,,,,,,,,,0.3,332.236,323.3437,316.1181,310.4114,306.1112,303.1307,301.407,300.9049,301.6214,303.5899,306.8814,311.6067,317.9182,326.0162,336.1616,348.6999,364.1001,383.0183,406.402,435.6647,311.0,324.0,477.2756,13.414600000000007,319.8631,6.680700000000002
964,964,964.0,964.0,964.0,964.0,964.0,964.0,964.0,964.0,964.0,964.0,964.0,964.0,964.0,964.0,964.0,964.0,964.0,964.0,964.0,964.0,964.0,964.0,964.0,964.0,964.0,964.0,964.0,964.0,964.0,964.0,964.0,964.0,964.0,964.0,964.0,964.0,964.0,,,,,,,,,,,,,,,,,,,,,,,,,,,,,,,,,,,,,,0.4,307.9712,305.7184,304.0699,302.9107,302.1839,301.8831,302.037,302.687,303.8637,305.5641,307.733,310.2532,312.9469,315.5915,317.9524,319.8304,321.118,321.8549,322.2675,322.7815,324.0,358.0,490.6902,54.49189999999999,306.4485,6.680700000000002
965,965,965.0,965.0,965.0,965.0,965.0,965.0,965.0,965.0,965.0,965.0,965.0,965.0,965.0,965.0,965.0,965.0,965.0,965.0,965.0,965.0,965.0,965.0,965.0,965.0,965.0,965.0,965.0,965.0,965.0,965.0,965.0,965.0,965.0,965.0,965.0,965.0,965.0,,,,,,,,,,,,,,,,,,,,,,,,,,,,,,,,,,,,,,0.5,317.5493,312.3403,308.2268,305.0874,302.8133,301.3026,300.4593,300.1958,300.4388,301.1347,302.2571,303.8126,305.8464,308.4452,311.7376,315.8911,321.1087,327.6266,335.7176,345.7064,338.0,473.0,545.1821,67.91960000000006,251.9566,6.680700000000002
966,966,966.0,966.0,966.0,966.0,966.0,966.0,966.0,966.0,966.0,966.0,966.0,966.0,966.0,966.0,966.0,966.0,966.0,966.0,966.0,966.0,966.0,966.0,966.0,966.0,966.0,966.0,966.0,966.0,966.0,966.0,966.0,966.0,966.0,966.0,966.0,966.0,966.0,,,,,,,,,,,,,,,,,,,,,,,,,,,,,,,,,,,,,,0.6,328.6156,320.9012,314.6413,309.6693,305.8499,303.0721,301.2508,300.3345,300.3184,301.2586,303.2863,306.6179,311.5591,318.4999,327.9027,340.2886,356.2359,376.4103,401.6579,433.2,306.0,318.0,613.1017,25.232399999999984,184.03699999999992,6.680700000000002
967,967,967.0,967.0,967.0,967.0,967.0,967.0,967.0,967.0,967.0,967.0,967.0,967.0,967.0,967.0,967.0,967.0,967.0,967.0,967.0,967.0,967.0,967.0,967.0,967.0,967.0,967.0,967.0,967.0,967.0,967.0,967.0,967.0,967.0,967.0,967.0,967.0,967.0,,,,,,,,,,,,,,,,,,,,,,,,,,,,,,,,,,,,,,0.7,303.8512,302.3294,301.2638,300.5394,300.1007,299.947,300.1171,300.6688,301.6544,303.0967,304.9685,307.1792,309.5725,311.9394,314.0483,315.6918,316.7435,317.2146,317.2962,317.3727,346.0,473.0,638.3341,66.61809999999991,158.80459999999994,6.680700000000002
968,968,968.0,968.0,968.0,968.0,968.0,968.0,968.0,968.0,968.0,968.0,968.0,968.0,968.0,968.0,968.0,968.0,968.0,968.0,968.0,968.0,968.0,968.0,968.0,968.0,968.0,968.0,968.0,968.0,968.0,968.0,968.0,968.0,968.0,968.0,968.0,968.0,968.0,,,,,,,,,,,,,,,,,,,,,,,,,,,,,,,,,,,,,,0.8,334.5265,325.0543,317.3779,311.3332,306.7676,303.529,301.4708,300.4683,300.4417,301.381,303.3686,306.5955,311.3675,318.0992,327.2953,339.5266,355.4144,375.6494,401.0757,432.8864,307.0,318.0,704.9522,25.92100000000005,92.18650000000002,6.680700000000002
969,969,969.0,969.0,969.0,969.0,969.0,969.0,969.0,969.0,969.0,969.0,969.0,969.0,969.0,969.0,969.0,969.0,969.0,969.0,969.0,969.0,969.0,969.0,969.0,969.0,969.0,969.0,969.0,969.0,969.0,969.0,969.0,969.0,969.0,969.0,969.0,969.0,969.0,,,,,,,,,,,,,,,,,,,,,,,,,,,,,,,,,,,,,,0.9,304.8096,303.2561,302.1521,301.372,300.8561,300.6049,300.663,301.0954,301.9618,303.2916,305.0623,307.1864,309.5098,311.8249,313.9009,315.5305,316.5868,317.0797,317.1974,317.3205,341.0,473.0,730.8732,66.26549999999997,66.26549999999997,6.680700000000002
970,970,970.0,970.0,970.0,970.0,970.0,970.0,970.0,970.0,970.0,970.0,970.0,970.0,970.0,970.0,970.0,970.0,970.0,970.0,970.0,970.0,970.0,970.0,970.0,970.0,970.0,970.0,970.0,970.0,970.0,970.0,970.0,970.0,970.0,970.0,970.0,970.0,970.0,,,,,,,,,,,,,,,,,,,,,,,,,,,,,,,,,,,,,,0.0,273.0,273.0,273.0,273.0,273.0,273.0,273.0,273.0,273.0,273.0,273.0,273.0,273.0,273.0,273.0,273.0,273.0,273.0,273.0,273.0,428.0,473.0,0.0,349.9857,802.2374,6.799399999999992
971,971,971.0,971.0,971.0,971.0,971.0,971.0,971.0,971.0,971.0,971.0,971.0,971.0,971.0,971.0,971.0,971.0,971.0,971.0,971.0,971.0,971.0,971.0,971.0,971.0,971.0,971.0,971.0,971.0,971.0,971.0,971.0,971.0,971.0,971.0,971.0,971.0,971.0,,,,,,,,,,,,,,,,,,,,,,,,,,,,,,,,,,,,,,0.1,394.5096,366.7163,343.7373,325.0463,310.2402,298.9199,290.6584,285.0253,281.6421,280.2434,280.7267,283.1791,287.8776,295.26,305.872,320.3047,339.1444,362.9709,392.4462,428.5454,313.0,471.0,349.9857,91.019,452.2517,6.799399999999992
972,972,972.0,972.0,972.0,972.0,972.0,972.0,972.0,972.0,972.0,972.0,972.0,972.0,972.0,972.0,972.0,972.0,972.0,972.0,972.0,972.0,972.0,972.0,972.0,972.0,972.0,972.0,972.0,972.0,972.0,972.0,972.0,972.0,972.0,972.0,972.0,972.0,972.0,,,,,,,,,,,,,,,,,,,,,,,,,,,,,,,,,,,,,,0.2,310.0723,307.7478,305.6654,303.6019,301.4914,299.4178,297.585,296.2753,295.8067,296.4994,298.6532,302.5405,308.4093,316.498,327.0576,340.3849,356.8712,377.0743,401.8314,432.4439,344.0,473.0,441.0047,36.41999999999996,361.2327,6.799399999999992
973,973,973.0,973.0,973.0,973.0,973.0,973.0,973.0,973.0,973.0,973.0,973.0,973.0,973.0,973.0,973.0,973.0,973.0,973.0,973.0,973.0,973.0,973.0,973.0,973.0,973.0,973.0,973.0,973.0,973.0,973.0,973.0,973.0,973.0,973.0,973.0,973.0,973.0,,,,,,,,,,,,,,,,,,,,,,,,,,,,,,,,,,,,,,0.3,333.0057,323.9204,316.536,310.7024,306.304,303.2494,301.4708,300.9275,301.6115,303.552,306.818,311.5192,317.8091,325.8898,336.0249,348.5623,363.9725,382.9118,406.3257,435.6251,310.0,323.0,477.4247,13.576300000000003,324.8127,6.799399999999992
974,974,974.0,974.0,974.0,974.0,974.0,974.0,974.0,974.0,974.0,974.0,974.0,974.0,974.0,974.0,974.0,974.0,974.0,974.0,974.0,974.0,974.0,974.0,974.0,974.0,974.0,974.0,974.0,974.0,974.0,974.0,974.0,974.0,974.0,974.0,974.0,974.0,974.0,,,,,,,,,,,,,,,,,,,,,,,,,,,,,,,,,,,,,,0.4,307.2063,305.1557,303.675,302.6485,302.0206,301.7883,301.9845,302.656,303.8383,305.5324,307.6858,310.1828,312.8449,315.4479,317.7542,319.5609,320.7568,321.3778,321.6469,321.9875,324.0,358.0,491.001,55.1798,311.2364,6.799399999999992
975,975,975.0,975.0,975.0,975.0,975.0,975.0,975.0,975.0,975.0,975.0,975.0,975.0,975.0,975.0,975.0,975.0,975.0,975.0,975.0,975.0,975.0,975.0,975.0,975.0,975.0,975.0,975.0,975.0,975.0,975.0,975.0,975.0,975.0,975.0,975.0,975.0,975.0,,,,,,,,,,,,,,,,,,,,,,,,,,,,,,,,,,,,,,0.5,317.5232,312.2905,308.1577,305.0045,302.7222,301.2079,300.364,300.1013,300.3443,301.0386,302.1572,303.707,305.7346,308.3284,311.619,315.776,321.0039,327.5395,335.6552,345.6738,339.0,472.0,546.1808,68.29970000000003,256.0566,6.799399999999992
976,976,976.0,976.0,976.0,976.0,976.0,976.0,976.0,976.0,976.0,976.0,976.0,976.0,976.0,976.0,976.0,976.0,976.0,976.0,976.0,976.0,976.0,976.0,976.0,976.0,976.0,976.0,976.0,976.0,976.0,976.0,976.0,976.0,976.0,976.0,976.0,976.0,976.0,,,,,,,,,,,,,,,,,,,,,,,,,,,,,,,,,,,,,,0.6,329.3897,321.4842,315.0647,309.9621,306.0386,303.1802,301.2982,300.3373,300.2882,301.2033,303.2095,306.5197,311.4356,318.3437,327.7025,340.0294,355.8982,375.9697,401.0825,432.4457,308.0,317.0,614.4805,25.73929999999996,187.7569,6.799399999999992
977,977,977.0,977.0,977.0,977.0,977.0,977.0,977.0,977.0,977.0,977.0,977.0,977.0,977.0,977.0,977.0,977.0,977.0,977.0,977.0,977.0,977.0,977.0,977.0,977.0,977.0,977.0,977.0,977.0,977.0,977.0,977.0,977.0,977.0,977.0,977.0,977.0,977.0,,,,,,,,,,,,,,,,,,,,,,,,,,,,,,,,,,,,,,0.7,305.4579,303.5981,302.2457,301.2817,300.6466,300.3344,300.3785,300.8305,301.7368,303.1144,304.9308,307.0905,309.4328,311.7447,313.7909,315.36,316.3222,316.6852,316.6366,316.5574,343.0,471.0,640.2198,66.83929999999998,162.01760000000002,6.799399999999992
978,978,978.0,978.0,978.0,978.0,978.0,978.0,978.0,978.0,978.0,978.0,978.0,978.0,978.0,978.0,978.0,978.0,978.0,978.0,978.0,978.0,978.0,978.0,978.0,978.0,978.0,978.0,978.0,978.0,978.0,978.0,978.0,978.0,978.0,978.0,978.0,978.0,978.0,,,,,,,,,,,,,,,,,,,,,,,,,,,,,,,,,,,,,,0.8,332.2426,323.3729,316.1922,310.5413,306.2739,303.2473,301.327,300.4018,300.4055,301.3395,303.2953,306.4694,311.1705,317.8128,326.8989,338.9949,354.716,374.7427,399.9037,431.3658,308.0,316.0,707.0591,26.987300000000005,95.17830000000004,6.799399999999992
979,979,979.0,979.0,979.0,979.0,979.0,979.0,979.0,979.0,979.0,979.0,979.0,979.0,979.0,979.0,979.0,979.0,979.0,979.0,979.0,979.0,979.0,979.0,979.0,979.0,979.0,979.0,979.0,979.0,979.0,979.0,979.0,979.0,979.0,979.0,979.0,979.0,979.0,,,,,,,,,,,,,,,,,,,,,,,,,,,,,,,,,,,,,,0.9,305.5242,303.7223,302.4126,301.4715,300.838,300.507,300.5146,300.916,301.7611,303.0701,304.8129,306.8961,309.1606,311.3945,313.363,314.8546,315.7378,316.0174,315.8762,315.689,345.0,473.0,734.0464,68.19100000000003,68.19100000000003,6.799399999999992
980,980,980.0,980.0,980.0,980.0,980.0,980.0,980.0,980.0,980.0,980.0,980.0,980.0,980.0,980.0,980.0,980.0,980.0,980.0,980.0,980.0,980.0,980.0,980.0,980.0,980.0,980.0,980.0,980.0,980.0,980.0,980.0,980.0,980.0,980.0,980.0,980.0,980.0,,,,,,,,,,,,,,,,,,,,,,,,,,,,,,,,,,,,,,0.0,273.0,273.0,273.0,273.0,273.0,273.0,273.0,273.0,273.0,273.0,273.0,273.0,273.0,273.0,273.0,273.0,273.0,273.0,273.0,273.0,293.0,379.0,0.0,397.0658,1117.2938,5.542399999999986
981,981,981.0,981.0,981.0,981.0,981.0,981.0,981.0,981.0,981.0,981.0,981.0,981.0,981.0,981.0,981.0,981.0,981.0,981.0,981.0,981.0,981.0,981.0,981.0,981.0,981.0,981.0,981.0,981.0,981.0,981.0,981.0,981.0,981.0,981.0,981.0,981.0,981.0,,,,,,,,,,,,,,,,,,,,,,,,,,,,,,,,,,,,,,0.1,288.9911,285.4768,282.4772,280.0008,278.0384,276.5656,275.5523,274.9777,274.8479,275.2148,276.1906,277.9585,280.7725,284.9468,290.8307,298.7751,309.0977,322.0603,337.8743,356.7502,349.0,328.0,397.0658,239.2399,720.2279999999998,5.542399999999986
982,982,982.0,982.0,982.0,982.0,982.0,982.0,982.0,982.0,982.0,982.0,982.0,982.0,982.0,982.0,982.0,982.0,982.0,982.0,982.0,982.0,982.0,982.0,982.0,982.0,982.0,982.0,982.0,982.0,982.0,982.0,982.0,982.0,982.0,982.0,982.0,982.0,982.0,,,,,,,,,,,,,,,,,,,,,,,,,,,,,,,,,,,,,,0.2,334.0876,321.3506,310.6481,301.8811,294.9473,289.7201,286.0471,283.7608,282.6936,282.6897,283.611,285.3373,287.7632,290.7963,294.3602,298.4049,302.9224,307.9659,313.6663,320.2418,348.0,471.0,636.3057,161.21950000000004,480.9880999999999,5.542399999999986
983,983,983.0,983.0,983.0,983.0,983.0,983.0,983.0,983.0,983.0,983.0,983.0,983.0,983.0,983.0,983.0,983.0,983.0,983.0,983.0,983.0,983.0,983.0,983.0,983.0,983.0,983.0,983.0,983.0,983.0,983.0,983.0,983.0,983.0,983.0,983.0,983.0,983.0,,,,,,,,,,,,,,,,,,,,,,,,,,,,,,,,,,,,,,0.3,335.5386,325.0516,316.25,308.9293,302.9451,298.1974,294.6242,292.201,290.9479,290.941,292.3264,295.3316,300.2712,307.5412,317.6028,330.962,348.1591,369.7941,396.6184,429.7389,346.0,471.0,797.5252,54.58639999999991,319.7685999999999,5.542399999999986
984,984,984.0,984.0,984.0,984.0,984.0,984.0,984.0,984.0,984.0,984.0,984.0,984.0,984.0,984.0,984.0,984.0,984.0,984.0,984.0,984.0,984.0,984.0,984.0,984.0,984.0,984.0,984.0,984.0,984.0,984.0,984.0,984.0,984.0,984.0,984.0,984.0,984.0,,,,,,,,,,,,,,,,,,,,,,,,,,,,,,,,,,,,,,0.4,334.8941,325.6869,318.0935,311.9155,307.0232,303.3424,300.8462,299.5483,299.4979,300.7765,303.495,307.7935,313.8427,321.85,332.0717,344.8357,360.5805,379.9187,403.7417,433.3968,307.0,321.0,852.1116,19.582,265.1822,5.542399999999986
985,985,985.0,985.0,985.0,985.0,985.0,985.0,985.0,985.0,985.0,985.0,985.0,985.0,985.0,985.0,985.0,985.0,985.0,985.0,985.0,985.0,985.0,985.0,985.0,985.0,985.0,985.0,985.0,985.0,985.0,985.0,985.0,985.0,985.0,985.0,985.0,985.0,985.0,,,,,,,,,,,,,,,,,,,,,,,,,,,,,,,,,,,,,,0.5,304.8261,303.2894,302.2043,301.4488,300.9697,300.7752,300.9179,301.4692,302.4916,304.0119,306.0004,308.3579,310.9169,313.4569,315.7382,317.5505,318.7715,319.4229,319.7119,320.0439,342.0,473.0,871.6936,61.17900000000009,245.6002,5.542399999999986
986,986,986.0,986.0,986.0,986.0,986.0,986.0,986.0,986.0,986.0,986.0,986.0,986.0,986.0,986.0,986.0,986.0,986.0,986.0,986.0,986.0,986.0,986.0,986.0,986.0,986.0,986.0,986.0,986.0,986.0,986.0,986.0,986.0,986.0,986.0,986.0,986.0,986.0,,,,,,,,,,,,,,,,,,,,,,,,,,,,,,,,,,,,,,0.6,331.5037,322.8631,315.8863,310.4188,306.3179,303.4443,301.6663,300.8752,301.0064,302.0628,304.1353,307.4194,312.2216,318.9541,328.1181,340.2814,356.0655,376.1646,401.4304,433.0662,307.0,315.0,932.8726,24.5077,184.42119999999989,5.542399999999986
987,987,987.0,987.0,987.0,987.0,987.0,987.0,987.0,987.0,987.0,987.0,987.0,987.0,987.0,987.0,987.0,987.0,987.0,987.0,987.0,987.0,987.0,987.0,987.0,987.0,987.0,987.0,987.0,987.0,987.0,987.0,987.0,987.0,987.0,987.0,987.0,987.0,987.0,,,,,,,,,,,,,,,,,,,,,,,,,,,,,,,,,,,,,,0.7,304.7492,303.1469,302.0151,301.2336,300.7435,300.5417,300.6651,301.1693,302.1034,303.4859,305.2839,307.4,309.67,311.8763,313.7778,315.1574,315.8791,315.9454,315.5398,315.0411,344.0,471.0,957.3803,66.7663,159.91349999999989,5.542399999999986
988,988,988.0,988.0,988.0,988.0,988.0,988.0,988.0,988.0,988.0,988.0,988.0,988.0,988.0,988.0,988.0,988.0,988.0,988.0,988.0,988.0,988.0,988.0,988.0,988.0,988.0,988.0,988.0,988.0,988.0,988.0,988.0,988.0,988.0,988.0,988.0,988.0,988.0,,,,,,,,,,,,,,,,,,,,,,,,,,,,,,,,,,,,,,0.8,333.0325,323.99,316.6708,310.9128,306.5661,303.4833,301.5238,300.5703,300.5506,301.4616,303.3918,306.5368,311.2062,317.817,326.8752,338.9508,354.6615,374.6892,399.8617,431.3429,306.0,319.0,1024.1466,26.60850000000005,93.14719999999988,5.542399999999986
989,989,989.0,989.0,989.0,989.0,989.0,989.0,989.0,989.0,989.0,989.0,989.0,989.0,989.0,989.0,989.0,989.0,989.0,989.0,989.0,989.0,989.0,989.0,989.0,989.0,989.0,989.0,989.0,989.0,989.0,989.0,989.0,989.0,989.0,989.0,989.0,989.0,989.0,,,,,,,,,,,,,,,,,,,,,,,,,,,,,,,,,,,,,,0.9,303.9806,302.5732,301.5948,300.9221,300.497,300.3206,300.4376,300.9134,301.8089,303.1554,304.9344,307.0641,309.3972,311.7345,313.8541,315.5572,316.724,317.3693,317.6829,318.0441,343.0,472.0,1050.7551,66.53869999999984,66.53869999999984,5.542399999999986
990,990,990.0,990.0,990.0,990.0,990.0,990.0,990.0,990.0,990.0,990.0,990.0,990.0,990.0,990.0,990.0,990.0,990.0,990.0,990.0,990.0,990.0,990.0,990.0,990.0,990.0,990.0,990.0,990.0,990.0,990.0,990.0,990.0,990.0,990.0,990.0,990.0,990.0,,,,,,,,,,,,,,,,,,,,,,,,,,,,,,,,,,,,,,0.0,273.0,273.0,273.0,273.0,273.0,273.0,273.0,273.0,273.0,273.0,273.0,273.0,273.0,273.0,273.0,273.0,273.0,273.0,273.0,273.0,282.0,390.0,0.0,398.0092,1040.9959,5.8063999999999965
991,991,991.0,991.0,991.0,991.0,991.0,991.0,991.0,991.0,991.0,991.0,991.0,991.0,991.0,991.0,991.0,991.0,991.0,991.0,991.0,991.0,991.0,991.0,991.0,991.0,991.0,991.0,991.0,991.0,991.0,991.0,991.0,991.0,991.0,991.0,991.0,991.0,991.0,,,,,,,,,,,,,,,,,,,,,,,,,,,,,,,,,,,,,,0.1,280.2069,278.6303,277.2845,276.1784,275.315,274.6943,274.3215,274.2188,274.4391,275.0819,276.3072,278.3448,281.495,286.1173,292.6052,301.351,312.7104,326.9813,344.4161,365.2848,365.0,379.0,398.0092,222.1307,642.9866999999999,5.8063999999999965
992,992,992.0,992.0,992.0,992.0,992.0,992.0,992.0,992.0,992.0,992.0,992.0,992.0,992.0,992.0,992.0,992.0,992.0,992.0,992.0,992.0,992.0,992.0,992.0,992.0,992.0,992.0,992.0,992.0,992.0,992.0,992.0,992.0,992.0,992.0,992.0,992.0,992.0,,,,,,,,,,,,,,,,,,,,,,,,,,,,,,,,,,,,,,0.2,346.2581,330.3258,317.0018,306.1549,297.652,291.3267,286.9775,284.3862,283.3455,283.6817,285.2712,288.045,291.9867,297.1256,303.5318,311.3143,320.6275,331.6858,344.7885,360.3585,339.0,473.0,620.1399,113.61360000000002,420.8559999999999,5.8063999999999965
993,993,993.0,993.0,993.0,993.0,993.0,993.0,993.0,993.0,993.0,993.0,993.0,993.0,993.0,993.0,993.0,993.0,993.0,993.0,993.0,993.0,993.0,993.0,993.0,993.0,993.0,993.0,993.0,993.0,993.0,993.0,993.0,993.0,993.0,993.0,993.0,993.0,993.0,,,,,,,,,,,,,,,,,,,,,,,,,,,,,,,,,,,,,,0.3,328.9348,320.4961,313.4093,307.4872,302.618,298.7531,295.8958,294.0916,293.4229,294.009,296.0109,299.6385,305.157,312.889,323.2134,336.565,353.4458,374.4679,400.453,432.6302,344.0,471.0,733.7535,42.31650000000002,307.24239999999986,5.8063999999999965
994,994,994.0,994.0,994.0,994.0,994.0,994.0,994.0,994.0,994.0,994.0,994.0,994.0,994.0,994.0,994.0,994.0,994.0,994.0,994.0,994.0,994.0,994.0,994.0,994.0,994.0,994.0,994.0,994.0,994.0,994.0,994.0,994.0,994.0,994.0,994.0,994.0,994.0,,,,,,,,,,,,,,,,,,,,,,,,,,,,,,,,,,,,,,0.4,333.3051,324.4643,317.224,311.4066,306.8921,303.6064,301.5143,300.6151,300.9403,302.5522,305.5427,310.0347,316.1847,324.1902,334.3038,346.8567,362.2984,381.2596,404.6552,433.8568,310.0,324.0,776.07,15.875499999999988,264.92589999999984,5.8063999999999965
995,995,995.0,995.0,995.0,995.0,995.0,995.0,995.0,995.0,995.0,995.0,995.0,995.0,995.0,995.0,995.0,995.0,995.0,995.0,995.0,995.0,995.0,995.0,995.0,995.0,995.0,995.0,995.0,995.0,995.0,995.0,995.0,995.0,995.0,995.0,995.0,995.0,995.0,,,,,,,,,,,,,,,,,,,,,,,,,,,,,,,,,,,,,,0.5,307.2208,305.1771,303.689,302.6361,301.9605,301.6597,301.7701,302.3441,303.4251,305.0231,307.0954,309.5357,312.1749,314.7971,317.1718,319.1018,320.4792,321.3405,321.9067,322.5955,321.0,355.0,791.9455,57.24399999999992,249.05039999999985,5.8063999999999965
996,996,996.0,996.0,996.0,996.0,996.0,996.0,996.0,996.0,996.0,996.0,996.0,996.0,996.0,996.0,996.0,996.0,996.0,996.0,996.0,996.0,996.0,996.0,996.0,996.0,996.0,996.0,996.0,996.0,996.0,996.0,996.0,996.0,996.0,996.0,996.0,996.0,996.0,,,,,,,,,,,,,,,,,,,,,,,,,,,,,,,,,,,,,,0.6,315.1379,310.4235,306.7181,303.9061,301.8852,300.5612,299.8469,299.6645,299.9496,300.6562,301.763,303.2789,305.2477,307.7516,310.9117,314.8863,319.8678,326.0813,333.7878,343.298,342.0,471.0,849.1895,71.04100000000005,191.8064,5.8063999999999965
997,997,997.0,997.0,997.0,997.0,997.0,997.0,997.0,997.0,997.0,997.0,997.0,997.0,997.0,997.0,997.0,997.0,997.0,997.0,997.0,997.0,997.0,997.0,997.0,997.0,997.0,997.0,997.0,997.0,997.0,997.0,997.0,997.0,997.0,997.0,997.0,997.0,997.0,,,,,,,,,,,,,,,,,,,,,,,,,,,,,,,,,,,,,,0.7,331.6287,323.0754,316.1169,310.5804,306.3215,303.2151,301.1578,300.0777,299.949,300.8092,302.7742,306.0488,310.9308,317.8049,327.1296,339.4223,355.255,375.2833,400.3356,431.6036,304.0,319.0,920.2305,26.74090000000001,120.76539999999989,5.8063999999999965
998,998,998.0,998.0,998.0,998.0,998.0,998.0,998.0,998.0,998.0,998.0,998.0,998.0,998.0,998.0,998.0,998.0,998.0,998.0,998.0,998.0,998.0,998.0,998.0,998.0,998.0,998.0,998.0,998.0,998.0,998.0,998.0,998.0,998.0,998.0,998.0,998.0,998.0,,,,,,,,,,,,,,,,,,,,,,,,,,,,,,,,,,,,,,0.8,302.3372,301.2324,300.5064,300.0403,299.7811,299.7359,299.9562,300.5146,301.4788,302.8857,304.7207,306.9038,309.2878,311.6717,313.831,315.5645,316.7504,317.4027,317.7124,318.0611,346.0,471.0,946.9714,67.21209999999996,94.02449999999988,5.8063999999999965
999,999,999.0,999.0,999.0,999.0,999.0,999.0,999.0,999.0,999.0,999.0,999.0,999.0,999.0,999.0,999.0,999.0,999.0,999.0,999.0,999.0,999.0,999.0,999.0,999.0,999.0,999.0,999.0,999.0,999.0,999.0,999.0,999.0,999.0,999.0,999.0,999.0,999.0,,,,,,,,,,,,,,,,,,,,,,,,,,,,,,,,,,,,,,0.9,334.4721,324.9498,317.2315,311.1555,306.5699,303.3217,301.2619,300.2629,300.2414,301.1838,303.1688,306.3831,311.1275,317.8106,326.93,339.0487,354.7798,374.8038,399.951,431.3913,307.0,318.0,1014.1835,26.81239999999991,26.81239999999991,5.8063999999999965
1000,1000,1000.0,1000.0,1000.0,1000.0,1000.0,1000.0,1000.0,1000.0,1000.0,1000.0,1000.0,1000.0,1000.0,1000.0,1000.0,1000.0,1000.0,1000.0,1000.0,1000.0,1000.0,1000.0,1000.0,1000.0,1000.0,1000.0,1000.0,1000.0,1000.0,1000.0,1000.0,1000.0,1000.0,1000.0,1000.0,1000.0,1000.0,,,,,,,,,,,,,,,,,,,,,,,,,,,,,,,,,,,,,,0.0,273.0,273.0,273.0,273.0,273.0,273.0,273.0,273.0,273.0,273.0,273.0,273.0,273.0,273.0,273.0,273.0,273.0,273.0,273.0,273.0,293.0,380.0,0.0,396.7566,1106.9242,5.754799999999989
1001,1001,1001.0,1001.0,1001.0,1001.0,1001.0,1001.0,1001.0,1001.0,1001.0,1001.0,1001.0,1001.0,1001.0,1001.0,1001.0,1001.0,1001.0,1001.0,1001.0,1001.0,1001.0,1001.0,1001.0,1001.0,1001.0,1001.0,1001.0,1001.0,1001.0,1001.0,1001.0,1001.0,1001.0,1001.0,1001.0,1001.0,1001.0,,,,,,,,,,,,,,,,,,,,,,,,,,,,,,,,,,,,,,0.1,288.9911,285.4768,282.4773,280.001,278.039,276.5668,275.5548,274.9823,274.8566,275.2302,276.2171,278.0026,280.8432,285.056,290.9937,299.0106,309.4275,322.5092,338.4707,357.5275,349.0,332.0,396.7566,237.0319,710.1676,5.754799999999989
1002,1002,1002.0,1002.0,1002.0,1002.0,1002.0,1002.0,1002.0,1002.0,1002.0,1002.0,1002.0,1002.0,1002.0,1002.0,1002.0,1002.0,1002.0,1002.0,1002.0,1002.0,1002.0,1002.0,1002.0,1002.0,1002.0,1002.0,1002.0,1002.0,1002.0,1002.0,1002.0,1002.0,1002.0,1002.0,1002.0,1002.0,1002.0,,,,,,,,,,,,,,,,,,,,,,,,,,,,,,,,,,,,,,0.2,334.0886,321.353,310.6524,301.8883,294.9589,289.7386,286.0763,283.8065,282.7646,282.7988,283.7769,285.5861,288.1304,291.3284,295.1159,299.4556,304.3518,309.8689,316.1479,323.4179,349.0,473.0,633.7885,157.0593,473.13569999999993,5.754799999999989
1003,1003,1003.0,1003.0,1003.0,1003.0,1003.0,1003.0,1003.0,1003.0,1003.0,1003.0,1003.0,1003.0,1003.0,1003.0,1003.0,1003.0,1003.0,1003.0,1003.0,1003.0,1003.0,1003.0,1003.0,1003.0,1003.0,1003.0,1003.0,1003.0,1003.0,1003.0,1003.0,1003.0,1003.0,1003.0,1003.0,1003.0,1003.0,,,,,,,,,,,,,,,,,,,,,,,,,,,,,,,,,,,,,,0.3,336.3273,325.6664,316.7245,309.2951,303.2321,298.4341,294.8371,292.4149,291.1856,291.2232,292.6717,295.7563,300.7889,308.1628,318.3373,331.818,349.149,370.9395,397.9592,431.3466,346.0,473.0,790.8478,52.89840000000004,316.0763999999999,5.754799999999989
1004,1004,1004.0,1004.0,1004.0,1004.0,1004.0,1004.0,1004.0,1004.0,1004.0,1004.0,1004.0,1004.0,1004.0,1004.0,1004.0,1004.0,1004.0,1004.0,1004.0,1004.0,1004.0,1004.0,1004.0,1004.0,1004.0,1004.0,1004.0,1004.0,1004.0,1004.0,1004.0,1004.0,1004.0,1004.0,1004.0,1004.0,1004.0,,,,,,,,,,,,,,,,,,,,,,,,,,,,,,,,,,,,,,0.4,334.9375,325.7719,318.2165,312.0723,307.2094,303.5548,301.0836,299.8116,299.7902,301.1029,303.8624,308.2101,314.3184,322.3963,332.7031,345.5713,361.4463,380.952,404.9975,434.9587,309.0,324.0,843.7462,18.30919999999992,263.1779999999999,5.754799999999989
1005,1005,1005.0,1005.0,1005.0,1005.0,1005.0,1005.0,1005.0,1005.0,1005.0,1005.0,1005.0,1005.0,1005.0,1005.0,1005.0,1005.0,1005.0,1005.0,1005.0,1005.0,1005.0,1005.0,1005.0,1005.0,1005.0,1005.0,1005.0,1005.0,1005.0,1005.0,1005.0,1005.0,1005.0,1005.0,1005.0,1005.0,1005.0,,,,,,,,,,,,,,,,,,,,,,,,,,,,,,,,,,,,,,0.5,306.4335,304.5631,303.2018,302.2255,301.5777,301.2619,301.3246,301.831,302.8383,304.3691,306.3915,308.8065,311.4491,314.1035,316.5368,318.5471,320.0211,320.99,321.6703,322.4767,325.0,363.0,862.0554,58.918300000000045,244.8688,5.754799999999989
1006,1006,1006.0,1006.0,1006.0,1006.0,1006.0,1006.0,1006.0,1006.0,1006.0,1006.0,1006.0,1006.0,1006.0,1006.0,1006.0,1006.0,1006.0,1006.0,1006.0,1006.0,1006.0,1006.0,1006.0,1006.0,1006.0,1006.0,1006.0,1006.0,1006.0,1006.0,1006.0,1006.0,1006.0,1006.0,1006.0,1006.0,1006.0,,,,,,,,,,,,,,,,,,,,,,,,,,,,,,,,,,,,,,0.6,318.2281,312.7333,308.3701,305.0177,302.5665,300.9125,299.9574,299.6122,299.8036,300.4816,301.6264,303.2554,305.4275,308.2459,311.8566,316.4448,322.2293,329.4602,338.4235,349.4594,340.0,473.0,920.9737,67.89319999999998,185.95049999999992,5.754799999999989
1007,1007,1007.0,1007.0,1007.0,1007.0,1007.0,1007.0,1007.0,1007.0,1007.0,1007.0,1007.0,1007.0,1007.0,1007.0,1007.0,1007.0,1007.0,1007.0,1007.0,1007.0,1007.0,1007.0,1007.0,1007.0,1007.0,1007.0,1007.0,1007.0,1007.0,1007.0,1007.0,1007.0,1007.0,1007.0,1007.0,1007.0,1007.0,,,,,,,,,,,,,,,,,,,,,,,,,,,,,,,,,,,,,,0.7,330.1579,322.0539,315.4648,310.2189,306.1776,303.2271,301.2794,300.2799,300.2201,301.1516,303.2002,306.5751,311.5731,318.5742,328.0299,340.4517,356.4108,376.5704,401.779,433.2648,305.0,317.0,988.8669,25.14779999999996,118.05729999999994,5.754799999999989
1008,1008,1008.0,1008.0,1008.0,1008.0,1008.0,1008.0,1008.0,1008.0,1008.0,1008.0,1008.0,1008.0,1008.0,1008.0,1008.0,1008.0,1008.0,1008.0,1008.0,1008.0,1008.0,1008.0,1008.0,1008.0,1008.0,1008.0,1008.0,1008.0,1008.0,1008.0,1008.0,1008.0,1008.0,1008.0,1008.0,1008.0,1008.0,,,,,,,,,,,,,,,,,,,,,,,,,,,,,,,,,,,,,,0.8,303.1064,301.8052,300.9217,300.339,300.0032,299.9175,300.1273,300.6973,301.6866,303.123,304.9822,307.1742,309.5411,311.8704,313.9261,315.4956,316.4481,316.7911,316.7132,316.5976,346.0,473.0,1014.0147,67.02999999999997,92.90949999999998,5.754799999999989
1009,1009,1009.0,1009.0,1009.0,1009.0,1009.0,1009.0,1009.0,1009.0,1009.0,1009.0,1009.0,1009.0,1009.0,1009.0,1009.0,1009.0,1009.0,1009.0,1009.0,1009.0,1009.0,1009.0,1009.0,1009.0,1009.0,1009.0,1009.0,1009.0,1009.0,1009.0,1009.0,1009.0,1009.0,1009.0,1009.0,1009.0,1009.0,,,,,,,,,,,,,,,,,,,,,,,,,,,,,,,,,,,,,,0.9,334.5078,325.019,317.3298,311.2769,306.7078,303.4696,301.4139,300.4144,300.3896,301.3283,303.3126,306.5338,311.2989,318.0244,327.2167,339.4485,355.3425,375.5894,401.0328,432.8642,305.0,320.0,1081.0447,25.879500000000007,25.879500000000007,5.754799999999989
1010,1010,1010.0,1010.0,1010.0,1010.0,1010.0,1010.0,1010.0,1010.0,1010.0,1010.0,1010.0,1010.0,1010.0,1010.0,1010.0,1010.0,1010.0,1010.0,1010.0,1010.0,1010.0,1010.0,1010.0,1010.0,1010.0,1010.0,1010.0,1010.0,1010.0,1010.0,1010.0,1010.0,1010.0,1010.0,1010.0,1010.0,1010.0,,,,,,,,,,,,,,,,,,,,,,,,,,,,,,,,,,,,,,0.0,273.0,273.0,273.0,273.0,273.0,273.0,273.0,273.0,273.0,273.0,273.0,273.0,273.0,273.0,273.0,273.0,273.0,273.0,273.0,273.0,333.0,320.0,0.0,405.698,1020.9865,5.947000000000003
1011,1011,1011.0,1011.0,1011.0,1011.0,1011.0,1011.0,1011.0,1011.0,1011.0,1011.0,1011.0,1011.0,1011.0,1011.0,1011.0,1011.0,1011.0,1011.0,1011.0,1011.0,1011.0,1011.0,1011.0,1011.0,1011.0,1011.0,1011.0,1011.0,1011.0,1011.0,1011.0,1011.0,1011.0,1011.0,1011.0,1011.0,1011.0,,,,,,,,,,,,,,,,,,,,,,,,,,,,,,,,,,,,,,0.1,320.7212,310.1086,301.1194,293.7095,287.799,283.2605,279.9272,277.6146,276.1475,275.3845,275.2364,275.6752,276.7345,278.4999,281.0924,284.6464,289.2853,295.1023,302.1501,310.447,379.0,473.0,405.698,251.0362,615.2885,5.947000000000003
1012,1012,1012.0,1012.0,1012.0,1012.0,1012.0,1012.0,1012.0,1012.0,1012.0,1012.0,1012.0,1012.0,1012.0,1012.0,1012.0,1012.0,1012.0,1012.0,1012.0,1012.0,1012.0,1012.0,1012.0,1012.0,1012.0,1012.0,1012.0,1012.0,1012.0,1012.0,1012.0,1012.0,1012.0,1012.0,1012.0,1012.0,1012.0,,,,,,,,,,,,,,,,,,,,,,,,,,,,,,,,,,,,,,0.2,358.7032,341.632,327.3322,315.497,305.8919,298.3151,292.587,288.5591,286.1352,285.297,286.1263,288.8192,293.6864,301.1384,311.656,325.757,343.9756,366.8835,395.1872,429.9489,323.0,471.0,656.7342,71.20630000000006,364.2523,5.947000000000003
1013,1013,1013.0,1013.0,1013.0,1013.0,1013.0,1013.0,1013.0,1013.0,1013.0,1013.0,1013.0,1013.0,1013.0,1013.0,1013.0,1013.0,1013.0,1013.0,1013.0,1013.0,1013.0,1013.0,1013.0,1013.0,1013.0,1013.0,1013.0,1013.0,1013.0,1013.0,1013.0,1013.0,1013.0,1013.0,1013.0,1013.0,1013.0,,,,,,,,,,,,,,,,,,,,,,,,,,,,,,,,,,,,,,0.3,317.2399,312.5132,308.5398,305.1373,302.2276,299.8314,298.051,297.0483,297.0206,298.1822,300.751,304.9437,310.9784,319.0838,329.5171,342.5931,358.7278,378.5076,402.7987,432.9279,341.0,472.0,727.9405,31.980299999999943,293.04599999999994,5.947000000000003
1014,1014,1014.0,1014.0,1014.0,1014.0,1014.0,1014.0,1014.0,1014.0,1014.0,1014.0,1014.0,1014.0,1014.0,1014.0,1014.0,1014.0,1014.0,1014.0,1014.0,1014.0,1014.0,1014.0,1014.0,1014.0,1014.0,1014.0,1014.0,1014.0,1014.0,1014.0,1014.0,1014.0,1014.0,1014.0,1014.0,1014.0,1014.0,,,,,,,,,,,,,,,,,,,,,,,,,,,,,,,,,,,,,,0.4,330.8793,322.5478,315.7982,310.4821,306.4911,303.747,302.1985,301.822,302.6233,304.6407,307.9465,312.6495,318.8993,326.8936,336.8929,349.2435,364.4171,383.0722,406.1555,435.0737,310.0,319.0,759.9208,12.590199999999982,261.0657,5.947000000000003
1015,1015,1015.0,1015.0,1015.0,1015.0,1015.0,1015.0,1015.0,1015.0,1015.0,1015.0,1015.0,1015.0,1015.0,1015.0,1015.0,1015.0,1015.0,1015.0,1015.0,1015.0,1015.0,1015.0,1015.0,1015.0,1015.0,1015.0,1015.0,1015.0,1015.0,1015.0,1015.0,1015.0,1015.0,1015.0,1015.0,1015.0,1015.0,,,,,,,,,,,,,,,,,,,,,,,,,,,,,,,,,,,,,,0.5,307.2201,305.1897,303.7405,302.7591,302.1887,302.0217,302.2845,303.0152,304.2403,305.9514,308.0869,310.5214,313.0665,315.4872,317.5344,318.9931,319.7403,319.8011,319.3902,318.9248,319.0,350.0,772.511,56.506000000000085,248.4755,5.947000000000003
1016,1016,1016.0,1016.0,1016.0,1016.0,1016.0,1016.0,1016.0,1016.0,1016.0,1016.0,1016.0,1016.0,1016.0,1016.0,1016.0,1016.0,1016.0,1016.0,1016.0,1016.0,1016.0,1016.0,1016.0,1016.0,1016.0,1016.0,1016.0,1016.0,1016.0,1016.0,1016.0,1016.0,1016.0,1016.0,1016.0,1016.0,1016.0,,,,,,,,,,,,,,,,,,,,,,,,,,,,,,,,,,,,,,0.6,313.6055,309.297,305.9394,303.4199,301.6384,300.5027,299.9277,299.8366,300.1648,300.8647,301.9115,303.309,305.0951,307.345,310.1723,313.7273,318.1932,323.7839,330.7451,339.3656,339.0,473.0,829.017,73.2562999999999,191.96949999999995,5.947000000000003
1017,1017,1017.0,1017.0,1017.0,1017.0,1017.0,1017.0,1017.0,1017.0,1017.0,1017.0,1017.0,1017.0,1017.0,1017.0,1017.0,1017.0,1017.0,1017.0,1017.0,1017.0,1017.0,1017.0,1017.0,1017.0,1017.0,1017.0,1017.0,1017.0,1017.0,1017.0,1017.0,1017.0,1017.0,1017.0,1017.0,1017.0,1017.0,,,,,,,,,,,,,,,,,,,,,,,,,,,,,,,,,,,,,,0.7,329.2385,321.1945,314.6599,309.4716,305.4925,302.6037,300.7074,299.7379,299.6768,300.5704,302.5452,305.8197,310.7074,317.6108,327.0069,339.4299,355.4662,375.782,401.2153,432.9726,310.0,321.0,902.2733,26.93350000000009,118.71320000000004,5.947000000000003
1018,1018,1018.0,1018.0,1018.0,1018.0,1018.0,1018.0,1018.0,1018.0,1018.0,1018.0,1018.0,1018.0,1018.0,1018.0,1018.0,1018.0,1018.0,1018.0,1018.0,1018.0,1018.0,1018.0,1018.0,1018.0,1018.0,1018.0,1018.0,1018.0,1018.0,1018.0,1018.0,1018.0,1018.0,1018.0,1018.0,1018.0,1018.0,,,,,,,,,,,,,,,,,,,,,,,,,,,,,,,,,,,,,,0.8,306.9757,304.6945,302.9818,301.718,300.8414,300.342,300.2481,300.6062,301.4586,302.8201,304.6591,306.8839,309.3412,311.828,314.1214,316.0236,317.4176,318.3226,318.9351,319.6419,344.0,473.0,929.2068,66.03189999999995,91.77969999999992,5.947000000000003
1019,1019,1019.0,1019.0,1019.0,1019.0,1019.0,1019.0,1019.0,1019.0,1019.0,1019.0,1019.0,1019.0,1019.0,1019.0,1019.0,1019.0,1019.0,1019.0,1019.0,1019.0,1019.0,1019.0,1019.0,1019.0,1019.0,1019.0,1019.0,1019.0,1019.0,1019.0,1019.0,1019.0,1019.0,1019.0,1019.0,1019.0,1019.0,,,,,,,,,,,,,,,,,,,,,,,,,,,,,,,,,,,,,,0.9,333.0569,324.0324,316.7201,310.9561,306.592,303.4853,301.503,300.5365,300.5216,301.4621,303.4501,306.682,311.4651,318.2114,327.4211,339.6594,355.5434,375.7613,401.1579,432.9297,304.0,317.0,995.2387,25.747799999999984,25.747799999999984,5.947000000000003
1020,1020,1020.0,1020.0,1020.0,1020.0,1020.0,1020.0,1020.0,1020.0,1020.0,1020.0,1020.0,1020.0,1020.0,1020.0,1020.0,1020.0,1020.0,1020.0,1020.0,1020.0,1020.0,1020.0,1020.0,1020.0,1020.0,1020.0,1020.0,1020.0,1020.0,1020.0,1020.0,1020.0,1020.0,1020.0,1020.0,1020.0,,,,,,,,,,,,,,,,,,,,,,,,,,,,,,,,,,,,,,,0.0,273.0,273.0,273.0,273.0,273.0,273.0,273.0,273.0,273.0,273.0,273.0,273.0,273.0,273.0,273.0,273.0,273.0,273.0,273.0,273.0,327.0,473.0,0.0,364.5018,802.3551,-20.0
1021,1021,1021.0,1021.0,1021.0,1021.0,1021.0,1021.0,1021.0,1021.0,1021.0,1021.0,1021.0,1021.0,1021.0,1021.0,1021.0,1021.0,1021.0,1021.0,1021.0,1021.0,1021.0,1021.0,1021.0,1021.0,1021.0,1021.0,1021.0,1021.0,1021.0,1021.0,1021.0,1021.0,1021.0,1021.0,1021.0,1021.0,,,,,,,,,,,,,,,,,,,,,,,,,,,,,,,,,,,,,,,0.1,315.9869,306.4492,298.3658,291.7122,286.4335,282.4402,279.6244,277.8896,277.1891,277.5634,279.1716,282.3092,287.4085,295.0161,305.7497,320.2456,339.117,362.9587,392.4411,428.5436,316.0,473.0,364.5018,123.8643,437.8533,-11.609800000000009
1022,1022,1022.0,1022.0,1022.0,1022.0,1022.0,1022.0,1022.0,1022.0,1022.0,1022.0,1022.0,1022.0,1022.0,1022.0,1022.0,1022.0,1022.0,1022.0,1022.0,1022.0,1022.0,1022.0,1022.0,1022.0,1022.0,1022.0,1022.0,1022.0,1022.0,1022.0,1022.0,1022.0,1022.0,1022.0,1022.0,1022.0,,,,,,,,,,,,,,,,,,,,,,,,,,,,,,,,,,,,,,,0.2,309.304,303.6098,298.8124,294.8535,291.7183,289.4321,288.0562,287.6834,288.4336,290.4501,293.8972,298.9591,305.8406,314.7724,326.0226,339.9195,356.8924,377.5392,402.739,433.8414,290.0,472.0,488.3661,53.84289999999993,313.989,-5.767899999999997
1023,1023,1023.0,1023.0,1023.0,1023.0,1023.0,1023.0,1023.0,1023.0,1023.0,1023.0,1023.0,1023.0,1023.0,1023.0,1023.0,1023.0,1023.0,1023.0,1023.0,1023.0,1023.0,1023.0,1023.0,1023.0,1023.0,1023.0,1023.0,1023.0,1023.0,1023.0,1023.0,1023.0,1023.0,1023.0,1023.0,1023.0,,,,,,,,,,,,,,,,,,,,,,,,,,,,,,,,,,,,,,,0.3,289.4158,289.1292,289.0688,289.2066,289.5645,290.2137,291.2669,292.8674,295.178,298.3715,302.6273,308.132,315.0863,323.718,334.3022,347.1911,362.8571,381.9589,405.4457,434.7306,280.0,471.0,542.209,42.16600000000005,260.14610000000005,-6.236299999999972
1024,1024,1024.0,1024.0,1024.0,1024.0,1024.0,1024.0,1024.0,1024.0,1024.0,1024.0,1024.0,1024.0,1024.0,1024.0,1024.0,1024.0,1024.0,1024.0,1024.0,1024.0,1024.0,1024.0,1024.0,1024.0,1024.0,1024.0,1024.0,1024.0,1024.0,1024.0,1024.0,1024.0,1024.0,1024.0,1024.0,1024.0,,,,,,,,,,,,,,,,,,,,,,,,,,,,,,,,,,,,,,,0.4,281.1975,282.524,283.9672,285.5365,287.2677,289.2237,291.4925,294.1834,297.4232,301.3537,306.1322,311.9342,318.9615,327.4536,337.707,350.1018,365.1424,383.5198,406.2106,434.6439,283.0,471.0,584.375,40.63329999999996,217.9801,-8.576300000000003
1025,1025,1025.0,1025.0,1025.0,1025.0,1025.0,1025.0,1025.0,1025.0,1025.0,1025.0,1025.0,1025.0,1025.0,1025.0,1025.0,1025.0,1025.0,1025.0,1025.0,1025.0,1025.0,1025.0,1025.0,1025.0,1025.0,1025.0,1025.0,1025.0,1025.0,1025.0,1025.0,1025.0,1025.0,1025.0,1025.0,1025.0,,,,,,,,,,,,,,,,,,,,,,,,,,,,,,,,,,,,,,,0.5,283.3683,283.984,284.8745,286.0717,287.6129,289.5425,291.9143,294.794,298.2627,302.4201,307.3895,313.3224,320.4074,328.8806,339.043,351.2854,366.1264,384.2726,406.7153,434.8955,282.0,471.0,625.0083,38.56140000000005,177.34680000000003,-9.707499999999982
1026,1026,1026.0,1026.0,1026.0,1026.0,1026.0,1026.0,1026.0,1026.0,1026.0,1026.0,1026.0,1026.0,1026.0,1026.0,1026.0,1026.0,1026.0,1026.0,1026.0,1026.0,1026.0,1026.0,1026.0,1026.0,1026.0,1026.0,1026.0,1026.0,1026.0,1026.0,1026.0,1026.0,1026.0,1026.0,1026.0,1026.0,,,,,,,,,,,,,,,,,,,,,,,,,,,,,,,,,,,,,,,0.6,282.6717,283.5615,284.6921,286.0932,287.8029,289.8686,292.3482,295.3118,298.8439,303.046,308.0414,313.9814,321.0533,329.4931,339.6025,351.7741,366.5298,384.5804,406.9215,434.9983,283.0,472.0,663.5697,37.65999999999997,138.78539999999998,-10.931399999999996
1027,1027,1027.0,1027.0,1027.0,1027.0,1027.0,1027.0,1027.0,1027.0,1027.0,1027.0,1027.0,1027.0,1027.0,1027.0,1027.0,1027.0,1027.0,1027.0,1027.0,1027.0,1027.0,1027.0,1027.0,1027.0,1027.0,1027.0,1027.0,1027.0,1027.0,1027.0,1027.0,1027.0,1027.0,1027.0,1027.0,1027.0,,,,,,,,,,,,,,,,,,,,,,,,,,,,,,,,,,,,,,,0.7,283.4933,284.2317,285.2406,286.5506,288.1982,290.2269,292.6895,295.65,299.1871,303.3977,308.4022,314.3504,321.4304,329.8804,340.0059,352.2042,367.0033,385.1207,407.5614,435.7839,285.0,456.0,701.2297,33.63760000000002,101.1254,-12.223099999999988
1028,1028,1028.0,1028.0,1028.0,1028.0,1028.0,1028.0,1028.0,1028.0,1028.0,1028.0,1028.0,1028.0,1028.0,1028.0,1028.0,1028.0,1028.0,1028.0,1028.0,1028.0,1028.0,1028.0,1028.0,1028.0,1028.0,1028.0,1028.0,1028.0,1028.0,1028.0,1028.0,1028.0,1028.0,1028.0,1028.0,1028.0,,,,,,,,,,,,,,,,,,,,,,,,,,,,,,,,,,,,,,,0.8,285.1457,285.5831,286.3362,287.4331,288.9066,290.7942,293.1401,295.9967,299.4275,303.5094,308.3367,314.0267,320.7269,328.628,337.981,349.1234,362.5152,378.7923,398.8459,423.9527,284.0,473.0,734.8673,36.642600000000016,67.4878,-13.4058
1029,1029,1029.0,1029.0,1029.0,1029.0,1029.0,1029.0,1029.0,1029.0,1029.0,1029.0,1029.0,1029.0,1029.0,1029.0,1029.0,1029.0,1029.0,1029.0,1029.0,1029.0,1029.0,1029.0,1029.0,1029.0,1029.0,1029.0,1029.0,1029.0,1029.0,1029.0,1029.0,1029.0,1029.0,1029.0,1029.0,1029.0,,,,,,,,,,,,,,,,,,,,,,,,,,,,,,,,,,,,,,,0.9,284.4306,285.1175,286.0745,287.3231,288.8931,290.8239,293.1659,295.9829,299.3553,303.3848,308.1998,313.9632,320.8806,329.2116,339.2845,351.5174,366.4523,384.8119,407.5971,436.2571,338.0,471.0,771.5099,30.845199999999977,30.845199999999977,-15.22610000000003
1030,1030,1030.0,1030.0,1030.0,1030.0,1030.0,1030.0,1030.0,1030.0,1030.0,1030.0,1030.0,1030.0,1030.0,1030.0,1030.0,1030.0,1030.0,1030.0,1030.0,1030.0,1030.0,1030.0,1030.0,1030.0,1030.0,1030.0,1030.0,1030.0,1030.0,1030.0,1030.0,1030.0,1030.0,1030.0,1030.0,1030.0,,,,,,,,,,,,,,,,,,,,,,,,,,,,,,,,,,,,,,,0.0,273.0,273.0,273.0,273.0,273.0,273.0,273.0,273.0,273.0,273.0,273.0,273.0,273.0,273.0,273.0,273.0,273.0,273.0,273.0,273.0,328.0,472.0,0.0,364.376,811.3787,-20.0
1031,1031,1031.0,1031.0,1031.0,1031.0,1031.0,1031.0,1031.0,1031.0,1031.0,1031.0,1031.0,1031.0,1031.0,1031.0,1031.0,1031.0,1031.0,1031.0,1031.0,1031.0,1031.0,1031.0,1031.0,1031.0,1031.0,1031.0,1031.0,1031.0,1031.0,1031.0,1031.0,1031.0,1031.0,1031.0,1031.0,1031.0,,,,,,,,,,,,,,,,,,,,,,,,,,,,,,,,,,,,,,,0.1,316.777,307.0611,298.8284,292.0524,286.6759,282.6069,279.7342,277.9575,277.2258,277.5757,279.1618,282.2759,287.3462,294.9154,305.5976,320.0257,338.809,362.5383,391.8775,427.7943,318.0,473.0,364.376,123.57640000000004,447.0027,-11.443100000000015
1032,1032,1032.0,1032.0,1032.0,1032.0,1032.0,1032.0,1032.0,1032.0,1032.0,1032.0,1032.0,1032.0,1032.0,1032.0,1032.0,1032.0,1032.0,1032.0,1032.0,1032.0,1032.0,1032.0,1032.0,1032.0,1032.0,1032.0,1032.0,1032.0,1032.0,1032.0,1032.0,1032.0,1032.0,1032.0,1032.0,1032.0,,,,,,,,,,,,,,,,,,,,,,,,,,,,,,,,,,,,,,,0.2,310.9173,304.8938,299.8183,295.6274,292.3015,289.8612,288.3624,287.8926,288.5666,290.5233,293.9235,298.9487,305.8022,314.714,325.9522,339.8452,356.822,377.4798,402.6964,433.8193,290.0,472.0,487.9524,52.95010000000002,323.4263,-5.338799999999992
1033,1033,1033.0,1033.0,1033.0,1033.0,1033.0,1033.0,1033.0,1033.0,1033.0,1033.0,1033.0,1033.0,1033.0,1033.0,1033.0,1033.0,1033.0,1033.0,1033.0,1033.0,1033.0,1033.0,1033.0,1033.0,1033.0,1033.0,1033.0,1033.0,1033.0,1033.0,1033.0,1033.0,1033.0,1033.0,1033.0,1033.0,,,,,,,,,,,,,,,,,,,,,,,,,,,,,,,,,,,,,,,0.3,289.4909,289.2717,289.2652,289.4389,289.8136,290.4615,291.4985,293.0721,295.3494,298.5076,302.7293,308.2034,315.1319,323.7435,334.3132,347.1925,362.8532,381.9532,405.4406,434.7277,278.0,471.0,540.9025,42.04869999999994,270.47619999999995,-5.988499999999988
1034,1034,1034.0,1034.0,1034.0,1034.0,1034.0,1034.0,1034.0,1034.0,1034.0,1034.0,1034.0,1034.0,1034.0,1034.0,1034.0,1034.0,1034.0,1034.0,1034.0,1034.0,1034.0,1034.0,1034.0,1034.0,1034.0,1034.0,1034.0,1034.0,1034.0,1034.0,1034.0,1034.0,1034.0,1034.0,1034.0,1034.0,,,,,,,,,,,,,,,,,,,,,,,,,,,,,,,,,,,,,,,0.4,279.6257,281.3298,283.096,284.932,286.8747,288.9909,291.3749,294.1437,297.432,301.3893,306.1793,311.9831,319.0064,327.4917,337.7374,350.1248,365.1588,383.5308,406.2172,434.647,282.0,471.0,582.9512,41.49680000000001,228.4275,-8.8091
1035,1035,1035.0,1035.0,1035.0,1035.0,1035.0,1035.0,1035.0,1035.0,1035.0,1035.0,1035.0,1035.0,1035.0,1035.0,1035.0,1035.0,1035.0,1035.0,1035.0,1035.0,1035.0,1035.0,1035.0,1035.0,1035.0,1035.0,1035.0,1035.0,1035.0,1035.0,1035.0,1035.0,1035.0,1035.0,1035.0,1035.0,,,,,,,,,,,,,,,,,,,,,,,,,,,,,,,,,,,,,,,0.5,282.5127,283.2546,284.2573,285.5557,287.1888,289.2017,291.6477,294.5922,298.1158,302.3182,307.3229,313.2824,320.3863,328.8721,339.0423,351.2888,366.1313,384.2773,406.7189,434.8974,284.0,472.0,624.448,39.13970000000006,186.9307,-10.048299999999983
1036,1036,1036.0,1036.0,1036.0,1036.0,1036.0,1036.0,1036.0,1036.0,1036.0,1036.0,1036.0,1036.0,1036.0,1036.0,1036.0,1036.0,1036.0,1036.0,1036.0,1036.0,1036.0,1036.0,1036.0,1036.0,1036.0,1036.0,1036.0,1036.0,1036.0,1036.0,1036.0,1036.0,1036.0,1036.0,1036.0,1036.0,,,,,,,,,,,,,,,,,,,,,,,,,,,,,,,,,,,,,,,0.6,284.2161,284.705,285.4954,286.62,288.1161,290.0263,292.4009,295.3007,298.8007,302.9943,307.9984,313.9599,321.0645,329.5481,339.7139,351.9578,366.8055,384.9731,407.4641,435.7359,282.0,470.0,663.5877,36.8931,147.79099999999994,-10.77370000000002
1037,1037,1037.0,1037.0,1037.0,1037.0,1037.0,1037.0,1037.0,1037.0,1037.0,1037.0,1037.0,1037.0,1037.0,1037.0,1037.0,1037.0,1037.0,1037.0,1037.0,1037.0,1037.0,1037.0,1037.0,1037.0,1037.0,1037.0,1037.0,1037.0,1037.0,1037.0,1037.0,1037.0,1037.0,1037.0,1037.0,1037.0,,,,,,,,,,,,,,,,,,,,,,,,,,,,,,,,,,,,,,,0.7,282.7455,283.7055,284.8993,286.3547,288.1085,290.2083,292.7126,295.6925,299.2327,303.4348,308.4209,314.3398,321.3761,329.7617,339.7942,351.8625,366.4846,384.3673,406.5013,434.3222,281.0,471.0,700.4808,37.05949999999996,110.89789999999994,-12.24169999999998
1038,1038,1038.0,1038.0,1038.0,1038.0,1038.0,1038.0,1038.0,1038.0,1038.0,1038.0,1038.0,1038.0,1038.0,1038.0,1038.0,1038.0,1038.0,1038.0,1038.0,1038.0,1038.0,1038.0,1038.0,1038.0,1038.0,1038.0,1038.0,1038.0,1038.0,1038.0,1038.0,1038.0,1038.0,1038.0,1038.0,1038.0,,,,,,,,,,,,,,,,,,,,,,,,,,,,,,,,,,,,,,,0.8,281.9348,283.0638,284.4088,285.9987,287.8709,290.0723,292.6608,295.7067,299.2952,303.529,308.5333,314.4615,321.504,329.9003,339.9559,352.0675,366.7608,384.7494,407.0312,435.0518,282.0,472.0,737.5403,37.31039999999996,73.83839999999998,-14.127700000000004
1039,1039,1039.0,1039.0,1039.0,1039.0,1039.0,1039.0,1039.0,1039.0,1039.0,1039.0,1039.0,1039.0,1039.0,1039.0,1039.0,1039.0,1039.0,1039.0,1039.0,1039.0,1039.0,1039.0,1039.0,1039.0,1039.0,1039.0,1039.0,1039.0,1039.0,1039.0,1039.0,1039.0,1039.0,1039.0,1039.0,1039.0,,,,,,,,,,,,,,,,,,,,,,,,,,,,,,,,,,,,,,,0.9,282.7036,283.63,284.8055,286.2613,288.0344,290.1691,292.7186,295.7478,299.3362,303.5821,308.6071,314.5629,321.6393,330.0765,340.1819,352.355,367.1253,385.2122,407.6219,435.8138,281.0,469.0,774.8507,36.52800000000002,36.52800000000002,-15.880899999999995
1040,1040,1040.0,1040.0,1040.0,1040.0,1040.0,1040.0,1040.0,1040.0,1040.0,1040.0,1040.0,1040.0,1040.0,1040.0,1040.0,1040.0,1040.0,1040.0,1040.0,1040.0,1040.0,1040.0,1040.0,1040.0,1040.0,1040.0,1040.0,1040.0,1040.0,1040.0,1040.0,1040.0,1040.0,1040.0,1040.0,1040.0,,,,,,,,,,,,,,,,,,,,,,,,,,,,,,,,,,,,,,,0.0,273.0,273.0,273.0,273.0,273.0,273.0,273.0,273.0,273.0,273.0,273.0,273.0,273.0,273.0,273.0,273.0,273.0,273.0,273.0,273.0,326.0,471.0,0.0,365.0821,707.7934,3.7989000000000033
1041,1041,1041.0,1041.0,1041.0,1041.0,1041.0,1041.0,1041.0,1041.0,1041.0,1041.0,1041.0,1041.0,1041.0,1041.0,1041.0,1041.0,1041.0,1041.0,1041.0,1041.0,1041.0,1041.0,1041.0,1041.0,1041.0,1041.0,1041.0,1041.0,1041.0,1041.0,1041.0,1041.0,1041.0,1041.0,1041.0,1041.0,,,,,,,,,,,,,,,,,,,,,,,,,,,,,,,,,,,,,,,0.1,315.1965,305.8368,297.9026,291.3711,286.1892,282.2698,279.5074,277.8081,277.1274,277.5067,279.105,282.2162,287.2696,294.8073,305.4418,319.8038,338.5,362.1173,391.3134,427.0447,319.0,473.0,365.0821,125.2303,342.7113,3.7989000000000033
1042,1042,1042.0,1042.0,1042.0,1042.0,1042.0,1042.0,1042.0,1042.0,1042.0,1042.0,1042.0,1042.0,1042.0,1042.0,1042.0,1042.0,1042.0,1042.0,1042.0,1042.0,1042.0,1042.0,1042.0,1042.0,1042.0,1042.0,1042.0,1042.0,1042.0,1042.0,1042.0,1042.0,1042.0,1042.0,1042.0,1042.0,,,,,,,,,,,,,,,,,,,,,,,,,,,,,,,,,,,,,,,0.2,311.6415,305.3789,300.1044,295.7565,292.3147,289.7957,288.2493,287.7553,288.421,290.3786,293.784,298.8155,305.6754,314.5938,325.8397,339.743,356.7337,377.4095,402.6476,433.7944,288.0,473.0,490.3124,53.6386,217.481,3.7989000000000033
1043,1043,1043.0,1043.0,1043.0,1043.0,1043.0,1043.0,1043.0,1043.0,1043.0,1043.0,1043.0,1043.0,1043.0,1043.0,1043.0,1043.0,1043.0,1043.0,1043.0,1043.0,1043.0,1043.0,1043.0,1043.0,1043.0,1043.0,1043.0,1043.0,1043.0,1043.0,1043.0,1043.0,1043.0,1043.0,1043.0,1043.0,,,,,,,,,,,,,,,,,,,,,,,,,,,,,,,,,,,,,,,0.3,287.9071,288.0499,288.348,288.7685,289.3346,290.1243,291.2616,292.9032,295.2258,298.4152,302.6617,308.1607,315.1197,323.7718,334.3963,347.3485,363.1042,382.3261,405.9695,435.4584,340.0,471.0,543.951,36.24950000000001,163.8424,3.7989000000000033
1044,1044,1044.0,1044.0,1044.0,1044.0,1044.0,1044.0,1044.0,1044.0,1044.0,1044.0,1044.0,1044.0,1044.0,1044.0,1044.0,1044.0,1044.0,1044.0,1044.0,1044.0,1044.0,1044.0,1044.0,1044.0,1044.0,1044.0,1044.0,1044.0,1044.0,1044.0,1044.0,1044.0,1044.0,1044.0,1044.0,1044.0,,,,,,,,,,,,,,,,,,,,,,,,,,,,,,,,,,,,,,,0.4,328.6809,319.2558,311.6468,305.7968,301.6393,299.0861,298.0325,298.3724,300.0169,302.9104,307.0439,312.4625,319.2721,327.6457,337.8362,350.1965,365.2151,383.5746,406.2478,434.6628,326.0,472.0,580.2005,23.16210000000001,127.5929,3.7989000000000033
1045,1045,1045.0,1045.0,1045.0,1045.0,1045.0,1045.0,1045.0,1045.0,1045.0,1045.0,1045.0,1045.0,1045.0,1045.0,1045.0,1045.0,1045.0,1045.0,1045.0,1045.0,1045.0,1045.0,1045.0,1045.0,1045.0,1045.0,1045.0,1045.0,1045.0,1045.0,1045.0,1045.0,1045.0,1045.0,1045.0,1045.0,,,,,,,,,,,,,,,,,,,,,,,,,,,,,,,,,,,,,,,0.5,319.3974,314.0733,309.8647,306.6611,304.398,303.0489,302.6179,303.1331,304.6415,307.208,310.9172,315.8794,322.2401,330.1943,340.0049,352.0299,366.7615,384.8862,407.3829,435.6891,321.0,471.0,603.3626,21.17589999999996,104.43079999999998,3.7989000000000033
1046,1046,1046.0,1046.0,1046.0,1046.0,1046.0,1046.0,1046.0,1046.0,1046.0,1046.0,1046.0,1046.0,1046.0,1046.0,1046.0,1046.0,1046.0,1046.0,1046.0,1046.0,1046.0,1046.0,1046.0,1046.0,1046.0,1046.0,1046.0,1046.0,1046.0,1046.0,1046.0,1046.0,1046.0,1046.0,1046.0,1046.0,,,,,,,,,,,,,,,,,,,,,,,,,,,,,,,,,,,,,,,0.6,315.6461,311.4264,308.1979,305.8598,304.3487,303.6342,303.715,304.6158,306.3843,309.0915,312.8328,317.7325,323.9522,331.7018,341.2579,352.9891,367.3953,385.167,407.2819,435.1686,320.0,471.0,624.5385,20.843799999999987,83.25490000000002,3.7989000000000033
1047,1047,1047.0,1047.0,1047.0,1047.0,1047.0,1047.0,1047.0,1047.0,1047.0,1047.0,1047.0,1047.0,1047.0,1047.0,1047.0,1047.0,1047.0,1047.0,1047.0,1047.0,1047.0,1047.0,1047.0,1047.0,1047.0,1047.0,1047.0,1047.0,1047.0,1047.0,1047.0,1047.0,1047.0,1047.0,1047.0,1047.0,,,,,,,,,,,,,,,,,,,,,,,,,,,,,,,,,,,,,,,0.7,314.8524,310.8209,307.7751,305.6212,304.2967,303.7673,304.0239,305.0815,306.9789,309.7799,313.576,318.491,324.689,332.3855,341.864,353.5011,367.8038,385.4691,407.4794,435.2655,318.0,472.0,645.3823,20.87980000000005,62.41110000000003,3.7989000000000033
1048,1048,1048.0,1048.0,1048.0,1048.0,1048.0,1048.0,1048.0,1048.0,1048.0,1048.0,1048.0,1048.0,1048.0,1048.0,1048.0,1048.0,1048.0,1048.0,1048.0,1048.0,1048.0,1048.0,1048.0,1048.0,1048.0,1048.0,1048.0,1048.0,1048.0,1048.0,1048.0,1048.0,1048.0,1048.0,1048.0,1048.0,,,,,,,,,,,,,,,,,,,,,,,,,,,,,,,,,,,,,,,0.8,313.2802,309.6182,306.8902,305.0074,303.9115,303.5721,303.9837,305.1652,307.159,310.0326,313.8814,318.8335,325.0577,332.7751,342.275,353.9406,368.2862,386.0166,408.1242,436.0536,318.0,471.0,666.2621,20.643100000000004,41.53129999999999,3.7989000000000033
1049,1049,1049.0,1049.0,1049.0,1049.0,1049.0,1049.0,1049.0,1049.0,1049.0,1049.0,1049.0,1049.0,1049.0,1049.0,1049.0,1049.0,1049.0,1049.0,1049.0,1049.0,1049.0,1049.0,1049.0,1049.0,1049.0,1049.0,1049.0,1049.0,1049.0,1049.0,1049.0,1049.0,1049.0,1049.0,1049.0,1049.0,,,,,,,,,,,,,,,,,,,,,,,,,,,,,,,,,,,,,,,0.9,313.2345,309.5334,306.7786,304.8847,303.7945,303.4759,303.9202,305.1413,307.1766,310.0883,313.9668,318.9359,325.1602,332.8567,342.3109,353.9025,368.1422,385.7314,407.6572,435.3547,319.0,472.0,686.9052,20.888199999999983,20.888199999999983,3.7989000000000033
1050,1050,1050.0,1050.0,1050.0,1050.0,1050.0,1050.0,1050.0,1050.0,1050.0,1050.0,1050.0,1050.0,1050.0,1050.0,1050.0,1050.0,1050.0,1050.0,1050.0,1050.0,1050.0,1050.0,1050.0,1050.0,1050.0,1050.0,1050.0,1050.0,1050.0,1050.0,1050.0,1050.0,1050.0,1050.0,1050.0,1050.0,,,,,,,,,,,,,,,,,,,,,,,,,,,,,,,,,,,,,,,0.0,273.0,273.0,273.0,273.0,273.0,273.0,273.0,273.0,273.0,273.0,273.0,273.0,273.0,273.0,273.0,273.0,273.0,273.0,273.0,273.0,327.0,472.0,0.0,364.6518,812.3404,-20.0
1051,1051,1051.0,1051.0,1051.0,1051.0,1051.0,1051.0,1051.0,1051.0,1051.0,1051.0,1051.0,1051.0,1051.0,1051.0,1051.0,1051.0,1051.0,1051.0,1051.0,1051.0,1051.0,1051.0,1051.0,1051.0,1051.0,1051.0,1051.0,1051.0,1051.0,1051.0,1051.0,1051.0,1051.0,1051.0,1051.0,1051.0,,,,,,,,,,,,,,,,,,,,,,,,,,,,,,,,,,,,,,,0.1,315.9869,306.4491,298.3657,291.7119,286.4329,282.439,279.622,277.8851,277.1808,277.5486,279.1461,282.2671,287.3415,294.9129,305.5964,320.0251,338.8087,362.5382,391.8775,427.7943,317.0,472.0,364.6518,124.28740000000003,447.68860000000006,-11.61099999999999
1052,1052,1052.0,1052.0,1052.0,1052.0,1052.0,1052.0,1052.0,1052.0,1052.0,1052.0,1052.0,1052.0,1052.0,1052.0,1052.0,1052.0,1052.0,1052.0,1052.0,1052.0,1052.0,1052.0,1052.0,1052.0,1052.0,1052.0,1052.0,1052.0,1052.0,1052.0,1052.0,1052.0,1052.0,1052.0,1052.0,1052.0,,,,,,,,,,,,,,,,,,,,,,,,,,,,,,,,,,,,,,,0.2,310.0939,304.2197,299.2706,295.1865,291.9503,289.5846,288.1467,287.7255,288.4366,290.4193,293.8345,298.8632,305.7075,314.5956,325.7935,339.6267,356.521,377.0692,402.1422,433.0759,290.0,473.0,488.9392,54.02369999999996,323.4012,-5.6153999999999655
1053,1053,1053.0,1053.0,1053.0,1053.0,1053.0,1053.0,1053.0,1053.0,1053.0,1053.0,1053.0,1053.0,1053.0,1053.0,1053.0,1053.0,1053.0,1053.0,1053.0,1053.0,1053.0,1053.0,1053.0,1053.0,1053.0,1053.0,1053.0,1053.0,1053.0,1053.0,1053.0,1053.0,1053.0,1053.0,1053.0,1053.0,,,,,,,,,,,,,,,,,,,,,,,,,,,,,,,,,,,,,,,0.3,289.4459,289.1856,289.1449,289.2937,289.6532,290.2952,291.334,292.9151,295.204,298.3768,302.616,308.1119,315.0692,323.7201,334.3442,347.2979,363.058,382.2877,405.942,435.4441,281.0,473.0,542.9629,42.10429999999997,269.37750000000005,-6.154799999999966
1054,1054,1054.0,1054.0,1054.0,1054.0,1054.0,1054.0,1054.0,1054.0,1054.0,1054.0,1054.0,1054.0,1054.0,1054.0,1054.0,1054.0,1054.0,1054.0,1054.0,1054.0,1054.0,1054.0,1054.0,1054.0,1054.0,1054.0,1054.0,1054.0,1054.0,1054.0,1054.0,1054.0,1054.0,1054.0,1054.0,1054.0,,,,,,,,,,,,,,,,,,,,,,,,,,,,,,,,,,,,,,,0.4,282.0035,283.1602,284.4586,285.9081,287.5435,289.4259,291.6411,294.296,297.5156,301.4411,306.2295,312.0579,319.1303,327.6899,338.0378,350.5596,365.7671,384.3612,407.3334,436.138,285.0,473.0,585.0672,39.86200000000008,227.2732000000001,-8.374099999999999
1055,1055,1055.0,1055.0,1055.0,1055.0,1055.0,1055.0,1055.0,1055.0,1055.0,1055.0,1055.0,1055.0,1055.0,1055.0,1055.0,1055.0,1055.0,1055.0,1055.0,1055.0,1055.0,1055.0,1055.0,1055.0,1055.0,1055.0,1055.0,1055.0,1055.0,1055.0,1055.0,1055.0,1055.0,1055.0,1055.0,1055.0,,,,,,,,,,,,,,,,,,,,,,,,,,,,,,,,,,,,,,,0.5,285.0032,285.301,285.9197,286.8903,288.2479,290.0341,292.2987,295.1037,298.5261,302.6627,307.6339,313.59,320.7191,329.258,339.5099,351.8694,366.8613,385.2021,407.8993,436.4207,280.0,468.0,624.9292,36.957,187.4112,-9.215899999999976
1056,1056,1056.0,1056.0,1056.0,1056.0,1056.0,1056.0,1056.0,1056.0,1056.0,1056.0,1056.0,1056.0,1056.0,1056.0,1056.0,1056.0,1056.0,1056.0,1056.0,1056.0,1056.0,1056.0,1056.0,1056.0,1056.0,1056.0,1056.0,1056.0,1056.0,1056.0,1056.0,1056.0,1056.0,1056.0,1056.0,1056.0,,,,,,,,,,,,,,,,,,,,,,,,,,,,,,,,,,,,,,,0.6,281.1625,282.4863,283.9856,285.6858,287.6259,289.8588,292.4514,295.4843,299.0516,303.2622,308.2431,314.1446,321.1495,329.485,339.4416,351.3995,365.8667,383.5385,405.3905,432.8348,283.0,471.0,661.8862,37.81939999999997,150.4542,-10.941200000000038
1057,1057,1057.0,1057.0,1057.0,1057.0,1057.0,1057.0,1057.0,1057.0,1057.0,1057.0,1057.0,1057.0,1057.0,1057.0,1057.0,1057.0,1057.0,1057.0,1057.0,1057.0,1057.0,1057.0,1057.0,1057.0,1057.0,1057.0,1057.0,1057.0,1057.0,1057.0,1057.0,1057.0,1057.0,1057.0,1057.0,1057.0,,,,,,,,,,,,,,,,,,,,,,,,,,,,,,,,,,,,,,,0.7,283.4589,284.1683,285.1572,286.4582,288.1072,290.1453,292.6207,295.5928,299.1355,303.3421,308.3303,314.2493,321.2876,329.6846,339.7473,351.874,366.5915,384.6134,406.9363,435.0033,281.0,473.0,699.7056,37.40949999999998,112.63480000000004,-12.304699999999968
1058,1058,1058.0,1058.0,1058.0,1058.0,1058.0,1058.0,1058.0,1058.0,1058.0,1058.0,1058.0,1058.0,1058.0,1058.0,1058.0,1058.0,1058.0,1058.0,1058.0,1058.0,1058.0,1058.0,1058.0,1058.0,1058.0,1058.0,1058.0,1058.0,1058.0,1058.0,1058.0,1058.0,1058.0,1058.0,1058.0,1058.0,,,,,,,,,,,,,,,,,,,,,,,,,,,,,,,,,,,,,,,0.8,281.9443,283.0809,284.4302,286.0204,287.8891,290.0846,292.6667,295.7082,299.2969,303.5385,308.5613,314.522,321.6149,330.0839,340.2396,352.4845,367.3517,385.5647,408.1363,436.5369,280.0,473.0,737.1151,37.67939999999999,75.22530000000006,-14.115399999999966
1059,1059,1059.0,1059.0,1059.0,1059.0,1059.0,1059.0,1059.0,1059.0,1059.0,1059.0,1059.0,1059.0,1059.0,1059.0,1059.0,1059.0,1059.0,1059.0,1059.0,1059.0,1059.0,1059.0,1059.0,1059.0,1059.0,1059.0,1059.0,1059.0,1059.0,1059.0,1059.0,1059.0,1059.0,1059.0,1059.0,1059.0,,,,,,,,,,,,,,,,,,,,,,,,,,,,,,,,,,,,,,,0.9,281.1095,282.3927,283.8737,285.5834,287.5613,289.8562,292.5286,295.6512,299.3117,303.6158,308.6914,314.6948,321.8193,330.3076,340.4688,352.7047,367.5481,385.724,408.2478,436.5941,282.0,472.0,774.7945,37.54590000000008,37.54590000000008,-16.19380000000001
1060,1060,1060.0,1060.0,1060.0,1060.0,1060.0,1060.0,1060.0,1060.0,1060.0,1060.0,1060.0,1060.0,1060.0,1060.0,1060.0,1060.0,1060.0,1060.0,1060.0,1060.0,1060.0,1060.0,1060.0,1060.0,1060.0,1060.0,1060.0,1060.0,1060.0,1060.0,1060.0,1060.0,1060.0,1060.0,1060.0,1060.0,,,,,,,,,,,,,,,,,,,,,,,,,,,,,,,,,,,,,,,0.0,273.0,273.0,273.0,273.0,273.0,273.0,273.0,273.0,273.0,273.0,273.0,273.0,273.0,273.0,273.0,273.0,273.0,273.0,273.0,273.0,326.0,472.0,0.0,364.9304,706.1875,4.028200000000027
1061,1061,1061.0,1061.0,1061.0,1061.0,1061.0,1061.0,1061.0,1061.0,1061.0,1061.0,1061.0,1061.0,1061.0,1061.0,1061.0,1061.0,1061.0,1061.0,1061.0,1061.0,1061.0,1061.0,1061.0,1061.0,1061.0,1061.0,1061.0,1061.0,1061.0,1061.0,1061.0,1061.0,1061.0,1061.0,1061.0,1061.0,,,,,,,,,,,,,,,,,,,,,,,,,,,,,,,,,,,,,,,0.1,315.1965,305.8369,297.9027,291.3714,286.1898,282.271,279.5098,277.8127,277.1357,277.5215,279.1304,282.2583,287.3367,294.9105,305.5952,320.0245,338.8085,362.5381,391.8774,427.7943,319.0,473.0,364.9304,124.59839999999996,341.2571,4.028200000000027
1062,1062,1062.0,1062.0,1062.0,1062.0,1062.0,1062.0,1062.0,1062.0,1062.0,1062.0,1062.0,1062.0,1062.0,1062.0,1062.0,1062.0,1062.0,1062.0,1062.0,1062.0,1062.0,1062.0,1062.0,1062.0,1062.0,1062.0,1062.0,1062.0,1062.0,1062.0,1062.0,1062.0,1062.0,1062.0,1062.0,1062.0,,,,,,,,,,,,,,,,,,,,,,,,,,,,,,,,,,,,,,,0.2,311.6425,305.381,300.108,295.7622,292.3234,289.8084,288.2674,287.7804,288.4546,290.4222,293.8385,298.8811,305.751,314.6768,325.9262,339.8276,356.8106,377.4728,402.6924,433.8175,289.0,471.0,489.5288,53.04680000000002,216.6587,4.028200000000027
1063,1063,1063.0,1063.0,1063.0,1063.0,1063.0,1063.0,1063.0,1063.0,1063.0,1063.0,1063.0,1063.0,1063.0,1063.0,1063.0,1063.0,1063.0,1063.0,1063.0,1063.0,1063.0,1063.0,1063.0,1063.0,1063.0,1063.0,1063.0,1063.0,1063.0,1063.0,1063.0,1063.0,1063.0,1063.0,1063.0,1063.0,,,,,,,,,,,,,,,,,,,,,,,,,,,,,,,,,,,,,,,0.3,288.7056,288.673,288.8224,289.1209,289.5904,290.3063,291.3889,292.9904,295.2825,298.4456,302.6645,308.1283,315.0384,323.6209,334.148,346.9676,362.5471,381.5391,404.8845,433.9836,342.0,471.0,542.5756,36.12839999999994,163.6119,4.028200000000027
1064,1064,1064.0,1064.0,1064.0,1064.0,1064.0,1064.0,1064.0,1064.0,1064.0,1064.0,1064.0,1064.0,1064.0,1064.0,1064.0,1064.0,1064.0,1064.0,1064.0,1064.0,1064.0,1064.0,1064.0,1064.0,1064.0,1064.0,1064.0,1064.0,1064.0,1064.0,1064.0,1064.0,1064.0,1064.0,1064.0,1064.0,,,,,,,,,,,,,,,,,,,,,,,,,,,,,,,,,,,,,,,0.4,330.2836,320.5273,312.6419,306.5627,302.2169,299.5104,298.3332,298.5736,300.1376,302.9652,307.0443,312.418,319.1915,327.5384,337.7125,350.0681,365.0942,383.4727,406.1746,434.6247,326.0,472.0,578.704,23.10810000000004,127.48350000000003,4.028200000000027
1065,1065,1065.0,1065.0,1065.0,1065.0,1065.0,1065.0,1065.0,1065.0,1065.0,1065.0,1065.0,1065.0,1065.0,1065.0,1065.0,1065.0,1065.0,1065.0,1065.0,1065.0,1065.0,1065.0,1065.0,1065.0,1065.0,1065.0,1065.0,1065.0,1065.0,1065.0,1065.0,1065.0,1065.0,1065.0,1065.0,1065.0,,,,,,,,,,,,,,,,,,,,,,,,,,,,,,,,,,,,,,,0.5,319.4672,314.206,310.0476,306.8775,304.6296,303.2782,302.8305,303.3182,304.793,307.3237,310.9983,315.9297,322.2649,330.1997,339.997,352.0144,366.7432,384.8693,407.3703,435.6823,318.0,471.0,601.8121,21.022299999999973,104.3754,4.028200000000027
1066,1066,1066.0,1066.0,1066.0,1066.0,1066.0,1066.0,1066.0,1066.0,1066.0,1066.0,1066.0,1066.0,1066.0,1066.0,1066.0,1066.0,1066.0,1066.0,1066.0,1066.0,1066.0,1066.0,1066.0,1066.0,1066.0,1066.0,1066.0,1066.0,1066.0,1066.0,1066.0,1066.0,1066.0,1066.0,1066.0,1066.0,,,,,,,,,,,,,,,,,,,,,,,,,,,,,,,,,,,,,,,0.6,313.3026,309.6441,306.8859,304.931,303.7217,303.2358,303.482,304.4963,306.3379,309.0882,312.8518,317.7603,323.9805,331.7265,341.2774,353.0033,367.4049,385.1729,407.2853,435.1701,320.0,472.0,622.8344,20.996500000000083,83.35310000000004,4.028200000000027
1067,1067,1067.0,1067.0,1067.0,1067.0,1067.0,1067.0,1067.0,1067.0,1067.0,1067.0,1067.0,1067.0,1067.0,1067.0,1067.0,1067.0,1067.0,1067.0,1067.0,1067.0,1067.0,1067.0,1067.0,1067.0,1067.0,1067.0,1067.0,1067.0,1067.0,1067.0,1067.0,1067.0,1067.0,1067.0,1067.0,1067.0,,,,,,,,,,,,,,,,,,,,,,,,,,,,,,,,,,,,,,,0.7,314.7677,310.6606,307.5557,305.364,304.0245,303.5011,303.7807,304.873,306.8119,309.6572,313.4979,318.4577,324.702,332.4493,341.9868,353.6958,368.0888,385.8688,408.0265,436.0053,317.0,471.0,643.8309,20.60719999999992,62.35659999999996,4.028200000000027
1068,1068,1068.0,1068.0,1068.0,1068.0,1068.0,1068.0,1068.0,1068.0,1068.0,1068.0,1068.0,1068.0,1068.0,1068.0,1068.0,1068.0,1068.0,1068.0,1068.0,1068.0,1068.0,1068.0,1068.0,1068.0,1068.0,1068.0,1068.0,1068.0,1068.0,1068.0,1068.0,1068.0,1068.0,1068.0,1068.0,1068.0,,,,,,,,,,,,,,,,,,,,,,,,,,,,,,,,,,,,,,,0.8,312.4662,308.9611,306.364,304.5888,303.5803,303.3112,303.7793,305.0064,307.0372,309.9403,313.8112,318.7767,325.003,332.7075,342.1754,353.7852,368.0464,385.6591,407.6091,435.3309,317.0,472.0,664.4381,20.77870000000007,41.74940000000004,4.028200000000027
1069,1069,1069.0,1069.0,1069.0,1069.0,1069.0,1069.0,1069.0,1069.0,1069.0,1069.0,1069.0,1069.0,1069.0,1069.0,1069.0,1069.0,1069.0,1069.0,1069.0,1069.0,1069.0,1069.0,1069.0,1069.0,1069.0,1069.0,1069.0,1069.0,1069.0,1069.0,1069.0,1069.0,1069.0,1069.0,1069.0,1069.0,,,,,,,,,,,,,,,,,,,,,,,,,,,,,,,,,,,,,,,0.9,312.4045,308.8462,306.2113,304.4181,303.4123,303.1639,303.6662,304.9351,307.0096,309.9543,313.8622,318.8603,325.1172,332.8543,342.3624,354.0264,368.3626,386.0779,408.1666,436.0751,317.0,473.0,685.2168,20.970699999999965,20.970699999999965,4.028200000000027
1070,1070,1070.0,1070.0,1070.0,1070.0,1070.0,1070.0,1070.0,1070.0,1070.0,1070.0,1070.0,1070.0,1070.0,1070.0,1070.0,1070.0,1070.0,1070.0,1070.0,1070.0,1070.0,1070.0,1070.0,1070.0,1070.0,1070.0,1070.0,1070.0,1070.0,1070.0,1070.0,1070.0,1070.0,1070.0,1070.0,1070.0,,,,,,,,,,,,,,,,,,,,,,,,,,,,,,,,,,,,,,,0.0,273.0,273.0,273.0,273.0,273.0,273.0,273.0,273.0,273.0,273.0,273.0,273.0,273.0,273.0,273.0,273.0,273.0,273.0,273.0,273.0,328.0,473.0,0.0,364.226,707.0927,3.833300000000008
1071,1071,1071.0,1071.0,1071.0,1071.0,1071.0,1071.0,1071.0,1071.0,1071.0,1071.0,1071.0,1071.0,1071.0,1071.0,1071.0,1071.0,1071.0,1071.0,1071.0,1071.0,1071.0,1071.0,1071.0,1071.0,1071.0,1071.0,1071.0,1071.0,1071.0,1071.0,1071.0,1071.0,1071.0,1071.0,1071.0,1071.0,,,,,,,,,,,,,,,,,,,,,,,,,,,,,,,,,,,,,,,0.1,316.777,307.0612,298.8286,292.0526,286.6764,282.6081,279.7365,277.962,277.2342,277.5905,279.1872,282.3179,287.4132,295.0185,305.7509,320.2462,339.1172,362.9588,392.4412,428.5436,317.0,472.0,364.226,123.0672,342.86670000000004,3.833300000000008
1072,1072,1072.0,1072.0,1072.0,1072.0,1072.0,1072.0,1072.0,1072.0,1072.0,1072.0,1072.0,1072.0,1072.0,1072.0,1072.0,1072.0,1072.0,1072.0,1072.0,1072.0,1072.0,1072.0,1072.0,1072.0,1072.0,1072.0,1072.0,1072.0,1072.0,1072.0,1072.0,1072.0,1072.0,1072.0,1072.0,1072.0,,,,,,,,,,,,,,,,,,,,,,,,,,,,,,,,,,,,,,,0.2,310.1276,304.2841,299.3602,295.2941,292.0685,289.7066,288.2676,287.8423,288.5483,290.5267,293.9392,298.9667,305.8108,314.6984,325.8935,339.7203,356.6036,377.136,402.189,433.0999,287.0,471.0,487.2932,53.82679999999999,219.7995,3.833300000000008
1073,1073,1073.0,1073.0,1073.0,1073.0,1073.0,1073.0,1073.0,1073.0,1073.0,1073.0,1073.0,1073.0,1073.0,1073.0,1073.0,1073.0,1073.0,1073.0,1073.0,1073.0,1073.0,1073.0,1073.0,1073.0,1073.0,1073.0,1073.0,1073.0,1073.0,1073.0,1073.0,1073.0,1073.0,1073.0,1073.0,1073.0,,,,,,,,,,,,,,,,,,,,,,,,,,,,,,,,,,,,,,,0.3,287.0701,287.3557,287.7799,288.3124,288.9775,289.8536,291.0639,292.764,295.1291,298.3434,302.5954,308.0783,314.9972,323.5823,334.1091,346.9284,362.5098,381.5071,404.8611,433.9712,341.0,473.0,541.12,37.30589999999995,165.97270000000003,3.833300000000008
1074,1074,1074.0,1074.0,1074.0,1074.0,1074.0,1074.0,1074.0,1074.0,1074.0,1074.0,1074.0,1074.0,1074.0,1074.0,1074.0,1074.0,1074.0,1074.0,1074.0,1074.0,1074.0,1074.0,1074.0,1074.0,1074.0,1074.0,1074.0,1074.0,1074.0,1074.0,1074.0,1074.0,1074.0,1074.0,1074.0,1074.0,,,,,,,,,,,,,,,,,,,,,,,,,,,,,,,,,,,,,,,0.4,329.4226,319.7772,311.985,305.9884,301.7188,299.0845,297.9761,298.2822,299.9089,302.7974,306.9374,312.3758,319.2226,327.658,337.943,350.4401,365.6476,384.2586,407.2594,436.0995,326.0,471.0,578.4259,22.91390000000001,128.66680000000008,3.833300000000008
1075,1075,1075.0,1075.0,1075.0,1075.0,1075.0,1075.0,1075.0,1075.0,1075.0,1075.0,1075.0,1075.0,1075.0,1075.0,1075.0,1075.0,1075.0,1075.0,1075.0,1075.0,1075.0,1075.0,1075.0,1075.0,1075.0,1075.0,1075.0,1075.0,1075.0,1075.0,1075.0,1075.0,1075.0,1075.0,1075.0,1075.0,,,,,,,,,,,,,,,,,,,,,,,,,,,,,,,,,,,,,,,0.5,319.4121,314.1006,309.9006,306.7009,304.4368,303.0833,302.646,303.1547,304.6582,307.2216,310.9286,315.8872,322.2391,330.1737,339.9479,351.9134,366.5561,384.5568,406.8879,434.9768,319.0,472.0,601.3398,21.278500000000008,105.75290000000008,3.833300000000008
1076,1076,1076.0,1076.0,1076.0,1076.0,1076.0,1076.0,1076.0,1076.0,1076.0,1076.0,1076.0,1076.0,1076.0,1076.0,1076.0,1076.0,1076.0,1076.0,1076.0,1076.0,1076.0,1076.0,1076.0,1076.0,1076.0,1076.0,1076.0,1076.0,1076.0,1076.0,1076.0,1076.0,1076.0,1076.0,1076.0,1076.0,,,,,,,,,,,,,,,,,,,,,,,,,,,,,,,,,,,,,,,0.6,314.0728,310.2168,307.2923,305.2017,303.8856,303.3193,303.5084,304.4848,306.3042,309.0448,312.8092,317.7282,323.9695,331.7491,341.3491,353.144,367.6388,385.5297,407.8016,435.8939,320.0,473.0,622.6183,21.18990000000008,84.47440000000006,3.833300000000008
1077,1077,1077.0,1077.0,1077.0,1077.0,1077.0,1077.0,1077.0,1077.0,1077.0,1077.0,1077.0,1077.0,1077.0,1077.0,1077.0,1077.0,1077.0,1077.0,1077.0,1077.0,1077.0,1077.0,1077.0,1077.0,1077.0,1077.0,1077.0,1077.0,1077.0,1077.0,1077.0,1077.0,1077.0,1077.0,1077.0,1077.0,,,,,,,,,,,,,,,,,,,,,,,,,,,,,,,,,,,,,,,0.7,314.7914,310.7053,307.6164,305.4345,304.0987,303.5739,303.8488,304.9358,306.8711,309.7169,313.5646,318.5395,324.8086,332.5917,342.178,353.9507,368.4253,386.3097,408.6023,436.7597,320.0,473.0,643.8082,21.161299999999983,63.28449999999998,3.833300000000008
1078,1078,1078.0,1078.0,1078.0,1078.0,1078.0,1078.0,1078.0,1078.0,1078.0,1078.0,1078.0,1078.0,1078.0,1078.0,1078.0,1078.0,1078.0,1078.0,1078.0,1078.0,1078.0,1078.0,1078.0,1078.0,1078.0,1078.0,1078.0,1078.0,1078.0,1078.0,1078.0,1078.0,1078.0,1078.0,1078.0,1078.0,,,,,,,,,,,,,,,,,,,,,,,,,,,,,,,,,,,,,,,0.8,314.8408,310.8031,307.7613,305.6244,304.3312,303.8465,304.1588,305.28,307.2454,310.1158,313.9808,318.9638,325.23,332.9978,342.5554,354.2863,368.7071,386.5279,408.7502,436.834,319.0,472.0,664.9695,20.934399999999982,42.1232,3.833300000000008
1079,1079,1079.0,1079.0,1079.0,1079.0,1079.0,1079.0,1079.0,1079.0,1079.0,1079.0,1079.0,1079.0,1079.0,1079.0,1079.0,1079.0,1079.0,1079.0,1079.0,1079.0,1079.0,1079.0,1079.0,1079.0,1079.0,1079.0,1079.0,1079.0,1079.0,1079.0,1079.0,1079.0,1079.0,1079.0,1079.0,1079.0,,,,,,,,,,,,,,,,,,,,,,,,,,,,,,,,,,,,,,,0.9,314.0829,310.2558,307.3941,305.4082,304.2381,303.8507,304.2371,305.4116,307.412,310.3009,314.1689,319.1395,325.3772,333.0988,342.5907,354.2337,368.5416,386.2204,408.2654,436.1255,320.0,473.0,685.9039,21.18880000000001,21.18880000000001,3.833300000000008
1080,1080,1080.0,1080.0,1080.0,1080.0,1080.0,1080.0,1080.0,1080.0,1080.0,1080.0,1080.0,1080.0,1080.0,1080.0,1080.0,1080.0,1080.0,1080.0,1080.0,1080.0,1080.0,1080.0,1080.0,1080.0,1080.0,1080.0,1080.0,1080.0,1080.0,1080.0,1080.0,1080.0,1080.0,1080.0,1080.0,,,,,,,,,,,,,,,,,,,,,,,,,,,,,,,,,,,,,,,,0.0,273.0,273.0,273.0,273.0,273.0,273.0,273.0,273.0,273.0,273.0,273.0,273.0,273.0,273.0,273.0,273.0,273.0,273.0,273.0,273.0,370.0,376.0,0.0,377.4692,1394.1016,13.466200000000017
1081,1081,1081.0,1081.0,1081.0,1081.0,1081.0,1081.0,1081.0,1081.0,1081.0,1081.0,1081.0,1081.0,1081.0,1081.0,1081.0,1081.0,1081.0,1081.0,1081.0,1081.0,1081.0,1081.0,1081.0,1081.0,1081.0,1081.0,1081.0,1081.0,1081.0,1081.0,1081.0,1081.0,1081.0,1081.0,1081.0,,,,,,,,,,,,,,,,,,,,,,,,,,,,,,,,,,,,,,,,0.1,349.7448,332.4968,318.0178,306.1431,296.6981,289.461,284.165,280.5267,278.2867,277.2499,277.3169,278.5001,280.9238,284.8079,290.4358,298.1135,308.1285,320.7214,336.0872,354.4184,417.0,274.0,377.4692,220.613,1016.6324,13.466200000000017
1082,1082,1082.0,1082.0,1082.0,1082.0,1082.0,1082.0,1082.0,1082.0,1082.0,1082.0,1082.0,1082.0,1082.0,1082.0,1082.0,1082.0,1082.0,1082.0,1082.0,1082.0,1082.0,1082.0,1082.0,1082.0,1082.0,1082.0,1082.0,1082.0,1082.0,1082.0,1082.0,1082.0,1082.0,1082.0,1082.0,,,,,,,,,,,,,,,,,,,,,,,,,,,,,,,,,,,,,,,,0.2,389.0829,366.0935,347.0876,331.454,318.7611,308.6662,300.8657,295.0715,291.0003,288.3684,286.8865,286.2539,286.1552,286.2646,286.2603,285.8516,284.8151,283.032,280.515,277.415,174.0,471.0,598.0822,204.83410000000003,796.0194,13.466200000000017
1083,1083,1083.0,1083.0,1083.0,1083.0,1083.0,1083.0,1083.0,1083.0,1083.0,1083.0,1083.0,1083.0,1083.0,1083.0,1083.0,1083.0,1083.0,1083.0,1083.0,1083.0,1083.0,1083.0,1083.0,1083.0,1083.0,1083.0,1083.0,1083.0,1083.0,1083.0,1083.0,1083.0,1083.0,1083.0,1083.0,,,,,,,,,,,,,,,,,,,,,,,,,,,,,,,,,,,,,,,,0.3,199.3808,222.3874,242.1211,258.0771,270.1792,278.7307,284.312,287.6644,289.5918,290.8956,292.3459,294.6814,298.6216,304.8756,314.1389,327.0768,344.3129,366.4507,394.1714,428.4554,398.0,467.0,802.9163,114.56690000000005,591.1853,13.466200000000017
1084,1084,1084.0,1084.0,1084.0,1084.0,1084.0,1084.0,1084.0,1084.0,1084.0,1084.0,1084.0,1084.0,1084.0,1084.0,1084.0,1084.0,1084.0,1084.0,1084.0,1084.0,1084.0,1084.0,1084.0,1084.0,1084.0,1084.0,1084.0,1084.0,1084.0,1084.0,1084.0,1084.0,1084.0,1084.0,1084.0,,,,,,,,,,,,,,,,,,,,,,,,,,,,,,,,,,,,,,,,0.4,370.721,347.8988,329.2646,314.6644,303.8928,296.6255,292.4306,290.8301,291.3757,293.7137,297.6238,303.0286,309.9837,318.6575,329.3146,342.3117,358.1168,377.359,400.9248,430.1263,173.0,472.0,917.4832,55.27930000000004,476.6184,13.466200000000017
1085,1085,1085.0,1085.0,1085.0,1085.0,1085.0,1085.0,1085.0,1085.0,1085.0,1085.0,1085.0,1085.0,1085.0,1085.0,1085.0,1085.0,1085.0,1085.0,1085.0,1085.0,1085.0,1085.0,1085.0,1085.0,1085.0,1085.0,1085.0,1085.0,1085.0,1085.0,1085.0,1085.0,1085.0,1085.0,1085.0,,,,,,,,,,,,,,,,,,,,,,,,,,,,,,,,,,,,,,,,0.5,197.3401,219.5023,238.7609,254.7401,267.4461,277.2194,284.6379,290.4023,295.2329,299.7975,304.6722,310.3361,317.1892,325.5859,335.8769,348.4577,363.8248,382.6492,405.8846,434.9421,473.0,353.0,972.7625,71.46249999999986,421.3390999999999,13.466200000000017
1086,1086,1086.0,1086.0,1086.0,1086.0,1086.0,1086.0,1086.0,1086.0,1086.0,1086.0,1086.0,1086.0,1086.0,1086.0,1086.0,1086.0,1086.0,1086.0,1086.0,1086.0,1086.0,1086.0,1086.0,1086.0,1086.0,1086.0,1086.0,1086.0,1086.0,1086.0,1086.0,1086.0,1086.0,1086.0,1086.0,,,,,,,,,,,,,,,,,,,,,,,,,,,,,,,,,,,,,,,,0.6,427.9602,391.5477,362.2954,339.4288,322.3821,310.5537,303.2292,299.6073,298.8721,300.2661,303.1376,306.9582,311.3173,315.9086,320.5235,325.0574,329.5309,334.1173,339.1678,345.2215,172.0,473.0,1044.225,62.554800000000114,349.87660000000005,13.466200000000017
1087,1087,1087.0,1087.0,1087.0,1087.0,1087.0,1087.0,1087.0,1087.0,1087.0,1087.0,1087.0,1087.0,1087.0,1087.0,1087.0,1087.0,1087.0,1087.0,1087.0,1087.0,1087.0,1087.0,1087.0,1087.0,1087.0,1087.0,1087.0,1087.0,1087.0,1087.0,1087.0,1087.0,1087.0,1087.0,1087.0,,,,,,,,,,,,,,,,,,,,,,,,,,,,,,,,,,,,,,,,0.7,199.1795,223.8792,245.1414,262.4523,275.7764,285.4907,292.2583,296.8882,300.214,303.0152,305.982,309.7183,314.7662,321.6396,330.8521,342.9402,358.4878,378.1721,402.8616,433.8073,171.0,473.0,1106.7798,129.12909999999988,287.32179999999994,13.466200000000017
1088,1088,1088.0,1088.0,1088.0,1088.0,1088.0,1088.0,1088.0,1088.0,1088.0,1088.0,1088.0,1088.0,1088.0,1088.0,1088.0,1088.0,1088.0,1088.0,1088.0,1088.0,1088.0,1088.0,1088.0,1088.0,1088.0,1088.0,1088.0,1088.0,1088.0,1088.0,1088.0,1088.0,1088.0,1088.0,1088.0,,,,,,,,,,,,,,,,,,,,,,,,,,,,,,,,,,,,,,,,0.8,190.4003,208.3208,224.5756,239.0667,251.7958,262.8652,272.4679,280.8728,288.4061,295.4337,302.3456,309.5455,317.4461,326.4722,337.0722,349.7431,365.0719,383.8014,406.9387,435.9344,472.0,472.0,1235.9089,122.87750000000004,158.19270000000006,13.466200000000017
1089,1089,1089.0,1089.0,1089.0,1089.0,1089.0,1089.0,1089.0,1089.0,1089.0,1089.0,1089.0,1089.0,1089.0,1089.0,1089.0,1089.0,1089.0,1089.0,1089.0,1089.0,1089.0,1089.0,1089.0,1089.0,1089.0,1089.0,1089.0,1089.0,1089.0,1089.0,1089.0,1089.0,1089.0,1089.0,1089.0,,,,,,,,,,,,,,,,,,,,,,,,,,,,,,,,,,,,,,,,0.9,425.8882,388.3839,358.1323,334.469,316.9157,304.9265,297.8125,294.7802,295.024,297.8232,302.6135,309.0225,316.8756,326.1834,337.125,350.0407,365.4428,384.0569,406.9065,435.4743,174.0,473.0,1358.7864,35.315200000000004,35.315200000000004,13.466200000000017
1090,1090,1090.0,1090.0,1090.0,1090.0,1090.0,1090.0,1090.0,1090.0,1090.0,1090.0,1090.0,1090.0,1090.0,1090.0,1090.0,1090.0,1090.0,1090.0,1090.0,1090.0,1090.0,1090.0,1090.0,1090.0,1090.0,1090.0,1090.0,1090.0,1090.0,1090.0,1090.0,1090.0,1090.0,1090.0,1090.0,,,,,,,,,,,,,,,,,,,,,,,,,,,,,,,,,,,,,,,,0.0,273.0,273.0,273.0,273.0,273.0,273.0,273.0,273.0,273.0,273.0,273.0,273.0,273.0,273.0,273.0,273.0,273.0,273.0,273.0,273.0,341.0,473.0,0.0,360.8851,1228.7149,7.689900000000023
1091,1091,1091.0,1091.0,1091.0,1091.0,1091.0,1091.0,1091.0,1091.0,1091.0,1091.0,1091.0,1091.0,1091.0,1091.0,1091.0,1091.0,1091.0,1091.0,1091.0,1091.0,1091.0,1091.0,1091.0,1091.0,1091.0,1091.0,1091.0,1091.0,1091.0,1091.0,1091.0,1091.0,1091.0,1091.0,1091.0,,,,,,,,,,,,,,,,,,,,,,,,,,,,,,,,,,,,,,,,0.1,327.0276,314.9911,304.8211,296.4601,289.8225,284.7828,281.1899,278.9,277.8184,277.9415,279.3905,282.4315,287.4744,295.0502,305.7668,320.2538,339.1208,362.9605,392.4419,428.5439,391.0,272.0,360.8851,135.89059999999995,867.8298,7.689900000000023
1092,1092,1092.0,1092.0,1092.0,1092.0,1092.0,1092.0,1092.0,1092.0,1092.0,1092.0,1092.0,1092.0,1092.0,1092.0,1092.0,1092.0,1092.0,1092.0,1092.0,1092.0,1092.0,1092.0,1092.0,1092.0,1092.0,1092.0,1092.0,1092.0,1092.0,1092.0,1092.0,1092.0,1092.0,1092.0,1092.0,,,,,,,,,,,,,,,,,,,,,,,,,,,,,,,,,,,,,,,,0.2,368.3707,349.5001,333.8335,321.0116,310.7719,302.8899,297.1476,293.3196,291.1635,290.4115,290.758,291.8469,293.2655,294.5524,295.2275,294.8438,293.057,289.6974,284.8259,278.7517,171.0,471.0,496.7757,168.7027,731.9392,7.689900000000023
1093,1093,1093.0,1093.0,1093.0,1093.0,1093.0,1093.0,1093.0,1093.0,1093.0,1093.0,1093.0,1093.0,1093.0,1093.0,1093.0,1093.0,1093.0,1093.0,1093.0,1093.0,1093.0,1093.0,1093.0,1093.0,1093.0,1093.0,1093.0,1093.0,1093.0,1093.0,1093.0,1093.0,1093.0,1093.0,1093.0,,,,,,,,,,,,,,,,,,,,,,,,,,,,,,,,,,,,,,,,0.3,196.0231,218.757,238.3832,254.4449,266.8801,275.9759,282.2733,286.4601,289.2783,291.4652,293.7294,296.7537,301.2113,307.7775,317.1298,329.9338,346.8323,368.4659,395.5648,429.1622,451.0,471.0,665.4784,114.6205,563.2365,7.689900000000023
1094,1094,1094.0,1094.0,1094.0,1094.0,1094.0,1094.0,1094.0,1094.0,1094.0,1094.0,1094.0,1094.0,1094.0,1094.0,1094.0,1094.0,1094.0,1094.0,1094.0,1094.0,1094.0,1094.0,1094.0,1094.0,1094.0,1094.0,1094.0,1094.0,1094.0,1094.0,1094.0,1094.0,1094.0,1094.0,1094.0,,,,,,,,,,,,,,,,,,,,,,,,,,,,,,,,,,,,,,,,0.4,411.034,378.3027,351.7748,330.8989,315.238,304.2925,297.459,294.0772,293.5117,295.2313,298.8608,304.1992,311.2125,320.0113,330.8301,344.0178,360.0522,379.5869,403.5479,433.3077,171.0,473.0,780.0989,43.352300000000014,448.616,7.689900000000023
1095,1095,1095.0,1095.0,1095.0,1095.0,1095.0,1095.0,1095.0,1095.0,1095.0,1095.0,1095.0,1095.0,1095.0,1095.0,1095.0,1095.0,1095.0,1095.0,1095.0,1095.0,1095.0,1095.0,1095.0,1095.0,1095.0,1095.0,1095.0,1095.0,1095.0,1095.0,1095.0,1095.0,1095.0,1095.0,1095.0,,,,,,,,,,,,,,,,,,,,,,,,,,,,,,,,,,,,,,,,0.5,197.3884,221.3829,242.1005,259.0801,272.3177,282.2062,289.4154,294.7533,299.0444,303.0419,307.3836,312.5847,319.0592,327.1596,337.2256,349.6383,364.8817,383.6203,406.8087,435.8686,302.0,471.0,823.4512,75.65330000000006,405.2637,7.689900000000023
1096,1096,1096.0,1096.0,1096.0,1096.0,1096.0,1096.0,1096.0,1096.0,1096.0,1096.0,1096.0,1096.0,1096.0,1096.0,1096.0,1096.0,1096.0,1096.0,1096.0,1096.0,1096.0,1096.0,1096.0,1096.0,1096.0,1096.0,1096.0,1096.0,1096.0,1096.0,1096.0,1096.0,1096.0,1096.0,1096.0,,,,,,,,,,,,,,,,,,,,,,,,,,,,,,,,,,,,,,,,0.6,295.8758,290.8057,287.0742,284.8582,284.1998,285.0157,287.1371,290.3642,294.5198,299.4895,305.2447,311.8489,319.4557,328.3033,338.7154,351.1127,366.043,384.2365,406.7018,434.8915,174.0,472.0,899.1045,81.84089999999992,329.6103999999999,7.689900000000023
1097,1097,1097.0,1097.0,1097.0,1097.0,1097.0,1097.0,1097.0,1097.0,1097.0,1097.0,1097.0,1097.0,1097.0,1097.0,1097.0,1097.0,1097.0,1097.0,1097.0,1097.0,1097.0,1097.0,1097.0,1097.0,1097.0,1097.0,1097.0,1097.0,1097.0,1097.0,1097.0,1097.0,1097.0,1097.0,1097.0,,,,,,,,,,,,,,,,,,,,,,,,,,,,,,,,,,,,,,,,0.7,195.3525,214.9171,232.2667,247.1913,259.7188,270.0888,278.6944,286.0129,292.5429,298.76,305.0947,311.9305,319.6192,328.5054,338.9598,351.4177,366.4282,384.7218,407.312,435.6648,473.0,473.0,980.9454,96.09749999999995,247.7695,7.689900000000023
1098,1098,1098.0,1098.0,1098.0,1098.0,1098.0,1098.0,1098.0,1098.0,1098.0,1098.0,1098.0,1098.0,1098.0,1098.0,1098.0,1098.0,1098.0,1098.0,1098.0,1098.0,1098.0,1098.0,1098.0,1098.0,1098.0,1098.0,1098.0,1098.0,1098.0,1098.0,1098.0,1098.0,1098.0,1098.0,1098.0,,,,,,,,,,,,,,,,,,,,,,,,,,,,,,,,,,,,,,,,0.8,427.3718,390.3968,360.6545,337.4219,320.1785,308.3569,301.2677,298.1337,298.177,300.7087,305.1955,311.2912,318.8417,327.8715,338.5693,351.2811,366.5238,385.0266,407.8186,436.391,171.0,473.0,1077.0429,35.05169999999998,151.67200000000005,7.689900000000023
1099,1099,1099.0,1099.0,1099.0,1099.0,1099.0,1099.0,1099.0,1099.0,1099.0,1099.0,1099.0,1099.0,1099.0,1099.0,1099.0,1099.0,1099.0,1099.0,1099.0,1099.0,1099.0,1099.0,1099.0,1099.0,1099.0,1099.0,1099.0,1099.0,1099.0,1099.0,1099.0,1099.0,1099.0,1099.0,1099.0,,,,,,,,,,,,,,,,,,,,,,,,,,,,,,,,,,,,,,,,0.9,198.2498,223.0417,244.4455,261.977,275.6321,285.8208,293.2375,298.7144,303.0923,307.1313,311.4655,316.5991,322.9323,330.8047,340.5488,352.5463,367.2913,385.4666,408.0506,436.4893,171.0,472.0,1112.0946,116.62030000000004,116.62030000000004,7.689900000000023
1100,1100,1100.0,1100.0,1100.0,1100.0,1100.0,1100.0,1100.0,1100.0,1100.0,1100.0,1100.0,1100.0,1100.0,1100.0,1100.0,1100.0,1100.0,1100.0,1100.0,1100.0,1100.0,1100.0,1100.0,1100.0,1100.0,1100.0,1100.0,1100.0,1100.0,1100.0,1100.0,1100.0,1100.0,1100.0,1100.0,,,,,,,,,,,,,,,,,,,,,,,,,,,,,,,,,,,,,,,,0.0,273.0,273.0,273.0,273.0,273.0,273.0,273.0,273.0,273.0,273.0,273.0,273.0,273.0,273.0,273.0,273.0,273.0,273.0,273.0,273.0,337.0,473.0,0.0,361.8646,1221.6485000000002,6.9529
1101,1101,1101.0,1101.0,1101.0,1101.0,1101.0,1101.0,1101.0,1101.0,1101.0,1101.0,1101.0,1101.0,1101.0,1101.0,1101.0,1101.0,1101.0,1101.0,1101.0,1101.0,1101.0,1101.0,1101.0,1101.0,1101.0,1101.0,1101.0,1101.0,1101.0,1101.0,1101.0,1101.0,1101.0,1101.0,1101.0,,,,,,,,,,,,,,,,,,,,,,,,,,,,,,,,,,,,,,,,0.1,323.8778,312.5563,302.9818,295.1075,288.857,284.1153,280.7437,278.6119,277.639,277.8337,279.3281,282.3966,287.4556,295.0405,305.7619,320.2515,339.1197,362.96,392.4417,428.5439,389.0,272.0,361.8646,137.449,859.7839000000001,6.9529
1102,1102,1102.0,1102.0,1102.0,1102.0,1102.0,1102.0,1102.0,1102.0,1102.0,1102.0,1102.0,1102.0,1102.0,1102.0,1102.0,1102.0,1102.0,1102.0,1102.0,1102.0,1102.0,1102.0,1102.0,1102.0,1102.0,1102.0,1102.0,1102.0,1102.0,1102.0,1102.0,1102.0,1102.0,1102.0,1102.0,,,,,,,,,,,,,,,,,,,,,,,,,,,,,,,,,,,,,,,,0.2,366.7061,348.0911,332.6296,319.9814,309.8953,302.1529,296.5385,292.8263,290.7729,290.1096,290.5303,291.6794,293.1453,294.4682,295.1699,294.8054,293.0321,289.6819,284.8169,278.7476,174.0,472.0,499.3136,169.33059999999995,722.3349000000001,6.9529
1103,1103,1103.0,1103.0,1103.0,1103.0,1103.0,1103.0,1103.0,1103.0,1103.0,1103.0,1103.0,1103.0,1103.0,1103.0,1103.0,1103.0,1103.0,1103.0,1103.0,1103.0,1103.0,1103.0,1103.0,1103.0,1103.0,1103.0,1103.0,1103.0,1103.0,1103.0,1103.0,1103.0,1103.0,1103.0,1103.0,,,,,,,,,,,,,,,,,,,,,,,,,,,,,,,,,,,,,,,,0.3,198.352,220.4661,239.5516,255.1685,267.2595,276.1064,282.2382,286.3268,289.0987,291.2768,293.5587,296.6194,301.1274,307.7564,317.184,330.0778,347.0835,368.8461,396.1027,429.899,443.0,472.0,668.6442,113.4529,553.0043000000001,6.9529
1104,1104,1104.0,1104.0,1104.0,1104.0,1104.0,1104.0,1104.0,1104.0,1104.0,1104.0,1104.0,1104.0,1104.0,1104.0,1104.0,1104.0,1104.0,1104.0,1104.0,1104.0,1104.0,1104.0,1104.0,1104.0,1104.0,1104.0,1104.0,1104.0,1104.0,1104.0,1104.0,1104.0,1104.0,1104.0,1104.0,,,,,,,,,,,,,,,,,,,,,,,,,,,,,,,,,,,,,,,,0.4,405.0198,373.8077,348.4733,328.5368,313.6026,303.2016,296.7603,293.649,293.2633,295.1001,298.8079,304.2044,311.2685,320.1199,330.999,344.2588,360.3812,380.0247,404.1232,434.0626,174.0,472.0,782.0971,42.95810000000006,439.55140000000006,6.9529
1105,1105,1105.0,1105.0,1105.0,1105.0,1105.0,1105.0,1105.0,1105.0,1105.0,1105.0,1105.0,1105.0,1105.0,1105.0,1105.0,1105.0,1105.0,1105.0,1105.0,1105.0,1105.0,1105.0,1105.0,1105.0,1105.0,1105.0,1105.0,1105.0,1105.0,1105.0,1105.0,1105.0,1105.0,1105.0,1105.0,,,,,,,,,,,,,,,,,,,,,,,,,,,,,,,,,,,,,,,,0.5,199.5876,222.8503,242.9465,259.4387,272.3274,281.9946,289.0886,294.3912,298.7005,302.7462,307.147,312.4034,318.9188,327.0381,337.0956,349.4681,364.6366,383.2622,406.2948,435.1469,308.0,471.0,825.0552,74.1449,396.5933,6.9529
1106,1106,1106.0,1106.0,1106.0,1106.0,1106.0,1106.0,1106.0,1106.0,1106.0,1106.0,1106.0,1106.0,1106.0,1106.0,1106.0,1106.0,1106.0,1106.0,1106.0,1106.0,1106.0,1106.0,1106.0,1106.0,1106.0,1106.0,1106.0,1106.0,1106.0,1106.0,1106.0,1106.0,1106.0,1106.0,1106.0,,,,,,,,,,,,,,,,,,,,,,,,,,,,,,,,,,,,,,,,0.6,300.6811,294.5765,289.9599,287.0011,285.7347,286.0673,287.8171,290.7686,294.7277,299.5632,305.2312,311.7826,319.3606,328.196,338.6073,351.0122,365.9561,384.1679,406.6547,434.8676,174.0,473.0,899.2001,77.75509999999997,322.4484,6.9529
1107,1107,1107.0,1107.0,1107.0,1107.0,1107.0,1107.0,1107.0,1107.0,1107.0,1107.0,1107.0,1107.0,1107.0,1107.0,1107.0,1107.0,1107.0,1107.0,1107.0,1107.0,1107.0,1107.0,1107.0,1107.0,1107.0,1107.0,1107.0,1107.0,1107.0,1107.0,1107.0,1107.0,1107.0,1107.0,1107.0,,,,,,,,,,,,,,,,,,,,,,,,,,,,,,,,,,,,,,,,0.7,195.5748,215.3363,232.8373,247.8566,260.4204,270.7745,279.3239,286.5601,292.9964,299.1208,305.3738,312.1462,319.7942,328.6657,339.133,351.633,366.7167,385.1171,407.853,436.4006,472.0,473.0,976.9552,93.8026000000001,244.6933,6.9529
1108,1108,1108.0,1108.0,1108.0,1108.0,1108.0,1108.0,1108.0,1108.0,1108.0,1108.0,1108.0,1108.0,1108.0,1108.0,1108.0,1108.0,1108.0,1108.0,1108.0,1108.0,1108.0,1108.0,1108.0,1108.0,1108.0,1108.0,1108.0,1108.0,1108.0,1108.0,1108.0,1108.0,1108.0,1108.0,1108.0,,,,,,,,,,,,,,,,,,,,,,,,,,,,,,,,,,,,,,,,0.8,426.684,389.9556,360.4137,337.343,320.2261,308.4976,301.471,298.3734,298.4321,300.9636,305.4396,311.5184,319.0486,328.0565,338.7314,351.4193,366.6366,385.1125,407.8763,436.4199,171.0,473.0,1070.7578,34.97329999999988,150.89069999999992,6.9529
1109,1109,1109.0,1109.0,1109.0,1109.0,1109.0,1109.0,1109.0,1109.0,1109.0,1109.0,1109.0,1109.0,1109.0,1109.0,1109.0,1109.0,1109.0,1109.0,1109.0,1109.0,1109.0,1109.0,1109.0,1109.0,1109.0,1109.0,1109.0,1109.0,1109.0,1109.0,1109.0,1109.0,1109.0,1109.0,1109.0,,,,,,,,,,,,,,,,,,,,,,,,,,,,,,,,,,,,,,,,0.9,198.2503,223.0447,244.4544,261.9958,275.6645,285.8693,293.3029,298.7957,303.1871,307.2356,311.5749,316.7089,323.0381,330.9028,340.6359,352.6203,367.3509,385.5111,408.0799,436.5037,172.0,473.0,1105.7311,115.91740000000004,115.91740000000004,6.9529
1110,1110,1110.0,1110.0,1110.0,1110.0,1110.0,1110.0,1110.0,1110.0,1110.0,1110.0,1110.0,1110.0,1110.0,1110.0,1110.0,1110.0,1110.0,1110.0,1110.0,1110.0,1110.0,1110.0,1110.0,1110.0,1110.0,1110.0,1110.0,1110.0,1110.0,1110.0,1110.0,1110.0,1110.0,1110.0,1110.0,,,,,,,,,,,,,,,,,,,,,,,,,,,,,,,,,,,,,,,,0.0,273.0,273.0,273.0,273.0,273.0,273.0,273.0,273.0,273.0,273.0,273.0,273.0,273.0,273.0,273.0,273.0,273.0,273.0,273.0,273.0,371.0,375.0,0.0,377.6219,1354.4711,13.39960000000002
1111,1111,1111.0,1111.0,1111.0,1111.0,1111.0,1111.0,1111.0,1111.0,1111.0,1111.0,1111.0,1111.0,1111.0,1111.0,1111.0,1111.0,1111.0,1111.0,1111.0,1111.0,1111.0,1111.0,1111.0,1111.0,1111.0,1111.0,1111.0,1111.0,1111.0,1111.0,1111.0,1111.0,1111.0,1111.0,1111.0,,,,,,,,,,,,,,,,,,,,,,,,,,,,,,,,,,,,,,,,0.1,350.5244,333.0959,318.4691,306.4745,296.9344,289.6237,284.2723,280.593,278.3223,277.2611,277.3058,278.4646,280.8577,284.7009,290.2735,297.878,307.7981,320.2715,335.4895,353.6401,416.0,275.0,377.6219,220.9851,976.8492,13.39960000000002
1112,1112,1112.0,1112.0,1112.0,1112.0,1112.0,1112.0,1112.0,1112.0,1112.0,1112.0,1112.0,1112.0,1112.0,1112.0,1112.0,1112.0,1112.0,1112.0,1112.0,1112.0,1112.0,1112.0,1112.0,1112.0,1112.0,1112.0,1112.0,1112.0,1112.0,1112.0,1112.0,1112.0,1112.0,1112.0,1112.0,,,,,,,,,,,,,,,,,,,,,,,,,,,,,,,,,,,,,,,,0.2,388.3467,365.5674,346.7285,331.2246,318.628,308.5996,300.8406,295.0679,291.004,288.3709,286.885,286.2516,286.1613,286.2943,286.335,285.9984,285.0658,283.4209,281.0768,278.1821,172.0,473.0,598.607,204.80130000000008,755.8641,13.39960000000002
1113,1113,1113.0,1113.0,1113.0,1113.0,1113.0,1113.0,1113.0,1113.0,1113.0,1113.0,1113.0,1113.0,1113.0,1113.0,1113.0,1113.0,1113.0,1113.0,1113.0,1113.0,1113.0,1113.0,1113.0,1113.0,1113.0,1113.0,1113.0,1113.0,1113.0,1113.0,1113.0,1113.0,1113.0,1113.0,1113.0,,,,,,,,,,,,,,,,,,,,,,,,,,,,,,,,,,,,,,,,0.3,197.7328,221.0669,241.0929,257.2992,269.6079,278.3248,284.0352,287.488,289.4949,290.8651,292.3767,294.7756,298.7883,305.1306,314.5037,327.5792,344.9872,367.3401,395.3331,429.9716,403.0,473.0,803.4083,115.34399999999994,551.0627999999999,13.39960000000002
1114,1114,1114.0,1114.0,1114.0,1114.0,1114.0,1114.0,1114.0,1114.0,1114.0,1114.0,1114.0,1114.0,1114.0,1114.0,1114.0,1114.0,1114.0,1114.0,1114.0,1114.0,1114.0,1114.0,1114.0,1114.0,1114.0,1114.0,1114.0,1114.0,1114.0,1114.0,1114.0,1114.0,1114.0,1114.0,1114.0,,,,,,,,,,,,,,,,,,,,,,,,,,,,,,,,,,,,,,,,0.4,374.5147,350.7234,331.3069,316.085,304.836,297.2205,292.7905,291.0503,291.5346,293.8759,297.8443,303.3591,310.4783,319.3781,330.3354,343.7241,360.034,379.9245,404.3272,434.6289,171.0,473.0,918.7523,53.1807,435.7188,13.39960000000002
1115,1115,1115.0,1115.0,1115.0,1115.0,1115.0,1115.0,1115.0,1115.0,1115.0,1115.0,1115.0,1115.0,1115.0,1115.0,1115.0,1115.0,1115.0,1115.0,1115.0,1115.0,1115.0,1115.0,1115.0,1115.0,1115.0,1115.0,1115.0,1115.0,1115.0,1115.0,1115.0,1115.0,1115.0,1115.0,1115.0,,,,,,,,,,,,,,,,,,,,,,,,,,,,,,,,,,,,,,,,0.5,195.8661,218.5112,238.1843,254.4962,267.4515,277.3997,284.934,290.7732,295.6554,300.2622,305.1792,310.8898,317.7936,326.2414,336.5788,349.1972,364.5924,383.4403,406.7064,435.8229,442.0,471.0,971.933,75.86950000000002,382.5381,13.39960000000002
1116,1116,1116.0,1116.0,1116.0,1116.0,1116.0,1116.0,1116.0,1116.0,1116.0,1116.0,1116.0,1116.0,1116.0,1116.0,1116.0,1116.0,1116.0,1116.0,1116.0,1116.0,1116.0,1116.0,1116.0,1116.0,1116.0,1116.0,1116.0,1116.0,1116.0,1116.0,1116.0,1116.0,1116.0,1116.0,1116.0,,,,,,,,,,,,,,,,,,,,,,,,,,,,,,,,,,,,,,,,0.6,404.5361,373.8298,349.0436,329.7312,315.5124,305.9165,300.3508,298.151,298.664,301.3273,305.7236,311.6041,318.8877,327.6473,338.0974,350.5912,365.6374,383.9462,406.5176,434.8029,174.0,472.0,1047.8025,34.32089999999994,306.6686,13.39960000000002
1117,1117,1117.0,1117.0,1117.0,1117.0,1117.0,1117.0,1117.0,1117.0,1117.0,1117.0,1117.0,1117.0,1117.0,1117.0,1117.0,1117.0,1117.0,1117.0,1117.0,1117.0,1117.0,1117.0,1117.0,1117.0,1117.0,1117.0,1117.0,1117.0,1117.0,1117.0,1117.0,1117.0,1117.0,1117.0,1117.0,,,,,,,,,,,,,,,,,,,,,,,,,,,,,,,,,,,,,,,,0.7,199.9453,223.5688,244.032,260.8989,274.1684,284.2159,291.6785,297.322,301.9247,306.1958,310.7345,316.0257,322.4633,330.3901,340.1463,352.1225,366.8194,384.9218,407.4038,435.6988,172.0,472.0,1082.1234,121.42669999999998,272.34770000000003,13.39960000000002
1118,1118,1118.0,1118.0,1118.0,1118.0,1118.0,1118.0,1118.0,1118.0,1118.0,1118.0,1118.0,1118.0,1118.0,1118.0,1118.0,1118.0,1118.0,1118.0,1118.0,1118.0,1118.0,1118.0,1118.0,1118.0,1118.0,1118.0,1118.0,1118.0,1118.0,1118.0,1118.0,1118.0,1118.0,1118.0,1118.0,,,,,,,,,,,,,,,,,,,,,,,,,,,,,,,,,,,,,,,,0.8,191.2196,208.996,225.1711,239.6672,252.4978,263.7662,273.6561,282.4164,290.344,297.7682,305.0381,312.5157,320.5755,329.6116,340.0537,352.3937,367.2273,385.3189,407.7033,435.8567,473.0,473.0,1203.5501,116.06190000000016,150.92100000000005,13.39960000000002
1119,1119,1119.0,1119.0,1119.0,1119.0,1119.0,1119.0,1119.0,1119.0,1119.0,1119.0,1119.0,1119.0,1119.0,1119.0,1119.0,1119.0,1119.0,1119.0,1119.0,1119.0,1119.0,1119.0,1119.0,1119.0,1119.0,1119.0,1119.0,1119.0,1119.0,1119.0,1119.0,1119.0,1119.0,1119.0,1119.0,,,,,,,,,,,,,,,,,,,,,,,,,,,,,,,,,,,,,,,,0.9,426.7757,389.2296,358.9854,335.3653,317.8818,305.9812,298.9662,296.0344,296.3709,299.246,304.0872,310.5164,318.3559,327.6169,338.4833,351.3039,366.6028,385.1198,407.8959,436.4338,171.0,473.0,1319.612,34.8590999999999,34.8590999999999,13.39960000000002
1120,1120,1120.0,1120.0,1120.0,1120.0,1120.0,1120.0,1120.0,1120.0,1120.0,1120.0,1120.0,1120.0,1120.0,1120.0,1120.0,1120.0,1120.0,1120.0,1120.0,1120.0,1120.0,1120.0,1120.0,1120.0,1120.0,1120.0,1120.0,1120.0,1120.0,1120.0,1120.0,1120.0,1120.0,1120.0,1120.0,,,,,,,,,,,,,,,,,,,,,,,,,,,,,,,,,,,,,,,,0.0,273.0,273.0,273.0,273.0,273.0,273.0,273.0,273.0,273.0,273.0,273.0,273.0,273.0,273.0,273.0,273.0,273.0,273.0,273.0,273.0,369.0,373.0,0.0,378.585,1417.1896,13.478499999999997
1121,1121,1121.0,1121.0,1121.0,1121.0,1121.0,1121.0,1121.0,1121.0,1121.0,1121.0,1121.0,1121.0,1121.0,1121.0,1121.0,1121.0,1121.0,1121.0,1121.0,1121.0,1121.0,1121.0,1121.0,1121.0,1121.0,1121.0,1121.0,1121.0,1121.0,1121.0,1121.0,1121.0,1121.0,1121.0,1121.0,,,,,,,,,,,,,,,,,,,,,,,,,,,,,,,,,,,,,,,,0.1,348.9648,331.897,317.5657,305.8104,296.4593,289.2933,284.048,280.4418,278.2165,277.177,277.2217,278.3589,280.7068,284.477,289.9439,297.4041,307.1356,319.3703,334.2932,352.0827,418.0,273.0,378.585,224.77770000000004,1038.6046,13.478499999999997
1122,1122,1122.0,1122.0,1122.0,1122.0,1122.0,1122.0,1122.0,1122.0,1122.0,1122.0,1122.0,1122.0,1122.0,1122.0,1122.0,1122.0,1122.0,1122.0,1122.0,1122.0,1122.0,1122.0,1122.0,1122.0,1122.0,1122.0,1122.0,1122.0,1122.0,1122.0,1122.0,1122.0,1122.0,1122.0,1122.0,,,,,,,,,,,,,,,,,,,,,,,,,,,,,,,,,,,,,,,,0.2,389.815,366.611,347.4318,331.6596,318.8578,308.6785,300.8126,294.9656,290.8479,288.1707,286.6403,285.9534,285.794,285.8367,285.7611,285.2785,284.1665,282.3061,279.7079,276.5186,173.0,472.0,603.3627,207.98490000000004,813.8268999999999,13.478499999999997
1123,1123,1123.0,1123.0,1123.0,1123.0,1123.0,1123.0,1123.0,1123.0,1123.0,1123.0,1123.0,1123.0,1123.0,1123.0,1123.0,1123.0,1123.0,1123.0,1123.0,1123.0,1123.0,1123.0,1123.0,1123.0,1123.0,1123.0,1123.0,1123.0,1123.0,1123.0,1123.0,1123.0,1123.0,1123.0,1123.0,,,,,,,,,,,,,,,,,,,,,,,,,,,,,,,,,,,,,,,,0.3,198.5813,221.771,241.6614,257.7418,269.9347,278.5455,284.1589,287.5223,289.4464,290.7391,292.1773,294.5066,298.4529,304.7323,314.046,327.0646,344.4156,366.7058,394.6198,429.1459,402.0,473.0,811.3476,115.8569,605.8419999999999,13.478499999999997
1124,1124,1124.0,1124.0,1124.0,1124.0,1124.0,1124.0,1124.0,1124.0,1124.0,1124.0,1124.0,1124.0,1124.0,1124.0,1124.0,1124.0,1124.0,1124.0,1124.0,1124.0,1124.0,1124.0,1124.0,1124.0,1124.0,1124.0,1124.0,1124.0,1124.0,1124.0,1124.0,1124.0,1124.0,1124.0,1124.0,,,,,,,,,,,,,,,,,,,,,,,,,,,,,,,,,,,,,,,,0.4,373.776,350.1955,330.9469,315.8534,304.6955,297.1371,292.7347,290.9986,291.4699,293.7877,297.7279,303.2152,310.3117,319.1971,330.1506,343.5474,359.8771,379.7979,404.2389,434.5839,173.0,471.0,927.2045,52.716699999999946,489.9850999999999,13.478499999999997
1125,1125,1125.0,1125.0,1125.0,1125.0,1125.0,1125.0,1125.0,1125.0,1125.0,1125.0,1125.0,1125.0,1125.0,1125.0,1125.0,1125.0,1125.0,1125.0,1125.0,1125.0,1125.0,1125.0,1125.0,1125.0,1125.0,1125.0,1125.0,1125.0,1125.0,1125.0,1125.0,1125.0,1125.0,1125.0,1125.0,,,,,,,,,,,,,,,,,,,,,,,,,,,,,,,,,,,,,,,,0.5,197.4648,219.7383,239.0847,255.1237,267.8617,277.6449,285.0588,290.8125,295.6339,300.195,305.0728,310.7427,317.5968,325.9787,336.2268,348.7245,363.9586,382.5943,405.5818,434.3283,470.0,327.0,979.9212,70.53739999999993,437.26839999999993,13.478499999999997
1126,1126,1126.0,1126.0,1126.0,1126.0,1126.0,1126.0,1126.0,1126.0,1126.0,1126.0,1126.0,1126.0,1126.0,1126.0,1126.0,1126.0,1126.0,1126.0,1126.0,1126.0,1126.0,1126.0,1126.0,1126.0,1126.0,1126.0,1126.0,1126.0,1126.0,1126.0,1126.0,1126.0,1126.0,1126.0,1126.0,,,,,,,,,,,,,,,,,,,,,,,,,,,,,,,,,,,,,,,,0.6,425.75,389.9337,361.1497,338.6549,321.8982,310.2847,303.1022,299.5478,298.7975,300.0763,302.7028,306.1034,309.8053,313.424,316.6591,319.3072,321.2895,322.6866,323.7667,324.9928,174.0,473.0,1050.4586,72.51930000000016,366.731,13.478499999999997
1127,1127,1127.0,1127.0,1127.0,1127.0,1127.0,1127.0,1127.0,1127.0,1127.0,1127.0,1127.0,1127.0,1127.0,1127.0,1127.0,1127.0,1127.0,1127.0,1127.0,1127.0,1127.0,1127.0,1127.0,1127.0,1127.0,1127.0,1127.0,1127.0,1127.0,1127.0,1127.0,1127.0,1127.0,1127.0,1127.0,,,,,,,,,,,,,,,,,,,,,,,,,,,,,,,,,,,,,,,,0.7,200.7105,224.974,245.8488,262.8274,275.8699,285.3404,291.8841,296.2904,299.3772,301.915,304.5964,308.04,312.8162,319.477,328.5784,340.6946,356.4326,376.4704,401.6517,433.1822,171.0,471.0,1122.9779,132.58019999999988,294.21169999999984,13.478499999999997
1128,1128,1128.0,1128.0,1128.0,1128.0,1128.0,1128.0,1128.0,1128.0,1128.0,1128.0,1128.0,1128.0,1128.0,1128.0,1128.0,1128.0,1128.0,1128.0,1128.0,1128.0,1128.0,1128.0,1128.0,1128.0,1128.0,1128.0,1128.0,1128.0,1128.0,1128.0,1128.0,1128.0,1128.0,1128.0,1128.0,,,,,,,,,,,,,,,,,,,,,,,,,,,,,,,,,,,,,,,,0.8,190.3969,208.3049,224.5307,238.9715,251.628,262.6041,272.0976,280.3835,287.795,294.7046,301.5084,308.6143,316.4374,325.4014,335.9507,348.5743,363.8467,382.494,405.4998,434.2816,473.0,473.0,1255.5581,125.5398,161.63149999999996,13.478499999999997
1129,1129,1129.0,1129.0,1129.0,1129.0,1129.0,1129.0,1129.0,1129.0,1129.0,1129.0,1129.0,1129.0,1129.0,1129.0,1129.0,1129.0,1129.0,1129.0,1129.0,1129.0,1129.0,1129.0,1129.0,1129.0,1129.0,1129.0,1129.0,1129.0,1129.0,1129.0,1129.0,1129.0,1129.0,1129.0,1129.0,,,,,,,,,,,,,,,,,,,,,,,,,,,,,,,,,,,,,,,,0.9,426.6047,388.8783,358.4421,334.6196,316.9269,304.8158,297.596,294.4736,294.6433,297.3852,302.1369,308.5291,316.3911,325.7378,336.7529,349.7807,365.3365,384.1479,407.2417,436.1068,172.0,473.0,1381.0979,36.091699999999946,36.091699999999946,13.478499999999997
1130,1130,1130.0,1130.0,1130.0,1130.0,1130.0,1130.0,1130.0,1130.0,1130.0,1130.0,1130.0,1130.0,1130.0,1130.0,1130.0,1130.0,1130.0,1130.0,1130.0,1130.0,1130.0,1130.0,1130.0,1130.0,1130.0,1130.0,1130.0,1130.0,1130.0,1130.0,1130.0,1130.0,1130.0,1130.0,1130.0,,,,,,,,,,,,,,,,,,,,,,,,,,,,,,,,,,,,,,,,0.0,273.0,273.0,273.0,273.0,273.0,273.0,273.0,273.0,273.0,273.0,273.0,273.0,273.0,273.0,273.0,273.0,273.0,273.0,273.0,273.0,368.0,374.0,0.0,378.4341,1307.0233,14.010199999999998
1131,1131,1131.0,1131.0,1131.0,1131.0,1131.0,1131.0,1131.0,1131.0,1131.0,1131.0,1131.0,1131.0,1131.0,1131.0,1131.0,1131.0,1131.0,1131.0,1131.0,1131.0,1131.0,1131.0,1131.0,1131.0,1131.0,1131.0,1131.0,1131.0,1131.0,1131.0,1131.0,1131.0,1131.0,1131.0,1131.0,,,,,,,,,,,,,,,,,,,,,,,,,,,,,,,,,,,,,,,,0.1,348.1847,331.2972,317.1139,305.4785,296.2227,289.1304,283.9405,280.3754,278.1808,277.1658,277.2328,278.3944,280.7729,284.5841,290.1063,297.6399,307.4664,319.8208,334.8914,352.8615,422.0,274.0,378.4341,224.13860000000005,928.5892,14.010199999999998
1132,1132,1132.0,1132.0,1132.0,1132.0,1132.0,1132.0,1132.0,1132.0,1132.0,1132.0,1132.0,1132.0,1132.0,1132.0,1132.0,1132.0,1132.0,1132.0,1132.0,1132.0,1132.0,1132.0,1132.0,1132.0,1132.0,1132.0,1132.0,1132.0,1132.0,1132.0,1132.0,1132.0,1132.0,1132.0,1132.0,,,,,,,,,,,,,,,,,,,,,,,,,,,,,,,,,,,,,,,,0.2,392.8378,368.8679,349.0815,332.8315,319.6621,309.2102,301.152,295.1784,290.9863,288.2743,286.7388,286.0693,285.9449,286.0377,286.0265,285.6228,284.6054,282.8566,280.3883,277.3486,178.0,472.0,602.5727,204.4469999999999,704.4506,14.010199999999998
1133,1133,1133.0,1133.0,1133.0,1133.0,1133.0,1133.0,1133.0,1133.0,1133.0,1133.0,1133.0,1133.0,1133.0,1133.0,1133.0,1133.0,1133.0,1133.0,1133.0,1133.0,1133.0,1133.0,1133.0,1133.0,1133.0,1133.0,1133.0,1133.0,1133.0,1133.0,1133.0,1133.0,1133.0,1133.0,1133.0,,,,,,,,,,,,,,,,,,,,,,,,,,,,,,,,,,,,,,,,0.3,202.7624,225.1895,244.3962,259.8861,271.5867,279.8003,285.1031,288.2309,289.9815,291.1507,292.504,294.7767,298.6858,304.9395,314.2324,327.2301,344.5566,366.8171,394.6965,429.1849,373.0,471.0,807.0197,112.8582,500.0036000000001,14.010199999999998
1134,1134,1134.0,1134.0,1134.0,1134.0,1134.0,1134.0,1134.0,1134.0,1134.0,1134.0,1134.0,1134.0,1134.0,1134.0,1134.0,1134.0,1134.0,1134.0,1134.0,1134.0,1134.0,1134.0,1134.0,1134.0,1134.0,1134.0,1134.0,1134.0,1134.0,1134.0,1134.0,1134.0,1134.0,1134.0,1134.0,,,,,,,,,,,,,,,,,,,,,,,,,,,,,,,,,,,,,,,,0.4,351.4751,333.322,318.4939,306.9601,298.5982,293.1601,290.2976,289.6244,290.7862,293.5186,297.6787,303.2535,310.3485,319.1705,330.0128,343.2552,359.3859,379.0559,403.1812,433.1217,232.0,375.0,919.8779,38.05780000000004,387.1454000000001,14.010199999999998
1135,1135,1135.0,1135.0,1135.0,1135.0,1135.0,1135.0,1135.0,1135.0,1135.0,1135.0,1135.0,1135.0,1135.0,1135.0,1135.0,1135.0,1135.0,1135.0,1135.0,1135.0,1135.0,1135.0,1135.0,1135.0,1135.0,1135.0,1135.0,1135.0,1135.0,1135.0,1135.0,1135.0,1135.0,1135.0,1135.0,,,,,,,,,,,,,,,,,,,,,,,,,,,,,,,,,,,,,,,,0.5,244.3333,255.5248,265.2415,273.3275,279.8243,284.9488,289.0403,292.4936,295.6953,298.9737,302.5695,306.6265,311.2035,316.3005,321.8993,328.0124,334.7345,342.2927,351.0864,361.7154,250.0,473.0,957.9357,95.7168999999999,349.08760000000007,14.010199999999998
1136,1136,1136.0,1136.0,1136.0,1136.0,1136.0,1136.0,1136.0,1136.0,1136.0,1136.0,1136.0,1136.0,1136.0,1136.0,1136.0,1136.0,1136.0,1136.0,1136.0,1136.0,1136.0,1136.0,1136.0,1136.0,1136.0,1136.0,1136.0,1136.0,1136.0,1136.0,1136.0,1136.0,1136.0,1136.0,1136.0,,,,,,,,,,,,,,,,,,,,,,,,,,,,,,,,,,,,,,,,0.6,255.5327,260.6935,265.5373,270.113,274.4657,278.6424,282.702,286.7259,290.8303,295.1772,299.9852,305.5371,312.1844,320.3466,330.5081,343.2145,359.0825,378.8375,403.4071,434.1088,326.0,471.0,1053.6526,71.83480000000009,253.37070000000017,14.010199999999998
1137,1137,1137.0,1137.0,1137.0,1137.0,1137.0,1137.0,1137.0,1137.0,1137.0,1137.0,1137.0,1137.0,1137.0,1137.0,1137.0,1137.0,1137.0,1137.0,1137.0,1137.0,1137.0,1137.0,1137.0,1137.0,1137.0,1137.0,1137.0,1137.0,1137.0,1137.0,1137.0,1137.0,1137.0,1137.0,1137.0,,,,,,,,,,,,,,,,,,,,,,,,,,,,,,,,,,,,,,,,0.7,315.8589,307.2992,300.4229,295.2989,291.9304,290.2491,290.1316,291.4307,294.0095,297.771,302.6788,308.7681,316.1502,325.015,335.6375,348.3926,363.7864,382.512,405.546,434.3154,222.0,472.0,1125.4874,49.579099999999926,181.53590000000008,14.010199999999998
1138,1138,1138.0,1138.0,1138.0,1138.0,1138.0,1138.0,1138.0,1138.0,1138.0,1138.0,1138.0,1138.0,1138.0,1138.0,1138.0,1138.0,1138.0,1138.0,1138.0,1138.0,1138.0,1138.0,1138.0,1138.0,1138.0,1138.0,1138.0,1138.0,1138.0,1138.0,1138.0,1138.0,1138.0,1138.0,1138.0,,,,,,,,,,,,,,,,,,,,,,,,,,,,,,,,,,,,,,,,0.8,235.2491,247.3282,257.9811,267.0983,274.7349,281.0937,286.4871,291.2881,295.885,300.6501,305.9233,312.0127,319.2082,327.8037,338.1273,350.578,365.6728,384.1143,406.8919,435.4517,263.0,473.0,1175.0665,77.65190000000007,131.95680000000016,14.010199999999998
1139,1139,1139.0,1139.0,1139.0,1139.0,1139.0,1139.0,1139.0,1139.0,1139.0,1139.0,1139.0,1139.0,1139.0,1139.0,1139.0,1139.0,1139.0,1139.0,1139.0,1139.0,1139.0,1139.0,1139.0,1139.0,1139.0,1139.0,1139.0,1139.0,1139.0,1139.0,1139.0,1139.0,1139.0,1139.0,1139.0,,,,,,,,,,,,,,,,,,,,,,,,,,,,,,,,,,,,,,,,0.9,265.4997,267.9808,270.6022,273.4832,276.6996,280.291,284.2761,288.6728,293.516,298.8727,304.8511,311.6064,319.3456,328.333,338.903,351.4809,366.6189,385.0561,407.8177,436.3844,331.0,472.0,1252.7184,54.30490000000009,54.30490000000009,14.010199999999998
1140,1140,1140.0,1140.0,1140.0,1140.0,1140.0,1140.0,1140.0,1140.0,1140.0,1140.0,1140.0,1140.0,1140.0,1140.0,1140.0,1140.0,1140.0,1140.0,1140.0,1140.0,1140.0,1140.0,1140.0,1140.0,1140.0,1140.0,1140.0,1140.0,1140.0,1140.0,1140.0,1140.0,1140.0,1140.0,,,,,,,,,,,,,,,,,,,,,,,,,,,,,,,,,,,,,,,,,0.0,273.0,273.0,273.0,273.0,273.0,273.0,273.0,273.0,273.0,273.0,273.0,273.0,273.0,273.0,273.0,273.0,273.0,273.0,273.0,273.0,371.0,354.0,0.0,384.6405,996.5947,-20.0
1141,1141,1141.0,1141.0,1141.0,1141.0,1141.0,1141.0,1141.0,1141.0,1141.0,1141.0,1141.0,1141.0,1141.0,1141.0,1141.0,1141.0,1141.0,1141.0,1141.0,1141.0,1141.0,1141.0,1141.0,1141.0,1141.0,1141.0,1141.0,1141.0,1141.0,1141.0,1141.0,1141.0,1141.0,1141.0,,,,,,,,,,,,,,,,,,,,,,,,,,,,,,,,,,,,,,,,,0.1,350.5239,333.0948,318.4664,306.4687,296.9219,289.598,284.2212,280.4948,278.1403,276.9359,276.7452,277.5327,279.3637,282.3893,286.8191,292.8853,300.806,310.7573,322.8667,337.2359,306.0,426.0,384.6405,205.18600000000004,611.9542,-4.451999999999998
1142,1142,1142.0,1142.0,1142.0,1142.0,1142.0,1142.0,1142.0,1142.0,1142.0,1142.0,1142.0,1142.0,1142.0,1142.0,1142.0,1142.0,1142.0,1142.0,1142.0,1142.0,1142.0,1142.0,1142.0,1142.0,1142.0,1142.0,1142.0,1142.0,1142.0,1142.0,1142.0,1142.0,1142.0,1142.0,,,,,,,,,,,,,,,,,,,,,,,,,,,,,,,,,,,,,,,,,0.2,302.6881,299.9198,297.4581,295.1505,292.94,290.861,289.0236,287.5927,286.7693,286.7771,287.8577,290.2706,294.2963,300.2362,308.4091,319.1467,332.7935,349.726,370.4057,395.4858,291.0,461.0,589.8265,99.44240000000002,406.7682,-4.338999999999999
1143,1143,1143.0,1143.0,1143.0,1143.0,1143.0,1143.0,1143.0,1143.0,1143.0,1143.0,1143.0,1143.0,1143.0,1143.0,1143.0,1143.0,1143.0,1143.0,1143.0,1143.0,1143.0,1143.0,1143.0,1143.0,1143.0,1143.0,1143.0,1143.0,1143.0,1143.0,1143.0,1143.0,1143.0,1143.0,,,,,,,,,,,,,,,,,,,,,,,,,,,,,,,,,,,,,,,,,0.3,290.0346,289.3776,288.9404,288.6724,288.5694,288.6747,289.0778,289.9088,291.3327,293.5445,296.7656,301.2431,307.2494,315.085,325.0835,337.6242,353.1579,372.2575,395.7107,424.682,295.0,459.0,689.2689,56.03239999999994,307.3258,-7.775300000000016
1144,1144,1144.0,1144.0,1144.0,1144.0,1144.0,1144.0,1144.0,1144.0,1144.0,1144.0,1144.0,1144.0,1144.0,1144.0,1144.0,1144.0,1144.0,1144.0,1144.0,1144.0,1144.0,1144.0,1144.0,1144.0,1144.0,1144.0,1144.0,1144.0,1144.0,1144.0,1144.0,1144.0,1144.0,1144.0,,,,,,,,,,,,,,,,,,,,,,,,,,,,,,,,,,,,,,,,,0.4,292.9121,291.3259,290.2287,289.6211,289.5174,289.9467,290.9548,292.6055,294.9829,298.1917,302.3592,307.6368,314.2047,322.2791,332.1263,344.0838,358.5958,376.2679,397.9537,424.9002,285.0,461.0,745.3013,42.16330000000005,251.2934,-7.85329999999999
1145,1145,1145.0,1145.0,1145.0,1145.0,1145.0,1145.0,1145.0,1145.0,1145.0,1145.0,1145.0,1145.0,1145.0,1145.0,1145.0,1145.0,1145.0,1145.0,1145.0,1145.0,1145.0,1145.0,1145.0,1145.0,1145.0,1145.0,1145.0,1145.0,1145.0,1145.0,1145.0,1145.0,1145.0,1145.0,,,,,,,,,,,,,,,,,,,,,,,,,,,,,,,,,,,,,,,,,0.5,285.2326,285.7081,286.4107,287.3442,288.5359,290.0366,291.9185,294.2723,297.2045,300.8366,305.3059,310.77,317.4137,325.4608,335.1896,346.9572,361.2341,378.6587,400.1237,426.9215,275.0,464.0,787.4646,41.158000000000015,209.1301,-9.21339999999998
1146,1146,1146.0,1146.0,1146.0,1146.0,1146.0,1146.0,1146.0,1146.0,1146.0,1146.0,1146.0,1146.0,1146.0,1146.0,1146.0,1146.0,1146.0,1146.0,1146.0,1146.0,1146.0,1146.0,1146.0,1146.0,1146.0,1146.0,1146.0,1146.0,1146.0,1146.0,1146.0,1146.0,1146.0,1146.0,,,,,,,,,,,,,,,,,,,,,,,,,,,,,,,,,,,,,,,,,0.6,277.127,279.2842,281.4697,283.7,286.0138,288.4729,291.161,294.1802,297.6493,301.7024,306.4904,312.1856,318.9891,327.142,336.9427,348.7698,363.1185,380.6556,402.3088,429.4175,276.0,464.0,828.6226,43.43579999999997,167.97209999999995,-12.32710000000003
1147,1147,1147.0,1147.0,1147.0,1147.0,1147.0,1147.0,1147.0,1147.0,1147.0,1147.0,1147.0,1147.0,1147.0,1147.0,1147.0,1147.0,1147.0,1147.0,1147.0,1147.0,1147.0,1147.0,1147.0,1147.0,1147.0,1147.0,1147.0,1147.0,1147.0,1147.0,1147.0,1147.0,1147.0,1147.0,,,,,,,,,,,,,,,,,,,,,,,,,,,,,,,,,,,,,,,,,0.7,277.6149,279.3243,281.1611,283.1629,285.3736,287.8449,290.6386,293.8288,297.5043,301.7717,306.7592,312.6221,319.5502,327.7783,337.6024,349.4028,363.6793,381.1066,402.6225,429.5775,281.0,462.0,872.0584,42.59590000000003,124.53629999999998,-14.605099999999991
1148,1148,1148.0,1148.0,1148.0,1148.0,1148.0,1148.0,1148.0,1148.0,1148.0,1148.0,1148.0,1148.0,1148.0,1148.0,1148.0,1148.0,1148.0,1148.0,1148.0,1148.0,1148.0,1148.0,1148.0,1148.0,1148.0,1148.0,1148.0,1148.0,1148.0,1148.0,1148.0,1148.0,1148.0,1148.0,,,,,,,,,,,,,,,,,,,,,,,,,,,,,,,,,,,,,,,,,0.8,281.5714,282.3626,283.4165,284.7755,286.4812,288.5758,291.1054,294.1237,297.6972,301.9098,306.8686,312.7094,319.6052,327.7767,337.5079,349.1692,363.2521,380.4226,401.607,428.1358,281.0,464.0,914.6543,40.785999999999945,81.94039999999995,-15.624199999999972
1149,1149,1149.0,1149.0,1149.0,1149.0,1149.0,1149.0,1149.0,1149.0,1149.0,1149.0,1149.0,1149.0,1149.0,1149.0,1149.0,1149.0,1149.0,1149.0,1149.0,1149.0,1149.0,1149.0,1149.0,1149.0,1149.0,1149.0,1149.0,1149.0,1149.0,1149.0,1149.0,1149.0,1149.0,1149.0,,,,,,,,,,,,,,,,,,,,,,,,,,,,,,,,,,,,,,,,,0.9,281.7326,282.6678,283.8349,285.2674,287.0047,289.0923,291.5842,294.5442,298.0496,302.1947,307.0953,312.8955,319.7759,327.9648,337.7541,349.5224,363.7692,381.1696,402.6619,429.5962,276.0,468.0,955.4403,41.15440000000001,41.15440000000001,-16.95769999999999
1150,1150,1150.0,1150.0,1150.0,1150.0,1150.0,1150.0,1150.0,1150.0,1150.0,1150.0,1150.0,1150.0,1150.0,1150.0,1150.0,1150.0,1150.0,1150.0,1150.0,1150.0,1150.0,1150.0,1150.0,1150.0,1150.0,1150.0,1150.0,1150.0,1150.0,1150.0,1150.0,1150.0,1150.0,1150.0,,,,,,,,,,,,,,,,,,,,,,,,,,,,,,,,,,,,,,,,,0.0,273.0,273.0,273.0,273.0,273.0,273.0,273.0,273.0,273.0,273.0,273.0,273.0,273.0,273.0,273.0,273.0,273.0,273.0,273.0,273.0,373.0,353.0,0.0,384.6762,991.8141,-20.0
1151,1151,1151.0,1151.0,1151.0,1151.0,1151.0,1151.0,1151.0,1151.0,1151.0,1151.0,1151.0,1151.0,1151.0,1151.0,1151.0,1151.0,1151.0,1151.0,1151.0,1151.0,1151.0,1151.0,1151.0,1151.0,1151.0,1151.0,1151.0,1151.0,1151.0,1151.0,1151.0,1151.0,1151.0,1151.0,,,,,,,,,,,,,,,,,,,,,,,,,,,,,,,,,,,,,,,,,0.1,352.0824,334.2923,319.3683,307.1312,297.3946,289.9244,284.438,280.6319,278.2201,276.9736,276.7493,277.5054,279.3015,282.2834,286.656,292.6472,300.4713,310.3015,322.2623,336.452,306.0,433.0,384.6762,204.5282,607.1379000000001,-4.12560000000002
1152,1152,1152.0,1152.0,1152.0,1152.0,1152.0,1152.0,1152.0,1152.0,1152.0,1152.0,1152.0,1152.0,1152.0,1152.0,1152.0,1152.0,1152.0,1152.0,1152.0,1152.0,1152.0,1152.0,1152.0,1152.0,1152.0,1152.0,1152.0,1152.0,1152.0,1152.0,1152.0,1152.0,1152.0,1152.0,,,,,,,,,,,,,,,,,,,,,,,,,,,,,,,,,,,,,,,,,0.2,302.7502,300.0378,297.6203,295.342,293.1451,291.0655,289.2176,287.7727,286.9401,286.9541,288.0694,290.5618,294.731,300.9004,309.4127,320.624,334.904,352.6563,374.3781,400.7801,289.0,461.0,589.2044,95.54060000000004,402.6097000000001,-4.134500000000003
1153,1153,1153.0,1153.0,1153.0,1153.0,1153.0,1153.0,1153.0,1153.0,1153.0,1153.0,1153.0,1153.0,1153.0,1153.0,1153.0,1153.0,1153.0,1153.0,1153.0,1153.0,1153.0,1153.0,1153.0,1153.0,1153.0,1153.0,1153.0,1153.0,1153.0,1153.0,1153.0,1153.0,1153.0,1153.0,,,,,,,,,,,,,,,,,,,,,,,,,,,,,,,,,,,,,,,,,0.3,288.4677,288.1915,288.0816,288.0887,288.2117,288.5003,289.0521,290.0063,291.5364,293.8437,297.1533,301.7118,307.7875,315.6733,325.6943,338.2213,353.7004,372.7047,396.028,424.8458,293.0,460.0,684.745,55.86869999999999,307.06910000000005,-7.949700000000007
1154,1154,1154.0,1154.0,1154.0,1154.0,1154.0,1154.0,1154.0,1154.0,1154.0,1154.0,1154.0,1154.0,1154.0,1154.0,1154.0,1154.0,1154.0,1154.0,1154.0,1154.0,1154.0,1154.0,1154.0,1154.0,1154.0,1154.0,1154.0,1154.0,1154.0,1154.0,1154.0,1154.0,1154.0,1154.0,,,,,,,,,,,,,,,,,,,,,,,,,,,,,,,,,,,,,,,,,0.4,291.2764,290.0083,289.1888,288.8228,288.9284,289.538,290.7001,292.4815,294.9686,298.2687,302.5116,307.8517,314.4722,322.5934,332.4857,344.4921,359.063,376.8115,398.6009,425.6922,287.0,463.0,740.6137,42.57169999999997,251.2004000000001,-8.262
1155,1155,1155.0,1155.0,1155.0,1155.0,1155.0,1155.0,1155.0,1155.0,1155.0,1155.0,1155.0,1155.0,1155.0,1155.0,1155.0,1155.0,1155.0,1155.0,1155.0,1155.0,1155.0,1155.0,1155.0,1155.0,1155.0,1155.0,1155.0,1155.0,1155.0,1155.0,1155.0,1155.0,1155.0,1155.0,,,,,,,,,,,,,,,,,,,,,,,,,,,,,,,,,,,,,,,,,0.5,286.7558,286.8139,287.1668,287.8232,288.81,290.1725,291.9738,294.2936,297.2272,300.8863,305.401,310.9245,317.6404,325.7739,335.6072,347.5033,361.9409,379.5697,401.2985,428.4449,275.0,466.0,783.1854,40.50819999999999,208.6287000000001,-9.077499999999986
1156,1156,1156.0,1156.0,1156.0,1156.0,1156.0,1156.0,1156.0,1156.0,1156.0,1156.0,1156.0,1156.0,1156.0,1156.0,1156.0,1156.0,1156.0,1156.0,1156.0,1156.0,1156.0,1156.0,1156.0,1156.0,1156.0,1156.0,1156.0,1156.0,1156.0,1156.0,1156.0,1156.0,1156.0,1156.0,,,,,,,,,,,,,,,,,,,,,,,,,,,,,,,,,,,,,,,,,0.6,277.1782,279.3814,281.6038,283.8598,286.1885,288.654,291.3438,294.3646,297.8394,301.9063,306.7194,312.4535,319.3117,327.5376,337.4323,349.3786,363.8782,381.6078,403.5114,430.9544,280.0,465.0,823.6936,41.98660000000007,168.1205000000001,-12.146000000000017
1157,1157,1157.0,1157.0,1157.0,1157.0,1157.0,1157.0,1157.0,1157.0,1157.0,1157.0,1157.0,1157.0,1157.0,1157.0,1157.0,1157.0,1157.0,1157.0,1157.0,1157.0,1157.0,1157.0,1157.0,1157.0,1157.0,1157.0,1157.0,1157.0,1157.0,1157.0,1157.0,1157.0,1157.0,1157.0,,,,,,,,,,,,,,,,,,,,,,,,,,,,,,,,,,,,,,,,,0.7,280.8336,281.8583,283.112,284.6338,286.4643,288.6473,291.2331,294.2823,297.8699,302.09,307.0602,312.9272,319.8745,328.1327,337.9955,349.8427,364.1763,381.6759,403.2883,430.3788,278.0,465.0,865.6802,41.10860000000002,126.13390000000004,-13.802700000000016
1158,1158,1158.0,1158.0,1158.0,1158.0,1158.0,1158.0,1158.0,1158.0,1158.0,1158.0,1158.0,1158.0,1158.0,1158.0,1158.0,1158.0,1158.0,1158.0,1158.0,1158.0,1158.0,1158.0,1158.0,1158.0,1158.0,1158.0,1158.0,1158.0,1158.0,1158.0,1158.0,1158.0,1158.0,1158.0,,,,,,,,,,,,,,,,,,,,,,,,,,,,,,,,,,,,,,,,,0.8,279.3291,280.7903,282.4111,284.2259,286.2769,288.616,291.3054,294.4189,298.0437,302.2834,307.2618,313.1293,320.0706,328.3168,338.1619,349.9865,364.2937,381.7644,403.3471,430.4079,274.0,465.0,906.7888,42.101999999999975,85.02530000000002,-15.584000000000003
1159,1159,1159.0,1159.0,1159.0,1159.0,1159.0,1159.0,1159.0,1159.0,1159.0,1159.0,1159.0,1159.0,1159.0,1159.0,1159.0,1159.0,1159.0,1159.0,1159.0,1159.0,1159.0,1159.0,1159.0,1159.0,1159.0,1159.0,1159.0,1159.0,1159.0,1159.0,1159.0,1159.0,1159.0,1159.0,,,,,,,,,,,,,,,,,,,,,,,,,,,,,,,,,,,,,,,,,0.9,276.0965,278.2347,280.4406,282.7487,285.2052,287.8682,290.8088,294.1114,297.8738,302.2101,307.2533,313.1614,320.1256,328.3819,338.228,350.0474,364.3453,381.8043,403.374,430.4213,280.0,465.0,948.8908,42.92330000000004,42.92330000000004,-18.18180000000001
1160,1160,1160.0,1160.0,1160.0,1160.0,1160.0,1160.0,1160.0,1160.0,1160.0,1160.0,1160.0,1160.0,1160.0,1160.0,1160.0,1160.0,1160.0,1160.0,1160.0,1160.0,1160.0,1160.0,1160.0,1160.0,1160.0,1160.0,1160.0,1160.0,1160.0,1160.0,1160.0,1160.0,1160.0,1160.0,,,,,,,,,,,,,,,,,,,,,,,,,,,,,,,,,,,,,,,,,0.0,273.0,273.0,273.0,273.0,273.0,273.0,273.0,273.0,273.0,273.0,273.0,273.0,273.0,273.0,273.0,273.0,273.0,273.0,273.0,273.0,371.0,352.0,0.0,385.3489,1187.4859,-20.0
1161,1161,1161.0,1161.0,1161.0,1161.0,1161.0,1161.0,1161.0,1161.0,1161.0,1161.0,1161.0,1161.0,1161.0,1161.0,1161.0,1161.0,1161.0,1161.0,1161.0,1161.0,1161.0,1161.0,1161.0,1161.0,1161.0,1161.0,1161.0,1161.0,1161.0,1161.0,1161.0,1161.0,1161.0,1161.0,,,,,,,,,,,,,,,,,,,,,,,,,,,,,,,,,,,,,,,,,0.1,350.5239,333.0947,318.4662,306.4682,296.9207,289.5956,284.2163,280.4854,278.1229,276.9048,276.6915,277.4435,279.2206,282.1678,286.4879,292.4065,300.1353,309.845,321.6575,335.6678,307.0,426.0,385.3489,207.2265,802.137,-4.454400000000021
1162,1162,1162.0,1162.0,1162.0,1162.0,1162.0,1162.0,1162.0,1162.0,1162.0,1162.0,1162.0,1162.0,1162.0,1162.0,1162.0,1162.0,1162.0,1162.0,1162.0,1162.0,1162.0,1162.0,1162.0,1162.0,1162.0,1162.0,1162.0,1162.0,1162.0,1162.0,1162.0,1162.0,1162.0,1162.0,,,,,,,,,,,,,,,,,,,,,,,,,,,,,,,,,,,,,,,,,0.2,303.4779,300.528,297.9122,295.4767,293.1619,290.9989,289.094,287.608,286.7382,286.7053,287.7491,290.1289,294.1262,300.0447,308.2064,318.9456,332.6089,349.5726,370.2962,395.4289,318.0,313.0,592.5754,108.30000000000008,594.9105,-4.201099999999997
1163,1163,1163.0,1163.0,1163.0,1163.0,1163.0,1163.0,1163.0,1163.0,1163.0,1163.0,1163.0,1163.0,1163.0,1163.0,1163.0,1163.0,1163.0,1163.0,1163.0,1163.0,1163.0,1163.0,1163.0,1163.0,1163.0,1163.0,1163.0,1163.0,1163.0,1163.0,1163.0,1163.0,1163.0,1163.0,,,,,,,,,,,,,,,,,,,,,,,,,,,,,,,,,,,,,,,,,0.3,311.4743,306.019,301.523,297.9047,295.1043,293.0783,291.7953,291.2303,291.3566,292.1348,293.5007,295.3541,297.5545,299.9271,302.283,304.4527,306.3293,307.9121,309.3384,310.8948,274.0,462.0,700.8754,124.6368,486.6104999999999,-3.371699999999976
1164,1164,1164.0,1164.0,1164.0,1164.0,1164.0,1164.0,1164.0,1164.0,1164.0,1164.0,1164.0,1164.0,1164.0,1164.0,1164.0,1164.0,1164.0,1164.0,1164.0,1164.0,1164.0,1164.0,1164.0,1164.0,1164.0,1164.0,1164.0,1164.0,1164.0,1164.0,1164.0,1164.0,1164.0,1164.0,,,,,,,,,,,,,,,,,,,,,,,,,,,,,,,,,,,,,,,,,0.4,276.9417,279.7328,282.2349,284.3665,286.1146,287.5345,288.7407,289.8965,291.2062,292.9145,295.3127,298.7482,303.6315,310.4354,319.683,331.9296,347.7505,367.7592,392.6846,423.5485,317.0,320.0,825.5122,70.81399999999996,361.9736999999999,-10.265500000000031
1165,1165,1165.0,1165.0,1165.0,1165.0,1165.0,1165.0,1165.0,1165.0,1165.0,1165.0,1165.0,1165.0,1165.0,1165.0,1165.0,1165.0,1165.0,1165.0,1165.0,1165.0,1165.0,1165.0,1165.0,1165.0,1165.0,1165.0,1165.0,1165.0,1165.0,1165.0,1165.0,1165.0,1165.0,1165.0,,,,,,,,,,,,,,,,,,,,,,,,,,,,,,,,,,,,,,,,,0.5,309.9169,304.0012,299.2523,295.6623,293.1997,291.805,291.3955,291.8737,293.1333,295.0593,297.5222,300.3698,303.4215,306.4733,309.3172,311.7772,313.7565,315.2859,316.5614,317.9557,278.0,464.0,896.3262,97.77030000000002,291.1597,-7.444999999999993
1166,1166,1166.0,1166.0,1166.0,1166.0,1166.0,1166.0,1166.0,1166.0,1166.0,1166.0,1166.0,1166.0,1166.0,1166.0,1166.0,1166.0,1166.0,1166.0,1166.0,1166.0,1166.0,1166.0,1166.0,1166.0,1166.0,1166.0,1166.0,1166.0,1166.0,1166.0,1166.0,1166.0,1166.0,1166.0,,,,,,,,,,,,,,,,,,,,,,,,,,,,,,,,,,,,,,,,,0.6,280.0693,282.113,284.0239,285.741,287.2582,288.6231,289.9302,291.3123,292.9368,295.0076,297.7743,301.5442,306.6923,313.6625,322.9594,335.1326,350.7685,370.5093,395.1307,425.718,280.0,463.0,994.0965,63.43379999999991,193.3893999999999,-12.17689999999999
1167,1167,1167.0,1167.0,1167.0,1167.0,1167.0,1167.0,1167.0,1167.0,1167.0,1167.0,1167.0,1167.0,1167.0,1167.0,1167.0,1167.0,1167.0,1167.0,1167.0,1167.0,1167.0,1167.0,1167.0,1167.0,1167.0,1167.0,1167.0,1167.0,1167.0,1167.0,1167.0,1167.0,1167.0,1167.0,,,,,,,,,,,,,,,,,,,,,,,,,,,,,,,,,,,,,,,,,0.7,280.7199,281.5911,282.6167,283.8114,285.2041,286.8421,288.7941,291.1522,294.0342,297.5837,301.9707,307.3921,314.0736,322.2754,332.3025,344.5259,359.4161,377.6008,399.9574,427.7694,291.0,461.0,1057.5303,48.98830000000021,129.9556,-15.607899999999972
1168,1168,1168.0,1168.0,1168.0,1168.0,1168.0,1168.0,1168.0,1168.0,1168.0,1168.0,1168.0,1168.0,1168.0,1168.0,1168.0,1168.0,1168.0,1168.0,1168.0,1168.0,1168.0,1168.0,1168.0,1168.0,1168.0,1168.0,1168.0,1168.0,1168.0,1168.0,1168.0,1168.0,1168.0,1168.0,,,,,,,,,,,,,,,,,,,,,,,,,,,,,,,,,,,,,,,,,0.8,289.4453,288.345,287.7342,287.6473,288.1145,289.1642,290.8265,293.1394,296.1547,299.9446,304.6061,310.2671,317.0924,325.2932,335.1411,346.9903,361.3122,378.7487,400.1989,426.9635,283.0,464.0,1106.5186,40.71699999999987,80.9672999999998,-15.035799999999997
1169,1169,1169.0,1169.0,1169.0,1169.0,1169.0,1169.0,1169.0,1169.0,1169.0,1169.0,1169.0,1169.0,1169.0,1169.0,1169.0,1169.0,1169.0,1169.0,1169.0,1169.0,1169.0,1169.0,1169.0,1169.0,1169.0,1169.0,1169.0,1169.0,1169.0,1169.0,1169.0,1169.0,1169.0,1169.0,,,,,,,,,,,,,,,,,,,,,,,,,,,,,,,,,,,,,,,,,0.9,283.5286,284.2736,285.2367,286.4349,287.9021,289.6897,291.8656,294.5122,297.726,301.6184,306.3183,311.9779,318.7812,326.9555,336.7879,348.6498,363.0312,380.5966,402.2732,429.401,277.0,466.0,1147.2356,40.250299999999925,40.250299999999925,-16.360299999999995
1170,1170,1170.0,1170.0,1170.0,1170.0,1170.0,1170.0,1170.0,1170.0,1170.0,1170.0,1170.0,1170.0,1170.0,1170.0,1170.0,1170.0,1170.0,1170.0,1170.0,1170.0,1170.0,1170.0,1170.0,1170.0,1170.0,1170.0,1170.0,1170.0,1170.0,1170.0,1170.0,1170.0,1170.0,1170.0,,,,,,,,,,,,,,,,,,,,,,,,,,,,,,,,,,,,,,,,,0.0,273.0,273.0,273.0,273.0,273.0,273.0,273.0,273.0,273.0,273.0,273.0,273.0,273.0,273.0,273.0,273.0,273.0,273.0,273.0,273.0,373.0,353.0,0.0,384.6762,1187.8982,-20.0
1171,1171,1171.0,1171.0,1171.0,1171.0,1171.0,1171.0,1171.0,1171.0,1171.0,1171.0,1171.0,1171.0,1171.0,1171.0,1171.0,1171.0,1171.0,1171.0,1171.0,1171.0,1171.0,1171.0,1171.0,1171.0,1171.0,1171.0,1171.0,1171.0,1171.0,1171.0,1171.0,1171.0,1171.0,1171.0,,,,,,,,,,,,,,,,,,,,,,,,,,,,,,,,,,,,,,,,,0.1,352.0824,334.2923,319.3683,307.1312,297.3946,289.9244,284.438,280.6319,278.2201,276.9736,276.7493,277.5054,279.3015,282.2834,286.656,292.6472,300.4713,310.3015,322.2623,336.452,306.0,426.0,384.6762,205.4182,803.2220000000001,-4.12560000000002
1172,1172,1172.0,1172.0,1172.0,1172.0,1172.0,1172.0,1172.0,1172.0,1172.0,1172.0,1172.0,1172.0,1172.0,1172.0,1172.0,1172.0,1172.0,1172.0,1172.0,1172.0,1172.0,1172.0,1172.0,1172.0,1172.0,1172.0,1172.0,1172.0,1172.0,1172.0,1172.0,1172.0,1172.0,1172.0,,,,,,,,,,,,,,,,,,,,,,,,,,,,,,,,,,,,,,,,,0.2,302.75,300.0374,297.6194,295.3402,293.1412,291.0575,289.2015,287.7418,286.8828,286.8518,287.8935,290.27,294.2639,300.1785,308.3343,319.0641,332.7129,349.6567,370.3552,395.4593,319.0,312.0,590.0944,107.7844,597.8038000000001,-4.142499999999984
1173,1173,1173.0,1173.0,1173.0,1173.0,1173.0,1173.0,1173.0,1173.0,1173.0,1173.0,1173.0,1173.0,1173.0,1173.0,1173.0,1173.0,1173.0,1173.0,1173.0,1173.0,1173.0,1173.0,1173.0,1173.0,1173.0,1173.0,1173.0,1173.0,1173.0,1173.0,1173.0,1173.0,1173.0,1173.0,,,,,,,,,,,,,,,,,,,,,,,,,,,,,,,,,,,,,,,,,0.3,312.2555,306.6143,301.9653,298.2262,295.3351,293.245,291.9194,291.3276,291.4371,292.2029,293.5556,295.3903,297.5624,299.8928,302.1886,304.2767,306.0467,307.4951,308.7578,310.12,275.0,462.0,697.8788,124.4574,490.0194000000001,-3.204999999999984
1174,1174,1174.0,1174.0,1174.0,1174.0,1174.0,1174.0,1174.0,1174.0,1174.0,1174.0,1174.0,1174.0,1174.0,1174.0,1174.0,1174.0,1174.0,1174.0,1174.0,1174.0,1174.0,1174.0,1174.0,1174.0,1174.0,1174.0,1174.0,1174.0,1174.0,1174.0,1174.0,1174.0,1174.0,1174.0,,,,,,,,,,,,,,,,,,,,,,,,,,,,,,,,,,,,,,,,,0.4,277.774,280.418,282.7923,284.8144,286.4698,287.8116,288.9524,290.0533,291.3167,292.9853,295.3492,298.755,303.6132,310.397,319.6305,331.8698,347.691,367.7074,392.6466,423.5285,319.0,316.0,822.3362,70.447,365.5620000000001,-9.988400000000013
1175,1175,1175.0,1175.0,1175.0,1175.0,1175.0,1175.0,1175.0,1175.0,1175.0,1175.0,1175.0,1175.0,1175.0,1175.0,1175.0,1175.0,1175.0,1175.0,1175.0,1175.0,1175.0,1175.0,1175.0,1175.0,1175.0,1175.0,1175.0,1175.0,1175.0,1175.0,1175.0,1175.0,1175.0,1175.0,,,,,,,,,,,,,,,,,,,,,,,,,,,,,,,,,,,,,,,,,0.5,311.5424,305.309,300.292,296.4779,293.8301,292.2838,291.7507,292.1268,293.2984,295.1423,297.5198,300.2676,303.1922,306.075,308.6923,310.8515,312.4403,313.4762,314.1444,314.8106,278.0,464.0,892.7832,99.10340000000008,295.1150000000001,-6.966200000000015
1176,1176,1176.0,1176.0,1176.0,1176.0,1176.0,1176.0,1176.0,1176.0,1176.0,1176.0,1176.0,1176.0,1176.0,1176.0,1176.0,1176.0,1176.0,1176.0,1176.0,1176.0,1176.0,1176.0,1176.0,1176.0,1176.0,1176.0,1176.0,1176.0,1176.0,1176.0,1176.0,1176.0,1176.0,1176.0,,,,,,,,,,,,,,,,,,,,,,,,,,,,,,,,,,,,,,,,,0.6,280.1474,282.2606,284.2252,285.9752,287.502,288.8532,290.1253,291.4545,293.012,295.0061,297.6916,301.3813,306.4567,313.3688,322.629,334.7928,350.4496,370.241,394.938,425.6179,277.0,465.0,991.8866,64.43219999999997,196.01160000000004,-11.946799999999996
1177,1177,1177.0,1177.0,1177.0,1177.0,1177.0,1177.0,1177.0,1177.0,1177.0,1177.0,1177.0,1177.0,1177.0,1177.0,1177.0,1177.0,1177.0,1177.0,1177.0,1177.0,1177.0,1177.0,1177.0,1177.0,1177.0,1177.0,1177.0,1177.0,1177.0,1177.0,1177.0,1177.0,1177.0,1177.0,,,,,,,,,,,,,,,,,,,,,,,,,,,,,,,,,,,,,,,,,0.7,278.3429,279.762,281.2548,282.8331,284.5279,286.3927,288.5059,290.9723,293.9229,297.5152,301.9324,307.3837,314.1064,322.371,332.4924,344.8501,359.9235,378.3493,401.0179,429.2339,289.0,460.0,1056.3188,50.42309999999998,131.57940000000008,-16.057299999999998
1178,1178,1178.0,1178.0,1178.0,1178.0,1178.0,1178.0,1178.0,1178.0,1178.0,1178.0,1178.0,1178.0,1178.0,1178.0,1178.0,1178.0,1178.0,1178.0,1178.0,1178.0,1178.0,1178.0,1178.0,1178.0,1178.0,1178.0,1178.0,1178.0,1178.0,1178.0,1178.0,1178.0,1178.0,1178.0,,,,,,,,,,,,,,,,,,,,,,,,,,,,,,,,,,,,,,,,,0.8,287.7551,286.923,286.5466,286.6656,287.3145,288.5242,290.3267,292.7609,295.8798,299.7557,304.4858,310.197,317.0522,325.2596,335.0871,346.8848,361.1199,378.4304,399.7106,426.2533,285.0,462.0,1106.7419,41.636400000000094,81.1563000000001,-15.67579999999998
1179,1179,1179.0,1179.0,1179.0,1179.0,1179.0,1179.0,1179.0,1179.0,1179.0,1179.0,1179.0,1179.0,1179.0,1179.0,1179.0,1179.0,1179.0,1179.0,1179.0,1179.0,1179.0,1179.0,1179.0,1179.0,1179.0,1179.0,1179.0,1179.0,1179.0,1179.0,1179.0,1179.0,1179.0,1179.0,,,,,,,,,,,,,,,,,,,,,,,,,,,,,,,,,,,,,,,,,0.9,285.0254,285.3263,285.9143,286.8111,288.0503,289.6772,291.7495,294.3369,297.5221,301.4029,306.0962,311.7439,318.5207,326.6463,336.4012,348.1497,362.3748,379.7314,401.1327,427.8959,280.0,464.0,1148.3783,39.51990000000001,39.51990000000001,-16.372799999999984
1180,1180,1180.0,1180.0,1180.0,1180.0,1180.0,1180.0,1180.0,1180.0,1180.0,1180.0,1180.0,1180.0,1180.0,1180.0,1180.0,1180.0,1180.0,1180.0,1180.0,1180.0,1180.0,1180.0,1180.0,1180.0,1180.0,1180.0,1180.0,1180.0,1180.0,1180.0,1180.0,1180.0,1180.0,1180.0,,,,,,,,,,,,,,,,,,,,,,,,,,,,,,,,,,,,,,,,,0.0,273.0,273.0,273.0,273.0,273.0,273.0,273.0,273.0,273.0,273.0,273.0,273.0,273.0,273.0,273.0,273.0,273.0,273.0,273.0,273.0,371.0,352.0,0.0,385.3489,1076.0177,-20.0
1181,1181,1181.0,1181.0,1181.0,1181.0,1181.0,1181.0,1181.0,1181.0,1181.0,1181.0,1181.0,1181.0,1181.0,1181.0,1181.0,1181.0,1181.0,1181.0,1181.0,1181.0,1181.0,1181.0,1181.0,1181.0,1181.0,1181.0,1181.0,1181.0,1181.0,1181.0,1181.0,1181.0,1181.0,1181.0,,,,,,,,,,,,,,,,,,,,,,,,,,,,,,,,,,,,,,,,,0.1,350.5239,333.0947,318.4662,306.4682,296.9207,289.5956,284.2163,280.4854,278.1229,276.9048,276.6915,277.4435,279.2206,282.1678,286.4879,292.4065,300.1353,309.845,321.6575,335.6678,309.0,423.0,385.3489,207.3971,690.6688000000001,-4.454400000000021
1182,1182,1182.0,1182.0,1182.0,1182.0,1182.0,1182.0,1182.0,1182.0,1182.0,1182.0,1182.0,1182.0,1182.0,1182.0,1182.0,1182.0,1182.0,1182.0,1182.0,1182.0,1182.0,1182.0,1182.0,1182.0,1182.0,1182.0,1182.0,1182.0,1182.0,1182.0,1182.0,1182.0,1182.0,1182.0,,,,,,,,,,,,,,,,,,,,,,,,,,,,,,,,,,,,,,,,,0.2,305.061,301.7527,298.8352,296.1522,293.6407,291.3261,289.3071,287.7363,286.8015,286.7141,287.704,290.0204,293.9345,299.739,307.745,318.2757,331.6666,348.2823,368.5664,393.1438,308.0,353.0,592.746,103.87,483.2717000000001,-3.873899999999992
1183,1183,1183.0,1183.0,1183.0,1183.0,1183.0,1183.0,1183.0,1183.0,1183.0,1183.0,1183.0,1183.0,1183.0,1183.0,1183.0,1183.0,1183.0,1183.0,1183.0,1183.0,1183.0,1183.0,1183.0,1183.0,1183.0,1183.0,1183.0,1183.0,1183.0,1183.0,1183.0,1183.0,1183.0,1183.0,,,,,,,,,,,,,,,,,,,,,,,,,,,,,,,,,,,,,,,,,0.3,303.6244,300.0147,297.0677,294.7121,292.9076,291.6426,290.9299,290.8002,291.2932,292.4472,294.2893,296.8268,300.0449,303.9116,308.3928,313.4766,319.2051,325.7077,333.2294,342.151,280.0,462.0,696.616,100.92359999999996,379.4017000000001,-4.807399999999973
1184,1184,1184.0,1184.0,1184.0,1184.0,1184.0,1184.0,1184.0,1184.0,1184.0,1184.0,1184.0,1184.0,1184.0,1184.0,1184.0,1184.0,1184.0,1184.0,1184.0,1184.0,1184.0,1184.0,1184.0,1184.0,1184.0,1184.0,1184.0,1184.0,1184.0,1184.0,1184.0,1184.0,1184.0,1184.0,,,,,,,,,,,,,,,,,,,,,,,,,,,,,,,,,,,,,,,,,0.4,281.4527,282.9412,284.3711,285.6889,286.8906,288.0224,289.1766,290.485,292.1154,294.2715,297.1982,301.1887,306.5898,313.8035,323.2816,335.519,351.0562,370.5078,394.6446,424.5631,284.0,463.0,797.5396,63.71680000000004,278.4781000000001,-9.777600000000009
1185,1185,1185.0,1185.0,1185.0,1185.0,1185.0,1185.0,1185.0,1185.0,1185.0,1185.0,1185.0,1185.0,1185.0,1185.0,1185.0,1185.0,1185.0,1185.0,1185.0,1185.0,1185.0,1185.0,1185.0,1185.0,1185.0,1185.0,1185.0,1185.0,1185.0,1185.0,1185.0,1185.0,1185.0,1185.0,,,,,,,,,,,,,,,,,,,,,,,,,,,,,,,,,,,,,,,,,0.5,283.886,284.02,284.4087,285.0678,286.0247,287.3216,289.019,291.1986,293.9657,297.4514,301.8129,307.2352,313.934,322.1607,332.2146,344.4624,359.3728,377.5731,399.9414,427.7622,291.0,461.0,861.2564,47.58720000000005,214.7613000000001,-11.92840000000001
1186,1186,1186.0,1186.0,1186.0,1186.0,1186.0,1186.0,1186.0,1186.0,1186.0,1186.0,1186.0,1186.0,1186.0,1186.0,1186.0,1186.0,1186.0,1186.0,1186.0,1186.0,1186.0,1186.0,1186.0,1186.0,1186.0,1186.0,1186.0,1186.0,1186.0,1186.0,1186.0,1186.0,1186.0,1186.0,,,,,,,,,,,,,,,,,,,,,,,,,,,,,,,,,,,,,,,,,0.6,289.5605,288.562,288.0289,287.9884,288.4695,289.5035,291.1275,293.3877,296.3448,300.0779,304.6894,310.3101,317.1056,325.2866,335.1234,346.9682,361.2905,378.7305,400.1861,426.957,280.0,463.0,908.8436,40.49309999999991,167.17410000000007,-11.296500000000036
1187,1187,1187.0,1187.0,1187.0,1187.0,1187.0,1187.0,1187.0,1187.0,1187.0,1187.0,1187.0,1187.0,1187.0,1187.0,1187.0,1187.0,1187.0,1187.0,1187.0,1187.0,1187.0,1187.0,1187.0,1187.0,1187.0,1187.0,1187.0,1187.0,1187.0,1187.0,1187.0,1187.0,1187.0,1187.0,,,,,,,,,,,,,,,,,,,,,,,,,,,,,,,,,,,,,,,,,0.7,281.1682,282.476,283.9196,285.5135,287.2935,289.317,291.6613,294.42,297.7013,301.6271,306.3351,311.9836,318.7602,326.8937,336.6708,348.4605,362.7498,380.1981,401.7252,428.6594,278.0,466.0,949.3367,41.26650000000007,126.68100000000015,-13.13299999999998
1188,1188,1188.0,1188.0,1188.0,1188.0,1188.0,1188.0,1188.0,1188.0,1188.0,1188.0,1188.0,1188.0,1188.0,1188.0,1188.0,1188.0,1188.0,1188.0,1188.0,1188.0,1188.0,1188.0,1188.0,1188.0,1188.0,1188.0,1188.0,1188.0,1188.0,1188.0,1188.0,1188.0,1188.0,1188.0,,,,,,,,,,,,,,,,,,,,,,,,,,,,,,,,,,,,,,,,,0.8,279.3829,280.8896,282.5402,284.3635,286.3991,288.6987,291.3271,294.3633,297.9015,302.0537,306.9533,312.7599,319.6678,327.9163,337.8063,349.7234,364.1735,381.8389,403.6688,431.0336,274.0,465.0,990.6032,42.2799,85.41450000000009,-15.501300000000017
1189,1189,1189.0,1189.0,1189.0,1189.0,1189.0,1189.0,1189.0,1189.0,1189.0,1189.0,1189.0,1189.0,1189.0,1189.0,1189.0,1189.0,1189.0,1189.0,1189.0,1189.0,1189.0,1189.0,1189.0,1189.0,1189.0,1189.0,1189.0,1189.0,1189.0,1189.0,1189.0,1189.0,1189.0,1189.0,,,,,,,,,,,,,,,,,,,,,,,,,,,,,,,,,,,,,,,,,0.9,276.0992,278.2386,280.4424,282.7446,285.1907,287.8392,290.7623,294.0457,297.7895,302.1096,307.1408,313.0427,320.007,328.2696,338.1273,349.9621,364.2775,381.7547,403.3419,430.4057,279.0,464.0,1032.8831,43.13460000000009,43.13460000000009,-18.21080000000001
1190,1190,1190.0,1190.0,1190.0,1190.0,1190.0,1190.0,1190.0,1190.0,1190.0,1190.0,1190.0,1190.0,1190.0,1190.0,1190.0,1190.0,1190.0,1190.0,1190.0,1190.0,1190.0,1190.0,1190.0,1190.0,1190.0,1190.0,1190.0,1190.0,1190.0,1190.0,1190.0,1190.0,1190.0,1190.0,,,,,,,,,,,,,,,,,,,,,,,,,,,,,,,,,,,,,,,,,0.0,273.0,273.0,273.0,273.0,273.0,273.0,273.0,273.0,273.0,273.0,273.0,273.0,273.0,273.0,273.0,273.0,273.0,273.0,273.0,273.0,373.0,352.0,0.0,385.0313,1090.983,-20.0
1191,1191,1191.0,1191.0,1191.0,1191.0,1191.0,1191.0,1191.0,1191.0,1191.0,1191.0,1191.0,1191.0,1191.0,1191.0,1191.0,1191.0,1191.0,1191.0,1191.0,1191.0,1191.0,1191.0,1191.0,1191.0,1191.0,1191.0,1191.0,1191.0,1191.0,1191.0,1191.0,1191.0,1191.0,1191.0,,,,,,,,,,,,,,,,,,,,,,,,,,,,,,,,,,,,,,,,,0.1,352.0824,334.2922,319.3682,307.1309,297.394,289.9232,284.4356,280.6272,278.2114,276.958,276.7224,277.4608,279.2299,282.1727,286.4904,292.4077,300.1359,309.8453,321.6576,335.6678,306.0,428.0,385.0313,206.2369,705.9517,-4.126800000000003
1192,1192,1192.0,1192.0,1192.0,1192.0,1192.0,1192.0,1192.0,1192.0,1192.0,1192.0,1192.0,1192.0,1192.0,1192.0,1192.0,1192.0,1192.0,1192.0,1192.0,1192.0,1192.0,1192.0,1192.0,1192.0,1192.0,1192.0,1192.0,1192.0,1192.0,1192.0,1192.0,1192.0,1192.0,1192.0,,,,,,,,,,,,,,,,,,,,,,,,,,,,,,,,,,,,,,,,,0.2,302.7491,300.0353,297.6159,295.3346,293.1329,291.0459,289.1862,287.7228,286.8616,286.832,287.8819,290.2784,294.3102,300.2882,308.5411,319.4099,333.2478,350.4385,371.4516,396.9526,289.0,459.0,591.2682,98.7369,499.7148,-4.154099999999971
1193,1193,1193.0,1193.0,1193.0,1193.0,1193.0,1193.0,1193.0,1193.0,1193.0,1193.0,1193.0,1193.0,1193.0,1193.0,1193.0,1193.0,1193.0,1193.0,1193.0,1193.0,1193.0,1193.0,1193.0,1193.0,1193.0,1193.0,1193.0,1193.0,1193.0,1193.0,1193.0,1193.0,1193.0,1193.0,,,,,,,,,,,,,,,,,,,,,,,,,,,,,,,,,,,,,,,,,0.3,288.4605,288.1759,288.0556,288.0487,288.1528,288.4161,288.9345,289.8455,291.3211,293.5618,296.7926,301.2608,307.2363,315.0145,324.9215,337.3284,352.6769,371.5305,394.6644,423.2237,322.0,309.0,690.0051,55.81680000000006,400.9779,-8.033900000000017
1194,1194,1194.0,1194.0,1194.0,1194.0,1194.0,1194.0,1194.0,1194.0,1194.0,1194.0,1194.0,1194.0,1194.0,1194.0,1194.0,1194.0,1194.0,1194.0,1194.0,1194.0,1194.0,1194.0,1194.0,1194.0,1194.0,1194.0,1194.0,1194.0,1194.0,1194.0,1194.0,1194.0,1194.0,1194.0,,,,,,,,,,,,,,,,,,,,,,,,,,,,,,,,,,,,,,,,,0.4,314.2522,307.7921,302.5825,298.5928,295.7819,294.0903,293.4389,293.7316,294.8552,296.6759,299.0319,301.7252,304.5195,307.1487,309.3424,310.8666,311.5766,311.4706,310.7285,309.7241,271.0,473.0,745.8219,94.7188,345.1610999999999,-3.709699999999998
1195,1195,1195.0,1195.0,1195.0,1195.0,1195.0,1195.0,1195.0,1195.0,1195.0,1195.0,1195.0,1195.0,1195.0,1195.0,1195.0,1195.0,1195.0,1195.0,1195.0,1195.0,1195.0,1195.0,1195.0,1195.0,1195.0,1195.0,1195.0,1195.0,1195.0,1195.0,1195.0,1195.0,1195.0,1195.0,,,,,,,,,,,,,,,,,,,,,,,,,,,,,,,,,,,,,,,,,0.5,274.8039,278.3895,281.6168,284.4066,286.7517,288.715,290.4184,292.0308,293.7589,295.8482,298.5908,302.3383,307.5128,314.6083,324.1804,336.8292,353.1878,373.9439,399.9275,432.3122,274.0,466.0,840.5407,62.942800000000034,250.4423,-10.535000000000023
1196,1196,1196.0,1196.0,1196.0,1196.0,1196.0,1196.0,1196.0,1196.0,1196.0,1196.0,1196.0,1196.0,1196.0,1196.0,1196.0,1196.0,1196.0,1196.0,1196.0,1196.0,1196.0,1196.0,1196.0,1196.0,1196.0,1196.0,1196.0,1196.0,1196.0,1196.0,1196.0,1196.0,1196.0,1196.0,,,,,,,,,,,,,,,,,,,,,,,,,,,,,,,,,,,,,,,,,0.6,275.8207,277.6675,279.551,281.4921,283.5267,285.7096,288.1187,290.8571,294.0546,297.8676,302.4787,308.0961,314.9551,323.3235,333.5132,345.9023,360.9727,379.3703,402.0021,430.1989,289.0,462.0,903.4835,51.27179999999999,187.4994999999999,-15.090399999999988
1197,1197,1197.0,1197.0,1197.0,1197.0,1197.0,1197.0,1197.0,1197.0,1197.0,1197.0,1197.0,1197.0,1197.0,1197.0,1197.0,1197.0,1197.0,1197.0,1197.0,1197.0,1197.0,1197.0,1197.0,1197.0,1197.0,1197.0,1197.0,1197.0,1197.0,1197.0,1197.0,1197.0,1197.0,1197.0,,,,,,,,,,,,,,,,,,,,,,,,,,,,,,,,,,,,,,,,,0.7,287.6453,286.7177,286.2722,286.3567,287.0087,288.2575,290.1294,292.6555,295.8801,299.8677,304.7095,310.5286,317.4873,325.7957,335.7264,347.6371,362.0052,379.4824,400.9824,427.826,307.0,373.0,954.7553,31.206500000000005,136.2276999999999,-14.192499999999995
1198,1198,1198.0,1198.0,1198.0,1198.0,1198.0,1198.0,1198.0,1198.0,1198.0,1198.0,1198.0,1198.0,1198.0,1198.0,1198.0,1198.0,1198.0,1198.0,1198.0,1198.0,1198.0,1198.0,1198.0,1198.0,1198.0,1198.0,1198.0,1198.0,1198.0,1198.0,1198.0,1198.0,1198.0,1198.0,,,,,,,,,,,,,,,,,,,,,,,,,,,,,,,,,,,,,,,,,0.8,302.4995,298.8696,296.1235,294.2725,293.316,293.2373,294.0045,295.5732,297.8897,300.8925,304.5122,308.6725,313.2948,318.309,323.6747,329.4111,335.6335,342.5912,350.6998,360.5651,279.0,464.0,985.9618,51.50800000000004,105.02119999999992,-10.962699999999984
1199,1199,1199.0,1199.0,1199.0,1199.0,1199.0,1199.0,1199.0,1199.0,1199.0,1199.0,1199.0,1199.0,1199.0,1199.0,1199.0,1199.0,1199.0,1199.0,1199.0,1199.0,1199.0,1199.0,1199.0,1199.0,1199.0,1199.0,1199.0,1199.0,1199.0,1199.0,1199.0,1199.0,1199.0,1199.0,,,,,,,,,,,,,,,,,,,,,,,,,,,,,,,,,,,,,,,,,0.9,280.9677,282.9765,284.9571,286.8749,288.7366,290.5893,292.5152,294.6258,297.0579,299.9755,303.5766,308.103,313.8498,321.1729,330.4909,342.2867,357.1171,375.6463,398.7262,427.5591,248.0,471.0,1037.4698,53.51319999999987,53.51319999999987,-15.460700000000031
1200,1200,1200.0,1200.0,1200.0,1200.0,1200.0,1200.0,1200.0,1200.0,1200.0,1200.0,1200.0,1200.0,1200.0,1200.0,1200.0,1200.0,1200.0,1200.0,1200.0,1200.0,1200.0,1200.0,1200.0,1200.0,1200.0,1200.0,1200.0,1200.0,1200.0,1200.0,1200.0,1200.0,1200.0,,,,,,,,,,,,,,,,,,,,,,,,,,,,,,,,,,,,,,,,,,0.0,273.0,273.0,273.0,273.0,273.0,273.0,273.0,273.0,273.0,273.0,273.0,273.0,273.0,273.0,273.0,273.0,273.0,273.0,273.0,273.0,324.0,472.0,0.0,365.4956,743.4849,-20.0
1201,1201,1201.0,1201.0,1201.0,1201.0,1201.0,1201.0,1201.0,1201.0,1201.0,1201.0,1201.0,1201.0,1201.0,1201.0,1201.0,1201.0,1201.0,1201.0,1201.0,1201.0,1201.0,1201.0,1201.0,1201.0,1201.0,1201.0,1201.0,1201.0,1201.0,1201.0,1201.0,1201.0,1201.0,,,,,,,,,,,,,,,,,,,,,,,,,,,,,,,,,,,,,,,,,,0.1,313.6152,304.6115,296.976,290.6896,285.7032,281.9347,279.2851,277.6677,277.0455,277.4674,279.0991,282.2408,287.3273,294.9056,305.5927,320.0233,338.8079,362.5379,391.8773,427.7943,336.0,471.0,365.4956,123.3053,377.9893,-12.11529999999999
1202,1202,1202.0,1202.0,1202.0,1202.0,1202.0,1202.0,1202.0,1202.0,1202.0,1202.0,1202.0,1202.0,1202.0,1202.0,1202.0,1202.0,1202.0,1202.0,1202.0,1202.0,1202.0,1202.0,1202.0,1202.0,1202.0,1202.0,1202.0,1202.0,1202.0,1202.0,1202.0,1202.0,1202.0,,,,,,,,,,,,,,,,,,,,,,,,,,,,,,,,,,,,,,,,,,0.2,324.9809,315.6117,307.7445,301.2864,296.1814,292.399,289.9316,288.7952,289.0327,290.7164,293.9507,298.8717,305.6483,314.4849,325.631,339.4012,356.2133,376.6534,401.5846,432.3307,281.0,473.0,488.8009,49.0668,254.68400000000003,-2.800999999999988
1203,1203,1203.0,1203.0,1203.0,1203.0,1203.0,1203.0,1203.0,1203.0,1203.0,1203.0,1203.0,1203.0,1203.0,1203.0,1203.0,1203.0,1203.0,1203.0,1203.0,1203.0,1203.0,1203.0,1203.0,1203.0,1203.0,1203.0,1203.0,1203.0,1203.0,1203.0,1203.0,1203.0,1203.0,,,,,,,,,,,,,,,,,,,,,,,,,,,,,,,,,,,,,,,,,,0.3,282.8667,284.7345,286.4694,288.0093,289.3772,290.6779,292.0823,293.8048,296.0803,299.1466,303.2357,308.5728,315.3846,323.9148,334.4472,347.3376,363.0596,382.2716,405.9233,435.4325,295.0,471.0,537.8677,39.76080000000002,205.61720000000005,-5.772099999999966
1204,1204,1204.0,1204.0,1204.0,1204.0,1204.0,1204.0,1204.0,1204.0,1204.0,1204.0,1204.0,1204.0,1204.0,1204.0,1204.0,1204.0,1204.0,1204.0,1204.0,1204.0,1204.0,1204.0,1204.0,1204.0,1204.0,1204.0,1204.0,1204.0,1204.0,1204.0,1204.0,1204.0,1204.0,,,,,,,,,,,,,,,,,,,,,,,,,,,,,,,,,,,,,,,,,,0.4,293.0476,291.6284,290.7555,290.4455,290.7162,291.5886,293.0915,295.2666,298.1745,301.899,306.5512,312.2736,319.2461,327.6956,337.9115,350.2706,365.2762,383.6191,406.2759,434.6762,293.0,473.0,577.6285,33.47230000000002,165.8564,-6.211400000000026
1205,1205,1205.0,1205.0,1205.0,1205.0,1205.0,1205.0,1205.0,1205.0,1205.0,1205.0,1205.0,1205.0,1205.0,1205.0,1205.0,1205.0,1205.0,1205.0,1205.0,1205.0,1205.0,1205.0,1205.0,1205.0,1205.0,1205.0,1205.0,1205.0,1205.0,1205.0,1205.0,1205.0,1205.0,,,,,,,,,,,,,,,,,,,,,,,,,,,,,,,,,,,,,,,,,,0.5,291.8293,291.1136,290.8458,291.0317,291.6901,292.8531,294.5665,296.89,299.8991,303.6878,308.3722,314.0971,321.0444,329.4452,339.597,351.8893,366.8423,385.1674,407.8665,436.4015,298.0,473.0,611.1008,30.09699999999998,132.3841,-6.3969000000000165
1206,1206,1206.0,1206.0,1206.0,1206.0,1206.0,1206.0,1206.0,1206.0,1206.0,1206.0,1206.0,1206.0,1206.0,1206.0,1206.0,1206.0,1206.0,1206.0,1206.0,1206.0,1206.0,1206.0,1206.0,1206.0,1206.0,1206.0,1206.0,1206.0,1206.0,1206.0,1206.0,1206.0,1206.0,,,,,,,,,,,,,,,,,,,,,,,,,,,,,,,,,,,,,,,,,,0.6,295.9181,294.4276,293.5229,293.2068,293.489,294.3862,295.9232,298.1373,301.0813,304.8292,309.4809,315.1686,322.0656,330.3975,340.4592,352.6402,367.4625,385.6418,408.1854,436.5609,301.0,473.0,641.1978,27.08859999999993,102.2871,-6.4138000000000375
1207,1207,1207.0,1207.0,1207.0,1207.0,1207.0,1207.0,1207.0,1207.0,1207.0,1207.0,1207.0,1207.0,1207.0,1207.0,1207.0,1207.0,1207.0,1207.0,1207.0,1207.0,1207.0,1207.0,1207.0,1207.0,1207.0,1207.0,1207.0,1207.0,1207.0,1207.0,1207.0,1207.0,1207.0,,,,,,,,,,,,,,,,,,,,,,,,,,,,,,,,,,,,,,,,,,0.7,298.5453,296.747,295.5833,295.0449,295.1328,295.8577,297.2411,299.3176,302.1382,305.7747,310.3245,315.9177,322.7249,330.9697,340.9457,353.0416,367.7796,385.876,408.3388,436.6363,302.0,472.0,668.2864,24.933200000000056,75.19850000000008,-6.592299999999966
1208,1208,1208.0,1208.0,1208.0,1208.0,1208.0,1208.0,1208.0,1208.0,1208.0,1208.0,1208.0,1208.0,1208.0,1208.0,1208.0,1208.0,1208.0,1208.0,1208.0,1208.0,1208.0,1208.0,1208.0,1208.0,1208.0,1208.0,1208.0,1208.0,1208.0,1208.0,1208.0,1208.0,1208.0,,,,,,,,,,,,,,,,,,,,,,,,,,,,,,,,,,,,,,,,,,0.8,299.5392,297.7486,296.5935,296.0553,296.1292,296.8235,298.16,300.1755,302.9239,306.4797,310.9422,316.4422,323.1501,331.2878,341.1465,353.1117,367.7017,385.6276,407.8901,435.9448,290.0,469.0,693.2196,24.17999999999995,50.265300000000025,-7.3764999999999645
1209,1209,1209.0,1209.0,1209.0,1209.0,1209.0,1209.0,1209.0,1209.0,1209.0,1209.0,1209.0,1209.0,1209.0,1209.0,1209.0,1209.0,1209.0,1209.0,1209.0,1209.0,1209.0,1209.0,1209.0,1209.0,1209.0,1209.0,1209.0,1209.0,1209.0,1209.0,1209.0,1209.0,1209.0,,,,,,,,,,,,,,,,,,,,,,,,,,,,,,,,,,,,,,,,,,0.9,290.1204,290.5779,291.3301,292.3585,293.672,295.3064,297.322,299.7997,302.838,306.5515,311.0725,316.5559,323.1877,331.198,340.8798,352.6153,366.9149,384.4762,406.2779,433.7387,306.0,473.0,717.3996,26.085300000000075,26.085300000000075,-10.743600000000017
1210,1210,1210.0,1210.0,1210.0,1210.0,1210.0,1210.0,1210.0,1210.0,1210.0,1210.0,1210.0,1210.0,1210.0,1210.0,1210.0,1210.0,1210.0,1210.0,1210.0,1210.0,1210.0,1210.0,1210.0,1210.0,1210.0,1210.0,1210.0,1210.0,1210.0,1210.0,1210.0,1210.0,1210.0,,,,,,,,,,,,,,,,,,,,,,,,,,,,,,,,,,,,,,,,,,0.0,273.0,273.0,273.0,273.0,273.0,273.0,273.0,273.0,273.0,273.0,273.0,273.0,273.0,273.0,273.0,273.0,273.0,273.0,273.0,273.0,323.0,473.0,0.0,365.6322,729.2972,-20.0
1211,1211,1211.0,1211.0,1211.0,1211.0,1211.0,1211.0,1211.0,1211.0,1211.0,1211.0,1211.0,1211.0,1211.0,1211.0,1211.0,1211.0,1211.0,1211.0,1211.0,1211.0,1211.0,1211.0,1211.0,1211.0,1211.0,1211.0,1211.0,1211.0,1211.0,1211.0,1211.0,1211.0,1211.0,,,,,,,,,,,,,,,,,,,,,,,,,,,,,,,,,,,,,,,,,,0.1,312.8242,303.9985,296.5124,290.3487,285.4602,281.7677,279.1751,277.5997,277.0087,277.4551,279.1088,282.2741,287.3897,295.0063,305.7448,320.2432,339.1159,362.9582,392.4409,428.5435,336.0,473.0,365.6322,123.3338,363.665,-12.28230000000002
1212,1212,1212.0,1212.0,1212.0,1212.0,1212.0,1212.0,1212.0,1212.0,1212.0,1212.0,1212.0,1212.0,1212.0,1212.0,1212.0,1212.0,1212.0,1212.0,1212.0,1212.0,1212.0,1212.0,1212.0,1212.0,1212.0,1212.0,1212.0,1212.0,1212.0,1212.0,1212.0,1212.0,1212.0,,,,,,,,,,,,,,,,,,,,,,,,,,,,,,,,,,,,,,,,,,0.2,324.9497,315.5524,307.6631,301.1914,296.0821,292.3049,289.8515,288.737,289.0035,290.7235,294.002,298.977,305.8204,314.7405,325.9917,339.8946,356.8744,377.5272,402.732,433.8382,282.0,473.0,488.966,48.36599999999999,240.3312,-2.8951000000000136
1213,1213,1213.0,1213.0,1213.0,1213.0,1213.0,1213.0,1213.0,1213.0,1213.0,1213.0,1213.0,1213.0,1213.0,1213.0,1213.0,1213.0,1213.0,1213.0,1213.0,1213.0,1213.0,1213.0,1213.0,1213.0,1213.0,1213.0,1213.0,1213.0,1213.0,1213.0,1213.0,1213.0,1213.0,,,,,,,,,,,,,,,,,,,,,,,,,,,,,,,,,,,,,,,,,,0.3,283.657,285.3411,286.9207,288.3349,289.6063,290.838,292.1983,293.8978,296.1675,299.241,303.346,308.7034,315.5354,324.0816,334.622,347.5096,363.2163,382.4008,406.0149,435.4797,297.0,472.0,537.332,39.05970000000002,191.9652,-5.611999999999966
1214,1214,1214.0,1214.0,1214.0,1214.0,1214.0,1214.0,1214.0,1214.0,1214.0,1214.0,1214.0,1214.0,1214.0,1214.0,1214.0,1214.0,1214.0,1214.0,1214.0,1214.0,1214.0,1214.0,1214.0,1214.0,1214.0,1214.0,1214.0,1214.0,1214.0,1214.0,1214.0,1214.0,1214.0,,,,,,,,,,,,,,,,,,,,,,,,,,,,,,,,,,,,,,,,,,0.4,294.6726,292.9296,291.7816,291.2427,291.3277,292.0536,293.4447,295.5377,298.3884,302.0761,306.7083,312.4251,319.4054,327.876,338.1277,350.5398,365.6192,384.0615,406.8511,435.4299,295.0,471.0,576.3917,31.860000000000014,152.90549999999996,-5.746399999999994
1215,1215,1215.0,1215.0,1215.0,1215.0,1215.0,1215.0,1215.0,1215.0,1215.0,1215.0,1215.0,1215.0,1215.0,1215.0,1215.0,1215.0,1215.0,1215.0,1215.0,1215.0,1215.0,1215.0,1215.0,1215.0,1215.0,1215.0,1215.0,1215.0,1215.0,1215.0,1215.0,1215.0,1215.0,,,,,,,,,,,,,,,,,,,,,,,,,,,,,,,,,,,,,,,,,,0.5,293.5013,292.5038,291.9947,291.9753,292.4605,293.4789,295.0725,297.2975,300.2253,303.9451,308.5674,314.2305,321.1084,329.4236,339.4642,351.6101,366.3715,384.4487,406.829,434.951,301.0,471.0,608.2517,28.55219999999997,121.04549999999996,-5.77109999999999
1216,1216,1216.0,1216.0,1216.0,1216.0,1216.0,1216.0,1216.0,1216.0,1216.0,1216.0,1216.0,1216.0,1216.0,1216.0,1216.0,1216.0,1216.0,1216.0,1216.0,1216.0,1216.0,1216.0,1216.0,1216.0,1216.0,1216.0,1216.0,1216.0,1216.0,1216.0,1216.0,1216.0,1216.0,,,,,,,,,,,,,,,,,,,,,,,,,,,,,,,,,,,,,,,,,,0.6,298.3958,296.4574,295.1711,294.5331,294.5462,295.2198,296.5716,298.6311,301.4437,305.0761,309.6214,315.2057,321.9963,330.2131,340.1453,352.1757,366.8184,384.7774,407.0433,435.0561,306.0,473.0,636.8039,25.815200000000004,92.49329999999998,-5.580199999999991
1217,1217,1217.0,1217.0,1217.0,1217.0,1217.0,1217.0,1217.0,1217.0,1217.0,1217.0,1217.0,1217.0,1217.0,1217.0,1217.0,1217.0,1217.0,1217.0,1217.0,1217.0,1217.0,1217.0,1217.0,1217.0,1217.0,1217.0,1217.0,1217.0,1217.0,1217.0,1217.0,1217.0,1217.0,,,,,,,,,,,,,,,,,,,,,,,,,,,,,,,,,,,,,,,,,,0.7,302.6403,300.0662,298.2429,297.1501,296.7778,297.1251,298.2017,300.0303,302.6508,306.1254,310.5441,316.0315,322.7548,330.9362,340.8686,352.9403,367.6728,385.7803,408.2677,436.5987,305.0,467.0,662.6191,22.558700000000044,66.67809999999997,-5.324900000000014
1218,1218,1218.0,1218.0,1218.0,1218.0,1218.0,1218.0,1218.0,1218.0,1218.0,1218.0,1218.0,1218.0,1218.0,1218.0,1218.0,1218.0,1218.0,1218.0,1218.0,1218.0,1218.0,1218.0,1218.0,1218.0,1218.0,1218.0,1218.0,1218.0,1218.0,1218.0,1218.0,1218.0,1218.0,,,,,,,,,,,,,,,,,,,,,,,,,,,,,,,,,,,,,,,,,,0.8,302.1227,299.9812,298.5235,297.7172,297.5485,298.0199,299.1501,300.9737,303.5423,306.9266,311.2199,316.5437,323.0561,330.9638,340.5399,352.1494,366.2875,383.6366,405.1583,432.2462,308.0,458.0,685.1778,20.40199999999993,44.11939999999993,-6.180099999999982
1219,1219,1219.0,1219.0,1219.0,1219.0,1219.0,1219.0,1219.0,1219.0,1219.0,1219.0,1219.0,1219.0,1219.0,1219.0,1219.0,1219.0,1219.0,1219.0,1219.0,1219.0,1219.0,1219.0,1219.0,1219.0,1219.0,1219.0,1219.0,1219.0,1219.0,1219.0,1219.0,1219.0,1219.0,,,,,,,,,,,,,,,,,,,,,,,,,,,,,,,,,,,,,,,,,,0.9,304.5718,301.9637,300.1184,298.9975,298.5776,298.8487,299.8142,301.4922,303.917,307.1422,311.2445,316.3287,322.5357,330.0535,339.134,350.1169,363.4647,379.8149,400.0611,425.4867,289.0,473.0,705.5798,23.7174,23.7174,-7.201300000000003
1220,1220,1220.0,1220.0,1220.0,1220.0,1220.0,1220.0,1220.0,1220.0,1220.0,1220.0,1220.0,1220.0,1220.0,1220.0,1220.0,1220.0,1220.0,1220.0,1220.0,1220.0,1220.0,1220.0,1220.0,1220.0,1220.0,1220.0,1220.0,1220.0,1220.0,1220.0,1220.0,1220.0,1220.0,,,,,,,,,,,,,,,,,,,,,,,,,,,,,,,,,,,,,,,,,,0.0,273.0,273.0,273.0,273.0,273.0,273.0,273.0,273.0,273.0,273.0,273.0,273.0,273.0,273.0,273.0,273.0,273.0,273.0,273.0,273.0,324.0,471.0,0.0,365.6473,735.513,-20.0
1221,1221,1221.0,1221.0,1221.0,1221.0,1221.0,1221.0,1221.0,1221.0,1221.0,1221.0,1221.0,1221.0,1221.0,1221.0,1221.0,1221.0,1221.0,1221.0,1221.0,1221.0,1221.0,1221.0,1221.0,1221.0,1221.0,1221.0,1221.0,1221.0,1221.0,1221.0,1221.0,1221.0,1221.0,,,,,,,,,,,,,,,,,,,,,,,,,,,,,,,,,,,,,,,,,,0.1,313.6152,304.6115,296.9759,290.6893,285.7026,281.9335,279.2827,277.6632,277.0371,277.4525,279.0736,282.1987,287.2602,294.8024,305.4394,319.8026,338.4994,362.1171,391.3133,427.0446,335.0,472.0,365.6473,124.0969,369.86570000000006,-12.11650000000003
1222,1222,1222.0,1222.0,1222.0,1222.0,1222.0,1222.0,1222.0,1222.0,1222.0,1222.0,1222.0,1222.0,1222.0,1222.0,1222.0,1222.0,1222.0,1222.0,1222.0,1222.0,1222.0,1222.0,1222.0,1222.0,1222.0,1222.0,1222.0,1222.0,1222.0,1222.0,1222.0,1222.0,1222.0,,,,,,,,,,,,,,,,,,,,,,,,,,,,,,,,,,,,,,,,,,0.2,324.1934,315.0028,307.2836,300.9455,295.9345,292.2227,289.8059,288.7036,288.9627,290.6601,293.9044,298.8366,305.6305,314.4958,325.6874,339.525,356.4313,376.9972,402.0922,433.0504,284.0,471.0,489.7442,48.63240000000008,245.76880000000008,-2.977300000000014
1223,1223,1223.0,1223.0,1223.0,1223.0,1223.0,1223.0,1223.0,1223.0,1223.0,1223.0,1223.0,1223.0,1223.0,1223.0,1223.0,1223.0,1223.0,1223.0,1223.0,1223.0,1223.0,1223.0,1223.0,1223.0,1223.0,1223.0,1223.0,1223.0,1223.0,1223.0,1223.0,1223.0,1223.0,,,,,,,,,,,,,,,,,,,,,,,,,,,,,,,,,,,,,,,,,,0.3,285.2239,286.5278,287.7842,288.9331,289.9949,291.0669,292.3087,293.9214,296.126,299.1472,303.2041,308.5108,315.2834,323.7556,334.2016,346.9678,362.5182,381.5008,404.8514,433.9649,295.0,473.0,538.3766,39.33549999999991,197.1364,-5.383100000000013
1224,1224,1224.0,1224.0,1224.0,1224.0,1224.0,1224.0,1224.0,1224.0,1224.0,1224.0,1224.0,1224.0,1224.0,1224.0,1224.0,1224.0,1224.0,1224.0,1224.0,1224.0,1224.0,1224.0,1224.0,1224.0,1224.0,1224.0,1224.0,1224.0,1224.0,1224.0,1224.0,1224.0,1224.0,,,,,,,,,,,,,,,,,,,,,,,,,,,,,,,,,,,,,,,,,,0.4,293.1354,291.7944,290.982,290.7092,290.9924,291.8544,293.3285,295.4629,298.3249,302.0054,306.6225,312.3255,319.3017,327.7856,338.0748,350.5547,365.7371,384.3222,407.2992,436.1185,295.0,472.0,577.7121,32.55619999999999,157.80090000000007,-5.945600000000013
1225,1225,1225.0,1225.0,1225.0,1225.0,1225.0,1225.0,1225.0,1225.0,1225.0,1225.0,1225.0,1225.0,1225.0,1225.0,1225.0,1225.0,1225.0,1225.0,1225.0,1225.0,1225.0,1225.0,1225.0,1225.0,1225.0,1225.0,1225.0,1225.0,1225.0,1225.0,1225.0,1225.0,1225.0,,,,,,,,,,,,,,,,,,,,,,,,,,,,,,,,,,,,,,,,,,0.5,293.4467,292.4004,291.8529,291.8082,292.2822,293.3023,294.9083,297.1536,300.1072,303.8566,308.5119,314.212,321.1324,329.4977,339.5989,351.8188,366.6714,384.8623,407.3869,435.6967,301.0,471.0,610.2683,28.70640000000003,125.24470000000008,-5.9476999999999975
1226,1226,1226.0,1226.0,1226.0,1226.0,1226.0,1226.0,1226.0,1226.0,1226.0,1226.0,1226.0,1226.0,1226.0,1226.0,1226.0,1226.0,1226.0,1226.0,1226.0,1226.0,1226.0,1226.0,1226.0,1226.0,1226.0,1226.0,1226.0,1226.0,1226.0,1226.0,1226.0,1226.0,1226.0,,,,,,,,,,,,,,,,,,,,,,,,,,,,,,,,,,,,,,,,,,0.6,298.3788,296.4246,295.1249,294.4767,294.4838,295.1558,296.5108,298.578,301.4025,305.0501,309.6128,315.2154,322.0234,330.2552,340.198,352.2333,366.8745,384.8258,407.0786,435.0745,307.0,473.0,638.9747,25.805799999999977,96.53830000000004,-5.644200000000012
1227,1227,1227.0,1227.0,1227.0,1227.0,1227.0,1227.0,1227.0,1227.0,1227.0,1227.0,1227.0,1227.0,1227.0,1227.0,1227.0,1227.0,1227.0,1227.0,1227.0,1227.0,1227.0,1227.0,1227.0,1227.0,1227.0,1227.0,1227.0,1227.0,1227.0,1227.0,1227.0,1227.0,1227.0,,,,,,,,,,,,,,,,,,,,,,,,,,,,,,,,,,,,,,,,,,0.7,303.4269,300.6686,298.6901,297.4703,296.9977,297.2694,298.2914,300.0829,302.6801,306.1415,310.554,316.0393,322.763,330.9456,340.879,352.951,367.6829,385.7888,408.2737,436.6019,307.0,470.0,664.7805,22.88030000000004,70.73250000000007,-5.18059999999997
1228,1228,1228.0,1228.0,1228.0,1228.0,1228.0,1228.0,1228.0,1228.0,1228.0,1228.0,1228.0,1228.0,1228.0,1228.0,1228.0,1228.0,1228.0,1228.0,1228.0,1228.0,1228.0,1228.0,1228.0,1228.0,1228.0,1228.0,1228.0,1228.0,1228.0,1228.0,1228.0,1228.0,1228.0,,,,,,,,,,,,,,,,,,,,,,,,,,,,,,,,,,,,,,,,,,0.8,303.7376,301.2655,299.5277,298.4885,298.1304,298.4519,299.4674,301.2072,303.7196,307.0731,311.3605,316.7051,323.2689,331.2647,340.9736,352.7705,367.1621,384.846,406.8053,434.469,291.0,473.0,687.6608,23.301000000000045,47.85220000000004,-5.748099999999965
1229,1229,1229.0,1229.0,1229.0,1229.0,1229.0,1229.0,1229.0,1229.0,1229.0,1229.0,1229.0,1229.0,1229.0,1229.0,1229.0,1229.0,1229.0,1229.0,1229.0,1229.0,1229.0,1229.0,1229.0,1229.0,1229.0,1229.0,1229.0,1229.0,1229.0,1229.0,1229.0,1229.0,1229.0,,,,,,,,,,,,,,,,,,,,,,,,,,,,,,,,,,,,,,,,,,0.9,291.1591,291.6596,292.4413,293.4733,294.7584,296.3326,298.2611,300.6335,303.559,307.164,311.5936,317.0156,323.6302,331.6822,341.4801,353.4219,368.0346,386.0351,408.4282,436.6756,305.0,471.0,710.9618,24.551199999999994,24.551199999999994,-9.717399999999998
1230,1230,1230.0,1230.0,1230.0,1230.0,1230.0,1230.0,1230.0,1230.0,1230.0,1230.0,1230.0,1230.0,1230.0,1230.0,1230.0,1230.0,1230.0,1230.0,1230.0,1230.0,1230.0,1230.0,1230.0,1230.0,1230.0,1230.0,1230.0,1230.0,1230.0,1230.0,1230.0,1230.0,1230.0,,,,,,,,,,,,,,,,,,,,,,,,,,,,,,,,,,,,,,,,,,0.0,273.0,273.0,273.0,273.0,273.0,273.0,273.0,273.0,273.0,273.0,273.0,273.0,273.0,273.0,273.0,273.0,273.0,273.0,273.0,273.0,325.0,473.0,0.0,365.0616,731.8242,-20.0
1231,1231,1231.0,1231.0,1231.0,1231.0,1231.0,1231.0,1231.0,1231.0,1231.0,1231.0,1231.0,1231.0,1231.0,1231.0,1231.0,1231.0,1231.0,1231.0,1231.0,1231.0,1231.0,1231.0,1231.0,1231.0,1231.0,1231.0,1231.0,1231.0,1231.0,1231.0,1231.0,1231.0,1231.0,,,,,,,,,,,,,,,,,,,,,,,,,,,,,,,,,,,,,,,,,,0.1,314.406,305.2244,297.4396,291.0308,285.9471,282.1041,279.3998,277.7447,277.0989,277.5093,279.1402,282.2917,287.3991,295.0112,305.7473,320.2444,339.1164,362.9585,392.441,428.5436,337.0,473.0,365.0616,122.0704,366.7626,-11.945899999999996
1232,1232,1232.0,1232.0,1232.0,1232.0,1232.0,1232.0,1232.0,1232.0,1232.0,1232.0,1232.0,1232.0,1232.0,1232.0,1232.0,1232.0,1232.0,1232.0,1232.0,1232.0,1232.0,1232.0,1232.0,1232.0,1232.0,1232.0,1232.0,1232.0,1232.0,1232.0,1232.0,1232.0,1232.0,,,,,,,,,,,,,,,,,,,,,,,,,,,,,,,,,,,,,,,,,,0.2,325.8006,316.282,308.2903,301.7288,296.5385,292.6873,290.1663,288.9908,289.2036,290.8776,294.1177,299.0617,305.8808,314.7825,326.0201,339.9133,356.8863,377.5345,402.736,433.84,283.0,471.0,487.132,47.23520000000002,244.6922,-2.512699999999996
1233,1233,1233.0,1233.0,1233.0,1233.0,1233.0,1233.0,1233.0,1233.0,1233.0,1233.0,1233.0,1233.0,1233.0,1233.0,1233.0,1233.0,1233.0,1233.0,1233.0,1233.0,1233.0,1233.0,1233.0,1233.0,1233.0,1233.0,1233.0,1233.0,1233.0,1233.0,1233.0,1233.0,1233.0,,,,,,,,,,,,,,,,,,,,,,,,,,,,,,,,,,,,,,,,,,0.3,284.5086,286.0649,287.5345,288.8539,290.0434,291.204,292.5018,294.1452,296.3629,299.386,303.4385,308.7373,315.4998,323.9594,334.3894,347.1351,362.6598,381.6117,404.9273,434.0032,295.0,473.0,534.3672,38.98559999999998,197.457,-5.245999999999981
1234,1234,1234.0,1234.0,1234.0,1234.0,1234.0,1234.0,1234.0,1234.0,1234.0,1234.0,1234.0,1234.0,1234.0,1234.0,1234.0,1234.0,1234.0,1234.0,1234.0,1234.0,1234.0,1234.0,1234.0,1234.0,1234.0,1234.0,1234.0,1234.0,1234.0,1234.0,1234.0,1234.0,1234.0,,,,,,,,,,,,,,,,,,,,,,,,,,,,,,,,,,,,,,,,,,0.4,293.1348,291.7952,290.9876,290.7241,291.0205,291.8987,293.3904,295.5418,298.4185,302.1102,306.7338,312.4387,319.4121,327.8891,338.168,350.6348,365.8023,384.3713,407.3318,436.1346,296.0,473.0,573.3528,32.46770000000004,158.47140000000002,-5.901299999999992
1235,1235,1235.0,1235.0,1235.0,1235.0,1235.0,1235.0,1235.0,1235.0,1235.0,1235.0,1235.0,1235.0,1235.0,1235.0,1235.0,1235.0,1235.0,1235.0,1235.0,1235.0,1235.0,1235.0,1235.0,1235.0,1235.0,1235.0,1235.0,1235.0,1235.0,1235.0,1235.0,1235.0,1235.0,,,,,,,,,,,,,,,,,,,,,,,,,,,,,,,,,,,,,,,,,,0.5,294.2474,293.0289,292.3364,292.1737,292.5552,293.506,295.0627,297.2752,300.2091,303.9493,308.6042,314.312,321.2491,329.6417,339.7833,352.0604,366.9911,385.2865,407.9494,436.4439,300.0,471.0,605.8205,28.36469999999997,126.00369999999998,-5.744000000000028
1236,1236,1236.0,1236.0,1236.0,1236.0,1236.0,1236.0,1236.0,1236.0,1236.0,1236.0,1236.0,1236.0,1236.0,1236.0,1236.0,1236.0,1236.0,1236.0,1236.0,1236.0,1236.0,1236.0,1236.0,1236.0,1236.0,1236.0,1236.0,1236.0,1236.0,1236.0,1236.0,1236.0,1236.0,,,,,,,,,,,,,,,,,,,,,,,,,,,,,,,,,,,,,,,,,,0.6,297.6228,295.8816,294.7616,294.2585,294.3773,295.1308,296.5418,298.6452,301.4917,305.152,309.7218,315.328,322.1374,330.368,340.3065,352.3336,366.962,384.8959,407.1274,435.0995,307.0,473.0,634.1852,25.84699999999998,97.639,-5.669199999999989
1237,1237,1237.0,1237.0,1237.0,1237.0,1237.0,1237.0,1237.0,1237.0,1237.0,1237.0,1237.0,1237.0,1237.0,1237.0,1237.0,1237.0,1237.0,1237.0,1237.0,1237.0,1237.0,1237.0,1237.0,1237.0,1237.0,1237.0,1237.0,1237.0,1237.0,1237.0,1237.0,1237.0,1237.0,,,,,,,,,,,,,,,,,,,,,,,,,,,,,,,,,,,,,,,,,,0.7,303.4093,300.6361,298.6478,297.4244,296.9548,297.2348,298.2693,300.0754,302.6873,306.1621,310.5855,316.0786,322.8067,330.9904,340.922,352.9898,367.7155,385.814,408.2907,436.6104,292.0,471.0,660.0322,23.837200000000053,71.79200000000003,-5.215199999999982
1238,1238,1238.0,1238.0,1238.0,1238.0,1238.0,1238.0,1238.0,1238.0,1238.0,1238.0,1238.0,1238.0,1238.0,1238.0,1238.0,1238.0,1238.0,1238.0,1238.0,1238.0,1238.0,1238.0,1238.0,1238.0,1238.0,1238.0,1238.0,1238.0,1238.0,1238.0,1238.0,1238.0,1238.0,,,,,,,,,,,,,,,,,,,,,,,,,,,,,,,,,,,,,,,,,,0.8,291.8306,292.0358,292.5618,293.3824,294.5029,295.959,297.8135,300.1509,303.0739,306.7008,311.1668,316.6289,323.275,331.337,341.1097,352.9784,367.4581,385.254,407.3579,435.2117,307.0,471.0,683.8694,24.84769999999992,47.95479999999998,-8.240999999999985
1239,1239,1239.0,1239.0,1239.0,1239.0,1239.0,1239.0,1239.0,1239.0,1239.0,1239.0,1239.0,1239.0,1239.0,1239.0,1239.0,1239.0,1239.0,1239.0,1239.0,1239.0,1239.0,1239.0,1239.0,1239.0,1239.0,1239.0,1239.0,1239.0,1239.0,1239.0,1239.0,1239.0,1239.0,,,,,,,,,,,,,,,,,,,,,,,,,,,,,,,,,,,,,,,,,,0.9,303.37,300.5741,298.5924,297.411,297.0166,297.3964,298.5414,300.4536,303.1529,306.6851,311.1283,316.5994,323.2616,331.335,341.1113,352.9777,367.4528,385.2454,407.3493,435.2063,305.0,472.0,708.7171,23.10710000000006,23.10710000000006,-8.653599999999983
1240,1240,1240.0,1240.0,1240.0,1240.0,1240.0,1240.0,1240.0,1240.0,1240.0,1240.0,1240.0,1240.0,1240.0,1240.0,1240.0,1240.0,1240.0,1240.0,1240.0,1240.0,1240.0,1240.0,1240.0,1240.0,1240.0,1240.0,1240.0,1240.0,1240.0,1240.0,1240.0,1240.0,1240.0,,,,,,,,,,,,,,,,,,,,,,,,,,,,,,,,,,,,,,,,,,0.0,273.0,273.0,273.0,273.0,273.0,273.0,273.0,273.0,273.0,273.0,273.0,273.0,273.0,273.0,273.0,273.0,273.0,273.0,273.0,273.0,322.0,473.0,0.0,365.9216,726.8653,-20.0
1241,1241,1241.0,1241.0,1241.0,1241.0,1241.0,1241.0,1241.0,1241.0,1241.0,1241.0,1241.0,1241.0,1241.0,1241.0,1241.0,1241.0,1241.0,1241.0,1241.0,1241.0,1241.0,1241.0,1241.0,1241.0,1241.0,1241.0,1241.0,1241.0,1241.0,1241.0,1241.0,1241.0,1241.0,,,,,,,,,,,,,,,,,,,,,,,,,,,,,,,,,,,,,,,,,,0.1,312.0329,303.3851,296.0485,290.0073,285.2166,281.5993,279.0626,277.5272,276.9635,277.428,279.0931,282.2654,287.3849,295.0038,305.7436,320.2427,339.1156,362.9581,392.4409,428.5435,336.0,472.0,365.9216,123.8748,360.9437,-12.450699999999983
1242,1242,1242.0,1242.0,1242.0,1242.0,1242.0,1242.0,1242.0,1242.0,1242.0,1242.0,1242.0,1242.0,1242.0,1242.0,1242.0,1242.0,1242.0,1242.0,1242.0,1242.0,1242.0,1242.0,1242.0,1242.0,1242.0,1242.0,1242.0,1242.0,1242.0,1242.0,1242.0,1242.0,1242.0,,,,,,,,,,,,,,,,,,,,,,,,,,,,,,,,,,,,,,,,,,0.2,324.9175,315.4908,307.5777,301.0898,295.9724,292.1947,289.7466,288.6411,288.9176,290.6459,293.9282,298.9,305.7302,314.6245,325.8342,339.6767,356.5737,377.1168,402.1778,433.0948,283.0,472.0,489.7964,48.594,237.06890000000004,-3.005299999999977
1243,1243,1243.0,1243.0,1243.0,1243.0,1243.0,1243.0,1243.0,1243.0,1243.0,1243.0,1243.0,1243.0,1243.0,1243.0,1243.0,1243.0,1243.0,1243.0,1243.0,1243.0,1243.0,1243.0,1243.0,1243.0,1243.0,1243.0,1243.0,1243.0,1243.0,1243.0,1243.0,1243.0,1243.0,,,,,,,,,,,,,,,,,,,,,,,,,,,,,,,,,,,,,,,,,,0.3,284.4421,285.937,287.3547,288.6345,289.798,290.9459,292.2426,293.8946,296.1281,299.1725,303.2511,308.5815,315.3827,323.8914,334.385,347.2133,362.8447,381.9326,405.4204,434.7158,298.0,472.0,538.3904,38.88819999999998,188.47490000000005,-5.504099999999994
1244,1244,1244.0,1244.0,1244.0,1244.0,1244.0,1244.0,1244.0,1244.0,1244.0,1244.0,1244.0,1244.0,1244.0,1244.0,1244.0,1244.0,1244.0,1244.0,1244.0,1244.0,1244.0,1244.0,1244.0,1244.0,1244.0,1244.0,1244.0,1244.0,1244.0,1244.0,1244.0,1244.0,1244.0,,,,,,,,,,,,,,,,,,,,,,,,,,,,,,,,,,,,,,,,,,0.4,295.4933,293.5946,292.3118,291.6564,291.6412,292.2816,293.6,295.6316,298.4307,302.0753,306.672,312.3606,319.3198,327.7766,338.0223,350.4364,365.5256,383.9849,406.7972,435.4022,299.0,472.0,577.2786,31.27139999999997,149.58670000000006,-5.5183999999999855
1245,1245,1245.0,1245.0,1245.0,1245.0,1245.0,1245.0,1245.0,1245.0,1245.0,1245.0,1245.0,1245.0,1245.0,1245.0,1245.0,1245.0,1245.0,1245.0,1245.0,1245.0,1245.0,1245.0,1245.0,1245.0,1245.0,1245.0,1245.0,1245.0,1245.0,1245.0,1245.0,1245.0,1245.0,,,,,,,,,,,,,,,,,,,,,,,,,,,,,,,,,,,,,,,,,,0.5,296.718,295.0421,293.9562,293.4572,293.5539,294.2661,295.6252,297.6758,300.478,304.1111,308.678,314.3114,321.1823,329.5118,339.5885,351.7938,366.6404,384.8325,407.3639,435.6844,302.0,472.0,608.55,27.36170000000004,118.3153000000001,-4.9839000000000055
1246,1246,1246.0,1246.0,1246.0,1246.0,1246.0,1246.0,1246.0,1246.0,1246.0,1246.0,1246.0,1246.0,1246.0,1246.0,1246.0,1246.0,1246.0,1246.0,1246.0,1246.0,1246.0,1246.0,1246.0,1246.0,1246.0,1246.0,1246.0,1246.0,1246.0,1246.0,1246.0,1246.0,1246.0,,,,,,,,,,,,,,,,,,,,,,,,,,,,,,,,,,,,,,,,,,0.6,299.3334,297.3467,296.014,295.3233,295.2738,295.875,297.1481,299.1277,301.8649,305.4315,309.9247,315.4732,322.2462,330.4644,340.4178,352.4901,367.1972,385.2471,407.637,435.8191,306.0,473.0,635.9117,25.03989999999999,90.95360000000004,-4.925000000000011
1247,1247,1247.0,1247.0,1247.0,1247.0,1247.0,1247.0,1247.0,1247.0,1247.0,1247.0,1247.0,1247.0,1247.0,1247.0,1247.0,1247.0,1247.0,1247.0,1247.0,1247.0,1247.0,1247.0,1247.0,1247.0,1247.0,1247.0,1247.0,1247.0,1247.0,1247.0,1247.0,1247.0,1247.0,,,,,,,,,,,,,,,,,,,,,,,,,,,,,,,,,,,,,,,,,,0.7,302.7228,300.2256,298.4686,297.428,297.0918,297.4594,298.542,300.3652,302.9721,306.4281,310.8257,316.2909,322.9918,331.1503,341.0587,353.1043,367.8082,385.8842,408.3378,436.6339,309.0,469.0,660.9516,22.489199999999983,65.91370000000006,-4.990599999999972
1248,1248,1248.0,1248.0,1248.0,1248.0,1248.0,1248.0,1248.0,1248.0,1248.0,1248.0,1248.0,1248.0,1248.0,1248.0,1248.0,1248.0,1248.0,1248.0,1248.0,1248.0,1248.0,1248.0,1248.0,1248.0,1248.0,1248.0,1248.0,1248.0,1248.0,1248.0,1248.0,1248.0,1248.0,,,,,,,,,,,,,,,,,,,,,,,,,,,,,,,,,,,,,,,,,,0.8,305.3257,302.5016,300.4714,299.1978,298.6593,298.8481,299.77,301.4459,303.9147,307.2362,311.496,316.8113,323.3389,331.2876,340.9347,352.6512,366.9402,384.4945,406.2903,433.7449,306.0,462.0,683.4408,20.33260000000007,43.42450000000008,-5.3519000000000005
1249,1249,1249.0,1249.0,1249.0,1249.0,1249.0,1249.0,1249.0,1249.0,1249.0,1249.0,1249.0,1249.0,1249.0,1249.0,1249.0,1249.0,1249.0,1249.0,1249.0,1249.0,1249.0,1249.0,1249.0,1249.0,1249.0,1249.0,1249.0,1249.0,1249.0,1249.0,1249.0,1249.0,1249.0,,,,,,,,,,,,,,,,,,,,,,,,,,,,,,,,,,,,,,,,,,0.9,303.1361,301.0211,299.5882,298.7939,298.6163,299.0538,300.1233,301.8594,304.314,307.5579,311.6829,316.8076,323.085,330.7146,339.9596,351.1723,364.8301,381.5901,402.3751,428.5153,293.0,473.0,703.7734,23.09190000000001,23.09190000000001,-6.996199999999988
1250,1250,1250.0,1250.0,1250.0,1250.0,1250.0,1250.0,1250.0,1250.0,1250.0,1250.0,1250.0,1250.0,1250.0,1250.0,1250.0,1250.0,1250.0,1250.0,1250.0,1250.0,1250.0,1250.0,1250.0,1250.0,1250.0,1250.0,1250.0,1250.0,1250.0,1250.0,1250.0,1250.0,1250.0,,,,,,,,,,,,,,,,,,,,,,,,,,,,,,,,,,,,,,,,,,0.0,273.0,273.0,273.0,273.0,273.0,273.0,273.0,273.0,273.0,273.0,273.0,273.0,273.0,273.0,273.0,273.0,273.0,273.0,273.0,273.0,325.0,473.0,0.0,365.0616,725.1378,-20.0
1251,1251,1251.0,1251.0,1251.0,1251.0,1251.0,1251.0,1251.0,1251.0,1251.0,1251.0,1251.0,1251.0,1251.0,1251.0,1251.0,1251.0,1251.0,1251.0,1251.0,1251.0,1251.0,1251.0,1251.0,1251.0,1251.0,1251.0,1251.0,1251.0,1251.0,1251.0,1251.0,1251.0,1251.0,,,,,,,,,,,,,,,,,,,,,,,,,,,,,,,,,,,,,,,,,,0.1,314.406,305.2244,297.4396,291.0308,285.9471,282.1041,279.3998,277.7447,277.0989,277.5093,279.1402,282.2917,287.3991,295.0112,305.7473,320.2444,339.1164,362.9585,392.441,428.5436,338.0,472.0,365.0616,121.9149,360.0762,-11.945899999999996
1252,1252,1252.0,1252.0,1252.0,1252.0,1252.0,1252.0,1252.0,1252.0,1252.0,1252.0,1252.0,1252.0,1252.0,1252.0,1252.0,1252.0,1252.0,1252.0,1252.0,1252.0,1252.0,1252.0,1252.0,1252.0,1252.0,1252.0,1252.0,1252.0,1252.0,1252.0,1252.0,1252.0,1252.0,,,,,,,,,,,,,,,,,,,,,,,,,,,,,,,,,,,,,,,,,,0.2,326.5867,316.8882,308.7469,302.0635,296.7764,292.8506,290.2738,289.0573,289.2399,290.8902,294.1094,299.0313,305.8231,314.6887,325.8774,339.705,356.5917,377.1277,402.184,433.0976,278.0,473.0,486.9765,48.1508,238.1613,-2.349400000000003
1253,1253,1253.0,1253.0,1253.0,1253.0,1253.0,1253.0,1253.0,1253.0,1253.0,1253.0,1253.0,1253.0,1253.0,1253.0,1253.0,1253.0,1253.0,1253.0,1253.0,1253.0,1253.0,1253.0,1253.0,1253.0,1253.0,1253.0,1253.0,1253.0,1253.0,1253.0,1253.0,1253.0,1253.0,,,,,,,,,,,,,,,,,,,,,,,,,,,,,,,,,,,,,,,,,,0.3,280.5535,283.0265,285.2751,287.2326,288.9242,290.4629,292.0324,293.8619,296.2013,299.302,303.4064,308.7474,315.5562,324.0788,334.5996,347.4741,363.1756,382.3627,405.9858,435.4641,298.0,473.0,535.1273,40.196500000000015,190.0105,-5.987099999999998
1254,1254,1254.0,1254.0,1254.0,1254.0,1254.0,1254.0,1254.0,1254.0,1254.0,1254.0,1254.0,1254.0,1254.0,1254.0,1254.0,1254.0,1254.0,1254.0,1254.0,1254.0,1254.0,1254.0,1254.0,1254.0,1254.0,1254.0,1254.0,1254.0,1254.0,1254.0,1254.0,1254.0,1254.0,,,,,,,,,,,,,,,,,,,,,,,,,,,,,,,,,,,,,,,,,,0.4,295.3628,293.3491,291.9793,291.2729,291.2445,291.9061,293.2728,295.3707,298.245,301.9667,306.6377,312.3955,319.4193,327.9384,338.2474,350.7305,365.8998,384.4571,407.3951,436.168,298.0,473.0,575.3238,31.907299999999964,149.81399999999996,-5.893900000000031
1255,1255,1255.0,1255.0,1255.0,1255.0,1255.0,1255.0,1255.0,1255.0,1255.0,1255.0,1255.0,1255.0,1255.0,1255.0,1255.0,1255.0,1255.0,1255.0,1255.0,1255.0,1255.0,1255.0,1255.0,1255.0,1255.0,1255.0,1255.0,1255.0,1255.0,1255.0,1255.0,1255.0,1255.0,,,,,,,,,,,,,,,,,,,,,,,,,,,,,,,,,,,,,,,,,,0.5,295.888,294.3574,293.3949,293.0001,293.1847,293.9715,295.3951,297.5032,300.3585,304.0425,308.6598,314.3445,321.2688,329.6555,339.7951,352.0716,367.0018,385.2958,407.9563,436.4475,299.0,473.0,607.2311,28.09940000000006,117.9067,-5.278500000000008
1256,1256,1256.0,1256.0,1256.0,1256.0,1256.0,1256.0,1256.0,1256.0,1256.0,1256.0,1256.0,1256.0,1256.0,1256.0,1256.0,1256.0,1256.0,1256.0,1256.0,1256.0,1256.0,1256.0,1256.0,1256.0,1256.0,1256.0,1256.0,1256.0,1256.0,1256.0,1256.0,1256.0,1256.0,,,,,,,,,,,,,,,,,,,,,,,,,,,,,,,,,,,,,,,,,,0.6,296.9081,295.417,294.5053,294.1656,294.4028,295.2339,296.6884,298.8099,301.6585,305.3142,309.8813,315.4945,322.3277,330.606,340.6231,352.7666,367.5571,385.7088,408.2281,436.5815,305.0,472.0,635.3305,25.61839999999995,89.80729999999994,-5.566100000000006
1257,1257,1257.0,1257.0,1257.0,1257.0,1257.0,1257.0,1257.0,1257.0,1257.0,1257.0,1257.0,1257.0,1257.0,1257.0,1257.0,1257.0,1257.0,1257.0,1257.0,1257.0,1257.0,1257.0,1257.0,1257.0,1257.0,1257.0,1257.0,1257.0,1257.0,1257.0,1257.0,1257.0,1257.0,,,,,,,,,,,,,,,,,,,,,,,,,,,,,,,,,,,,,,,,,,0.7,301.82,299.4023,297.7171,296.7475,296.4856,296.9319,298.0962,300.0012,302.6865,306.2137,310.6714,316.1822,322.9105,331.0745,340.9628,352.9593,367.5812,385.5388,407.832,435.9163,306.0,472.0,660.9489,23.595300000000066,64.18889999999999,-5.518100000000004
1258,1258,1258.0,1258.0,1258.0,1258.0,1258.0,1258.0,1258.0,1258.0,1258.0,1258.0,1258.0,1258.0,1258.0,1258.0,1258.0,1258.0,1258.0,1258.0,1258.0,1258.0,1258.0,1258.0,1258.0,1258.0,1258.0,1258.0,1258.0,1258.0,1258.0,1258.0,1258.0,1258.0,1258.0,,,,,,,,,,,,,,,,,,,,,,,,,,,,,,,,,,,,,,,,,,0.8,302.8819,300.5325,298.9022,297.9603,297.692,298.097,299.1899,301.0007,303.5775,306.9897,311.3323,316.7326,323.3581,331.4292,341.2356,353.1619,367.7252,385.6351,407.8901,435.9433,306.0,461.0,684.5442,20.64329999999996,40.59359999999992,-6.103000000000009
1259,1259,1259.0,1259.0,1259.0,1259.0,1259.0,1259.0,1259.0,1259.0,1259.0,1259.0,1259.0,1259.0,1259.0,1259.0,1259.0,1259.0,1259.0,1259.0,1259.0,1259.0,1259.0,1259.0,1259.0,1259.0,1259.0,1259.0,1259.0,1259.0,1259.0,1259.0,1259.0,1259.0,1259.0,,,,,,,,,,,,,,,,,,,,,,,,,,,,,,,,,,,,,,,,,,0.9,303.0153,300.791,299.27,298.4155,298.2085,298.6465,299.7425,301.5252,304.0399,307.3502,311.5412,316.7243,323.0455,330.697,339.9351,351.1054,364.6795,381.3103,401.9162,427.821,313.0,457.0,705.1875,19.95029999999997,19.95029999999997,-7.403500000000008
1260,1260,1260.0,1260.0,1260.0,1260.0,1260.0,1260.0,1260.0,1260.0,1260.0,1260.0,1260.0,1260.0,1260.0,1260.0,1260.0,1260.0,1260.0,1260.0,1260.0,1260.0,1260.0,1260.0,1260.0,1260.0,1260.0,1260.0,1260.0,1260.0,1260.0,1260.0,1260.0,1260.0,,,,,,,,,,,,,,,,,,,,,,,,,,,,,,,,,,,,,,,,,,,0.0,273.0,273.0,273.0,273.0,273.0,273.0,273.0,273.0,273.0,273.0,273.0,273.0,273.0,273.0,273.0,273.0,273.0,273.0,273.0,273.0,354.0,471.0,0.0,358.2983,1268.2114,37.61489999999998
1261,1261,1261.0,1261.0,1261.0,1261.0,1261.0,1261.0,1261.0,1261.0,1261.0,1261.0,1261.0,1261.0,1261.0,1261.0,1261.0,1261.0,1261.0,1261.0,1261.0,1261.0,1261.0,1261.0,1261.0,1261.0,1261.0,1261.0,1261.0,1261.0,1261.0,1261.0,1261.0,1261.0,,,,,,,,,,,,,,,,,,,,,,,,,,,,,,,,,,,,,,,,,,,0.1,337.2378,322.872,310.7697,300.8334,292.9438,286.9396,282.6289,279.8232,278.3827,278.261,279.542,282.4604,287.4011,294.8755,305.4759,319.8202,338.5076,362.1208,391.315,427.0453,333.0,332.0,358.2983,118.94760000000002,909.9131,37.61489999999998
1262,1262,1262.0,1262.0,1262.0,1262.0,1262.0,1262.0,1262.0,1262.0,1262.0,1262.0,1262.0,1262.0,1262.0,1262.0,1262.0,1262.0,1262.0,1262.0,1262.0,1262.0,1262.0,1262.0,1262.0,1262.0,1262.0,1262.0,1262.0,1262.0,1262.0,1262.0,1262.0,1262.0,,,,,,,,,,,,,,,,,,,,,,,,,,,,,,,,,,,,,,,,,,,0.2,323.5734,315.6037,308.8708,303.2299,298.6015,294.9579,292.3069,290.6732,290.0779,290.518,291.949,294.2728,297.3347,300.9349,304.8551,308.9013,312.9554,317.0271,321.2927,326.1091,471.0,471.0,477.2459,127.6164,790.9654999999999,37.61489999999998
1263,1263,1263.0,1263.0,1263.0,1263.0,1263.0,1263.0,1263.0,1263.0,1263.0,1263.0,1263.0,1263.0,1263.0,1263.0,1263.0,1263.0,1263.0,1263.0,1263.0,1263.0,1263.0,1263.0,1263.0,1263.0,1263.0,1263.0,1263.0,1263.0,1263.0,1263.0,1263.0,1263.0,,,,,,,,,,,,,,,,,,,,,,,,,,,,,,,,,,,,,,,,,,,0.3,430.019,397.2088,370.7471,349.546,332.8714,320.1409,310.8345,304.4749,300.6479,299.0355,299.4484,301.8462,306.3413,313.1872,322.7537,335.4981,351.9478,372.7181,398.5955,430.7297,471.0,471.0,604.8623,124.17589999999996,663.3490999999999,37.61489999999998
1264,1264,1264.0,1264.0,1264.0,1264.0,1264.0,1264.0,1264.0,1264.0,1264.0,1264.0,1264.0,1264.0,1264.0,1264.0,1264.0,1264.0,1264.0,1264.0,1264.0,1264.0,1264.0,1264.0,1264.0,1264.0,1264.0,1264.0,1264.0,1264.0,1264.0,1264.0,1264.0,1264.0,,,,,,,,,,,,,,,,,,,,,,,,,,,,,,,,,,,,,,,,,,,0.4,433.7478,404.4826,381.1202,362.3448,347.2998,335.4149,326.3034,319.7008,315.4284,313.3723,313.4722,315.7181,320.1508,326.8688,336.0406,347.9266,362.9161,381.5881,404.8114,433.9163,172.0,271.0,729.0382,63.394000000000005,539.1732,37.61489999999998
1265,1265,1265.0,1265.0,1265.0,1265.0,1265.0,1265.0,1265.0,1265.0,1265.0,1265.0,1265.0,1265.0,1265.0,1265.0,1265.0,1265.0,1265.0,1265.0,1265.0,1265.0,1265.0,1265.0,1265.0,1265.0,1265.0,1265.0,1265.0,1265.0,1265.0,1265.0,1265.0,1265.0,,,,,,,,,,,,,,,,,,,,,,,,,,,,,,,,,,,,,,,,,,,0.5,201.6323,228.6222,251.8847,270.8247,285.3695,295.8908,303.0589,307.6774,310.5327,312.279,313.3659,314.0076,314.1889,313.7046,312.226,309.3881,304.8884,298.5832,290.5603,281.1703,473.0,471.0,792.4322,94.06670000000008,475.7792,37.61489999999998
1266,1266,1266.0,1266.0,1266.0,1266.0,1266.0,1266.0,1266.0,1266.0,1266.0,1266.0,1266.0,1266.0,1266.0,1266.0,1266.0,1266.0,1266.0,1266.0,1266.0,1266.0,1266.0,1266.0,1266.0,1266.0,1266.0,1266.0,1266.0,1266.0,1266.0,1266.0,1266.0,1266.0,,,,,,,,,,,,,,,,,,,,,,,,,,,,,,,,,,,,,,,,,,,0.6,429.532,394.6477,366.7767,345.0167,328.6774,317.0586,309.391,304.8786,302.7891,302.546,303.7985,306.4539,310.6751,316.8457,325.5131,337.3219,352.9603,373.1468,398.6979,430.721,473.0,472.0,886.4989,114.9061999999999,381.7124999999999,37.61489999999998
1267,1267,1267.0,1267.0,1267.0,1267.0,1267.0,1267.0,1267.0,1267.0,1267.0,1267.0,1267.0,1267.0,1267.0,1267.0,1267.0,1267.0,1267.0,1267.0,1267.0,1267.0,1267.0,1267.0,1267.0,1267.0,1267.0,1267.0,1267.0,1267.0,1267.0,1267.0,1267.0,1267.0,,,,,,,,,,,,,,,,,,,,,,,,,,,,,,,,,,,,,,,,,,,0.7,435.0755,405.2956,381.5578,362.5437,347.3952,335.5325,326.5484,320.1483,316.1165,314.3015,314.6101,317.008,321.524,328.2564,337.3839,349.185,364.0707,382.6427,405.792,434.8703,176.0,275.0,1001.4051,62.45320000000015,266.8063,37.61489999999998
1268,1268,1268.0,1268.0,1268.0,1268.0,1268.0,1268.0,1268.0,1268.0,1268.0,1268.0,1268.0,1268.0,1268.0,1268.0,1268.0,1268.0,1268.0,1268.0,1268.0,1268.0,1268.0,1268.0,1268.0,1268.0,1268.0,1268.0,1268.0,1268.0,1268.0,1268.0,1268.0,1268.0,,,,,,,,,,,,,,,,,,,,,,,,,,,,,,,,,,,,,,,,,,,0.8,204.9329,231.2787,253.9792,272.4559,286.6415,296.9029,303.8992,308.4191,311.2338,312.9844,314.1109,314.8226,315.1053,314.7596,313.4668,310.8751,306.6958,300.7971,293.2745,284.481,473.0,473.0,1063.8583,89.48129999999992,204.3530999999998,37.61489999999998
1269,1269,1269.0,1269.0,1269.0,1269.0,1269.0,1269.0,1269.0,1269.0,1269.0,1269.0,1269.0,1269.0,1269.0,1269.0,1269.0,1269.0,1269.0,1269.0,1269.0,1269.0,1269.0,1269.0,1269.0,1269.0,1269.0,1269.0,1269.0,1269.0,1269.0,1269.0,1269.0,1269.0,,,,,,,,,,,,,,,,,,,,,,,,,,,,,,,,,,,,,,,,,,,0.9,429.688,394.9544,367.2193,345.5721,329.3176,317.756,310.123,305.6306,303.5553,303.3288,304.6058,307.2968,311.5652,317.7934,326.527,338.4105,354.1354,374.4298,400.1292,432.3733,471.0,473.0,1153.3396,114.8717999999999,114.8717999999999,37.61489999999998
1270,1270,1270.0,1270.0,1270.0,1270.0,1270.0,1270.0,1270.0,1270.0,1270.0,1270.0,1270.0,1270.0,1270.0,1270.0,1270.0,1270.0,1270.0,1270.0,1270.0,1270.0,1270.0,1270.0,1270.0,1270.0,1270.0,1270.0,1270.0,1270.0,1270.0,1270.0,1270.0,1270.0,,,,,,,,,,,,,,,,,,,,,,,,,,,,,,,,,,,,,,,,,,,0.0,273.0,273.0,273.0,273.0,273.0,273.0,273.0,273.0,273.0,273.0,273.0,273.0,273.0,273.0,273.0,273.0,273.0,273.0,273.0,273.0,355.0,472.0,0.0,357.9434,1412.7015,36.80199999999997
1271,1271,1271.0,1271.0,1271.0,1271.0,1271.0,1271.0,1271.0,1271.0,1271.0,1271.0,1271.0,1271.0,1271.0,1271.0,1271.0,1271.0,1271.0,1271.0,1271.0,1271.0,1271.0,1271.0,1271.0,1271.0,1271.0,1271.0,1271.0,1271.0,1271.0,1271.0,1271.0,1271.0,,,,,,,,,,,,,,,,,,,,,,,,,,,,,,,,,,,,,,,,,,,0.1,338.0216,323.4762,311.2256,301.1687,293.1836,287.1063,282.7419,279.8992,278.4356,278.3026,279.583,282.5112,287.4729,294.9811,305.6305,320.0415,338.8164,362.5417,391.879,427.7949,172.0,263.0,357.9434,179.77419999999995,1054.7581,36.80199999999997
1272,1272,1272.0,1272.0,1272.0,1272.0,1272.0,1272.0,1272.0,1272.0,1272.0,1272.0,1272.0,1272.0,1272.0,1272.0,1272.0,1272.0,1272.0,1272.0,1272.0,1272.0,1272.0,1272.0,1272.0,1272.0,1272.0,1272.0,1272.0,1272.0,1272.0,1272.0,1272.0,1272.0,,,,,,,,,,,,,,,,,,,,,,,,,,,,,,,,,,,,,,,,,,,0.2,194.4831,214.8956,232.5915,247.2273,258.7918,267.5664,274.0364,278.782,282.3712,285.2716,287.7892,290.037,291.934,293.2332,293.5789,292.5857,289.9333,285.4586,279.2265,271.5578,386.0,473.0,537.7176,265.56140000000005,874.9839,36.80199999999997
1273,1273,1273.0,1273.0,1273.0,1273.0,1273.0,1273.0,1273.0,1273.0,1273.0,1273.0,1273.0,1273.0,1273.0,1273.0,1273.0,1273.0,1273.0,1273.0,1273.0,1273.0,1273.0,1273.0,1273.0,1273.0,1273.0,1273.0,1273.0,1273.0,1273.0,1273.0,1273.0,1273.0,,,,,,,,,,,,,,,,,,,,,,,,,,,,,,,,,,,,,,,,,,,0.3,360.2324,338.418,320.4478,306.2647,295.712,288.4752,284.104,282.0851,281.937,283.2984,285.9925,290.0605,295.7616,303.5429,313.9871,327.7481,345.5,367.9294,395.8136,430.2348,323.0,417.0,803.279,72.0462,609.4224999999999,36.80199999999997
1274,1274,1274.0,1274.0,1274.0,1274.0,1274.0,1274.0,1274.0,1274.0,1274.0,1274.0,1274.0,1274.0,1274.0,1274.0,1274.0,1274.0,1274.0,1274.0,1274.0,1274.0,1274.0,1274.0,1274.0,1274.0,1274.0,1274.0,1274.0,1274.0,1274.0,1274.0,1274.0,1274.0,,,,,,,,,,,,,,,,,,,,,,,,,,,,,,,,,,,,,,,,,,,0.4,316.4544,310.9934,306.3856,302.4892,299.2528,296.7048,294.9322,294.0548,294.2006,295.4865,298.0071,301.8322,307.0133,313.5982,321.6548,331.3028,342.7536,356.3576,372.6609,392.4778,473.0,471.0,875.3252,74.03279999999995,537.3762999999999,36.80199999999997
1275,1275,1275.0,1275.0,1275.0,1275.0,1275.0,1275.0,1275.0,1275.0,1275.0,1275.0,1275.0,1275.0,1275.0,1275.0,1275.0,1275.0,1275.0,1275.0,1275.0,1275.0,1275.0,1275.0,1275.0,1275.0,1275.0,1275.0,1275.0,1275.0,1275.0,1275.0,1275.0,1275.0,,,,,,,,,,,,,,,,,,,,,,,,,,,,,,,,,,,,,,,,,,,0.5,431.6336,398.6094,372.095,351.0071,334.6182,322.3492,313.6762,308.1107,305.2159,304.6364,306.1245,309.5552,314.9301,322.3724,332.1192,344.5188,360.0418,379.3213,403.2426,433.1163,472.0,473.0,949.358,124.99430000000008,463.3435,36.80199999999997
1276,1276,1276.0,1276.0,1276.0,1276.0,1276.0,1276.0,1276.0,1276.0,1276.0,1276.0,1276.0,1276.0,1276.0,1276.0,1276.0,1276.0,1276.0,1276.0,1276.0,1276.0,1276.0,1276.0,1276.0,1276.0,1276.0,1276.0,1276.0,1276.0,1276.0,1276.0,1276.0,1276.0,,,,,,,,,,,,,,,,,,,,,,,,,,,,,,,,,,,,,,,,,,,0.6,434.7723,405.6158,382.433,363.8989,349.1488,337.602,328.8583,322.6355,318.7327,317.0106,317.3825,319.8131,324.3231,330.999,340.008,351.6226,366.2572,384.5283,407.3536,436.1219,189.0,271.0,1074.3523,66.71969999999988,338.3491999999999,36.80199999999997
1277,1277,1277.0,1277.0,1277.0,1277.0,1277.0,1277.0,1277.0,1277.0,1277.0,1277.0,1277.0,1277.0,1277.0,1277.0,1277.0,1277.0,1277.0,1277.0,1277.0,1277.0,1277.0,1277.0,1277.0,1277.0,1277.0,1277.0,1277.0,1277.0,1277.0,1277.0,1277.0,1277.0,,,,,,,,,,,,,,,,,,,,,,,,,,,,,,,,,,,,,,,,,,,0.7,215.6622,239.9253,260.8137,277.7958,290.8123,300.2056,306.5884,310.6922,313.2296,314.7874,315.7585,316.3125,316.4016,315.7984,314.1599,311.113,306.3527,299.7366,291.3583,281.5787,473.0,473.0,1141.072,85.64190000000008,271.6295,36.80199999999997
1278,1278,1278.0,1278.0,1278.0,1278.0,1278.0,1278.0,1278.0,1278.0,1278.0,1278.0,1278.0,1278.0,1278.0,1278.0,1278.0,1278.0,1278.0,1278.0,1278.0,1278.0,1278.0,1278.0,1278.0,1278.0,1278.0,1278.0,1278.0,1278.0,1278.0,1278.0,1278.0,1278.0,,,,,,,,,,,,,,,,,,,,,,,,,,,,,,,,,,,,,,,,,,,0.8,430.1724,395.9012,368.5717,347.2404,331.1918,319.7213,312.0745,307.4833,305.2482,304.8241,305.885,308.3565,312.4127,318.4444,327.0034,338.7396,354.3473,374.555,400.195,432.4006,473.0,471.0,1226.7139,120.86450000000012,185.9876,36.80199999999997
1279,1279,1279.0,1279.0,1279.0,1279.0,1279.0,1279.0,1279.0,1279.0,1279.0,1279.0,1279.0,1279.0,1279.0,1279.0,1279.0,1279.0,1279.0,1279.0,1279.0,1279.0,1279.0,1279.0,1279.0,1279.0,1279.0,1279.0,1279.0,1279.0,1279.0,1279.0,1279.0,1279.0,,,,,,,,,,,,,,,,,,,,,,,,,,,,,,,,,,,,,,,,,,,0.9,435.2927,405.7308,382.2056,363.3899,348.4164,336.6973,327.82,321.487,317.4824,315.6562,315.9175,318.2347,322.6385,329.2279,338.1818,349.7776,364.4256,382.7259,405.5661,434.29,183.0,273.0,1347.5784,65.1230999999998,65.1230999999998,36.80199999999997
1280,1280,1280.0,1280.0,1280.0,1280.0,1280.0,1280.0,1280.0,1280.0,1280.0,1280.0,1280.0,1280.0,1280.0,1280.0,1280.0,1280.0,1280.0,1280.0,1280.0,1280.0,1280.0,1280.0,1280.0,1280.0,1280.0,1280.0,1280.0,1280.0,1280.0,1280.0,1280.0,1280.0,,,,,,,,,,,,,,,,,,,,,,,,,,,,,,,,,,,,,,,,,,,0.0,273.0,273.0,273.0,273.0,273.0,273.0,273.0,273.0,273.0,273.0,273.0,273.0,273.0,273.0,273.0,273.0,273.0,273.0,273.0,273.0,356.0,473.0,0.0,357.5929,1248.1423,37.79269999999997
1281,1281,1281.0,1281.0,1281.0,1281.0,1281.0,1281.0,1281.0,1281.0,1281.0,1281.0,1281.0,1281.0,1281.0,1281.0,1281.0,1281.0,1281.0,1281.0,1281.0,1281.0,1281.0,1281.0,1281.0,1281.0,1281.0,1281.0,1281.0,1281.0,1281.0,1281.0,1281.0,1281.0,,,,,,,,,,,,,,,,,,,,,,,,,,,,,,,,,,,,,,,,,,,0.1,338.805,324.0801,311.6812,301.5038,293.4232,287.2728,282.8549,279.9752,278.4884,278.3442,279.624,282.5619,287.5446,295.0867,305.785,320.2626,339.1249,362.9623,392.4427,428.5442,330.0,345.0,357.5929,114.67760000000004,890.5493999999999,37.79269999999997
1282,1282,1282.0,1282.0,1282.0,1282.0,1282.0,1282.0,1282.0,1282.0,1282.0,1282.0,1282.0,1282.0,1282.0,1282.0,1282.0,1282.0,1282.0,1282.0,1282.0,1282.0,1282.0,1282.0,1282.0,1282.0,1282.0,1282.0,1282.0,1282.0,1282.0,1282.0,1282.0,1282.0,,,,,,,,,,,,,,,,,,,,,,,,,,,,,,,,,,,,,,,,,,,0.2,321.2783,313.9087,307.6752,302.4378,298.1241,294.7183,292.2446,290.7479,290.2724,290.8414,292.4397,295.0019,298.4108,302.508,307.1204,312.1003,317.3754,322.9979,329.183,336.3266,471.0,473.0,472.2705,118.46469999999994,775.8717999999999,37.79269999999997
1283,1283,1283.0,1283.0,1283.0,1283.0,1283.0,1283.0,1283.0,1283.0,1283.0,1283.0,1283.0,1283.0,1283.0,1283.0,1283.0,1283.0,1283.0,1283.0,1283.0,1283.0,1283.0,1283.0,1283.0,1283.0,1283.0,1283.0,1283.0,1283.0,1283.0,1283.0,1283.0,1283.0,,,,,,,,,,,,,,,,,,,,,,,,,,,,,,,,,,,,,,,,,,,0.3,429.9719,397.1223,370.6379,349.4386,332.7963,320.132,310.9266,304.7019,301.0406,299.6202,300.2442,302.8618,307.5722,314.6129,324.3381,337.1934,353.7037,374.4954,400.3839,432.568,471.0,473.0,590.7352,122.53650000000005,657.4071,37.79269999999997
1284,1284,1284.0,1284.0,1284.0,1284.0,1284.0,1284.0,1284.0,1284.0,1284.0,1284.0,1284.0,1284.0,1284.0,1284.0,1284.0,1284.0,1284.0,1284.0,1284.0,1284.0,1284.0,1284.0,1284.0,1284.0,1284.0,1284.0,1284.0,1284.0,1284.0,1284.0,1284.0,1284.0,,,,,,,,,,,,,,,,,,,,,,,,,,,,,,,,,,,,,,,,,,,0.4,433.7612,404.5127,381.173,362.4287,347.4251,335.5927,326.5449,320.0163,315.826,313.8573,314.0469,316.3816,320.9002,327.7004,336.9523,348.9211,364.005,382.7969,406.1873,435.5387,174.0,272.0,713.2717,62.83090000000004,534.8706,37.79269999999997
1285,1285,1285.0,1285.0,1285.0,1285.0,1285.0,1285.0,1285.0,1285.0,1285.0,1285.0,1285.0,1285.0,1285.0,1285.0,1285.0,1285.0,1285.0,1285.0,1285.0,1285.0,1285.0,1285.0,1285.0,1285.0,1285.0,1285.0,1285.0,1285.0,1285.0,1285.0,1285.0,1285.0,,,,,,,,,,,,,,,,,,,,,,,,,,,,,,,,,,,,,,,,,,,0.5,203.2793,229.9452,252.9268,271.638,286.0089,296.4083,303.5003,308.0802,310.926,312.6841,313.7973,314.4746,314.6971,314.2573,312.8254,310.0365,305.5895,299.3425,291.3863,282.0751,471.0,472.0,776.1026,91.32779999999993,472.0396999999999,37.79269999999997
1286,1286,1286.0,1286.0,1286.0,1286.0,1286.0,1286.0,1286.0,1286.0,1286.0,1286.0,1286.0,1286.0,1286.0,1286.0,1286.0,1286.0,1286.0,1286.0,1286.0,1286.0,1286.0,1286.0,1286.0,1286.0,1286.0,1286.0,1286.0,1286.0,1286.0,1286.0,1286.0,1286.0,,,,,,,,,,,,,,,,,,,,,,,,,,,,,,,,,,,,,,,,,,,0.6,428.1138,393.6785,366.164,344.6871,328.5673,317.1128,309.5627,305.1312,303.0956,302.8889,304.1677,306.8452,311.088,317.2826,325.9782,337.8218,353.5047,373.7509,399.3862,431.5329,473.0,473.0,867.4304,114.2939,380.7119,37.79269999999997
1287,1287,1287.0,1287.0,1287.0,1287.0,1287.0,1287.0,1287.0,1287.0,1287.0,1287.0,1287.0,1287.0,1287.0,1287.0,1287.0,1287.0,1287.0,1287.0,1287.0,1287.0,1287.0,1287.0,1287.0,1287.0,1287.0,1287.0,1287.0,1287.0,1287.0,1287.0,1287.0,1287.0,,,,,,,,,,,,,,,,,,,,,,,,,,,,,,,,,,,,,,,,,,,0.7,435.0623,405.2726,381.5315,362.5232,347.3906,335.5531,326.602,320.2397,316.2483,314.4736,314.8213,317.2566,321.8089,328.5781,337.7454,349.5927,364.536,383.1835,406.4355,435.6588,177.0,273.0,981.7243,62.38819999999998,266.418,37.79269999999997
1288,1288,1288.0,1288.0,1288.0,1288.0,1288.0,1288.0,1288.0,1288.0,1288.0,1288.0,1288.0,1288.0,1288.0,1288.0,1288.0,1288.0,1288.0,1288.0,1288.0,1288.0,1288.0,1288.0,1288.0,1288.0,1288.0,1288.0,1288.0,1288.0,1288.0,1288.0,1288.0,1288.0,,,,,,,,,,,,,,,,,,,,,,,,,,,,,,,,,,,,,,,,,,,0.8,205.7482,231.9243,254.4774,272.8336,286.9264,297.1212,304.0731,308.5657,311.3642,313.1033,314.2159,314.9036,315.1434,314.7264,313.3241,310.5745,306.1804,300.0039,292.1386,282.9402,472.0,473.0,1044.1125,89.52780000000007,204.0298,37.79269999999997
1289,1289,1289.0,1289.0,1289.0,1289.0,1289.0,1289.0,1289.0,1289.0,1289.0,1289.0,1289.0,1289.0,1289.0,1289.0,1289.0,1289.0,1289.0,1289.0,1289.0,1289.0,1289.0,1289.0,1289.0,1289.0,1289.0,1289.0,1289.0,1289.0,1289.0,1289.0,1289.0,1289.0,,,,,,,,,,,,,,,,,,,,,,,,,,,,,,,,,,,,,,,,,,,0.9,428.9731,394.4575,366.8933,345.3785,329.2228,317.7295,310.1381,305.6649,303.5906,303.3514,304.6062,307.2696,311.5091,317.711,326.4249,338.2986,354.0256,374.3347,400.0595,432.3367,471.0,472.0,1133.6403,114.50199999999997,114.50199999999997,37.79269999999997
1290,1290,1290.0,1290.0,1290.0,1290.0,1290.0,1290.0,1290.0,1290.0,1290.0,1290.0,1290.0,1290.0,1290.0,1290.0,1290.0,1290.0,1290.0,1290.0,1290.0,1290.0,1290.0,1290.0,1290.0,1290.0,1290.0,1290.0,1290.0,1290.0,1290.0,1290.0,1290.0,1290.0,,,,,,,,,,,,,,,,,,,,,,,,,,,,,,,,,,,,,,,,,,,0.0,273.0,273.0,273.0,273.0,273.0,273.0,273.0,273.0,273.0,273.0,273.0,273.0,273.0,273.0,273.0,273.0,273.0,273.0,273.0,273.0,356.0,472.0,0.0,357.7425,1245.3121,37.9907
1291,1291,1291.0,1291.0,1291.0,1291.0,1291.0,1291.0,1291.0,1291.0,1291.0,1291.0,1291.0,1291.0,1291.0,1291.0,1291.0,1291.0,1291.0,1291.0,1291.0,1291.0,1291.0,1291.0,1291.0,1291.0,1291.0,1291.0,1291.0,1291.0,1291.0,1291.0,1291.0,1291.0,,,,,,,,,,,,,,,,,,,,,,,,,,,,,,,,,,,,,,,,,,,0.1,338.805,324.0801,311.6811,301.5036,293.4227,287.2716,282.8525,279.9707,278.4801,278.3294,279.5985,282.5199,287.4776,294.9836,305.6318,320.0421,338.8167,362.5418,391.8791,427.7949,331.0,347.0,357.7425,115.0115,887.5696,37.9907
1292,1292,1292.0,1292.0,1292.0,1292.0,1292.0,1292.0,1292.0,1292.0,1292.0,1292.0,1292.0,1292.0,1292.0,1292.0,1292.0,1292.0,1292.0,1292.0,1292.0,1292.0,1292.0,1292.0,1292.0,1292.0,1292.0,1292.0,1292.0,1292.0,1292.0,1292.0,1292.0,1292.0,,,,,,,,,,,,,,,,,,,,,,,,,,,,,,,,,,,,,,,,,,,0.2,322.0643,314.5134,308.1286,302.7671,298.3544,294.8717,292.3401,290.8016,290.2983,290.8524,292.4494,295.0266,298.4716,302.6328,307.3448,312.4687,317.9402,323.8186,330.3247,337.8594,471.0,473.0,472.754,117.53959999999996,772.5581000000001,37.9907
1293,1293,1293.0,1293.0,1293.0,1293.0,1293.0,1293.0,1293.0,1293.0,1293.0,1293.0,1293.0,1293.0,1293.0,1293.0,1293.0,1293.0,1293.0,1293.0,1293.0,1293.0,1293.0,1293.0,1293.0,1293.0,1293.0,1293.0,1293.0,1293.0,1293.0,1293.0,1293.0,1293.0,,,,,,,,,,,,,,,,,,,,,,,,,,,,,,,,,,,,,,,,,,,0.3,429.9983,397.1737,370.7108,349.5282,332.8971,320.2389,311.0361,304.8126,301.1534,299.7376,300.3695,302.9978,307.7197,314.7702,324.5,337.3517,353.8478,374.6145,400.4685,432.6118,472.0,473.0,590.2936,123.21249999999998,655.0185000000001,37.9907
1294,1294,1294.0,1294.0,1294.0,1294.0,1294.0,1294.0,1294.0,1294.0,1294.0,1294.0,1294.0,1294.0,1294.0,1294.0,1294.0,1294.0,1294.0,1294.0,1294.0,1294.0,1294.0,1294.0,1294.0,1294.0,1294.0,1294.0,1294.0,1294.0,1294.0,1294.0,1294.0,1294.0,,,,,,,,,,,,,,,,,,,,,,,,,,,,,,,,,,,,,,,,,,,0.4,434.5117,405.0814,381.6056,362.7588,347.6788,335.7907,326.7036,320.1482,315.9404,313.9605,314.1426,316.4716,320.9847,327.7786,337.0228,348.9824,364.0555,382.8354,406.2131,435.5516,174.0,274.0,713.5061,63.21220000000005,531.8060000000002,37.9907
1295,1295,1295.0,1295.0,1295.0,1295.0,1295.0,1295.0,1295.0,1295.0,1295.0,1295.0,1295.0,1295.0,1295.0,1295.0,1295.0,1295.0,1295.0,1295.0,1295.0,1295.0,1295.0,1295.0,1295.0,1295.0,1295.0,1295.0,1295.0,1295.0,1295.0,1295.0,1295.0,1295.0,,,,,,,,,,,,,,,,,,,,,,,,,,,,,,,,,,,,,,,,,,,0.5,203.3139,230.0108,253.0175,271.7464,286.1275,296.5309,303.6225,308.2001,311.0444,312.8051,313.9291,314.6299,314.8946,314.5225,313.1913,310.5441,306.2869,300.2834,292.6268,283.6703,471.0,473.0,776.7183,90.13160000000003,468.5938000000001,37.9907
1296,1296,1296.0,1296.0,1296.0,1296.0,1296.0,1296.0,1296.0,1296.0,1296.0,1296.0,1296.0,1296.0,1296.0,1296.0,1296.0,1296.0,1296.0,1296.0,1296.0,1296.0,1296.0,1296.0,1296.0,1296.0,1296.0,1296.0,1296.0,1296.0,1296.0,1296.0,1296.0,1296.0,,,,,,,,,,,,,,,,,,,,,,,,,,,,,,,,,,,,,,,,,,,0.6,428.1265,393.7043,366.2033,344.7399,328.6341,317.194,309.6598,305.2463,303.232,303.0509,304.3605,307.0744,311.3594,317.6015,326.3496,338.251,353.9989,374.322,400.0549,432.3356,471.0,472.0,866.8499,112.89879999999994,378.46220000000005,37.9907
1297,1297,1297.0,1297.0,1297.0,1297.0,1297.0,1297.0,1297.0,1297.0,1297.0,1297.0,1297.0,1297.0,1297.0,1297.0,1297.0,1297.0,1297.0,1297.0,1297.0,1297.0,1297.0,1297.0,1297.0,1297.0,1297.0,1297.0,1297.0,1297.0,1297.0,1297.0,1297.0,1297.0,,,,,,,,,,,,,,,,,,,,,,,,,,,,,,,,,,,,,,,,,,,0.7,433.5884,404.1906,380.7514,361.9791,347.031,335.3365,326.4944,320.2137,316.2817,314.5483,314.9212,317.3663,321.9119,328.655,337.7737,349.546,364.3839,382.8915,405.9637,434.9575,176.0,275.0,979.7487,61.39479999999992,265.5634000000001,37.9907
1298,1298,1298.0,1298.0,1298.0,1298.0,1298.0,1298.0,1298.0,1298.0,1298.0,1298.0,1298.0,1298.0,1298.0,1298.0,1298.0,1298.0,1298.0,1298.0,1298.0,1298.0,1298.0,1298.0,1298.0,1298.0,1298.0,1298.0,1298.0,1298.0,1298.0,1298.0,1298.0,1298.0,,,,,,,,,,,,,,,,,,,,,,,,,,,,,,,,,,,,,,,,,,,0.8,204.8898,231.1995,253.8763,272.3446,286.5373,296.8196,303.847,308.4042,311.2583,313.0466,314.206,314.9436,315.2437,314.9063,313.6129,311.012,306.8158,300.8936,293.3421,284.5158,473.0,471.0,1041.1435,89.02370000000019,204.1686000000002,37.9907
1299,1299,1299.0,1299.0,1299.0,1299.0,1299.0,1299.0,1299.0,1299.0,1299.0,1299.0,1299.0,1299.0,1299.0,1299.0,1299.0,1299.0,1299.0,1299.0,1299.0,1299.0,1299.0,1299.0,1299.0,1299.0,1299.0,1299.0,1299.0,1299.0,1299.0,1299.0,1299.0,1299.0,,,,,,,,,,,,,,,,,,,,,,,,,,,,,,,,,,,,,,,,,,,0.9,429.6824,394.9438,367.2051,345.5564,329.3028,317.7444,310.1161,305.6287,303.5563,303.3279,304.5944,307.2618,311.4879,317.6491,326.2847,338.0326,353.5772,373.6382,399.0382,430.8941,471.0,473.0,1130.1672,115.1449,115.1449,37.9907
1300,1300,1300.0,1300.0,1300.0,1300.0,1300.0,1300.0,1300.0,1300.0,1300.0,1300.0,1300.0,1300.0,1300.0,1300.0,1300.0,1300.0,1300.0,1300.0,1300.0,1300.0,1300.0,1300.0,1300.0,1300.0,1300.0,1300.0,1300.0,1300.0,1300.0,1300.0,1300.0,1300.0,,,,,,,,,,,,,,,,,,,,,,,,,,,,,,,,,,,,,,,,,,,0.0,273.0,273.0,273.0,273.0,273.0,273.0,273.0,273.0,273.0,273.0,273.0,273.0,273.0,273.0,273.0,273.0,273.0,273.0,273.0,273.0,356.0,470.0,0.0,358.0469,1208.2304,39.009000000000015
1301,1301,1301.0,1301.0,1301.0,1301.0,1301.0,1301.0,1301.0,1301.0,1301.0,1301.0,1301.0,1301.0,1301.0,1301.0,1301.0,1301.0,1301.0,1301.0,1301.0,1301.0,1301.0,1301.0,1301.0,1301.0,1301.0,1301.0,1301.0,1301.0,1301.0,1301.0,1301.0,1301.0,,,,,,,,,,,,,,,,,,,,,,,,,,,,,,,,,,,,,,,,,,,0.1,338.805,324.08,311.6809,301.503,293.4215,287.2692,282.8478,279.9617,278.4634,278.2997,279.5476,282.4357,287.3433,294.7771,305.3249,319.6005,338.1995,361.6999,390.7507,426.2954,330.0,418.0,358.0469,109.51100000000002,850.1834999999999,39.009000000000015
1302,1302,1302.0,1302.0,1302.0,1302.0,1302.0,1302.0,1302.0,1302.0,1302.0,1302.0,1302.0,1302.0,1302.0,1302.0,1302.0,1302.0,1302.0,1302.0,1302.0,1302.0,1302.0,1302.0,1302.0,1302.0,1302.0,1302.0,1302.0,1302.0,1302.0,1302.0,1302.0,1302.0,,,,,,,,,,,,,,,,,,,,,,,,,,,,,,,,,,,,,,,,,,,0.2,321.2768,313.9062,307.6731,302.4396,298.1383,294.7627,292.3542,290.9872,290.7541,291.7518,294.0719,297.7949,302.9906,309.7261,318.0835,328.1871,340.2422,354.5826,371.7311,392.4782,473.0,473.0,467.5579,83.04919999999993,740.6724999999999,39.009000000000015
1303,1303,1303.0,1303.0,1303.0,1303.0,1303.0,1303.0,1303.0,1303.0,1303.0,1303.0,1303.0,1303.0,1303.0,1303.0,1303.0,1303.0,1303.0,1303.0,1303.0,1303.0,1303.0,1303.0,1303.0,1303.0,1303.0,1303.0,1303.0,1303.0,1303.0,1303.0,1303.0,1303.0,,,,,,,,,,,,,,,,,,,,,,,,,,,,,,,,,,,,,,,,,,,0.3,431.5182,398.3608,371.6839,350.3998,333.7848,321.2706,312.3501,306.5543,303.4662,302.7483,304.1674,307.6091,313.0814,320.7099,330.731,343.4892,359.4502,379.2429,403.7538,434.3073,471.0,471.0,550.6071,121.0263000000001,657.6233,39.009000000000015
1304,1304,1304.0,1304.0,1304.0,1304.0,1304.0,1304.0,1304.0,1304.0,1304.0,1304.0,1304.0,1304.0,1304.0,1304.0,1304.0,1304.0,1304.0,1304.0,1304.0,1304.0,1304.0,1304.0,1304.0,1304.0,1304.0,1304.0,1304.0,1304.0,1304.0,1304.0,1304.0,1304.0,,,,,,,,,,,,,,,,,,,,,,,,,,,,,,,,,,,,,,,,,,,0.4,433.9299,404.8596,381.7125,363.1773,348.3998,336.809,328.0137,321.7406,317.7961,316.0466,316.4075,318.8427,323.3678,330.0606,339.0766,350.6745,365.2538,383.4151,406.0574,434.5442,187.0,272.0,671.6334,64.774,536.5969999999999,39.009000000000015
1305,1305,1305.0,1305.0,1305.0,1305.0,1305.0,1305.0,1305.0,1305.0,1305.0,1305.0,1305.0,1305.0,1305.0,1305.0,1305.0,1305.0,1305.0,1305.0,1305.0,1305.0,1305.0,1305.0,1305.0,1305.0,1305.0,1305.0,1305.0,1305.0,1305.0,1305.0,1305.0,1305.0,,,,,,,,,,,,,,,,,,,,,,,,,,,,,,,,,,,,,,,,,,,0.5,213.9456,238.4667,259.5782,276.7434,289.9022,299.4002,305.8559,310.0083,312.5782,314.1602,315.1547,315.7385,315.8711,315.332,313.7853,310.8648,306.2709,299.8646,291.7398,282.2535,471.0,473.0,736.4074,86.41869999999994,471.8229999999999,39.009000000000015
1306,1306,1306.0,1306.0,1306.0,1306.0,1306.0,1306.0,1306.0,1306.0,1306.0,1306.0,1306.0,1306.0,1306.0,1306.0,1306.0,1306.0,1306.0,1306.0,1306.0,1306.0,1306.0,1306.0,1306.0,1306.0,1306.0,1306.0,1306.0,1306.0,1306.0,1306.0,1306.0,1306.0,,,,,,,,,,,,,,,,,,,,,,,,,,,,,,,,,,,,,,,,,,,0.6,428.5726,394.5741,367.4407,346.2583,330.3284,318.9566,311.3945,306.878,304.7101,304.3476,305.4665,307.9934,312.1033,318.1867,326.7954,338.5778,354.2273,374.4719,400.1435,432.3762,472.0,473.0,822.8261,118.09640000000002,385.4042999999999,39.009000000000015
1307,1307,1307.0,1307.0,1307.0,1307.0,1307.0,1307.0,1307.0,1307.0,1307.0,1307.0,1307.0,1307.0,1307.0,1307.0,1307.0,1307.0,1307.0,1307.0,1307.0,1307.0,1307.0,1307.0,1307.0,1307.0,1307.0,1307.0,1307.0,1307.0,1307.0,1307.0,1307.0,1307.0,,,,,,,,,,,,,,,,,,,,,,,,,,,,,,,,,,,,,,,,,,,0.7,434.4694,405.0191,381.5673,362.8035,347.8714,336.19,327.351,321.0591,317.1002,315.3256,315.6466,318.0341,322.5227,329.2164,338.2999,350.0575,364.9076,383.4604,406.6181,435.749,181.0,275.0,940.9225,63.27239999999995,267.3078999999999,39.009000000000015
1308,1308,1308.0,1308.0,1308.0,1308.0,1308.0,1308.0,1308.0,1308.0,1308.0,1308.0,1308.0,1308.0,1308.0,1308.0,1308.0,1308.0,1308.0,1308.0,1308.0,1308.0,1308.0,1308.0,1308.0,1308.0,1308.0,1308.0,1308.0,1308.0,1308.0,1308.0,1308.0,1308.0,,,,,,,,,,,,,,,,,,,,,,,,,,,,,,,,,,,,,,,,,,,0.8,209.0394,234.565,256.5525,274.4433,288.1736,298.1009,304.8656,309.234,311.9548,313.6487,314.7395,315.4241,315.6794,315.3004,313.9647,311.3183,307.0717,301.0931,293.4794,284.5859,473.0,471.0,1004.1949,87.02330000000006,204.0355,39.009000000000015
1309,1309,1309.0,1309.0,1309.0,1309.0,1309.0,1309.0,1309.0,1309.0,1309.0,1309.0,1309.0,1309.0,1309.0,1309.0,1309.0,1309.0,1309.0,1309.0,1309.0,1309.0,1309.0,1309.0,1309.0,1309.0,1309.0,1309.0,1309.0,1309.0,1309.0,1309.0,1309.0,1309.0,,,,,,,,,,,,,,,,,,,,,,,,,,,,,,,,,,,,,,,,,,,0.9,429.8695,395.3093,367.7267,346.1989,330.0236,318.4992,310.8655,306.3417,304.2123,303.9156,305.1103,307.7074,311.8675,317.9678,326.5476,338.2439,353.7406,373.7569,399.115,430.9316,471.0,473.0,1091.2182,117.0121999999999,117.0121999999999,39.009000000000015
1310,1310,1310.0,1310.0,1310.0,1310.0,1310.0,1310.0,1310.0,1310.0,1310.0,1310.0,1310.0,1310.0,1310.0,1310.0,1310.0,1310.0,1310.0,1310.0,1310.0,1310.0,1310.0,1310.0,1310.0,1310.0,1310.0,1310.0,1310.0,1310.0,1310.0,1310.0,1310.0,1310.0,,,,,,,,,,,,,,,,,,,,,,,,,,,,,,,,,,,,,,,,,,,0.0,273.0,273.0,273.0,273.0,273.0,273.0,273.0,273.0,273.0,273.0,273.0,273.0,273.0,273.0,273.0,273.0,273.0,273.0,273.0,273.0,357.0,472.0,0.0,357.5443,1428.2309,36.2056
1311,1311,1311.0,1311.0,1311.0,1311.0,1311.0,1311.0,1311.0,1311.0,1311.0,1311.0,1311.0,1311.0,1311.0,1311.0,1311.0,1311.0,1311.0,1311.0,1311.0,1311.0,1311.0,1311.0,1311.0,1311.0,1311.0,1311.0,1311.0,1311.0,1311.0,1311.0,1311.0,1311.0,,,,,,,,,,,,,,,,,,,,,,,,,,,,,,,,,,,,,,,,,,,0.1,339.5882,324.6836,312.1363,301.8382,293.6616,287.4369,282.9631,280.0421,278.5246,278.3561,279.614,282.5285,287.4823,294.986,305.633,320.0427,338.817,362.542,391.8791,427.7949,172.0,265.0,357.5443,177.69629999999995,1070.6866,36.2056
1312,1312,1312.0,1312.0,1312.0,1312.0,1312.0,1312.0,1312.0,1312.0,1312.0,1312.0,1312.0,1312.0,1312.0,1312.0,1312.0,1312.0,1312.0,1312.0,1312.0,1312.0,1312.0,1312.0,1312.0,1312.0,1312.0,1312.0,1312.0,1312.0,1312.0,1312.0,1312.0,1312.0,,,,,,,,,,,,,,,,,,,,,,,,,,,,,,,,,,,,,,,,,,,0.2,194.5537,215.029,232.7737,247.4411,259.0195,267.7925,274.2494,278.9754,282.5441,285.4287,287.9408,290.1994,292.1298,293.4918,293.9367,293.0865,290.6269,286.399,280.4691,273.1556,388.0,473.0,535.2406,261.8555,892.9903,36.2056
1313,1313,1313.0,1313.0,1313.0,1313.0,1313.0,1313.0,1313.0,1313.0,1313.0,1313.0,1313.0,1313.0,1313.0,1313.0,1313.0,1313.0,1313.0,1313.0,1313.0,1313.0,1313.0,1313.0,1313.0,1313.0,1313.0,1313.0,1313.0,1313.0,1313.0,1313.0,1313.0,1313.0,,,,,,,,,,,,,,,,,,,,,,,,,,,,,,,,,,,,,,,,,,,0.3,361.8118,339.6619,321.4216,307.022,296.2993,288.9335,284.4687,282.3862,282.1991,283.5404,286.2283,290.2986,296.0054,303.7908,314.2324,327.9805,345.7065,368.0969,395.931,430.2949,324.0,364.0,797.0961,72.92050000000006,631.1348,36.2056
1314,1314,1314.0,1314.0,1314.0,1314.0,1314.0,1314.0,1314.0,1314.0,1314.0,1314.0,1314.0,1314.0,1314.0,1314.0,1314.0,1314.0,1314.0,1314.0,1314.0,1314.0,1314.0,1314.0,1314.0,1314.0,1314.0,1314.0,1314.0,1314.0,1314.0,1314.0,1314.0,1314.0,,,,,,,,,,,,,,,,,,,,,,,,,,,,,,,,,,,,,,,,,,,0.4,317.3182,311.7462,307.0441,303.0625,299.7425,297.1031,295.2174,294.1832,294.0939,295.0136,296.961,299.9023,303.7559,308.4092,313.7475,319.6939,326.255,333.5673,341.9335,351.8468,472.0,472.0,870.0166,95.00939999999991,558.2143,36.2056
1315,1315,1315.0,1315.0,1315.0,1315.0,1315.0,1315.0,1315.0,1315.0,1315.0,1315.0,1315.0,1315.0,1315.0,1315.0,1315.0,1315.0,1315.0,1315.0,1315.0,1315.0,1315.0,1315.0,1315.0,1315.0,1315.0,1315.0,1315.0,1315.0,1315.0,1315.0,1315.0,1315.0,,,,,,,,,,,,,,,,,,,,,,,,,,,,,,,,,,,,,,,,,,,0.5,430.8979,398.0598,371.6626,350.6202,334.1971,321.8038,312.9073,307.0132,303.6863,302.5844,303.4885,306.322,311.1544,318.1916,327.758,340.277,356.2653,376.3591,401.4003,432.622,473.0,473.0,965.026,125.8746,463.20490000000007,36.2056
1316,1316,1316.0,1316.0,1316.0,1316.0,1316.0,1316.0,1316.0,1316.0,1316.0,1316.0,1316.0,1316.0,1316.0,1316.0,1316.0,1316.0,1316.0,1316.0,1316.0,1316.0,1316.0,1316.0,1316.0,1316.0,1316.0,1316.0,1316.0,1316.0,1316.0,1316.0,1316.0,1316.0,,,,,,,,,,,,,,,,,,,,,,,,,,,,,,,,,,,,,,,,,,,0.6,435.4189,405.9696,382.528,363.7543,348.7752,337.0056,328.0438,321.6099,317.5086,315.6093,315.8365,318.1674,322.634,329.3316,338.4317,350.2051,365.0589,383.597,406.7212,435.8041,187.0,273.0,1090.9006,65.76279999999997,337.3303000000001,36.2056
1317,1317,1317.0,1317.0,1317.0,1317.0,1317.0,1317.0,1317.0,1317.0,1317.0,1317.0,1317.0,1317.0,1317.0,1317.0,1317.0,1317.0,1317.0,1317.0,1317.0,1317.0,1317.0,1317.0,1317.0,1317.0,1317.0,1317.0,1317.0,1317.0,1317.0,1317.0,1317.0,1317.0,,,,,,,,,,,,,,,,,,,,,,,,,,,,,,,,,,,,,,,,,,,0.7,213.9832,238.5342,259.6626,276.8284,289.9713,299.4391,305.8545,309.9621,312.4887,314.0351,315.0074,315.5875,315.7386,315.2433,313.7676,310.9464,306.4807,300.2314,292.2917,283.0173,473.0,471.0,1156.6634,86.88120000000004,271.5675000000001,36.2056
1318,1318,1318.0,1318.0,1318.0,1318.0,1318.0,1318.0,1318.0,1318.0,1318.0,1318.0,1318.0,1318.0,1318.0,1318.0,1318.0,1318.0,1318.0,1318.0,1318.0,1318.0,1318.0,1318.0,1318.0,1318.0,1318.0,1318.0,1318.0,1318.0,1318.0,1318.0,1318.0,1318.0,,,,,,,,,,,,,,,,,,,,,,,,,,,,,,,,,,,,,,,,,,,0.8,430.0711,395.7009,368.2802,346.8712,330.7624,319.2511,311.5825,306.9863,304.7593,304.352,305.4332,307.9222,311.9855,318.0052,326.5235,338.1796,353.6577,373.6754,399.0514,430.8972,473.0,472.0,1243.5446,120.10640000000012,184.68630000000007,36.2056
1319,1319,1319.0,1319.0,1319.0,1319.0,1319.0,1319.0,1319.0,1319.0,1319.0,1319.0,1319.0,1319.0,1319.0,1319.0,1319.0,1319.0,1319.0,1319.0,1319.0,1319.0,1319.0,1319.0,1319.0,1319.0,1319.0,1319.0,1319.0,1319.0,1319.0,1319.0,1319.0,1319.0,,,,,,,,,,,,,,,,,,,,,,,,,,,,,,,,,,,,,,,,,,,0.9,435.2529,405.6507,382.0853,363.2309,348.2213,336.4702,327.5657,321.2111,317.1912,315.3567,315.6184,317.9467,322.3754,329.0077,338.027,349.7156,364.4883,382.9494,405.9918,434.9682,183.0,273.0,1363.651,64.57989999999995,64.57989999999995,36.2056
1320,1320,1320.0,1320.0,1320.0,1320.0,1320.0,1320.0,1320.0,1320.0,1320.0,1320.0,1320.0,1320.0,1320.0,1320.0,1320.0,1320.0,1320.0,1320.0,1320.0,1320.0,1320.0,1320.0,1320.0,1320.0,1320.0,1320.0,1320.0,1320.0,1320.0,1320.0,1320.0,,,,,,,,,,,,,,,,,,,,,,,,,,,,,,,,,,,,,,,,,,,,0.0,273.0,273.0,273.0,273.0,273.0,273.0,273.0,273.0,273.0,273.0,273.0,273.0,273.0,273.0,273.0,273.0,273.0,273.0,273.0,273.0,331.0,472.0,0.0,363.5646,841.1936,1.3786000000000058
1321,1321,1321.0,1321.0,1321.0,1321.0,1321.0,1321.0,1321.0,1321.0,1321.0,1321.0,1321.0,1321.0,1321.0,1321.0,1321.0,1321.0,1321.0,1321.0,1321.0,1321.0,1321.0,1321.0,1321.0,1321.0,1321.0,1321.0,1321.0,1321.0,1321.0,1321.0,1321.0,,,,,,,,,,,,,,,,,,,,,,,,,,,,,,,,,,,,,,,,,,,,0.1,319.146,308.8953,300.2151,293.0724,287.404,283.1101,280.0704,278.1744,277.3609,277.6568,279.2088,282.3021,287.3603,294.9227,305.6013,320.0274,338.8098,362.5387,391.8777,427.7944,349.0,397.0,363.5646,119.6295,477.629,1.3786000000000058
1322,1322,1322.0,1322.0,1322.0,1322.0,1322.0,1322.0,1322.0,1322.0,1322.0,1322.0,1322.0,1322.0,1322.0,1322.0,1322.0,1322.0,1322.0,1322.0,1322.0,1322.0,1322.0,1322.0,1322.0,1322.0,1322.0,1322.0,1322.0,1322.0,1322.0,1322.0,1322.0,,,,,,,,,,,,,,,,,,,,,,,,,,,,,,,,,,,,,,,,,,,,0.2,335.4064,323.8954,314.2449,306.3091,299.9873,295.2048,291.9029,290.0356,289.5674,290.471,292.7228,296.2997,301.177,307.3342,314.77,323.5287,333.7364,345.6447,359.6775,376.4829,299.0,305.0,483.1941,80.35250000000002,357.99949999999995,1.3786000000000058
1323,1323,1323.0,1323.0,1323.0,1323.0,1323.0,1323.0,1323.0,1323.0,1323.0,1323.0,1323.0,1323.0,1323.0,1323.0,1323.0,1323.0,1323.0,1323.0,1323.0,1323.0,1323.0,1323.0,1323.0,1323.0,1323.0,1323.0,1323.0,1323.0,1323.0,1323.0,1323.0,,,,,,,,,,,,,,,,,,,,,,,,,,,,,,,,,,,,,,,,,,,,0.3,297.6088,296.6312,295.8883,295.2677,294.7302,294.3026,294.0573,294.0857,294.4687,295.2517,296.426,297.9205,299.6043,301.3025,302.8231,303.9953,304.7122,304.9719,304.9052,304.7835,307.0,472.0,563.5466,115.21119999999996,277.64699999999993,1.3786000000000058
1324,1324,1324.0,1324.0,1324.0,1324.0,1324.0,1324.0,1324.0,1324.0,1324.0,1324.0,1324.0,1324.0,1324.0,1324.0,1324.0,1324.0,1324.0,1324.0,1324.0,1324.0,1324.0,1324.0,1324.0,1324.0,1324.0,1324.0,1324.0,1324.0,1324.0,1324.0,1324.0,,,,,,,,,,,,,,,,,,,,,,,,,,,,,,,,,,,,,,,,,,,,0.4,303.0349,299.83,297.2969,295.3639,293.9725,293.0804,292.6667,292.7428,293.3665,294.6592,296.8225,300.152,305.0424,311.9794,321.5197,334.2628,350.8326,371.8936,398.2387,430.9924,325.0,471.0,678.7578,50.03769999999997,162.43579999999997,1.3786000000000058
1325,1325,1325.0,1325.0,1325.0,1325.0,1325.0,1325.0,1325.0,1325.0,1325.0,1325.0,1325.0,1325.0,1325.0,1325.0,1325.0,1325.0,1325.0,1325.0,1325.0,1325.0,1325.0,1325.0,1325.0,1325.0,1325.0,1325.0,1325.0,1325.0,1325.0,1325.0,1325.0,,,,,,,,,,,,,,,,,,,,,,,,,,,,,,,,,,,,,,,,,,,,0.5,317.3348,310.9868,305.8553,301.8686,298.9721,297.125,296.3024,296.5016,297.749,300.106,303.6729,308.5905,315.0422,323.2576,333.5222,346.1968,361.7534,380.8365,404.3655,433.71,333.0,473.0,728.7955,28.09750000000008,112.3981,1.3786000000000058
1326,1326,1326.0,1326.0,1326.0,1326.0,1326.0,1326.0,1326.0,1326.0,1326.0,1326.0,1326.0,1326.0,1326.0,1326.0,1326.0,1326.0,1326.0,1326.0,1326.0,1326.0,1326.0,1326.0,1326.0,1326.0,1326.0,1326.0,1326.0,1326.0,1326.0,1326.0,1326.0,,,,,,,,,,,,,,,,,,,,,,,,,,,,,,,,,,,,,,,,,,,,0.6,324.4293,317.3988,311.7524,307.3808,304.2072,302.1786,301.2624,301.4468,302.7424,305.186,308.8445,313.8204,320.2586,328.3566,338.3804,350.6886,365.7704,384.3069,407.2711,436.0994,322.0,473.0,756.893,22.258199999999988,84.30059999999992,1.3786000000000058
1327,1327,1327.0,1327.0,1327.0,1327.0,1327.0,1327.0,1327.0,1327.0,1327.0,1327.0,1327.0,1327.0,1327.0,1327.0,1327.0,1327.0,1327.0,1327.0,1327.0,1327.0,1327.0,1327.0,1327.0,1327.0,1327.0,1327.0,1327.0,1327.0,1327.0,1327.0,1327.0,,,,,,,,,,,,,,,,,,,,,,,,,,,,,,,,,,,,,,,,,,,,0.7,316.4379,312.0261,308.6075,306.074,304.3613,303.4446,303.3324,304.0609,305.6899,308.3001,311.9942,316.9017,323.186,331.0579,340.7936,352.761,367.4605,385.5858,408.1237,436.5232,315.0,471.0,779.1512,20.66739999999993,62.04239999999993,1.3786000000000058
1328,1328,1328.0,1328.0,1328.0,1328.0,1328.0,1328.0,1328.0,1328.0,1328.0,1328.0,1328.0,1328.0,1328.0,1328.0,1328.0,1328.0,1328.0,1328.0,1328.0,1328.0,1328.0,1328.0,1328.0,1328.0,1328.0,1328.0,1328.0,1328.0,1328.0,1328.0,1328.0,,,,,,,,,,,,,,,,,,,,,,,,,,,,,,,,,,,,,,,,,,,,0.8,310.8969,307.7516,305.4389,303.8711,302.9969,302.7979,303.2859,304.4984,306.497,309.3652,313.2105,318.168,324.4083,332.1491,341.6734,353.3552,367.699,385.3994,407.438,435.2465,312.0,472.0,799.8186,20.64500000000009,41.375,1.3786000000000058
1329,1329,1329.0,1329.0,1329.0,1329.0,1329.0,1329.0,1329.0,1329.0,1329.0,1329.0,1329.0,1329.0,1329.0,1329.0,1329.0,1329.0,1329.0,1329.0,1329.0,1329.0,1329.0,1329.0,1329.0,1329.0,1329.0,1329.0,1329.0,1329.0,1329.0,1329.0,1329.0,,,,,,,,,,,,,,,,,,,,,,,,,,,,,,,,,,,,,,,,,,,,0.9,308.3682,305.6273,303.6751,302.4398,301.8785,301.9743,302.7355,304.194,306.4048,309.4467,313.4254,318.4779,324.7802,332.5589,342.1079,353.8135,368.1923,385.9508,408.0827,436.0336,312.0,472.0,820.4636,20.729999999999905,20.729999999999905,1.3786000000000058
1330,1330,1330.0,1330.0,1330.0,1330.0,1330.0,1330.0,1330.0,1330.0,1330.0,1330.0,1330.0,1330.0,1330.0,1330.0,1330.0,1330.0,1330.0,1330.0,1330.0,1330.0,1330.0,1330.0,1330.0,1330.0,1330.0,1330.0,1330.0,1330.0,1330.0,1330.0,1330.0,,,,,,,,,,,,,,,,,,,,,,,,,,,,,,,,,,,,,,,,,,,,0.0,273.0,273.0,273.0,273.0,273.0,273.0,273.0,273.0,273.0,273.0,273.0,273.0,273.0,273.0,273.0,273.0,273.0,273.0,273.0,273.0,331.0,473.0,0.0,363.4147,713.9489,5.833699999999965
1331,1331,1331.0,1331.0,1331.0,1331.0,1331.0,1331.0,1331.0,1331.0,1331.0,1331.0,1331.0,1331.0,1331.0,1331.0,1331.0,1331.0,1331.0,1331.0,1331.0,1331.0,1331.0,1331.0,1331.0,1331.0,1331.0,1331.0,1331.0,1331.0,1331.0,1331.0,1331.0,,,,,,,,,,,,,,,,,,,,,,,,,,,,,,,,,,,,,,,,,,,,0.1,319.146,308.8954,300.2152,293.0727,287.4045,283.1113,280.0728,278.1789,277.3693,277.6716,279.2342,282.3442,287.4274,295.0258,305.7546,320.248,339.1181,362.9592,392.4413,428.5437,347.0,395.0,363.4147,119.2529,350.5342,5.833699999999965
1332,1332,1332.0,1332.0,1332.0,1332.0,1332.0,1332.0,1332.0,1332.0,1332.0,1332.0,1332.0,1332.0,1332.0,1332.0,1332.0,1332.0,1332.0,1332.0,1332.0,1332.0,1332.0,1332.0,1332.0,1332.0,1332.0,1332.0,1332.0,1332.0,1332.0,1332.0,1332.0,,,,,,,,,,,,,,,,,,,,,,,,,,,,,,,,,,,,,,,,,,,,0.2,333.8405,322.6917,313.3411,305.6494,299.5216,294.8888,291.6988,289.9119,289.4981,290.4342,292.6987,296.268,301.1143,307.2119,314.5526,323.1727,333.1906,344.8498,358.5658,374.9756,328.0,471.0,482.6676,70.02920000000006,231.2813,5.833699999999965
1333,1333,1333.0,1333.0,1333.0,1333.0,1333.0,1333.0,1333.0,1333.0,1333.0,1333.0,1333.0,1333.0,1333.0,1333.0,1333.0,1333.0,1333.0,1333.0,1333.0,1333.0,1333.0,1333.0,1333.0,1333.0,1333.0,1333.0,1333.0,1333.0,1333.0,1333.0,1333.0,,,,,,,,,,,,,,,,,,,,,,,,,,,,,,,,,,,,,,,,,,,,0.3,320.4641,314.2252,309.0762,304.8751,301.5393,299.0388,297.3873,296.6355,296.8663,298.1944,300.7701,304.786,310.4838,318.1602,328.1708,340.9371,356.9646,376.8875,401.5653,432.2653,341.0,472.0,552.6968,33.47279999999989,161.25209999999993,5.833699999999965
1334,1334,1334.0,1334.0,1334.0,1334.0,1334.0,1334.0,1334.0,1334.0,1334.0,1334.0,1334.0,1334.0,1334.0,1334.0,1334.0,1334.0,1334.0,1334.0,1334.0,1334.0,1334.0,1334.0,1334.0,1334.0,1334.0,1334.0,1334.0,1334.0,1334.0,1334.0,1334.0,,,,,,,,,,,,,,,,,,,,,,,,,,,,,,,,,,,,,,,,,,,,0.4,330.8778,322.5406,315.7777,310.4391,306.4167,303.6337,302.041,301.617,302.3695,304.3384,307.5981,312.2606,318.4793,326.4569,336.4584,348.8339,364.0561,382.7818,405.9532,434.9704,321.0,473.0,586.1696,23.29500000000008,127.77930000000003,5.833699999999965
1335,1335,1335.0,1335.0,1335.0,1335.0,1335.0,1335.0,1335.0,1335.0,1335.0,1335.0,1335.0,1335.0,1335.0,1335.0,1335.0,1335.0,1335.0,1335.0,1335.0,1335.0,1335.0,1335.0,1335.0,1335.0,1335.0,1335.0,1335.0,1335.0,1335.0,1335.0,1335.0,,,,,,,,,,,,,,,,,,,,,,,,,,,,,,,,,,,,,,,,,,,,0.5,315.8874,311.863,308.7458,306.412,304.7935,303.8729,303.6757,304.2613,305.7145,308.1405,311.6631,316.4279,322.6096,330.4252,340.1524,352.157,366.9335,385.1673,407.8355,436.3773,316.0,471.0,609.4646,20.84270000000004,104.48429999999996,5.833699999999965
1336,1336,1336.0,1336.0,1336.0,1336.0,1336.0,1336.0,1336.0,1336.0,1336.0,1336.0,1336.0,1336.0,1336.0,1336.0,1336.0,1336.0,1336.0,1336.0,1336.0,1336.0,1336.0,1336.0,1336.0,1336.0,1336.0,1336.0,1336.0,1336.0,1336.0,1336.0,1336.0,,,,,,,,,,,,,,,,,,,,,,,,,,,,,,,,,,,,,,,,,,,,0.6,311.7031,308.3927,305.9396,304.2531,303.2779,302.9921,303.4037,304.5482,306.4853,309.2989,313.0973,318.0172,324.231,331.9579,341.4814,353.1751,367.5422,385.275,407.3524,435.2032,311.0,473.0,630.3073,20.81369999999993,83.64159999999993,5.833699999999965
1337,1337,1337.0,1337.0,1337.0,1337.0,1337.0,1337.0,1337.0,1337.0,1337.0,1337.0,1337.0,1337.0,1337.0,1337.0,1337.0,1337.0,1337.0,1337.0,1337.0,1337.0,1337.0,1337.0,1337.0,1337.0,1337.0,1337.0,1337.0,1337.0,1337.0,1337.0,1337.0,,,,,,,,,,,,,,,,,,,,,,,,,,,,,,,,,,,,,,,,,,,,0.7,307.6095,305.0764,303.2963,302.1966,301.7352,301.899,302.7013,304.1804,306.3982,309.4401,313.4181,318.4745,324.7903,332.5964,342.1906,353.9628,368.4335,386.3138,408.6035,436.7598,311.0,473.0,651.121,20.930799999999977,62.8279,5.833699999999965
1338,1338,1338.0,1338.0,1338.0,1338.0,1338.0,1338.0,1338.0,1338.0,1338.0,1338.0,1338.0,1338.0,1338.0,1338.0,1338.0,1338.0,1338.0,1338.0,1338.0,1338.0,1338.0,1338.0,1338.0,1338.0,1338.0,1338.0,1338.0,1338.0,1338.0,1338.0,1338.0,,,,,,,,,,,,,,,,,,,,,,,,,,,,,,,,,,,,,,,,,,,,0.8,307.4324,304.7417,302.8402,301.6663,301.1822,301.3719,302.2407,303.8154,306.1453,309.3042,313.3933,318.5474,324.9414,332.8027,342.427,354.2043,368.6565,386.4982,408.7341,436.827,311.0,472.0,672.0518,20.825900000000047,41.89710000000002,5.833699999999965
1339,1339,1339.0,1339.0,1339.0,1339.0,1339.0,1339.0,1339.0,1339.0,1339.0,1339.0,1339.0,1339.0,1339.0,1339.0,1339.0,1339.0,1339.0,1339.0,1339.0,1339.0,1339.0,1339.0,1339.0,1339.0,1339.0,1339.0,1339.0,1339.0,1339.0,1339.0,1339.0,,,,,,,,,,,,,,,,,,,,,,,,,,,,,,,,,,,,,,,,,,,,0.9,307.3845,304.6495,302.7107,301.5092,301.0087,301.1937,302.069,303.6593,306.0111,309.1941,313.3058,318.4757,324.8744,332.7242,342.3169,354.0382,368.4062,386.1311,408.2118,436.1005,311.0,473.0,692.8777,21.071199999999976,21.071199999999976,5.833699999999965
1340,1340,1340.0,1340.0,1340.0,1340.0,1340.0,1340.0,1340.0,1340.0,1340.0,1340.0,1340.0,1340.0,1340.0,1340.0,1340.0,1340.0,1340.0,1340.0,1340.0,1340.0,1340.0,1340.0,1340.0,1340.0,1340.0,1340.0,1340.0,1340.0,1340.0,1340.0,1340.0,,,,,,,,,,,,,,,,,,,,,,,,,,,,,,,,,,,,,,,,,,,,0.0,273.0,273.0,273.0,273.0,273.0,273.0,273.0,273.0,273.0,273.0,273.0,273.0,273.0,273.0,273.0,273.0,273.0,273.0,273.0,273.0,331.0,471.0,0.0,363.7163,713.5598,6.260799999999961
1341,1341,1341.0,1341.0,1341.0,1341.0,1341.0,1341.0,1341.0,1341.0,1341.0,1341.0,1341.0,1341.0,1341.0,1341.0,1341.0,1341.0,1341.0,1341.0,1341.0,1341.0,1341.0,1341.0,1341.0,1341.0,1341.0,1341.0,1341.0,1341.0,1341.0,1341.0,1341.0,,,,,,,,,,,,,,,,,,,,,,,,,,,,,,,,,,,,,,,,,,,,0.1,319.146,308.8953,300.215,293.0721,287.4034,283.1089,280.068,278.1699,277.3526,277.642,279.1833,282.26,287.2932,294.8195,305.4479,319.8067,338.5013,362.1179,391.3137,427.0448,348.0,397.0,363.7163,120.3917,349.8435,6.260799999999961
1342,1342,1342.0,1342.0,1342.0,1342.0,1342.0,1342.0,1342.0,1342.0,1342.0,1342.0,1342.0,1342.0,1342.0,1342.0,1342.0,1342.0,1342.0,1342.0,1342.0,1342.0,1342.0,1342.0,1342.0,1342.0,1342.0,1342.0,1342.0,1342.0,1342.0,1342.0,1342.0,,,,,,,,,,,,,,,,,,,,,,,,,,,,,,,,,,,,,,,,,,,,0.2,334.6222,323.2907,313.7879,305.9711,299.7422,295.0289,291.7759,289.9403,289.49,290.4008,292.6524,296.2245,301.0952,307.2464,314.6792,323.4395,333.6547,345.5766,359.6286,376.4575,330.0,472.0,484.108,69.45070000000004,229.4518,6.260799999999961
1343,1343,1343.0,1343.0,1343.0,1343.0,1343.0,1343.0,1343.0,1343.0,1343.0,1343.0,1343.0,1343.0,1343.0,1343.0,1343.0,1343.0,1343.0,1343.0,1343.0,1343.0,1343.0,1343.0,1343.0,1343.0,1343.0,1343.0,1343.0,1343.0,1343.0,1343.0,1343.0,,,,,,,,,,,,,,,,,,,,,,,,,,,,,,,,,,,,,,,,,,,,0.3,322.0657,315.4914,310.062,305.6299,302.1077,299.4606,297.6981,296.8663,297.0442,298.343,300.9099,304.935,310.6577,318.3729,328.4349,341.2649,357.3695,377.3867,402.1838,433.0424,342.0,471.0,553.5587,32.83349999999996,160.00109999999995,6.260799999999961
1344,1344,1344.0,1344.0,1344.0,1344.0,1344.0,1344.0,1344.0,1344.0,1344.0,1344.0,1344.0,1344.0,1344.0,1344.0,1344.0,1344.0,1344.0,1344.0,1344.0,1344.0,1344.0,1344.0,1344.0,1344.0,1344.0,1344.0,1344.0,1344.0,1344.0,1344.0,1344.0,,,,,,,,,,,,,,,,,,,,,,,,,,,,,,,,,,,,,,,,,,,,0.4,331.7336,323.2813,316.4232,311.003,306.9084,304.0608,302.4102,301.9349,302.6424,304.5718,307.7958,312.4231,318.6032,326.5337,336.4739,348.7682,363.8839,382.4721,405.4685,434.2623,320.0,473.0,586.3922,23.284599999999955,127.1676,6.260799999999961
1345,1345,1345.0,1345.0,1345.0,1345.0,1345.0,1345.0,1345.0,1345.0,1345.0,1345.0,1345.0,1345.0,1345.0,1345.0,1345.0,1345.0,1345.0,1345.0,1345.0,1345.0,1345.0,1345.0,1345.0,1345.0,1345.0,1345.0,1345.0,1345.0,1345.0,1345.0,1345.0,,,,,,,,,,,,,,,,,,,,,,,,,,,,,,,,,,,,,,,,,,,,0.5,315.1563,311.365,308.4431,306.2659,304.7658,303.9283,303.7833,304.3955,305.8554,308.2737,311.7789,316.5207,322.6774,330.4687,340.1747,352.1628,366.9284,385.1572,407.8257,436.3714,316.0,471.0,609.6768,20.82920000000001,103.88300000000004,6.260799999999961
1346,1346,1346.0,1346.0,1346.0,1346.0,1346.0,1346.0,1346.0,1346.0,1346.0,1346.0,1346.0,1346.0,1346.0,1346.0,1346.0,1346.0,1346.0,1346.0,1346.0,1346.0,1346.0,1346.0,1346.0,1346.0,1346.0,1346.0,1346.0,1346.0,1346.0,1346.0,1346.0,,,,,,,,,,,,,,,,,,,,,,,,,,,,,,,,,,,,,,,,,,,,0.6,311.6933,308.3751,305.9179,304.2317,303.2614,302.9839,303.406,304.5611,306.5076,309.3282,313.1306,318.0516,324.264,331.9875,341.5065,353.1953,367.5574,385.2857,407.3591,435.2064,313.0,471.0,630.506,20.4801,83.05380000000002,6.260799999999961
1347,1347,1347.0,1347.0,1347.0,1347.0,1347.0,1347.0,1347.0,1347.0,1347.0,1347.0,1347.0,1347.0,1347.0,1347.0,1347.0,1347.0,1347.0,1347.0,1347.0,1347.0,1347.0,1347.0,1347.0,1347.0,1347.0,1347.0,1347.0,1347.0,1347.0,1347.0,1347.0,,,,,,,,,,,,,,,,,,,,,,,,,,,,,,,,,,,,,,,,,,,,0.7,309.1897,306.2968,304.2148,302.8686,302.2124,302.2272,302.9193,304.3186,306.4785,309.476,313.4147,318.4291,324.6926,332.4282,341.926,353.5679,367.8655,385.5193,407.5142,435.2832,309.0,473.0,650.9861,20.832300000000032,62.57370000000003,6.260799999999961
1348,1348,1348.0,1348.0,1348.0,1348.0,1348.0,1348.0,1348.0,1348.0,1348.0,1348.0,1348.0,1348.0,1348.0,1348.0,1348.0,1348.0,1348.0,1348.0,1348.0,1348.0,1348.0,1348.0,1348.0,1348.0,1348.0,1348.0,1348.0,1348.0,1348.0,1348.0,1348.0,,,,,,,,,,,,,,,,,,,,,,,,,,,,,,,,,,,,,,,,,,,,0.8,305.913,303.6371,302.0806,301.1807,300.9016,301.2333,302.1904,303.8102,306.1529,309.3025,313.3691,318.4945,324.8598,332.6967,342.3051,354.0772,368.5363,386.3966,408.6609,436.7889,313.0,473.0,671.8184,21.12729999999999,41.7414,6.260799999999961
1349,1349,1349.0,1349.0,1349.0,1349.0,1349.0,1349.0,1349.0,1349.0,1349.0,1349.0,1349.0,1349.0,1349.0,1349.0,1349.0,1349.0,1349.0,1349.0,1349.0,1349.0,1349.0,1349.0,1349.0,1349.0,1349.0,1349.0,1349.0,1349.0,1349.0,1349.0,1349.0,,,,,,,,,,,,,,,,,,,,,,,,,,,,,,,,,,,,,,,,,,,,0.9,308.9192,305.7837,303.511,302.0423,301.3382,301.3764,302.1525,303.6813,305.9994,309.1688,313.2811,318.4632,324.8849,332.77,342.4128,354.2027,368.6621,386.5062,408.7412,436.8311,312.0,471.0,692.9457,20.614100000000008,20.614100000000008,6.260799999999961
1350,1350,1350.0,1350.0,1350.0,1350.0,1350.0,1350.0,1350.0,1350.0,1350.0,1350.0,1350.0,1350.0,1350.0,1350.0,1350.0,1350.0,1350.0,1350.0,1350.0,1350.0,1350.0,1350.0,1350.0,1350.0,1350.0,1350.0,1350.0,1350.0,1350.0,1350.0,1350.0,,,,,,,,,,,,,,,,,,,,,,,,,,,,,,,,,,,,,,,,,,,,0.0,273.0,273.0,273.0,273.0,273.0,273.0,273.0,273.0,273.0,273.0,273.0,273.0,273.0,273.0,273.0,273.0,273.0,273.0,273.0,273.0,331.0,473.0,0.0,363.4147,858.7008,5.739399999999989
1351,1351,1351.0,1351.0,1351.0,1351.0,1351.0,1351.0,1351.0,1351.0,1351.0,1351.0,1351.0,1351.0,1351.0,1351.0,1351.0,1351.0,1351.0,1351.0,1351.0,1351.0,1351.0,1351.0,1351.0,1351.0,1351.0,1351.0,1351.0,1351.0,1351.0,1351.0,1351.0,,,,,,,,,,,,,,,,,,,,,,,,,,,,,,,,,,,,,,,,,,,,0.1,319.146,308.8954,300.2152,293.0727,287.4045,283.1113,280.0728,278.1789,277.3693,277.6716,279.2342,282.3442,287.4274,295.0258,305.7546,320.248,339.1181,362.9592,392.4413,428.5437,350.0,394.0,363.4147,119.10810000000004,495.2861,5.739399999999989
1352,1352,1352.0,1352.0,1352.0,1352.0,1352.0,1352.0,1352.0,1352.0,1352.0,1352.0,1352.0,1352.0,1352.0,1352.0,1352.0,1352.0,1352.0,1352.0,1352.0,1352.0,1352.0,1352.0,1352.0,1352.0,1352.0,1352.0,1352.0,1352.0,1352.0,1352.0,1352.0,,,,,,,,,,,,,,,,,,,,,,,,,,,,,,,,,,,,,,,,,,,,0.2,336.1903,324.4997,314.7012,306.6461,300.2307,295.3771,292.023,290.1179,289.621,290.4985,292.7196,296.2526,301.0625,307.1174,314.4036,322.9525,332.8777,344.4185,357.9854,374.2089,329.0,472.0,482.5228,69.9744,376.178,5.739399999999989
1353,1353,1353.0,1353.0,1353.0,1353.0,1353.0,1353.0,1353.0,1353.0,1353.0,1353.0,1353.0,1353.0,1353.0,1353.0,1353.0,1353.0,1353.0,1353.0,1353.0,1353.0,1353.0,1353.0,1353.0,1353.0,1353.0,1353.0,1353.0,1353.0,1353.0,1353.0,1353.0,,,,,,,,,,,,,,,,,,,,,,,,,,,,,,,,,,,,,,,,,,,,0.3,321.3426,315.006,309.7723,305.4921,302.0788,299.5004,297.7715,296.9448,297.1057,298.3719,300.8967,304.8758,310.5541,318.2316,328.2675,341.087,357.1988,377.2411,402.0783,432.9873,339.0,473.0,552.4972,33.12049999999999,306.20359999999994,5.739399999999989
1354,1354,1354.0,1354.0,1354.0,1354.0,1354.0,1354.0,1354.0,1354.0,1354.0,1354.0,1354.0,1354.0,1354.0,1354.0,1354.0,1354.0,1354.0,1354.0,1354.0,1354.0,1354.0,1354.0,1354.0,1354.0,1354.0,1354.0,1354.0,1354.0,1354.0,1354.0,1354.0,,,,,,,,,,,,,,,,,,,,,,,,,,,,,,,,,,,,,,,,,,,,0.4,329.369,321.4488,315.0325,309.9726,306.165,303.5394,302.0552,301.7008,302.4944,304.4861,307.7592,312.4329,318.6668,326.668,336.7053,349.1322,364.4251,383.2456,406.5436,435.7319,251.0,307.0,585.6177,16.067299999999932,273.08309999999994,5.739399999999989
1355,1355,1355.0,1355.0,1355.0,1355.0,1355.0,1355.0,1355.0,1355.0,1355.0,1355.0,1355.0,1355.0,1355.0,1355.0,1355.0,1355.0,1355.0,1355.0,1355.0,1355.0,1355.0,1355.0,1355.0,1355.0,1355.0,1355.0,1355.0,1355.0,1355.0,1355.0,1355.0,,,,,,,,,,,,,,,,,,,,,,,,,,,,,,,,,,,,,,,,,,,,0.5,260.1751,268.6166,276.0806,282.4422,287.7107,292.0157,295.5706,298.6241,301.4094,304.1008,306.782,309.4303,311.9185,314.0364,315.5313,316.1662,315.7865,314.3862,312.1554,309.4969,293.0,473.0,601.685,78.97760000000005,257.0158,5.739399999999989
1356,1356,1356.0,1356.0,1356.0,1356.0,1356.0,1356.0,1356.0,1356.0,1356.0,1356.0,1356.0,1356.0,1356.0,1356.0,1356.0,1356.0,1356.0,1356.0,1356.0,1356.0,1356.0,1356.0,1356.0,1356.0,1356.0,1356.0,1356.0,1356.0,1356.0,1356.0,1356.0,,,,,,,,,,,,,,,,,,,,,,,,,,,,,,,,,,,,,,,,,,,,0.6,291.0275,289.5919,288.7431,288.4999,288.8434,289.7232,291.0749,292.8462,295.0253,297.6692,300.9278,305.0606,310.4423,317.5554,326.9692,339.3128,355.2564,375.526,400.9865,432.839,319.0,336.0,680.6626,41.22580000000005,178.03819999999996,5.739399999999989
1357,1357,1357.0,1357.0,1357.0,1357.0,1357.0,1357.0,1357.0,1357.0,1357.0,1357.0,1357.0,1357.0,1357.0,1357.0,1357.0,1357.0,1357.0,1357.0,1357.0,1357.0,1357.0,1357.0,1357.0,1357.0,1357.0,1357.0,1357.0,1357.0,1357.0,1357.0,1357.0,,,,,,,,,,,,,,,,,,,,,,,,,,,,,,,,,,,,,,,,,,,,0.7,312.1112,306.4185,301.8904,298.5008,296.2131,294.974,294.7146,295.3533,296.7984,298.9476,301.6825,304.8639,308.3293,311.901,315.4072,318.7172,321.7866,324.7041,327.7258,331.2895,289.0,472.0,721.8884,69.5483999999999,136.8123999999999,5.739399999999989
1358,1358,1358.0,1358.0,1358.0,1358.0,1358.0,1358.0,1358.0,1358.0,1358.0,1358.0,1358.0,1358.0,1358.0,1358.0,1358.0,1358.0,1358.0,1358.0,1358.0,1358.0,1358.0,1358.0,1358.0,1358.0,1358.0,1358.0,1358.0,1358.0,1358.0,1358.0,1358.0,,,,,,,,,,,,,,,,,,,,,,,,,,,,,,,,,,,,,,,,,,,,0.8,289.2452,289.7314,290.3541,291.0478,291.7927,292.6136,293.5757,294.7793,296.359,298.4881,301.389,305.3451,310.711,317.9149,327.4525,339.8764,355.7931,375.8903,401.0252,432.4149,322.0,472.0,791.4368,41.14850000000001,67.26400000000001,5.739399999999989
1359,1359,1359.0,1359.0,1359.0,1359.0,1359.0,1359.0,1359.0,1359.0,1359.0,1359.0,1359.0,1359.0,1359.0,1359.0,1359.0,1359.0,1359.0,1359.0,1359.0,1359.0,1359.0,1359.0,1359.0,1359.0,1359.0,1359.0,1359.0,1359.0,1359.0,1359.0,1359.0,,,,,,,,,,,,,,,,,,,,,,,,,,,,,,,,,,,,,,,,,,,,0.9,314.7034,308.6863,303.9027,300.3164,297.8866,296.5662,296.3081,297.078,298.8675,301.7053,305.6646,310.8671,317.4858,325.7491,335.9498,348.4643,363.7873,382.5921,405.8313,434.9108,329.0,473.0,832.5853,26.1155,26.1155,5.739399999999989
1360,1360,1360.0,1360.0,1360.0,1360.0,1360.0,1360.0,1360.0,1360.0,1360.0,1360.0,1360.0,1360.0,1360.0,1360.0,1360.0,1360.0,1360.0,1360.0,1360.0,1360.0,1360.0,1360.0,1360.0,1360.0,1360.0,1360.0,1360.0,1360.0,1360.0,1360.0,1360.0,,,,,,,,,,,,,,,,,,,,,,,,,,,,,,,,,,,,,,,,,,,,0.0,273.0,273.0,273.0,273.0,273.0,273.0,273.0,273.0,273.0,273.0,273.0,273.0,273.0,273.0,273.0,273.0,273.0,273.0,273.0,273.0,332.0,471.0,0.0,363.4512,835.3848,1.976999999999976
1361,1361,1361.0,1361.0,1361.0,1361.0,1361.0,1361.0,1361.0,1361.0,1361.0,1361.0,1361.0,1361.0,1361.0,1361.0,1361.0,1361.0,1361.0,1361.0,1361.0,1361.0,1361.0,1361.0,1361.0,1361.0,1361.0,1361.0,1361.0,1361.0,1361.0,1361.0,1361.0,,,,,,,,,,,,,,,,,,,,,,,,,,,,,,,,,,,,,,,,,,,,0.1,319.9352,309.5061,300.6767,293.4118,287.6458,283.2765,280.18,278.2421,277.3976,277.669,279.199,282.2687,287.2979,294.8219,305.4492,319.8073,338.5016,362.118,391.3137,427.0448,349.0,395.0,363.4512,119.95960000000002,471.93360000000007,1.976999999999976
1362,1362,1362.0,1362.0,1362.0,1362.0,1362.0,1362.0,1362.0,1362.0,1362.0,1362.0,1362.0,1362.0,1362.0,1362.0,1362.0,1362.0,1362.0,1362.0,1362.0,1362.0,1362.0,1362.0,1362.0,1362.0,1362.0,1362.0,1362.0,1362.0,1362.0,1362.0,1362.0,,,,,,,,,,,,,,,,,,,,,,,,,,,,,,,,,,,,,,,,,,,,0.2,335.4371,323.9537,314.3248,306.4025,300.085,295.2973,291.9816,290.0925,289.5951,290.4619,292.6685,296.1894,300.9968,307.0657,314.3892,323.0056,333.0339,344.7176,358.4702,374.9255,296.0,312.0,483.4108,80.63530000000003,351.97400000000005,1.976999999999976
1363,1363,1363.0,1363.0,1363.0,1363.0,1363.0,1363.0,1363.0,1363.0,1363.0,1363.0,1363.0,1363.0,1363.0,1363.0,1363.0,1363.0,1363.0,1363.0,1363.0,1363.0,1363.0,1363.0,1363.0,1363.0,1363.0,1363.0,1363.0,1363.0,1363.0,1363.0,1363.0,,,,,,,,,,,,,,,,,,,,,,,,,,,,,,,,,,,,,,,,,,,,0.3,295.2347,294.7992,294.5138,294.2669,294.0235,293.8181,293.7345,293.8777,294.3445,295.1981,296.4503,298.0531,299.9023,301.8524,303.7428,305.434,306.847,308.0016,309.0419,310.2441,310.0,471.0,564.0461,111.76980000000005,271.3387,1.976999999999976
1364,1364,1364.0,1364.0,1364.0,1364.0,1364.0,1364.0,1364.0,1364.0,1364.0,1364.0,1364.0,1364.0,1364.0,1364.0,1364.0,1364.0,1364.0,1364.0,1364.0,1364.0,1364.0,1364.0,1364.0,1364.0,1364.0,1364.0,1364.0,1364.0,1364.0,1364.0,1364.0,,,,,,,,,,,,,,,,,,,,,,,,,,,,,,,,,,,,,,,,,,,,0.4,305.3183,301.4948,298.4477,296.1083,294.4166,293.3226,292.7933,292.8252,293.46,294.803,297.0397,300.4497,305.4109,312.392,321.9328,334.6184,351.0623,371.9249,397.9993,430.4116,331.0,472.0,675.8159,48.66519999999991,159.5689,1.976999999999976
1365,1365,1365.0,1365.0,1365.0,1365.0,1365.0,1365.0,1365.0,1365.0,1365.0,1365.0,1365.0,1365.0,1365.0,1365.0,1365.0,1365.0,1365.0,1365.0,1365.0,1365.0,1365.0,1365.0,1365.0,1365.0,1365.0,1365.0,1365.0,1365.0,1365.0,1365.0,1365.0,,,,,,,,,,,,,,,,,,,,,,,,,,,,,,,,,,,,,,,,,,,,0.5,322.137,314.7788,308.803,304.1217,300.666,298.3806,297.2247,297.179,298.2533,300.4935,303.9864,308.8621,315.2964,323.5143,333.7997,346.5143,362.1329,381.305,404.9574,434.4718,332.0,473.0,724.4811,27.00920000000008,110.90370000000009,1.976999999999976
1366,1366,1366.0,1366.0,1366.0,1366.0,1366.0,1366.0,1366.0,1366.0,1366.0,1366.0,1366.0,1366.0,1366.0,1366.0,1366.0,1366.0,1366.0,1366.0,1366.0,1366.0,1366.0,1366.0,1366.0,1366.0,1366.0,1366.0,1366.0,1366.0,1366.0,1366.0,1366.0,,,,,,,,,,,,,,,,,,,,,,,,,,,,,,,,,,,,,,,,,,,,0.6,323.8583,317.2042,311.8682,307.7321,304.7175,302.777,301.8897,302.0584,303.3094,305.6931,309.2871,314.2009,320.5829,328.6314,338.6113,350.8792,365.9226,384.421,407.3471,436.1372,320.0,473.0,751.4903,22.01929999999993,83.8945,1.976999999999976
1367,1367,1367.0,1367.0,1367.0,1367.0,1367.0,1367.0,1367.0,1367.0,1367.0,1367.0,1367.0,1367.0,1367.0,1367.0,1367.0,1367.0,1367.0,1367.0,1367.0,1367.0,1367.0,1367.0,1367.0,1367.0,1367.0,1367.0,1367.0,1367.0,1367.0,1367.0,1367.0,,,,,,,,,,,,,,,,,,,,,,,,,,,,,,,,,,,,,,,,,,,,0.7,314.9059,310.8984,307.8238,305.5757,304.093,303.3545,303.3739,304.1937,305.8801,308.5205,312.2241,317.1258,323.3938,331.2428,340.9517,352.8908,367.5619,385.6597,408.1715,436.5466,313.0,471.0,773.5096,20.55370000000005,61.87520000000006,1.976999999999976
1368,1368,1368.0,1368.0,1368.0,1368.0,1368.0,1368.0,1368.0,1368.0,1368.0,1368.0,1368.0,1368.0,1368.0,1368.0,1368.0,1368.0,1368.0,1368.0,1368.0,1368.0,1368.0,1368.0,1368.0,1368.0,1368.0,1368.0,1368.0,1368.0,1368.0,1368.0,1368.0,,,,,,,,,,,,,,,,,,,,,,,,,,,,,,,,,,,,,,,,,,,,0.8,309.2792,306.4615,304.4284,303.0979,302.4231,302.3893,303.0115,304.3308,306.4116,309.3409,313.2291,318.2145,324.4704,332.2172,341.7403,353.4157,367.7497,385.4382,407.464,435.2595,310.0,471.0,794.0633,20.45729999999992,41.321500000000015,1.976999999999976
1369,1369,1369.0,1369.0,1369.0,1369.0,1369.0,1369.0,1369.0,1369.0,1369.0,1369.0,1369.0,1369.0,1369.0,1369.0,1369.0,1369.0,1369.0,1369.0,1369.0,1369.0,1369.0,1369.0,1369.0,1369.0,1369.0,1369.0,1369.0,1369.0,1369.0,1369.0,1369.0,,,,,,,,,,,,,,,,,,,,,,,,,,,,,,,,,,,,,,,,,,,,0.9,306.7166,304.2719,302.5718,301.5509,301.1708,301.4189,302.3066,303.8686,306.1618,309.2667,313.2899,318.3688,324.679,332.4461,341.9626,353.6126,367.91,385.5572,407.5414,435.2972,311.0,472.0,814.5206,20.864200000000096,20.864200000000096,1.976999999999976
1370,1370,1370.0,1370.0,1370.0,1370.0,1370.0,1370.0,1370.0,1370.0,1370.0,1370.0,1370.0,1370.0,1370.0,1370.0,1370.0,1370.0,1370.0,1370.0,1370.0,1370.0,1370.0,1370.0,1370.0,1370.0,1370.0,1370.0,1370.0,1370.0,1370.0,1370.0,1370.0,,,,,,,,,,,,,,,,,,,,,,,,,,,,,,,,,,,,,,,,,,,,0.0,273.0,273.0,273.0,273.0,273.0,273.0,273.0,273.0,273.0,273.0,273.0,273.0,273.0,273.0,273.0,273.0,273.0,273.0,273.0,273.0,334.0,473.0,0.0,362.6275,707.9118,6.482100000000003
1371,1371,1371.0,1371.0,1371.0,1371.0,1371.0,1371.0,1371.0,1371.0,1371.0,1371.0,1371.0,1371.0,1371.0,1371.0,1371.0,1371.0,1371.0,1371.0,1371.0,1371.0,1371.0,1371.0,1371.0,1371.0,1371.0,1371.0,1371.0,1371.0,1371.0,1371.0,1371.0,,,,,,,,,,,,,,,,,,,,,,,,,,,,,,,,,,,,,,,,,,,,0.1,321.513,310.7271,301.5997,294.091,288.1314,283.6137,280.4085,278.3956,277.5042,277.7527,279.2812,282.3704,287.4415,295.0331,305.7582,320.2497,339.1189,362.9596,392.4416,428.5438,348.0,398.0,362.6275,117.41379999999998,345.2843,6.482100000000003
1372,1372,1372.0,1372.0,1372.0,1372.0,1372.0,1372.0,1372.0,1372.0,1372.0,1372.0,1372.0,1372.0,1372.0,1372.0,1372.0,1372.0,1372.0,1372.0,1372.0,1372.0,1372.0,1372.0,1372.0,1372.0,1372.0,1372.0,1372.0,1372.0,1372.0,1372.0,1372.0,,,,,,,,,,,,,,,,,,,,,,,,,,,,,,,,,,,,,,,,,,,,0.2,334.719,323.476,314.046,306.2811,300.0819,295.3779,292.1183,290.2667,289.7976,290.6928,292.9368,296.5121,301.3984,307.578,315.0517,323.8657,334.1483,346.1541,360.3119,377.2769,331.0,473.0,480.0413,68.00850000000003,227.8705,6.482100000000003
1373,1373,1373.0,1373.0,1373.0,1373.0,1373.0,1373.0,1373.0,1373.0,1373.0,1373.0,1373.0,1373.0,1373.0,1373.0,1373.0,1373.0,1373.0,1373.0,1373.0,1373.0,1373.0,1373.0,1373.0,1373.0,1373.0,1373.0,1373.0,1373.0,1373.0,1373.0,1373.0,,,,,,,,,,,,,,,,,,,,,,,,,,,,,,,,,,,,,,,,,,,,0.3,322.8885,316.1689,310.6222,306.0978,302.5051,299.8063,298.0078,297.153,297.3183,298.613,301.1832,305.2184,310.958,318.6975,328.7925,341.6662,357.8283,377.9225,402.8244,433.8296,342.0,473.0,548.0498,32.47479999999996,159.86199999999997,6.482100000000003
1374,1374,1374.0,1374.0,1374.0,1374.0,1374.0,1374.0,1374.0,1374.0,1374.0,1374.0,1374.0,1374.0,1374.0,1374.0,1374.0,1374.0,1374.0,1374.0,1374.0,1374.0,1374.0,1374.0,1374.0,1374.0,1374.0,1374.0,1374.0,1374.0,1374.0,1374.0,1374.0,,,,,,,,,,,,,,,,,,,,,,,,,,,,,,,,,,,,,,,,,,,,0.4,331.7845,323.3801,316.5644,311.179,307.1109,304.2821,302.6441,302.1777,302.8932,304.8329,308.073,312.7257,318.9444,326.931,336.9502,349.3525,364.6129,383.3933,406.6449,435.7832,320.0,472.0,580.5246,22.857600000000048,127.3872,6.482100000000003
1375,1375,1375.0,1375.0,1375.0,1375.0,1375.0,1375.0,1375.0,1375.0,1375.0,1375.0,1375.0,1375.0,1375.0,1375.0,1375.0,1375.0,1375.0,1375.0,1375.0,1375.0,1375.0,1375.0,1375.0,1375.0,1375.0,1375.0,1375.0,1375.0,1375.0,1375.0,1375.0,,,,,,,,,,,,,,,,,,,,,,,,,,,,,,,,,,,,,,,,,,,,0.5,315.181,311.414,308.5157,306.3611,304.8826,304.0655,303.9395,304.5693,306.0448,308.4755,311.988,316.7289,322.8724,330.6333,340.286,352.1925,366.8433,384.9193,407.3919,435.6897,315.0,473.0,603.3822,21.149999999999977,104.52959999999996,6.482100000000003
1376,1376,1376.0,1376.0,1376.0,1376.0,1376.0,1376.0,1376.0,1376.0,1376.0,1376.0,1376.0,1376.0,1376.0,1376.0,1376.0,1376.0,1376.0,1376.0,1376.0,1376.0,1376.0,1376.0,1376.0,1376.0,1376.0,1376.0,1376.0,1376.0,1376.0,1376.0,1376.0,,,,,,,,,,,,,,,,,,,,,,,,,,,,,,,,,,,,,,,,,,,,0.6,310.9191,307.7959,305.5041,303.9549,303.0946,302.9028,303.3893,304.5916,306.5723,309.4189,313.2445,318.1918,324.4403,332.2178,341.817,353.6215,368.1447,386.0906,408.4531,436.6847,312.0,471.0,624.5322,20.42750000000001,83.37959999999998,6.482100000000003
1377,1377,1377.0,1377.0,1377.0,1377.0,1377.0,1377.0,1377.0,1377.0,1377.0,1377.0,1377.0,1377.0,1377.0,1377.0,1377.0,1377.0,1377.0,1377.0,1377.0,1377.0,1377.0,1377.0,1377.0,1377.0,1377.0,1377.0,1377.0,1377.0,1377.0,1377.0,1377.0,,,,,,,,,,,,,,,,,,,,,,,,,,,,,,,,,,,,,,,,,,,,0.7,308.378,305.6464,303.7028,302.4754,301.9207,302.0222,302.7884,304.2513,306.4657,309.5102,313.4892,318.5373,324.8272,332.5809,342.0871,353.7262,368.0094,385.6377,407.5981,435.3264,309.0,473.0,644.9597,20.8673,62.95209999999997,6.482100000000003
1378,1378,1378.0,1378.0,1378.0,1378.0,1378.0,1378.0,1378.0,1378.0,1378.0,1378.0,1378.0,1378.0,1378.0,1378.0,1378.0,1378.0,1378.0,1378.0,1378.0,1378.0,1378.0,1378.0,1378.0,1378.0,1378.0,1378.0,1378.0,1378.0,1378.0,1378.0,1378.0,,,,,,,,,,,,,,,,,,,,,,,,,,,,,,,,,,,,,,,,,,,,0.8,305.8791,303.573,301.9935,301.0798,300.7969,301.1342,302.1046,303.7432,306.1077,309.2794,313.3667,318.5096,324.8883,332.7341,342.3466,354.1185,368.5736,386.4268,408.682,436.7997,310.0,472.0,665.827,20.91449999999997,42.08479999999997,6.482100000000003
1379,1379,1379.0,1379.0,1379.0,1379.0,1379.0,1379.0,1379.0,1379.0,1379.0,1379.0,1379.0,1379.0,1379.0,1379.0,1379.0,1379.0,1379.0,1379.0,1379.0,1379.0,1379.0,1379.0,1379.0,1379.0,1379.0,1379.0,1379.0,1379.0,1379.0,1379.0,1379.0,,,,,,,,,,,,,,,,,,,,,,,,,,,,,,,,,,,,,,,,,,,,0.9,306.5381,303.9328,302.1057,301.002,300.5879,300.8494,301.7915,303.4391,305.8386,309.0602,313.2019,318.3948,324.8105,332.6731,342.2755,354.0048,368.3799,386.1116,408.1989,436.0941,309.0,473.0,686.7415,21.1703,21.1703,6.482100000000003
1380,1380,1380.0,1380.0,1380.0,1380.0,1380.0,1380.0,1380.0,1380.0,1380.0,1380.0,1380.0,1380.0,1380.0,1380.0,1380.0,1380.0,1380.0,1380.0,1380.0,1380.0,1380.0,1380.0,1380.0,1380.0,1380.0,1380.0,1380.0,1380.0,1380.0,1380.0,,,,,,,,,,,,,,,,,,,,,,,,,,,,,,,,,,,,,,,,,,,,,0.0,273.0,273.0,273.0,273.0,273.0,273.0,273.0,273.0,273.0,273.0,273.0,273.0,273.0,273.0,273.0,273.0,273.0,273.0,273.0,273.0,306.0,472.0,0.0,371.0716,2090.1158,20.428600000000017
1381,1381,1381.0,1381.0,1381.0,1381.0,1381.0,1381.0,1381.0,1381.0,1381.0,1381.0,1381.0,1381.0,1381.0,1381.0,1381.0,1381.0,1381.0,1381.0,1381.0,1381.0,1381.0,1381.0,1381.0,1381.0,1381.0,1381.0,1381.0,1381.0,1381.0,1381.0,,,,,,,,,,,,,,,,,,,,,,,,,,,,,,,,,,,,,,,,,,,,,0.1,299.3431,293.5346,288.5918,284.5196,281.2996,278.8925,277.2535,276.3576,276.2302,276.978,278.8158,282.0827,287.2422,294.8614,305.5707,320.0126,338.803,362.5356,391.8764,427.7939,305.0,473.0,371.0716,140.75870000000003,1719.0442,20.428600000000017
1382,1382,1382.0,1382.0,1382.0,1382.0,1382.0,1382.0,1382.0,1382.0,1382.0,1382.0,1382.0,1382.0,1382.0,1382.0,1382.0,1382.0,1382.0,1382.0,1382.0,1382.0,1382.0,1382.0,1382.0,1382.0,1382.0,1382.0,1382.0,1382.0,1382.0,1382.0,,,,,,,,,,,,,,,,,,,,,,,,,,,,,,,,,,,,,,,,,,,,,0.2,299.8861,295.5208,291.8704,288.9268,286.7068,285.2513,284.6257,284.9203,286.2509,288.7586,292.6094,297.9931,305.1239,314.2445,325.6354,339.6372,356.6897,377.3994,402.6513,433.7993,472.0,310.0,511.8303,72.04989999999992,1578.2855,20.428600000000017
1383,1383,1383.0,1383.0,1383.0,1383.0,1383.0,1383.0,1383.0,1383.0,1383.0,1383.0,1383.0,1383.0,1383.0,1383.0,1383.0,1383.0,1383.0,1383.0,1383.0,1383.0,1383.0,1383.0,1383.0,1383.0,1383.0,1383.0,1383.0,1383.0,1383.0,1383.0,,,,,,,,,,,,,,,,,,,,,,,,,,,,,,,,,,,,,,,,,,,,,0.3,429.669,395.6531,368.2169,346.3665,329.4385,316.8786,308.1406,302.6594,299.8611,299.1821,300.0822,302.0482,304.5929,307.2579,309.6306,311.377,312.2877,312.3269,311.6677,310.7,172.0,173.0,583.8802,155.29610000000002,1506.2356,20.428600000000017
1384,1384,1384.0,1384.0,1384.0,1384.0,1384.0,1384.0,1384.0,1384.0,1384.0,1384.0,1384.0,1384.0,1384.0,1384.0,1384.0,1384.0,1384.0,1384.0,1384.0,1384.0,1384.0,1384.0,1384.0,1384.0,1384.0,1384.0,1384.0,1384.0,1384.0,1384.0,,,,,,,,,,,,,,,,,,,,,,,,,,,,,,,,,,,,,,,,,,,,,0.4,199.6873,224.8232,246.386,263.8076,277.0029,286.2948,292.2737,295.636,297.0379,296.9857,295.7697,293.4405,289.8238,284.5648,277.2004,267.2505,254.322,238.2119,218.989,197.0311,419.0,471.0,739.1763,282.81450000000007,1350.9395,20.428600000000017
1385,1385,1385.0,1385.0,1385.0,1385.0,1385.0,1385.0,1385.0,1385.0,1385.0,1385.0,1385.0,1385.0,1385.0,1385.0,1385.0,1385.0,1385.0,1385.0,1385.0,1385.0,1385.0,1385.0,1385.0,1385.0,1385.0,1385.0,1385.0,1385.0,1385.0,1385.0,,,,,,,,,,,,,,,,,,,,,,,,,,,,,,,,,,,,,,,,,,,,,0.5,387.4729,361.3596,340.0557,323.1735,310.3165,300.9825,294.569,290.4446,288.0509,287.0003,287.1505,288.642,291.8947,297.5611,306.4415,319.3763,337.1455,360.4215,389.833,426.1983,322.0,272.0,1021.9908,100.28309999999988,1068.125,20.428600000000017
1386,1386,1386.0,1386.0,1386.0,1386.0,1386.0,1386.0,1386.0,1386.0,1386.0,1386.0,1386.0,1386.0,1386.0,1386.0,1386.0,1386.0,1386.0,1386.0,1386.0,1386.0,1386.0,1386.0,1386.0,1386.0,1386.0,1386.0,1386.0,1386.0,1386.0,1386.0,,,,,,,,,,,,,,,,,,,,,,,,,,,,,,,,,,,,,,,,,,,,,0.6,317.2633,313.4379,310.1671,307.2137,304.4686,301.9388,299.7137,297.9217,296.6815,296.0576,296.0254,296.4494,297.0787,297.5639,297.4967,296.472,294.1634,290.4012,285.2307,278.9339,427.0,272.0,1122.2739,179.66600000000017,967.8419,20.428600000000017
1387,1387,1387.0,1387.0,1387.0,1387.0,1387.0,1387.0,1387.0,1387.0,1387.0,1387.0,1387.0,1387.0,1387.0,1387.0,1387.0,1387.0,1387.0,1387.0,1387.0,1387.0,1387.0,1387.0,1387.0,1387.0,1387.0,1387.0,1387.0,1387.0,1387.0,1387.0,,,,,,,,,,,,,,,,,,,,,,,,,,,,,,,,,,,,,,,,,,,,,0.7,397.3044,373.1441,353.4824,337.6336,325.0719,315.3281,307.9456,302.4743,298.4826,295.5744,293.4019,291.6712,290.1432,288.6299,286.9909,285.1303,282.9951,280.573,277.8899,275.0044,171.0,173.0,1301.9399,277.384,788.1759,20.428600000000017
1388,1388,1388.0,1388.0,1388.0,1388.0,1388.0,1388.0,1388.0,1388.0,1388.0,1388.0,1388.0,1388.0,1388.0,1388.0,1388.0,1388.0,1388.0,1388.0,1388.0,1388.0,1388.0,1388.0,1388.0,1388.0,1388.0,1388.0,1388.0,1388.0,1388.0,1388.0,,,,,,,,,,,,,,,,,,,,,,,,,,,,,,,,,,,,,,,,,,,,,0.8,197.8136,222.152,243.046,259.9374,272.708,281.6169,287.1775,290.0164,290.7448,289.8616,287.6939,284.3749,279.8515,273.9188,266.2737,256.5848,244.5702,230.0732,213.1211,193.9525,443.0,473.0,1579.3239,378.3358999999998,510.7919,20.428600000000017
1389,1389,1389.0,1389.0,1389.0,1389.0,1389.0,1389.0,1389.0,1389.0,1389.0,1389.0,1389.0,1389.0,1389.0,1389.0,1389.0,1389.0,1389.0,1389.0,1389.0,1389.0,1389.0,1389.0,1389.0,1389.0,1389.0,1389.0,1389.0,1389.0,1389.0,1389.0,,,,,,,,,,,,,,,,,,,,,,,,,,,,,,,,,,,,,,,,,,,,,0.9,405.2221,374.1364,348.7626,328.5199,312.9039,301.3376,293.151,287.647,284.2052,282.3875,282.0171,283.2183,286.4101,292.2533,301.5571,315.1623,333.8347,358.217,388.8981,426.664,215.0,273.0,1957.6598,132.45600000000013,132.45600000000013,20.428600000000017
1390,1390,1390.0,1390.0,1390.0,1390.0,1390.0,1390.0,1390.0,1390.0,1390.0,1390.0,1390.0,1390.0,1390.0,1390.0,1390.0,1390.0,1390.0,1390.0,1390.0,1390.0,1390.0,1390.0,1390.0,1390.0,1390.0,1390.0,1390.0,1390.0,1390.0,1390.0,,,,,,,,,,,,,,,,,,,,,,,,,,,,,,,,,,,,,,,,,,,,,0.0,273.0,273.0,273.0,273.0,273.0,273.0,273.0,273.0,273.0,273.0,273.0,273.0,273.0,273.0,273.0,273.0,273.0,273.0,273.0,273.0,306.0,473.0,0.0,370.9213,2148.0887,21.00479999999999
1391,1391,1391.0,1391.0,1391.0,1391.0,1391.0,1391.0,1391.0,1391.0,1391.0,1391.0,1391.0,1391.0,1391.0,1391.0,1391.0,1391.0,1391.0,1391.0,1391.0,1391.0,1391.0,1391.0,1391.0,1391.0,1391.0,1391.0,1391.0,1391.0,1391.0,1391.0,,,,,,,,,,,,,,,,,,,,,,,,,,,,,,,,,,,,,,,,,,,,,0.1,299.3432,293.5347,288.5919,284.5199,281.3002,278.8937,277.2558,276.3621,276.2385,276.9928,278.8412,282.1248,287.3093,294.9646,305.7239,320.2332,339.1112,362.9561,392.44,428.5432,311.0,471.0,370.9213,138.66450000000003,1777.1673999999998,21.00479999999999
1392,1392,1392.0,1392.0,1392.0,1392.0,1392.0,1392.0,1392.0,1392.0,1392.0,1392.0,1392.0,1392.0,1392.0,1392.0,1392.0,1392.0,1392.0,1392.0,1392.0,1392.0,1392.0,1392.0,1392.0,1392.0,1392.0,1392.0,1392.0,1392.0,1392.0,1392.0,,,,,,,,,,,,,,,,,,,,,,,,,,,,,,,,,,,,,,,,,,,,,0.2,304.6472,299.2154,294.6653,290.983,288.1756,286.2694,285.3111,285.3693,286.5376,288.9356,292.7097,298.0324,305.1026,314.1492,325.4409,339.3073,356.1781,376.6491,401.5918,432.3372,472.0,284.0,509.5858,75.36010000000005,1638.5028999999995,21.00479999999999
1393,1393,1393.0,1393.0,1393.0,1393.0,1393.0,1393.0,1393.0,1393.0,1393.0,1393.0,1393.0,1393.0,1393.0,1393.0,1393.0,1393.0,1393.0,1393.0,1393.0,1393.0,1393.0,1393.0,1393.0,1393.0,1393.0,1393.0,1393.0,1393.0,1393.0,1393.0,,,,,,,,,,,,,,,,,,,,,,,,,,,,,,,,,,,,,,,,,,,,,0.3,429.8356,395.9756,368.6698,346.9107,330.0253,317.4548,308.6518,303.0496,300.0679,299.1266,299.6552,301.0935,302.8886,304.5,305.4199,305.2139,303.5772,300.395,295.7886,290.1285,173.0,171.0,584.9459,179.8112,1563.1427999999996,21.00479999999999
1394,1394,1394.0,1394.0,1394.0,1394.0,1394.0,1394.0,1394.0,1394.0,1394.0,1394.0,1394.0,1394.0,1394.0,1394.0,1394.0,1394.0,1394.0,1394.0,1394.0,1394.0,1394.0,1394.0,1394.0,1394.0,1394.0,1394.0,1394.0,1394.0,1394.0,1394.0,,,,,,,,,,,,,,,,,,,,,,,,,,,,,,,,,,,,,,,,,,,,,0.4,200.533,225.5194,246.9359,264.2098,277.2485,286.365,292.1379,295.2521,296.3548,295.9485,294.3275,291.557,287.4889,281.8063,274.0919,263.9138,250.9201,234.9312,216.0121,194.5037,418.0,473.0,764.7571,302.8615,1383.3315999999998,21.00479999999999
1395,1395,1395.0,1395.0,1395.0,1395.0,1395.0,1395.0,1395.0,1395.0,1395.0,1395.0,1395.0,1395.0,1395.0,1395.0,1395.0,1395.0,1395.0,1395.0,1395.0,1395.0,1395.0,1395.0,1395.0,1395.0,1395.0,1395.0,1395.0,1395.0,1395.0,1395.0,,,,,,,,,,,,,,,,,,,,,,,,,,,,,,,,,,,,,,,,,,,,,0.5,386.6997,360.7543,339.5658,322.7478,309.9047,300.5366,294.0462,289.8107,287.283,286.0905,286.1084,287.4978,290.7002,296.39,305.387,318.5456,336.6525,360.3797,390.3516,427.3888,329.0,271.0,1067.6186,105.49649999999995,1080.4700999999998,21.00479999999999
1396,1396,1396.0,1396.0,1396.0,1396.0,1396.0,1396.0,1396.0,1396.0,1396.0,1396.0,1396.0,1396.0,1396.0,1396.0,1396.0,1396.0,1396.0,1396.0,1396.0,1396.0,1396.0,1396.0,1396.0,1396.0,1396.0,1396.0,1396.0,1396.0,1396.0,1396.0,,,,,,,,,,,,,,,,,,,,,,,,,,,,,,,,,,,,,,,,,,,,,0.6,322.6938,317.5286,313.1335,309.2576,305.7759,302.6744,300.019,297.9132,296.4521,295.679,295.5513,295.9187,296.5174,296.9866,296.9077,295.8654,293.5251,289.7101,284.462,278.0616,438.0,273.0,1173.1151,186.24839999999995,974.9735999999998,21.00479999999999
1397,1397,1397.0,1397.0,1397.0,1397.0,1397.0,1397.0,1397.0,1397.0,1397.0,1397.0,1397.0,1397.0,1397.0,1397.0,1397.0,1397.0,1397.0,1397.0,1397.0,1397.0,1397.0,1397.0,1397.0,1397.0,1397.0,1397.0,1397.0,1397.0,1397.0,1397.0,,,,,,,,,,,,,,,,,,,,,,,,,,,,,,,,,,,,,,,,,,,,,0.7,405.7964,379.7239,358.5581,341.5041,327.9701,317.4437,309.4373,303.4756,299.1059,295.9138,293.5362,291.6673,290.0595,288.5192,286.9032,285.1144,283.0988,280.8425,278.3681,275.7286,173.0,171.0,1359.3635,277.9987000000001,788.7251999999999,21.00479999999999
1398,1398,1398.0,1398.0,1398.0,1398.0,1398.0,1398.0,1398.0,1398.0,1398.0,1398.0,1398.0,1398.0,1398.0,1398.0,1398.0,1398.0,1398.0,1398.0,1398.0,1398.0,1398.0,1398.0,1398.0,1398.0,1398.0,1398.0,1398.0,1398.0,1398.0,1398.0,,,,,,,,,,,,,,,,,,,,,,,,,,,,,,,,,,,,,,,,,,,,,0.8,199.8214,224.152,245.0035,261.8073,274.4449,283.1823,288.5446,291.1714,291.6863,290.5973,288.2364,284.7367,280.0406,273.9342,266.1033,256.2044,243.945,229.1614,211.8801,192.345,439.0,471.0,1637.3622,374.1196,510.72649999999976,21.00479999999999
1399,1399,1399.0,1399.0,1399.0,1399.0,1399.0,1399.0,1399.0,1399.0,1399.0,1399.0,1399.0,1399.0,1399.0,1399.0,1399.0,1399.0,1399.0,1399.0,1399.0,1399.0,1399.0,1399.0,1399.0,1399.0,1399.0,1399.0,1399.0,1399.0,1399.0,1399.0,,,,,,,,,,,,,,,,,,,,,,,,,,,,,,,,,,,,,,,,,,,,,0.9,402.3565,372.1727,347.5263,327.8614,312.6864,301.4345,293.449,288.0488,284.6317,282.7771,282.3236,283.4079,286.4581,292.1409,301.2687,314.683,333.1472,357.2962,387.704,425.1277,204.0,271.0,2011.4818,136.60689999999977,136.60689999999977,21.00479999999999
1400,1400,1400.0,1400.0,1400.0,1400.0,1400.0,1400.0,1400.0,1400.0,1400.0,1400.0,1400.0,1400.0,1400.0,1400.0,1400.0,1400.0,1400.0,1400.0,1400.0,1400.0,1400.0,1400.0,1400.0,1400.0,1400.0,1400.0,1400.0,1400.0,1400.0,1400.0,,,,,,,,,,,,,,,,,,,,,,,,,,,,,,,,,,,,,,,,,,,,,0.0,273.0,273.0,273.0,273.0,273.0,273.0,273.0,273.0,273.0,273.0,273.0,273.0,273.0,273.0,273.0,273.0,273.0,273.0,273.0,273.0,305.0,473.0,0.0,371.257,1972.29,13.835700000000031
1401,1401,1401.0,1401.0,1401.0,1401.0,1401.0,1401.0,1401.0,1401.0,1401.0,1401.0,1401.0,1401.0,1401.0,1401.0,1401.0,1401.0,1401.0,1401.0,1401.0,1401.0,1401.0,1401.0,1401.0,1401.0,1401.0,1401.0,1401.0,1401.0,1401.0,1401.0,,,,,,,,,,,,,,,,,,,,,,,,,,,,,,,,,,,,,,,,,,,,,0.1,298.5482,292.9167,288.1238,284.1753,281.0543,278.7238,277.1425,276.2891,276.1931,276.9656,278.8254,282.116,287.3045,294.9621,305.7227,320.2326,339.1109,362.956,392.44,428.5432,315.0,472.0,371.257,138.56079999999997,1601.033,13.835700000000031
1402,1402,1402.0,1402.0,1402.0,1402.0,1402.0,1402.0,1402.0,1402.0,1402.0,1402.0,1402.0,1402.0,1402.0,1402.0,1402.0,1402.0,1402.0,1402.0,1402.0,1402.0,1402.0,1402.0,1402.0,1402.0,1402.0,1402.0,1402.0,1402.0,1402.0,1402.0,,,,,,,,,,,,,,,,,,,,,,,,,,,,,,,,,,,,,,,,,,,,,0.2,307.7827,301.608,296.4336,292.2424,289.0354,286.8286,285.6548,285.5673,286.6441,288.9913,292.744,298.0671,305.1551,314.235,325.5759,339.5094,356.4684,377.0532,402.1424,433.0792,422.0,363.0,509.8178,55.15190000000001,1462.4722,13.835700000000031
1403,1403,1403.0,1403.0,1403.0,1403.0,1403.0,1403.0,1403.0,1403.0,1403.0,1403.0,1403.0,1403.0,1403.0,1403.0,1403.0,1403.0,1403.0,1403.0,1403.0,1403.0,1403.0,1403.0,1403.0,1403.0,1403.0,1403.0,1403.0,1403.0,1403.0,1403.0,,,,,,,,,,,,,,,,,,,,,,,,,,,,,,,,,,,,,,,,,,,,,0.3,392.1829,367.7199,347.7603,331.7823,319.4052,310.2857,304.0735,300.4053,298.916,299.2544,301.0923,304.129,308.0924,312.7454,317.9008,323.4486,329.3918,335.8839,343.2598,352.0533,181.0,273.0,564.9697,79.77959999999996,1407.3203,13.835700000000031
1404,1404,1404.0,1404.0,1404.0,1404.0,1404.0,1404.0,1404.0,1404.0,1404.0,1404.0,1404.0,1404.0,1404.0,1404.0,1404.0,1404.0,1404.0,1404.0,1404.0,1404.0,1404.0,1404.0,1404.0,1404.0,1404.0,1404.0,1404.0,1404.0,1404.0,1404.0,,,,,,,,,,,,,,,,,,,,,,,,,,,,,,,,,,,,,,,,,,,,,0.4,205.5952,227.9465,247.2332,263.007,275.2196,284.1665,290.376,294.4793,297.0932,298.7308,299.7495,300.334,300.5081,300.1698,299.1404,297.2239,294.2674,290.2154,285.1475,279.2907,439.0,274.0,644.7493,193.6261000000001,1327.5407,13.835700000000031
1405,1405,1405.0,1405.0,1405.0,1405.0,1405.0,1405.0,1405.0,1405.0,1405.0,1405.0,1405.0,1405.0,1405.0,1405.0,1405.0,1405.0,1405.0,1405.0,1405.0,1405.0,1405.0,1405.0,1405.0,1405.0,1405.0,1405.0,1405.0,1405.0,1405.0,1405.0,,,,,,,,,,,,,,,,,,,,,,,,,,,,,,,,,,,,,,,,,,,,,0.5,402.817,373.1341,349.0597,330.065,315.6802,305.3483,298.3946,294.0711,291.6306,290.3965,289.8101,289.4475,289.0136,288.3231,287.2752,285.8322,284.0022,281.8271,279.3744,276.7315,312.0,269.0,838.3754,225.313,1133.9146,13.835700000000031
1406,1406,1406.0,1406.0,1406.0,1406.0,1406.0,1406.0,1406.0,1406.0,1406.0,1406.0,1406.0,1406.0,1406.0,1406.0,1406.0,1406.0,1406.0,1406.0,1406.0,1406.0,1406.0,1406.0,1406.0,1406.0,1406.0,1406.0,1406.0,1406.0,1406.0,1406.0,,,,,,,,,,,,,,,,,,,,,,,,,,,,,,,,,,,,,,,,,,,,,0.6,310.0528,308.6273,307.3078,305.8083,303.9867,301.8308,299.4226,296.892,294.3727,291.9693,289.7394,287.6906,285.7891,283.9738,282.1721,280.3146,278.3457,276.2308,273.9584,271.5391,418.0,373.0,1063.6884,228.7802999999999,908.6016,13.835700000000031
1407,1407,1407.0,1407.0,1407.0,1407.0,1407.0,1407.0,1407.0,1407.0,1407.0,1407.0,1407.0,1407.0,1407.0,1407.0,1407.0,1407.0,1407.0,1407.0,1407.0,1407.0,1407.0,1407.0,1407.0,1407.0,1407.0,1407.0,1407.0,1407.0,1407.0,1407.0,,,,,,,,,,,,,,,,,,,,,,,,,,,,,,,,,,,,,,,,,,,,,0.7,390.1674,367.3846,348.7367,333.6051,321.5056,312.0051,304.6943,299.1958,295.19,292.4448,290.8382,290.3692,291.1542,293.4079,297.4104,303.4656,311.858,322.8232,336.5444,353.1901,174.0,174.0,1292.4687,199.2645,679.8213000000001,13.835700000000031
1408,1408,1408.0,1408.0,1408.0,1408.0,1408.0,1408.0,1408.0,1408.0,1408.0,1408.0,1408.0,1408.0,1408.0,1408.0,1408.0,1408.0,1408.0,1408.0,1408.0,1408.0,1408.0,1408.0,1408.0,1408.0,1408.0,1408.0,1408.0,1408.0,1408.0,1408.0,,,,,,,,,,,,,,,,,,,,,,,,,,,,,,,,,,,,,,,,,,,,,0.8,199.7797,223.1768,243.2869,259.5992,272.0279,280.8527,286.6013,289.9105,291.3951,291.5435,290.6473,288.7672,285.7324,281.1745,274.593,265.4509,253.29,237.8525,219.1792,197.6586,444.0,472.0,1491.7332,323.7825,480.55680000000007,13.835700000000031
1409,1409,1409.0,1409.0,1409.0,1409.0,1409.0,1409.0,1409.0,1409.0,1409.0,1409.0,1409.0,1409.0,1409.0,1409.0,1409.0,1409.0,1409.0,1409.0,1409.0,1409.0,1409.0,1409.0,1409.0,1409.0,1409.0,1409.0,1409.0,1409.0,1409.0,1409.0,,,,,,,,,,,,,,,,,,,,,,,,,,,,,,,,,,,,,,,,,,,,,0.9,406.032,374.8245,349.391,329.1526,313.611,302.1945,294.2348,289.0294,285.9437,284.5151,284.5321,286.0762,289.5189,295.474,304.7117,318.0485,336.2466,359.9668,389.834,426.675,173.0,186.0,1815.5157,156.77430000000004,156.77430000000004,13.835700000000031
1410,1410,1410.0,1410.0,1410.0,1410.0,1410.0,1410.0,1410.0,1410.0,1410.0,1410.0,1410.0,1410.0,1410.0,1410.0,1410.0,1410.0,1410.0,1410.0,1410.0,1410.0,1410.0,1410.0,1410.0,1410.0,1410.0,1410.0,1410.0,1410.0,1410.0,1410.0,,,,,,,,,,,,,,,,,,,,,,,,,,,,,,,,,,,,,,,,,,,,,0.0,273.0,273.0,273.0,273.0,273.0,273.0,273.0,273.0,273.0,273.0,273.0,273.0,273.0,273.0,273.0,273.0,273.0,273.0,273.0,273.0,307.0,473.0,0.0,370.5884,1705.7577,13.478000000000009
1411,1411,1411.0,1411.0,1411.0,1411.0,1411.0,1411.0,1411.0,1411.0,1411.0,1411.0,1411.0,1411.0,1411.0,1411.0,1411.0,1411.0,1411.0,1411.0,1411.0,1411.0,1411.0,1411.0,1411.0,1411.0,1411.0,1411.0,1411.0,1411.0,1411.0,1411.0,,,,,,,,,,,,,,,,,,,,,,,,,,,,,,,,,,,,,,,,,,,,,0.1,300.1379,294.1523,289.0597,284.8642,281.546,279.0634,277.3692,276.4352,276.284,277.0201,278.857,282.1336,287.314,294.967,305.7252,320.2338,339.1115,362.9562,392.4401,428.5432,300.0,471.0,370.5884,140.51660000000004,1335.1693,13.478000000000009
1412,1412,1412.0,1412.0,1412.0,1412.0,1412.0,1412.0,1412.0,1412.0,1412.0,1412.0,1412.0,1412.0,1412.0,1412.0,1412.0,1412.0,1412.0,1412.0,1412.0,1412.0,1412.0,1412.0,1412.0,1412.0,1412.0,1412.0,1412.0,1412.0,1412.0,1412.0,,,,,,,,,,,,,,,,,,,,,,,,,,,,,,,,,,,,,,,,,,,,,0.2,295.9484,292.5029,289.6296,287.3228,285.606,284.5324,284.1839,284.67,286.1248,288.7057,292.5905,297.9763,305.0801,314.143,325.4416,339.3102,356.1811,376.6514,401.5933,432.3379,429.0,397.0,511.105,59.65340000000003,1194.6527,13.478000000000009
1413,1413,1413.0,1413.0,1413.0,1413.0,1413.0,1413.0,1413.0,1413.0,1413.0,1413.0,1413.0,1413.0,1413.0,1413.0,1413.0,1413.0,1413.0,1413.0,1413.0,1413.0,1413.0,1413.0,1413.0,1413.0,1413.0,1413.0,1413.0,1413.0,1413.0,1413.0,,,,,,,,,,,,,,,,,,,,,,,,,,,,,,,,,,,,,,,,,,,,,0.3,397.0966,370.9525,349.6502,332.6402,319.5222,309.928,303.4745,299.7627,298.3988,299.0187,301.3057,304.999,309.8964,315.8575,322.813,330.7841,339.9112,350.4884,363.0015,378.1698,174.0,271.0,570.7584,64.6051,1134.9993000000002,13.478000000000009
1414,1414,1414.0,1414.0,1414.0,1414.0,1414.0,1414.0,1414.0,1414.0,1414.0,1414.0,1414.0,1414.0,1414.0,1414.0,1414.0,1414.0,1414.0,1414.0,1414.0,1414.0,1414.0,1414.0,1414.0,1414.0,1414.0,1414.0,1414.0,1414.0,1414.0,1414.0,,,,,,,,,,,,,,,,,,,,,,,,,,,,,,,,,,,,,,,,,,,,,0.4,200.0146,223.6771,244.1163,260.8589,273.8597,283.4398,290.1677,294.7198,297.7525,299.8064,301.2483,302.2506,302.8031,302.751,301.8509,299.8406,296.5131,291.7843,285.7428,278.6665,310.0,472.0,635.3635,163.30679999999995,1070.3942000000002,13.478000000000009
1415,1415,1415.0,1415.0,1415.0,1415.0,1415.0,1415.0,1415.0,1415.0,1415.0,1415.0,1415.0,1415.0,1415.0,1415.0,1415.0,1415.0,1415.0,1415.0,1415.0,1415.0,1415.0,1415.0,1415.0,1415.0,1415.0,1415.0,1415.0,1415.0,1415.0,1415.0,,,,,,,,,,,,,,,,,,,,,,,,,,,,,,,,,,,,,,,,,,,,,0.5,302.2117,295.6427,290.5112,286.9287,284.8686,284.1756,284.6106,285.9167,287.8883,290.4317,293.6066,297.6472,302.9594,310.0957,319.7111,332.5103,349.2048,370.5119,397.2339,430.4655,448.0,271.0,798.6703,85.45669999999996,907.0874,13.478000000000009
1416,1416,1416.0,1416.0,1416.0,1416.0,1416.0,1416.0,1416.0,1416.0,1416.0,1416.0,1416.0,1416.0,1416.0,1416.0,1416.0,1416.0,1416.0,1416.0,1416.0,1416.0,1416.0,1416.0,1416.0,1416.0,1416.0,1416.0,1416.0,1416.0,1416.0,1416.0,,,,,,,,,,,,,,,,,,,,,,,,,,,,,,,,,,,,,,,,,,,,,0.6,411.582,381.9869,357.9668,338.7839,323.9158,312.8946,305.236,300.4241,297.9237,297.1957,297.7064,298.9256,300.3218,301.365,301.5456,300.4158,297.6482,293.1019,286.8732,279.3142,173.0,172.0,884.127,200.55190000000016,821.6307000000002,13.478000000000009
1417,1417,1417.0,1417.0,1417.0,1417.0,1417.0,1417.0,1417.0,1417.0,1417.0,1417.0,1417.0,1417.0,1417.0,1417.0,1417.0,1417.0,1417.0,1417.0,1417.0,1417.0,1417.0,1417.0,1417.0,1417.0,1417.0,1417.0,1417.0,1417.0,1417.0,1417.0,,,,,,,,,,,,,,,,,,,,,,,,,,,,,,,,,,,,,,,,,,,,,0.7,199.6772,223.8928,244.6871,261.5196,274.2982,283.3101,289.0929,292.2852,293.4919,293.1835,291.6373,288.9179,284.8928,279.2741,271.683,261.7279,249.0915,233.6145,215.3599,194.6411,432.0,471.0,1084.6789,331.16719999999987,621.0788,13.478000000000009
1418,1418,1418.0,1418.0,1418.0,1418.0,1418.0,1418.0,1418.0,1418.0,1418.0,1418.0,1418.0,1418.0,1418.0,1418.0,1418.0,1418.0,1418.0,1418.0,1418.0,1418.0,1418.0,1418.0,1418.0,1418.0,1418.0,1418.0,1418.0,1418.0,1418.0,1418.0,,,,,,,,,,,,,,,,,,,,,,,,,,,,,,,,,,,,,,,,,,,,,0.8,397.0973,368.2839,344.7637,326.0504,311.6924,301.1489,293.7814,288.9219,285.9761,284.5252,284.4035,285.7374,288.9412,294.6673,303.7179,316.9315,335.0792,358.8155,388.743,425.6513,220.0,276.0,1415.8461,119.9439,289.91160000000013,13.478000000000009
1419,1419,1419.0,1419.0,1419.0,1419.0,1419.0,1419.0,1419.0,1419.0,1419.0,1419.0,1419.0,1419.0,1419.0,1419.0,1419.0,1419.0,1419.0,1419.0,1419.0,1419.0,1419.0,1419.0,1419.0,1419.0,1419.0,1419.0,1419.0,1419.0,1419.0,1419.0,,,,,,,,,,,,,,,,,,,,,,,,,,,,,,,,,,,,,,,,,,,,,0.9,236.1291,250.6483,262.9685,272.7776,280.0697,285.1089,288.3482,290.3284,291.5783,292.5327,293.4765,294.5156,295.5774,296.4374,296.7712,296.2275,294.5127,291.4735,287.1589,281.8435,364.0,473.0,1535.79,169.96770000000015,169.96770000000015,13.478000000000009
1420,1420,1420.0,1420.0,1420.0,1420.0,1420.0,1420.0,1420.0,1420.0,1420.0,1420.0,1420.0,1420.0,1420.0,1420.0,1420.0,1420.0,1420.0,1420.0,1420.0,1420.0,1420.0,1420.0,1420.0,1420.0,1420.0,1420.0,1420.0,1420.0,1420.0,1420.0,,,,,,,,,,,,,,,,,,,,,,,,,,,,,,,,,,,,,,,,,,,,,0.0,273.0,273.0,273.0,273.0,273.0,273.0,273.0,273.0,273.0,273.0,273.0,273.0,273.0,273.0,273.0,273.0,273.0,273.0,273.0,273.0,308.0,471.0,0.0,370.5603,1964.5114000000003,12.896599999999978
1421,1421,1421.0,1421.0,1421.0,1421.0,1421.0,1421.0,1421.0,1421.0,1421.0,1421.0,1421.0,1421.0,1421.0,1421.0,1421.0,1421.0,1421.0,1421.0,1421.0,1421.0,1421.0,1421.0,1421.0,1421.0,1421.0,1421.0,1421.0,1421.0,1421.0,1421.0,,,,,,,,,,,,,,,,,,,,,,,,,,,,,,,,,,,,,,,,,,,,,0.1,300.9324,294.7696,289.5271,285.2079,281.7904,279.2307,277.4777,276.4992,276.3127,277.0177,278.8219,282.0582,287.1846,294.7631,305.4197,319.7931,338.495,362.1151,391.3125,427.0443,294.0,473.0,370.5603,142.66340000000002,1593.9511000000002,12.896599999999978
1422,1422,1422.0,1422.0,1422.0,1422.0,1422.0,1422.0,1422.0,1422.0,1422.0,1422.0,1422.0,1422.0,1422.0,1422.0,1422.0,1422.0,1422.0,1422.0,1422.0,1422.0,1422.0,1422.0,1422.0,1422.0,1422.0,1422.0,1422.0,1422.0,1422.0,1422.0,,,,,,,,,,,,,,,,,,,,,,,,,,,,,,,,,,,,,,,,,,,,,0.2,291.2067,288.854,286.9049,285.3544,284.2331,283.6085,283.5824,284.2877,285.8832,288.5496,292.4863,297.9098,305.054,314.1752,325.5633,339.5645,356.6217,377.342,402.6101,433.7778,425.0,428.0,513.2237,61.44849999999997,1451.2877000000003,12.896599999999978
1423,1423,1423.0,1423.0,1423.0,1423.0,1423.0,1423.0,1423.0,1423.0,1423.0,1423.0,1423.0,1423.0,1423.0,1423.0,1423.0,1423.0,1423.0,1423.0,1423.0,1423.0,1423.0,1423.0,1423.0,1423.0,1423.0,1423.0,1423.0,1423.0,1423.0,1423.0,,,,,,,,,,,,,,,,,,,,,,,,,,,,,,,,,,,,,,,,,,,,,0.3,393.8788,368.3164,347.4705,330.8373,318.0456,308.7457,302.5691,299.1327,298.0638,299.0296,301.7577,306.0477,311.7743,318.8898,327.431,337.5349,349.4667,363.659,380.7671,401.7499,216.0,273.0,574.6722,43.11700000000008,1389.8392000000003,12.896599999999978
1424,1424,1424.0,1424.0,1424.0,1424.0,1424.0,1424.0,1424.0,1424.0,1424.0,1424.0,1424.0,1424.0,1424.0,1424.0,1424.0,1424.0,1424.0,1424.0,1424.0,1424.0,1424.0,1424.0,1424.0,1424.0,1424.0,1424.0,1424.0,1424.0,1424.0,1424.0,,,,,,,,,,,,,,,,,,,,,,,,,,,,,,,,,,,,,,,,,,,,,0.4,233.8492,250.0256,263.9289,275.243,283.9603,290.3404,294.8227,297.9217,300.1265,301.8215,303.2367,304.4277,305.2848,305.5665,304.955,303.1265,299.8304,294.9629,288.6227,281.1299,376.0,273.0,617.7892,145.7097,1346.7222000000002,12.896599999999978
1425,1425,1425.0,1425.0,1425.0,1425.0,1425.0,1425.0,1425.0,1425.0,1425.0,1425.0,1425.0,1425.0,1425.0,1425.0,1425.0,1425.0,1425.0,1425.0,1425.0,1425.0,1425.0,1425.0,1425.0,1425.0,1425.0,1425.0,1425.0,1425.0,1425.0,1425.0,,,,,,,,,,,,,,,,,,,,,,,,,,,,,,,,,,,,,,,,,,,,,0.5,355.5418,338.4598,324.5553,313.6663,305.5647,299.9167,296.2933,294.2127,293.1921,292.7919,292.6435,292.4594,292.0302,291.2148,289.929,288.1367,285.8432,283.0913,279.9583,276.5512,411.0,374.0,763.4989,187.3703,1201.0125,12.896599999999978
1426,1426,1426.0,1426.0,1426.0,1426.0,1426.0,1426.0,1426.0,1426.0,1426.0,1426.0,1426.0,1426.0,1426.0,1426.0,1426.0,1426.0,1426.0,1426.0,1426.0,1426.0,1426.0,1426.0,1426.0,1426.0,1426.0,1426.0,1426.0,1426.0,1426.0,1426.0,,,,,,,,,,,,,,,,,,,,,,,,,,,,,,,,,,,,,,,,,,,,,0.6,385.626,364.8691,347.8345,333.9144,322.6578,313.6966,306.709,301.41,297.5587,294.9742,293.5528,293.2828,294.2486,296.6234,300.6479,306.5979,314.7475,325.3419,338.5934,354.715,172.0,171.0,950.8692,181.9844,1013.6422,12.896599999999978
1427,1427,1427.0,1427.0,1427.0,1427.0,1427.0,1427.0,1427.0,1427.0,1427.0,1427.0,1427.0,1427.0,1427.0,1427.0,1427.0,1427.0,1427.0,1427.0,1427.0,1427.0,1427.0,1427.0,1427.0,1427.0,1427.0,1427.0,1427.0,1427.0,1427.0,1427.0,,,,,,,,,,,,,,,,,,,,,,,,,,,,,,,,,,,,,,,,,,,,,0.7,198.2553,222.111,242.6571,259.3787,272.186,281.3552,287.4104,290.9841,292.6857,292.9975,292.2032,290.3538,287.2667,282.5603,275.7197,266.1947,253.5184,237.4316,217.9857,195.593,439.0,473.0,1132.8536,313.3104000000001,831.6578000000002,12.896599999999978
1428,1428,1428.0,1428.0,1428.0,1428.0,1428.0,1428.0,1428.0,1428.0,1428.0,1428.0,1428.0,1428.0,1428.0,1428.0,1428.0,1428.0,1428.0,1428.0,1428.0,1428.0,1428.0,1428.0,1428.0,1428.0,1428.0,1428.0,1428.0,1428.0,1428.0,1428.0,,,,,,,,,,,,,,,,,,,,,,,,,,,,,,,,,,,,,,,,,,,,,0.8,402.2622,372.0107,347.3515,327.754,312.7449,301.7666,294.1597,289.2292,286.3479,285.0609,285.1654,286.7521,290.203,296.1438,305.3574,318.6736,336.8672,360.6104,390.5389,427.4921,171.0,184.0,1446.164,155.26009999999997,518.3474000000001,12.896599999999978
1429,1429,1429.0,1429.0,1429.0,1429.0,1429.0,1429.0,1429.0,1429.0,1429.0,1429.0,1429.0,1429.0,1429.0,1429.0,1429.0,1429.0,1429.0,1429.0,1429.0,1429.0,1429.0,1429.0,1429.0,1429.0,1429.0,1429.0,1429.0,1429.0,1429.0,1429.0,,,,,,,,,,,,,,,,,,,,,,,,,,,,,,,,,,,,,,,,,,,,,0.9,196.6458,219.8972,239.8603,256.0493,268.4194,277.3053,283.2973,287.0921,289.3512,290.5857,291.077,290.8364,289.6036,286.8848,282.0303,274.3502,263.2562,248.4128,229.8633,208.0936,209.0,473.0,1601.4241,363.08730000000014,363.08730000000014,12.896599999999978
1430,1430,1430.0,1430.0,1430.0,1430.0,1430.0,1430.0,1430.0,1430.0,1430.0,1430.0,1430.0,1430.0,1430.0,1430.0,1430.0,1430.0,1430.0,1430.0,1430.0,1430.0,1430.0,1430.0,1430.0,1430.0,1430.0,1430.0,1430.0,1430.0,1430.0,1430.0,,,,,,,,,,,,,,,,,,,,,,,,,,,,,,,,,,,,,,,,,,,,,0.0,273.0,273.0,273.0,273.0,273.0,273.0,273.0,273.0,273.0,273.0,273.0,273.0,273.0,273.0,273.0,273.0,273.0,273.0,273.0,273.0,308.0,472.0,0.0,370.4084,2104.3997,19.869200000000035
1431,1431,1431.0,1431.0,1431.0,1431.0,1431.0,1431.0,1431.0,1431.0,1431.0,1431.0,1431.0,1431.0,1431.0,1431.0,1431.0,1431.0,1431.0,1431.0,1431.0,1431.0,1431.0,1431.0,1431.0,1431.0,1431.0,1431.0,1431.0,1431.0,1431.0,1431.0,,,,,,,,,,,,,,,,,,,,,,,,,,,,,,,,,,,,,,,,,,,,,0.1,300.9324,294.7696,289.5272,285.2082,281.791,279.2319,277.4801,276.5037,276.3211,277.0325,278.8473,282.1003,287.2517,294.8663,305.5731,320.0138,338.8035,362.5359,391.8765,427.794,297.0,473.0,370.4084,141.2423,1733.9913,19.869200000000035
1432,1432,1432.0,1432.0,1432.0,1432.0,1432.0,1432.0,1432.0,1432.0,1432.0,1432.0,1432.0,1432.0,1432.0,1432.0,1432.0,1432.0,1432.0,1432.0,1432.0,1432.0,1432.0,1432.0,1432.0,1432.0,1432.0,1432.0,1432.0,1432.0,1432.0,1432.0,,,,,,,,,,,,,,,,,,,,,,,,,,,,,,,,,,,,,,,,,,,,,0.2,293.5955,290.7119,288.3129,286.3922,284.977,284.128,283.9383,284.5301,286.0517,288.674,292.5875,298.0014,305.1435,314.2655,325.6534,339.6509,356.6994,377.4056,402.655,433.801,473.0,327.0,511.6507,71.82909999999998,1592.749,19.869200000000035
1433,1433,1433.0,1433.0,1433.0,1433.0,1433.0,1433.0,1433.0,1433.0,1433.0,1433.0,1433.0,1433.0,1433.0,1433.0,1433.0,1433.0,1433.0,1433.0,1433.0,1433.0,1433.0,1433.0,1433.0,1433.0,1433.0,1433.0,1433.0,1433.0,1433.0,1433.0,,,,,,,,,,,,,,,,,,,,,,,,,,,,,,,,,,,,,,,,,,,,,0.3,430.2123,395.819,368.0804,346.0072,328.939,316.3192,307.5943,302.1901,299.5262,299.0398,300.2034,302.5299,305.5723,308.9261,312.2419,315.2539,317.819,319.9593,321.8927,324.0398,171.0,172.0,583.4798,142.2451000000001,1520.9199,19.869200000000035
1434,1434,1434.0,1434.0,1434.0,1434.0,1434.0,1434.0,1434.0,1434.0,1434.0,1434.0,1434.0,1434.0,1434.0,1434.0,1434.0,1434.0,1434.0,1434.0,1434.0,1434.0,1434.0,1434.0,1434.0,1434.0,1434.0,1434.0,1434.0,1434.0,1434.0,1434.0,,,,,,,,,,,,,,,,,,,,,,,,,,,,,,,,,,,,,,,,,,,,,0.4,198.8493,224.1378,245.8421,263.3948,276.7155,286.1347,292.2519,295.7723,297.3585,297.5184,296.5369,294.451,291.0627,285.9854,278.7177,268.7403,255.6271,239.1574,219.4046,196.779,417.0,472.0,725.7249,273.9622999999999,1378.6748,19.869200000000035
1435,1435,1435.0,1435.0,1435.0,1435.0,1435.0,1435.0,1435.0,1435.0,1435.0,1435.0,1435.0,1435.0,1435.0,1435.0,1435.0,1435.0,1435.0,1435.0,1435.0,1435.0,1435.0,1435.0,1435.0,1435.0,1435.0,1435.0,1435.0,1435.0,1435.0,1435.0,,,,,,,,,,,,,,,,,,,,,,,,,,,,,,,,,,,,,,,,,,,,,0.5,385.9235,360.1653,339.154,322.5212,309.8819,300.741,294.5006,290.5323,288.2789,287.3533,287.6126,289.1961,292.5227,298.2442,307.1621,320.1202,337.9045,361.1969,390.6397,427.0703,360.0,275.0,999.6872,100.0997000000001,1104.7125,19.869200000000035
1436,1436,1436.0,1436.0,1436.0,1436.0,1436.0,1436.0,1436.0,1436.0,1436.0,1436.0,1436.0,1436.0,1436.0,1436.0,1436.0,1436.0,1436.0,1436.0,1436.0,1436.0,1436.0,1436.0,1436.0,1436.0,1436.0,1436.0,1436.0,1436.0,1436.0,1436.0,,,,,,,,,,,,,,,,,,,,,,,,,,,,,,,,,,,,,,,,,,,,,0.6,346.9444,336.1583,327.1477,319.5694,313.2068,307.9443,303.7349,300.5643,298.4138,297.2262,296.8766,297.1535,297.7538,298.2956,298.3541,297.5182,295.4625,292.0205,287.2403,281.4044,374.0,275.0,1099.7869,164.49759999999992,1004.6128,19.869200000000035
1437,1437,1437.0,1437.0,1437.0,1437.0,1437.0,1437.0,1437.0,1437.0,1437.0,1437.0,1437.0,1437.0,1437.0,1437.0,1437.0,1437.0,1437.0,1437.0,1437.0,1437.0,1437.0,1437.0,1437.0,1437.0,1437.0,1437.0,1437.0,1437.0,1437.0,1437.0,,,,,,,,,,,,,,,,,,,,,,,,,,,,,,,,,,,,,,,,,,,,,0.7,357.7096,344.3276,333.3148,324.2709,316.8836,310.895,306.082,302.243,299.1921,296.7545,294.7649,293.0685,291.5223,289.9997,288.3951,286.6303,284.659,282.4701,280.0886,277.5712,172.0,174.0,1264.2845,268.1546000000001,840.1152,19.869200000000035
1438,1438,1438.0,1438.0,1438.0,1438.0,1438.0,1438.0,1438.0,1438.0,1438.0,1438.0,1438.0,1438.0,1438.0,1438.0,1438.0,1438.0,1438.0,1438.0,1438.0,1438.0,1438.0,1438.0,1438.0,1438.0,1438.0,1438.0,1438.0,1438.0,1438.0,1438.0,,,,,,,,,,,,,,,,,,,,,,,,,,,,,,,,,,,,,,,,,,,,,0.8,197.3218,220.3519,240.2566,256.5489,269.1148,278.1627,284.1215,287.521,288.8813,288.6272,287.0342,284.2059,280.078,274.4474,267.0205,257.4783,245.5521,231.0976,214.1544,194.9734,291.0,473.0,1532.4391,416.1535999999999,571.9605999999999,19.869200000000035
1439,1439,1439.0,1439.0,1439.0,1439.0,1439.0,1439.0,1439.0,1439.0,1439.0,1439.0,1439.0,1439.0,1439.0,1439.0,1439.0,1439.0,1439.0,1439.0,1439.0,1439.0,1439.0,1439.0,1439.0,1439.0,1439.0,1439.0,1439.0,1439.0,1439.0,1439.0,,,,,,,,,,,,,,,,,,,,,,,,,,,,,,,,,,,,,,,,,,,,,0.9,286.1888,282.0644,278.8349,276.5989,275.3238,274.8626,275.003,275.5358,276.3287,277.3938,278.9369,281.3841,285.3761,291.7267,301.3448,315.1346,333.9017,358.3153,388.9849,426.7132,448.0,471.0,1948.5927,155.80700000000002,155.80700000000002,19.869200000000035
1440,1440,1440.0,1440.0,1440.0,1440.0,1440.0,1440.0,1440.0,1440.0,1440.0,1440.0,1440.0,1440.0,1440.0,1440.0,1440.0,1440.0,1440.0,1440.0,1440.0,1440.0,1440.0,1440.0,1440.0,1440.0,1440.0,1440.0,1440.0,1440.0,1440.0,,,,,,,,,,,,,,,,,,,,,,,,,,,,,,,,,,,,,,,,,,,,,,0.0,273.0,273.0,273.0,273.0,273.0,273.0,273.0,273.0,273.0,273.0,273.0,273.0,273.0,273.0,273.0,273.0,273.0,273.0,273.0,273.0,327.0,329.0,0.0,403.6827,1637.9235,-20.0
1441,1441,1441.0,1441.0,1441.0,1441.0,1441.0,1441.0,1441.0,1441.0,1441.0,1441.0,1441.0,1441.0,1441.0,1441.0,1441.0,1441.0,1441.0,1441.0,1441.0,1441.0,1441.0,1441.0,1441.0,1441.0,1441.0,1441.0,1441.0,1441.0,1441.0,,,,,,,,,,,,,,,,,,,,,,,,,,,,,,,,,,,,,,,,,,,,,,0.1,315.9841,306.4415,298.3479,291.6724,286.3486,282.2654,279.277,277.2233,275.9563,275.3635,275.3863,276.0289,277.3586,279.4964,282.5987,286.8332,292.3525,299.2728,307.665,317.5641,323.0,473.0,403.6827,249.08239999999995,1234.2408,-11.784600000000012
1442,1442,1442.0,1442.0,1442.0,1442.0,1442.0,1442.0,1442.0,1442.0,1442.0,1442.0,1442.0,1442.0,1442.0,1442.0,1442.0,1442.0,1442.0,1442.0,1442.0,1442.0,1442.0,1442.0,1442.0,1442.0,1442.0,1442.0,1442.0,1442.0,1442.0,,,,,,,,,,,,,,,,,,,,,,,,,,,,,,,,,,,,,,,,,,,,,,0.2,314.6938,307.5767,301.5003,296.3608,292.0914,288.658,286.0597,284.3335,283.5635,283.8936,285.5403,288.8021,294.0605,301.7692,312.4327,326.5806,344.7553,367.5397,395.6572,430.1923,301.0,405.0,652.7651,85.79600000000005,985.1584,-6.541999999999973
1443,1443,1443.0,1443.0,1443.0,1443.0,1443.0,1443.0,1443.0,1443.0,1443.0,1443.0,1443.0,1443.0,1443.0,1443.0,1443.0,1443.0,1443.0,1443.0,1443.0,1443.0,1443.0,1443.0,1443.0,1443.0,1443.0,1443.0,1443.0,1443.0,1443.0,,,,,,,,,,,,,,,,,,,,,,,,,,,,,,,,,,,,,,,,,,,,,,0.3,298.0441,295.6418,293.6879,292.1234,290.9408,290.1817,289.9287,290.2924,291.3971,293.3654,296.3069,300.3101,305.4428,311.7604,319.3263,328.2426,338.6904,350.9771,365.5884,383.2483,320.0,272.0,738.5611,78.64139999999998,899.3624000000001,-6.268300000000011
1444,1444,1444.0,1444.0,1444.0,1444.0,1444.0,1444.0,1444.0,1444.0,1444.0,1444.0,1444.0,1444.0,1444.0,1444.0,1444.0,1444.0,1444.0,1444.0,1444.0,1444.0,1444.0,1444.0,1444.0,1444.0,1444.0,1444.0,1444.0,1444.0,1444.0,,,,,,,,,,,,,,,,,,,,,,,,,,,,,,,,,,,,,,,,,,,,,,0.4,313.0222,307.2248,302.5335,298.8901,296.2375,294.5112,293.6343,293.5131,294.0321,295.0456,296.3682,297.7673,298.9616,299.6318,299.4467,298.1057,295.3922,291.2283,285.7165,279.1525,274.0,370.0,817.2025,144.57900000000006,820.7210000000001,-3.288800000000037
1445,1445,1445.0,1445.0,1445.0,1445.0,1445.0,1445.0,1445.0,1445.0,1445.0,1445.0,1445.0,1445.0,1445.0,1445.0,1445.0,1445.0,1445.0,1445.0,1445.0,1445.0,1445.0,1445.0,1445.0,1445.0,1445.0,1445.0,1445.0,1445.0,1445.0,,,,,,,,,,,,,,,,,,,,,,,,,,,,,,,,,,,,,,,,,,,,,,0.5,277.1363,280.1117,282.7762,285.034,286.8524,288.2586,289.3274,290.1663,290.9043,291.6869,292.6791,294.0743,296.1024,299.0329,303.1676,308.8236,316.3103,325.9099,337.8766,352.4653,349.0,274.0,961.7815,144.43239999999992,676.142,-10.9914
1446,1446,1446.0,1446.0,1446.0,1446.0,1446.0,1446.0,1446.0,1446.0,1446.0,1446.0,1446.0,1446.0,1446.0,1446.0,1446.0,1446.0,1446.0,1446.0,1446.0,1446.0,1446.0,1446.0,1446.0,1446.0,1446.0,1446.0,1446.0,1446.0,1446.0,,,,,,,,,,,,,,,,,,,,,,,,,,,,,,,,,,,,,,,,,,,,,,0.6,335.0926,323.3875,313.7533,306.0793,300.2287,296.0203,293.2318,291.6151,290.9151,290.8816,291.2733,291.8537,292.3855,292.6287,292.3501,291.3442,289.4649,286.66,282.9979,278.6754,192.0,473.0,1106.2139,185.9713,531.7096000000001,-4.779699999999991
1447,1447,1447.0,1447.0,1447.0,1447.0,1447.0,1447.0,1447.0,1447.0,1447.0,1447.0,1447.0,1447.0,1447.0,1447.0,1447.0,1447.0,1447.0,1447.0,1447.0,1447.0,1447.0,1447.0,1447.0,1447.0,1447.0,1447.0,1447.0,1447.0,1447.0,,,,,,,,,,,,,,,,,,,,,,,,,,,,,,,,,,,,,,,,,,,,,,0.7,211.6386,229.4536,244.8858,257.6254,267.6374,275.1345,280.5157,284.2965,287.049,289.3663,291.8508,295.1207,299.8208,306.6262,316.2308,329.323,346.5671,368.6193,396.2217,430.423,429.0,348.0,1292.1852,117.05410000000006,345.7383000000002,-27.315499999999982
1448,1448,1448.0,1448.0,1448.0,1448.0,1448.0,1448.0,1448.0,1448.0,1448.0,1448.0,1448.0,1448.0,1448.0,1448.0,1448.0,1448.0,1448.0,1448.0,1448.0,1448.0,1448.0,1448.0,1448.0,1448.0,1448.0,1448.0,1448.0,1448.0,1448.0,,,,,,,,,,,,,,,,,,,,,,,,,,,,,,,,,,,,,,,,,,,,,,0.8,394.5249,366.0181,342.7892,324.4576,310.6862,301.0518,295.0203,291.9857,291.3351,292.5063,295.0213,298.4932,302.6158,307.1498,311.9176,316.8135,321.8294,327.0876,332.8699,339.632,173.0,423.0,1409.2393,92.4919,228.6842000000001,-3.1481999999999744
1449,1449,1449.0,1449.0,1449.0,1449.0,1449.0,1449.0,1449.0,1449.0,1449.0,1449.0,1449.0,1449.0,1449.0,1449.0,1449.0,1449.0,1449.0,1449.0,1449.0,1449.0,1449.0,1449.0,1449.0,1449.0,1449.0,1449.0,1449.0,1449.0,1449.0,,,,,,,,,,,,,,,,,,,,,,,,,,,,,,,,,,,,,,,,,,,,,,0.9,198.2197,221.1267,240.8851,257.0451,269.5757,278.8097,285.3352,289.8698,293.1518,295.8649,298.6027,301.8667,306.0859,311.6457,318.9142,328.2636,340.0881,354.8291,373.0229,395.391,295.0,271.0,1501.7312,136.19230000000016,136.19230000000016,-27.24029999999999
1450,1450,1450.0,1450.0,1450.0,1450.0,1450.0,1450.0,1450.0,1450.0,1450.0,1450.0,1450.0,1450.0,1450.0,1450.0,1450.0,1450.0,1450.0,1450.0,1450.0,1450.0,1450.0,1450.0,1450.0,1450.0,1450.0,1450.0,1450.0,1450.0,1450.0,,,,,,,,,,,,,,,,,,,,,,,,,,,,,,,,,,,,,,,,,,,,,,0.0,273.0,273.0,273.0,273.0,273.0,273.0,273.0,273.0,273.0,273.0,273.0,273.0,273.0,273.0,273.0,273.0,273.0,273.0,273.0,273.0,329.0,329.0,0.0,403.1299,1541.4577,8.996000000000038
1451,1451,1451.0,1451.0,1451.0,1451.0,1451.0,1451.0,1451.0,1451.0,1451.0,1451.0,1451.0,1451.0,1451.0,1451.0,1451.0,1451.0,1451.0,1451.0,1451.0,1451.0,1451.0,1451.0,1451.0,1451.0,1451.0,1451.0,1451.0,1451.0,1451.0,,,,,,,,,,,,,,,,,,,,,,,,,,,,,,,,,,,,,,,,,,,,,,0.1,317.5641,307.6652,299.2731,292.3531,286.8344,282.6012,279.5013,277.3681,276.0464,275.4177,275.4177,276.0464,277.3681,279.5013,282.6012,286.8344,292.3531,299.2731,307.6652,317.5641,418.0,473.0,403.1299,243.7628,1138.3278,8.996000000000038
1452,1452,1452.0,1452.0,1452.0,1452.0,1452.0,1452.0,1452.0,1452.0,1452.0,1452.0,1452.0,1452.0,1452.0,1452.0,1452.0,1452.0,1452.0,1452.0,1452.0,1452.0,1452.0,1452.0,1452.0,1452.0,1452.0,1452.0,1452.0,1452.0,1452.0,,,,,,,,,,,,,,,,,,,,,,,,,,,,,,,,,,,,,,,,,,,,,,0.2,388.6216,364.3049,344.1834,327.7119,314.4952,304.196,296.5008,291.1248,287.8378,286.4972,287.0765,289.6812,294.5494,302.0341,312.573,326.6535,344.7926,367.5584,395.6662,430.1959,171.0,471.0,646.8927,85.2781,894.5649999999999,8.996000000000038
1453,1453,1453.0,1453.0,1453.0,1453.0,1453.0,1453.0,1453.0,1453.0,1453.0,1453.0,1453.0,1453.0,1453.0,1453.0,1453.0,1453.0,1453.0,1453.0,1453.0,1453.0,1453.0,1453.0,1453.0,1453.0,1453.0,1453.0,1453.0,1453.0,1453.0,,,,,,,,,,,,,,,,,,,,,,,,,,,,,,,,,,,,,,,,,,,,,,0.3,196.6144,219.8701,239.9041,256.2553,268.9018,278.2101,284.8269,289.5516,293.221,296.6233,300.4487,305.2732,311.5685,319.7304,330.118,343.1032,359.1318,378.8039,402.9912,433.022,357.0,272.0,732.1708,90.59820000000002,809.2869,8.996000000000038
1454,1454,1454.0,1454.0,1454.0,1454.0,1454.0,1454.0,1454.0,1454.0,1454.0,1454.0,1454.0,1454.0,1454.0,1454.0,1454.0,1454.0,1454.0,1454.0,1454.0,1454.0,1454.0,1454.0,1454.0,1454.0,1454.0,1454.0,1454.0,1454.0,1454.0,,,,,,,,,,,,,,,,,,,,,,,,,,,,,,,,,,,,,,,,,,,,,,0.4,338.8486,323.5043,311.0769,301.6308,295.0959,291.2415,289.6995,290.017,291.7108,294.3059,297.3504,300.4095,303.0525,304.8465,305.37,304.2511,301.2276,296.2152,289.3643,281.0813,264.0,446.0,822.769,116.80200000000002,718.6886999999999,8.996000000000038
1455,1455,1455.0,1455.0,1455.0,1455.0,1455.0,1455.0,1455.0,1455.0,1455.0,1455.0,1455.0,1455.0,1455.0,1455.0,1455.0,1455.0,1455.0,1455.0,1455.0,1455.0,1455.0,1455.0,1455.0,1455.0,1455.0,1455.0,1455.0,1455.0,1455.0,,,,,,,,,,,,,,,,,,,,,,,,,,,,,,,,,,,,,,,,,,,,,,0.5,269.4878,274.5299,278.9197,282.5446,285.4006,287.5826,289.2613,290.6549,292.0083,293.5865,295.6817,298.6296,302.8263,308.7349,316.876,327.8051,342.0874,360.2948,383.056,411.1944,360.0,271.0,939.571,85.57270000000005,601.8866999999999,8.996000000000038
1456,1456,1456.0,1456.0,1456.0,1456.0,1456.0,1456.0,1456.0,1456.0,1456.0,1456.0,1456.0,1456.0,1456.0,1456.0,1456.0,1456.0,1456.0,1456.0,1456.0,1456.0,1456.0,1456.0,1456.0,1456.0,1456.0,1456.0,1456.0,1456.0,1456.0,,,,,,,,,,,,,,,,,,,,,,,,,,,,,,,,,,,,,,,,,,,,,,0.6,343.5586,329.77,318.4818,309.5779,302.915,298.2951,295.4667,294.1415,294.0133,294.7694,296.0904,297.6417,299.0646,299.9773,299.9929,298.7602,296.0198,291.6665,285.7993,278.7387,188.0,473.0,1025.1437,145.26769999999988,516.3139999999999,8.996000000000038
1457,1457,1457.0,1457.0,1457.0,1457.0,1457.0,1457.0,1457.0,1457.0,1457.0,1457.0,1457.0,1457.0,1457.0,1457.0,1457.0,1457.0,1457.0,1457.0,1457.0,1457.0,1457.0,1457.0,1457.0,1457.0,1457.0,1457.0,1457.0,1457.0,1457.0,,,,,,,,,,,,,,,,,,,,,,,,,,,,,,,,,,,,,,,,,,,,,,0.7,208.9076,227.9029,244.3817,258.0112,268.7557,276.8439,282.6999,286.8649,289.9305,292.4989,295.1705,298.5519,303.2712,309.9867,319.3809,332.1405,348.9401,370.458,397.4667,431.047,416.0,273.0,1170.4114,112.7364,371.0463,8.996000000000038
1458,1458,1458.0,1458.0,1458.0,1458.0,1458.0,1458.0,1458.0,1458.0,1458.0,1458.0,1458.0,1458.0,1458.0,1458.0,1458.0,1458.0,1458.0,1458.0,1458.0,1458.0,1458.0,1458.0,1458.0,1458.0,1458.0,1458.0,1458.0,1458.0,1458.0,,,,,,,,,,,,,,,,,,,,,,,,,,,,,,,,,,,,,,,,,,,,,,0.8,384.7006,358.7112,337.5354,320.8927,308.4964,299.9482,294.7239,292.2138,291.7821,292.8163,294.7503,297.064,299.2692,300.8976,301.5079,300.716,298.2476,294.0011,288.0985,280.9051,174.0,467.0,1283.1478,138.47019999999998,258.3099,8.996000000000038
1459,1459,1459.0,1459.0,1459.0,1459.0,1459.0,1459.0,1459.0,1459.0,1459.0,1459.0,1459.0,1459.0,1459.0,1459.0,1459.0,1459.0,1459.0,1459.0,1459.0,1459.0,1459.0,1459.0,1459.0,1459.0,1459.0,1459.0,1459.0,1459.0,1459.0,,,,,,,,,,,,,,,,,,,,,,,,,,,,,,,,,,,,,,,,,,,,,,0.9,198.6628,221.0597,240.3827,256.1895,268.4351,277.422,283.7004,287.9559,290.9148,293.2848,295.7334,298.896,303.3969,309.8677,318.9522,331.2952,347.5327,368.3079,394.3543,426.6913,368.0,273.0,1421.618,119.8397,119.8397,8.996000000000038
1460,1460,1460.0,1460.0,1460.0,1460.0,1460.0,1460.0,1460.0,1460.0,1460.0,1460.0,1460.0,1460.0,1460.0,1460.0,1460.0,1460.0,1460.0,1460.0,1460.0,1460.0,1460.0,1460.0,1460.0,1460.0,1460.0,1460.0,1460.0,1460.0,1460.0,,,,,,,,,,,,,,,,,,,,,,,,,,,,,,,,,,,,,,,,,,,,,,0.0,273.0,273.0,273.0,273.0,273.0,273.0,273.0,273.0,273.0,273.0,273.0,273.0,273.0,273.0,273.0,273.0,273.0,273.0,273.0,273.0,329.0,331.0,0.0,402.34,1531.5162,8.710800000000006
1461,1461,1461.0,1461.0,1461.0,1461.0,1461.0,1461.0,1461.0,1461.0,1461.0,1461.0,1461.0,1461.0,1461.0,1461.0,1461.0,1461.0,1461.0,1461.0,1461.0,1461.0,1461.0,1461.0,1461.0,1461.0,1461.0,1461.0,1461.0,1461.0,1461.0,,,,,,,,,,,,,,,,,,,,,,,,,,,,,,,,,,,,,,,,,,,,,,0.1,317.5642,307.6653,299.2733,292.3536,286.8356,282.6037,279.5062,277.3775,276.064,275.4491,275.4718,276.1365,277.5127,279.7254,282.9366,287.3197,293.0329,300.1973,308.8877,319.1432,416.0,473.0,402.34,241.3466,1129.1762,8.710800000000006
1462,1462,1462.0,1462.0,1462.0,1462.0,1462.0,1462.0,1462.0,1462.0,1462.0,1462.0,1462.0,1462.0,1462.0,1462.0,1462.0,1462.0,1462.0,1462.0,1462.0,1462.0,1462.0,1462.0,1462.0,1462.0,1462.0,1462.0,1462.0,1462.0,1462.0,,,,,,,,,,,,,,,,,,,,,,,,,,,,,,,,,,,,,,,,,,,,,,0.2,387.0941,363.1481,343.3228,327.0889,314.0613,303.9108,296.3315,291.0455,287.8293,286.5459,287.1726,289.817,294.7172,302.225,312.7754,326.8537,344.9756,367.7094,395.7732,430.2511,172.0,471.0,643.6866,84.76009999999997,887.8296,8.710800000000006
1463,1463,1463.0,1463.0,1463.0,1463.0,1463.0,1463.0,1463.0,1463.0,1463.0,1463.0,1463.0,1463.0,1463.0,1463.0,1463.0,1463.0,1463.0,1463.0,1463.0,1463.0,1463.0,1463.0,1463.0,1463.0,1463.0,1463.0,1463.0,1463.0,1463.0,,,,,,,,,,,,,,,,,,,,,,,,,,,,,,,,,,,,,,,,,,,,,,0.3,197.3677,220.3978,240.2398,256.4398,268.9777,278.2168,284.7975,289.5113,293.1871,296.6057,300.4514,305.2958,311.6076,319.7808,330.1738,343.1588,359.1819,378.8445,403.0195,433.0364,360.0,271.0,728.4467,89.88880000000006,803.0695000000001,8.710800000000006
1464,1464,1464.0,1464.0,1464.0,1464.0,1464.0,1464.0,1464.0,1464.0,1464.0,1464.0,1464.0,1464.0,1464.0,1464.0,1464.0,1464.0,1464.0,1464.0,1464.0,1464.0,1464.0,1464.0,1464.0,1464.0,1464.0,1464.0,1464.0,1464.0,1464.0,,,,,,,,,,,,,,,,,,,,,,,,,,,,,,,,,,,,,,,,,,,,,,0.4,341.2185,325.3536,312.4947,302.6939,295.8729,291.7935,290.0798,290.2701,291.8719,294.4011,297.3966,300.4151,303.0182,304.7658,305.2299,304.0328,300.9075,295.7666,288.7587,280.291,260.0,452.0,818.3355,116.74209999999994,713.1807,8.710800000000006
1465,1465,1465.0,1465.0,1465.0,1465.0,1465.0,1465.0,1465.0,1465.0,1465.0,1465.0,1465.0,1465.0,1465.0,1465.0,1465.0,1465.0,1465.0,1465.0,1465.0,1465.0,1465.0,1465.0,1465.0,1465.0,1465.0,1465.0,1465.0,1465.0,1465.0,,,,,,,,,,,,,,,,,,,,,,,,,,,,,,,,,,,,,,,,,,,,,,0.5,266.3891,272.2318,277.3025,281.4791,284.7587,287.2474,289.1342,290.6601,292.0948,293.7281,295.8764,298.899,303.2156,309.3124,317.7332,329.0561,343.8686,362.7677,386.416,415.6944,362.0,272.0,935.0776,83.10450000000003,596.4386000000001,8.710800000000006
1466,1466,1466.0,1466.0,1466.0,1466.0,1466.0,1466.0,1466.0,1466.0,1466.0,1466.0,1466.0,1466.0,1466.0,1466.0,1466.0,1466.0,1466.0,1466.0,1466.0,1466.0,1466.0,1466.0,1466.0,1466.0,1466.0,1466.0,1466.0,1466.0,1466.0,,,,,,,,,,,,,,,,,,,,,,,,,,,,,,,,,,,,,,,,,,,,,,0.6,345.0285,330.7977,319.1527,309.9771,303.1248,298.3914,295.5151,294.1954,294.1135,294.945,296.3607,298.0177,299.5504,300.5701,300.6842,299.536,296.863,292.5599,286.7295,279.7005,188.0,473.0,1018.1821,141.85220000000004,513.3341,8.710800000000006
1467,1467,1467.0,1467.0,1467.0,1467.0,1467.0,1467.0,1467.0,1467.0,1467.0,1467.0,1467.0,1467.0,1467.0,1467.0,1467.0,1467.0,1467.0,1467.0,1467.0,1467.0,1467.0,1467.0,1467.0,1467.0,1467.0,1467.0,1467.0,1467.0,1467.0,,,,,,,,,,,,,,,,,,,,,,,,,,,,,,,,,,,,,,,,,,,,,,0.7,208.9586,228.0002,244.5174,258.1763,268.9416,277.0445,282.9125,287.0893,290.169,292.7543,295.4448,298.8447,303.5786,310.3007,319.6896,332.4291,349.1928,370.6603,397.607,431.1184,401.0,272.0,1160.0343,111.90550000000007,371.4819,8.710800000000006
1468,1468,1468.0,1468.0,1468.0,1468.0,1468.0,1468.0,1468.0,1468.0,1468.0,1468.0,1468.0,1468.0,1468.0,1468.0,1468.0,1468.0,1468.0,1468.0,1468.0,1468.0,1468.0,1468.0,1468.0,1468.0,1468.0,1468.0,1468.0,1468.0,1468.0,,,,,,,,,,,,,,,,,,,,,,,,,,,,,,,,,,,,,,,,,,,,,,0.8,373.17,349.9283,330.9656,316.1035,305.1174,297.6573,293.2447,291.3171,291.2854,292.5801,294.6716,297.0682,299.3013,300.9154,301.4758,300.6013,298.018,293.6243,287.5426,280.1403,177.0,473.0,1271.9398,142.1969999999999,259.5763999999999,8.710800000000006
1469,1469,1469.0,1469.0,1469.0,1469.0,1469.0,1469.0,1469.0,1469.0,1469.0,1469.0,1469.0,1469.0,1469.0,1469.0,1469.0,1469.0,1469.0,1469.0,1469.0,1469.0,1469.0,1469.0,1469.0,1469.0,1469.0,1469.0,1469.0,1469.0,1469.0,,,,,,,,,,,,,,,,,,,,,,,,,,,,,,,,,,,,,,,,,,,,,,0.9,200.6157,222.0628,240.5956,255.8069,267.6586,276.4358,282.6563,286.967,290.0574,292.6062,295.2629,298.6568,303.4173,310.1903,319.6395,332.4339,349.2357,370.7189,397.6597,431.1489,394.0,272.0,1414.1368,117.37940000000005,117.37940000000005,8.710800000000006
1470,1470,1470.0,1470.0,1470.0,1470.0,1470.0,1470.0,1470.0,1470.0,1470.0,1470.0,1470.0,1470.0,1470.0,1470.0,1470.0,1470.0,1470.0,1470.0,1470.0,1470.0,1470.0,1470.0,1470.0,1470.0,1470.0,1470.0,1470.0,1470.0,1470.0,,,,,,,,,,,,,,,,,,,,,,,,,,,,,,,,,,,,,,,,,,,,,,0.0,273.0,273.0,273.0,273.0,273.0,273.0,273.0,273.0,273.0,273.0,273.0,273.0,273.0,273.0,273.0,273.0,273.0,273.0,273.0,273.0,328.0,330.0,0.0,403.0091,1597.5526,9.21640000000002
1471,1471,1471.0,1471.0,1471.0,1471.0,1471.0,1471.0,1471.0,1471.0,1471.0,1471.0,1471.0,1471.0,1471.0,1471.0,1471.0,1471.0,1471.0,1471.0,1471.0,1471.0,1471.0,1471.0,1471.0,1471.0,1471.0,1471.0,1471.0,1471.0,1471.0,,,,,,,,,,,,,,,,,,,,,,,,,,,,,,,,,,,,,,,,,,,,,,0.1,316.7743,307.0535,298.8107,292.0131,286.5922,282.4346,279.3916,277.3004,276.0101,275.4063,275.4291,276.0827,277.4357,279.6109,282.7677,287.0765,292.6928,299.7352,308.2765,318.3538,420.0,472.0,403.0091,243.3216,1194.5435,9.21640000000002
1472,1472,1472.0,1472.0,1472.0,1472.0,1472.0,1472.0,1472.0,1472.0,1472.0,1472.0,1472.0,1472.0,1472.0,1472.0,1472.0,1472.0,1472.0,1472.0,1472.0,1472.0,1472.0,1472.0,1472.0,1472.0,1472.0,1472.0,1472.0,1472.0,1472.0,,,,,,,,,,,,,,,,,,,,,,,,,,,,,,,,,,,,,,,,,,,,,,0.2,390.1214,365.4099,344.9745,328.2565,314.8521,304.4164,296.6283,291.1943,287.8753,286.5202,287.094,289.6947,294.553,302.0154,312.5134,326.529,344.5748,367.2143,395.1577,429.4755,171.0,471.0,646.3307,85.18510000000003,951.2219,9.21640000000002
1473,1473,1473.0,1473.0,1473.0,1473.0,1473.0,1473.0,1473.0,1473.0,1473.0,1473.0,1473.0,1473.0,1473.0,1473.0,1473.0,1473.0,1473.0,1473.0,1473.0,1473.0,1473.0,1473.0,1473.0,1473.0,1473.0,1473.0,1473.0,1473.0,1473.0,,,,,,,,,,,,,,,,,,,,,,,,,,,,,,,,,,,,,,,,,,,,,,0.3,196.6699,219.9743,240.0453,256.4188,269.0728,278.3753,284.9757,289.6769,293.3187,296.6922,300.4895,305.2882,311.5613,319.7055,330.0807,343.0595,359.0878,378.7653,402.9628,433.007,354.0,274.0,731.5158,90.26440000000002,866.0368,9.21640000000002
1474,1474,1474.0,1474.0,1474.0,1474.0,1474.0,1474.0,1474.0,1474.0,1474.0,1474.0,1474.0,1474.0,1474.0,1474.0,1474.0,1474.0,1474.0,1474.0,1474.0,1474.0,1474.0,1474.0,1474.0,1474.0,1474.0,1474.0,1474.0,1474.0,1474.0,,,,,,,,,,,,,,,,,,,,,,,,,,,,,,,,,,,,,,,,,,,,,,0.4,336.5112,321.7189,309.7493,300.6765,294.4378,290.8104,289.4358,289.872,291.6481,294.3013,297.3917,300.4958,303.194,305.0639,305.6943,304.7227,301.8949,297.1327,290.5888,282.6683,283.0,413.0,821.7802,115.26139999999998,775.7724,9.21640000000002
1475,1475,1475.0,1475.0,1475.0,1475.0,1475.0,1475.0,1475.0,1475.0,1475.0,1475.0,1475.0,1475.0,1475.0,1475.0,1475.0,1475.0,1475.0,1475.0,1475.0,1475.0,1475.0,1475.0,1475.0,1475.0,1475.0,1475.0,1475.0,1475.0,1475.0,,,,,,,,,,,,,,,,,,,,,,,,,,,,,,,,,,,,,,,,,,,,,,0.5,284.5712,286.162,287.6081,288.8118,289.751,290.4725,291.0743,291.6862,292.4562,293.5474,295.1465,297.4801,300.8296,305.5383,312.0048,320.6626,331.9546,346.3196,364.2114,386.1748,324.0,274.0,937.0416,99.22710000000006,660.511,9.21640000000002
1476,1476,1476.0,1476.0,1476.0,1476.0,1476.0,1476.0,1476.0,1476.0,1476.0,1476.0,1476.0,1476.0,1476.0,1476.0,1476.0,1476.0,1476.0,1476.0,1476.0,1476.0,1476.0,1476.0,1476.0,1476.0,1476.0,1476.0,1476.0,1476.0,1476.0,,,,,,,,,,,,,,,,,,,,,,,,,,,,,,,,,,,,,,,,,,,,,,0.6,315.8538,309.0451,303.5157,299.2106,296.0579,293.9625,292.8071,292.4581,292.7693,293.5801,294.7082,295.9404,297.0256,297.6794,297.6037,296.523,294.2348,290.6617,285.8927,280.1968,254.0,420.0,1036.2687,151.3768,561.2838999999999,9.21640000000002
1477,1477,1477.0,1477.0,1477.0,1477.0,1477.0,1477.0,1477.0,1477.0,1477.0,1477.0,1477.0,1477.0,1477.0,1477.0,1477.0,1477.0,1477.0,1477.0,1477.0,1477.0,1477.0,1477.0,1477.0,1477.0,1477.0,1477.0,1477.0,1477.0,1477.0,,,,,,,,,,,,,,,,,,,,,,,,,,,,,,,,,,,,,,,,,,,,,,0.7,261.1081,267.5935,273.2512,277.9637,281.7152,284.5857,286.7328,288.3675,289.7366,291.1137,292.8027,295.1465,298.5373,303.4167,310.2642,319.5719,331.8184,347.4577,366.9483,390.8483,399.0,273.0,1187.6455,119.18139999999994,409.9070999999999,9.21640000000002
1478,1478,1478.0,1478.0,1478.0,1478.0,1478.0,1478.0,1478.0,1478.0,1478.0,1478.0,1478.0,1478.0,1478.0,1478.0,1478.0,1478.0,1478.0,1478.0,1478.0,1478.0,1478.0,1478.0,1478.0,1478.0,1478.0,1478.0,1478.0,1478.0,1478.0,,,,,,,,,,,,,,,,,,,,,,,,,,,,,,,,,,,,,,,,,,,,,,0.8,373.3324,351.9878,334.5054,320.588,309.9576,302.2844,297.1727,294.1812,292.8548,292.7514,293.4528,294.5628,295.6975,296.4813,296.5553,295.6056,293.406,289.8672,285.0759,279.3073,171.0,462.0,1306.8269,158.40969999999993,290.7257,9.21640000000002
1479,1479,1479.0,1479.0,1479.0,1479.0,1479.0,1479.0,1479.0,1479.0,1479.0,1479.0,1479.0,1479.0,1479.0,1479.0,1479.0,1479.0,1479.0,1479.0,1479.0,1479.0,1479.0,1479.0,1479.0,1479.0,1479.0,1479.0,1479.0,1479.0,1479.0,,,,,,,,,,,,,,,,,,,,,,,,,,,,,,,,,,,,,,,,,,,,,,0.9,196.1256,218.9597,238.683,254.8394,267.368,276.556,282.9417,287.2052,290.0763,292.2749,294.4883,297.3758,301.5856,307.7691,316.5805,328.6637,344.639,365.1168,390.7764,422.5541,365.0,275.0,1465.2366,132.31600000000003,132.31600000000003,9.21640000000002
1480,1480,1480.0,1480.0,1480.0,1480.0,1480.0,1480.0,1480.0,1480.0,1480.0,1480.0,1480.0,1480.0,1480.0,1480.0,1480.0,1480.0,1480.0,1480.0,1480.0,1480.0,1480.0,1480.0,1480.0,1480.0,1480.0,1480.0,1480.0,1480.0,1480.0,,,,,,,,,,,,,,,,,,,,,,,,,,,,,,,,,,,,,,,,,,,,,,0.0,273.0,273.0,273.0,273.0,273.0,273.0,273.0,273.0,273.0,273.0,273.0,273.0,273.0,273.0,273.0,273.0,273.0,273.0,273.0,273.0,328.0,331.0,0.0,402.615,1529.3396,9.072900000000004
1481,1481,1481.0,1481.0,1481.0,1481.0,1481.0,1481.0,1481.0,1481.0,1481.0,1481.0,1481.0,1481.0,1481.0,1481.0,1481.0,1481.0,1481.0,1481.0,1481.0,1481.0,1481.0,1481.0,1481.0,1481.0,1481.0,1481.0,1481.0,1481.0,1481.0,,,,,,,,,,,,,,,,,,,,,,,,,,,,,,,,,,,,,,,,,,,,,,0.1,316.7743,307.0536,298.8108,292.0134,286.5928,282.4358,279.3941,277.3051,276.0189,275.422,275.4561,276.1277,277.508,279.723,282.9354,287.3191,293.0326,300.1972,308.8877,319.1432,419.0,471.0,402.615,242.1942,1126.7246,9.072900000000004
1482,1482,1482.0,1482.0,1482.0,1482.0,1482.0,1482.0,1482.0,1482.0,1482.0,1482.0,1482.0,1482.0,1482.0,1482.0,1482.0,1482.0,1482.0,1482.0,1482.0,1482.0,1482.0,1482.0,1482.0,1482.0,1482.0,1482.0,1482.0,1482.0,1482.0,,,,,,,,,,,,,,,,,,,,,,,,,,,,,,,,,,,,,,,,,,,,,,0.2,389.3583,364.8323,344.5448,327.9453,314.6349,304.2729,296.5415,291.1503,287.863,286.5301,287.1172,289.7214,294.5713,302.0097,312.4641,326.412,344.3619,366.8732,394.6508,428.7556,173.0,471.0,644.8092,84.93129999999996,884.5304,9.072900000000004
1483,1483,1483.0,1483.0,1483.0,1483.0,1483.0,1483.0,1483.0,1483.0,1483.0,1483.0,1483.0,1483.0,1483.0,1483.0,1483.0,1483.0,1483.0,1483.0,1483.0,1483.0,1483.0,1483.0,1483.0,1483.0,1483.0,1483.0,1483.0,1483.0,1483.0,,,,,,,,,,,,,,,,,,,,,,,,,,,,,,,,,,,,,,,,,,,,,,0.3,198.2647,221.1949,240.9384,257.0408,269.4821,278.6264,285.1156,289.7425,293.3372,296.6818,300.4615,305.2491,311.5147,319.6539,330.0266,343.0059,359.0384,378.7241,402.9334,432.9918,359.0,272.0,729.7405,88.56129999999996,799.5991,9.072900000000004
1484,1484,1484.0,1484.0,1484.0,1484.0,1484.0,1484.0,1484.0,1484.0,1484.0,1484.0,1484.0,1484.0,1484.0,1484.0,1484.0,1484.0,1484.0,1484.0,1484.0,1484.0,1484.0,1484.0,1484.0,1484.0,1484.0,1484.0,1484.0,1484.0,1484.0,,,,,,,,,,,,,,,,,,,,,,,,,,,,,,,,,,,,,,,,,,,,,,0.4,340.4915,324.8576,312.1893,302.539,295.8294,291.8251,290.1553,290.3649,291.9689,294.4907,297.4765,300.4898,303.0982,304.8671,305.3734,304.244,301.2154,296.2023,289.3538,281.0755,262.0,449.0,818.3018,115.74620000000004,711.0378000000001,9.072900000000004
1485,1485,1485.0,1485.0,1485.0,1485.0,1485.0,1485.0,1485.0,1485.0,1485.0,1485.0,1485.0,1485.0,1485.0,1485.0,1485.0,1485.0,1485.0,1485.0,1485.0,1485.0,1485.0,1485.0,1485.0,1485.0,1485.0,1485.0,1485.0,1485.0,1485.0,,,,,,,,,,,,,,,,,,,,,,,,,,,,,,,,,,,,,,,,,,,,,,0.5,267.9781,273.4569,278.2177,282.1418,285.2248,287.5676,289.351,290.8061,292.192,293.7877,295.8987,298.8735,303.1203,309.1137,317.3854,328.5015,343.0378,361.5784,384.769,413.4617,360.0,274.0,934.048,83.16359999999997,595.2916,9.072900000000004
1486,1486,1486.0,1486.0,1486.0,1486.0,1486.0,1486.0,1486.0,1486.0,1486.0,1486.0,1486.0,1486.0,1486.0,1486.0,1486.0,1486.0,1486.0,1486.0,1486.0,1486.0,1486.0,1486.0,1486.0,1486.0,1486.0,1486.0,1486.0,1486.0,1486.0,,,,,,,,,,,,,,,,,,,,,,,,,,,,,,,,,,,,,,,,,,,,,,0.6,343.5282,329.7144,318.4107,309.5043,302.8532,298.259,295.469,294.1932,294.1245,294.9503,296.3532,298.0022,299.5438,300.6025,300.799,299.7897,297.3226,293.2993,287.8234,281.2184,187.0,472.0,1017.2116,141.87770000000012,512.128,9.072900000000004
1487,1487,1487.0,1487.0,1487.0,1487.0,1487.0,1487.0,1487.0,1487.0,1487.0,1487.0,1487.0,1487.0,1487.0,1487.0,1487.0,1487.0,1487.0,1487.0,1487.0,1487.0,1487.0,1487.0,1487.0,1487.0,1487.0,1487.0,1487.0,1487.0,1487.0,,,,,,,,,,,,,,,,,,,,,,,,,,,,,,,,,,,,,,,,,,,,,,0.7,208.0983,227.2712,243.91,257.6798,268.5449,276.7363,282.6814,286.9246,290.0601,292.6912,295.4171,298.8404,303.5834,310.2965,319.6535,332.3332,349.0045,370.3427,397.1185,430.4086,409.0,275.0,1159.0893,112.26229999999988,370.2502999999999,9.072900000000004
1488,1488,1488.0,1488.0,1488.0,1488.0,1488.0,1488.0,1488.0,1488.0,1488.0,1488.0,1488.0,1488.0,1488.0,1488.0,1488.0,1488.0,1488.0,1488.0,1488.0,1488.0,1488.0,1488.0,1488.0,1488.0,1488.0,1488.0,1488.0,1488.0,1488.0,,,,,,,,,,,,,,,,,,,,,,,,,,,,,,,,,,,,,,,,,,,,,,0.8,379.2945,354.5588,334.3912,318.5634,306.8197,298.7846,293.954,291.7383,291.5223,292.7128,294.7625,297.1683,299.4574,301.1764,301.8975,301.2492,298.9679,294.9598,289.3509,282.5062,173.0,473.0,1271.3516,139.06500000000003,257.98800000000006,9.072900000000004
1489,1489,1489.0,1489.0,1489.0,1489.0,1489.0,1489.0,1489.0,1489.0,1489.0,1489.0,1489.0,1489.0,1489.0,1489.0,1489.0,1489.0,1489.0,1489.0,1489.0,1489.0,1489.0,1489.0,1489.0,1489.0,1489.0,1489.0,1489.0,1489.0,1489.0,,,,,,,,,,,,,,,,,,,,,,,,,,,,,,,,,,,,,,,,,,,,,,0.9,197.6166,219.9809,239.2996,255.1387,267.4546,276.5462,282.9568,287.3647,290.4906,293.0395,295.6807,299.0555,303.7984,310.555,319.9849,332.7519,349.5138,370.9427,397.8161,431.2289,375.0,272.0,1410.4166,118.923,118.923,9.072900000000004
1490,1490,1490.0,1490.0,1490.0,1490.0,1490.0,1490.0,1490.0,1490.0,1490.0,1490.0,1490.0,1490.0,1490.0,1490.0,1490.0,1490.0,1490.0,1490.0,1490.0,1490.0,1490.0,1490.0,1490.0,1490.0,1490.0,1490.0,1490.0,1490.0,1490.0,,,,,,,,,,,,,,,,,,,,,,,,,,,,,,,,,,,,,,,,,,,,,,0.0,273.0,273.0,273.0,273.0,273.0,273.0,273.0,273.0,273.0,273.0,273.0,273.0,273.0,273.0,273.0,273.0,273.0,273.0,273.0,273.0,327.0,330.0,0.0,403.2867,1845.9645,3.8909999999999614
1491,1491,1491.0,1491.0,1491.0,1491.0,1491.0,1491.0,1491.0,1491.0,1491.0,1491.0,1491.0,1491.0,1491.0,1491.0,1491.0,1491.0,1491.0,1491.0,1491.0,1491.0,1491.0,1491.0,1491.0,1491.0,1491.0,1491.0,1491.0,1491.0,1491.0,,,,,,,,,,,,,,,,,,,,,,,,,,,,,,,,,,,,,,,,,,,,,,0.1,315.9841,306.4416,298.348,291.6727,286.3492,282.2667,279.2794,277.228,275.965,275.3792,275.4134,276.0739,277.4309,279.6085,282.7665,287.0759,292.6925,299.7351,308.2765,318.3538,320.0,472.0,403.2867,248.53290000000004,1442.6778,3.8909999999999614
1492,1492,1492.0,1492.0,1492.0,1492.0,1492.0,1492.0,1492.0,1492.0,1492.0,1492.0,1492.0,1492.0,1492.0,1492.0,1492.0,1492.0,1492.0,1492.0,1492.0,1492.0,1492.0,1492.0,1492.0,1492.0,1492.0,1492.0,1492.0,1492.0,1492.0,,,,,,,,,,,,,,,,,,,,,,,,,,,,,,,,,,,,,,,,,,,,,,0.2,312.3253,305.7464,300.1215,295.3522,291.378,288.1729,285.7456,284.1434,283.4606,283.8493,285.5323,288.8116,294.0695,301.7588,312.3811,326.4626,344.5422,367.1986,395.1505,429.4727,294.0,289.0,651.8196,102.96370000000002,1194.1449,3.8909999999999614
1493,1493,1493.0,1493.0,1493.0,1493.0,1493.0,1493.0,1493.0,1493.0,1493.0,1493.0,1493.0,1493.0,1493.0,1493.0,1493.0,1493.0,1493.0,1493.0,1493.0,1493.0,1493.0,1493.0,1493.0,1493.0,1493.0,1493.0,1493.0,1493.0,1493.0,,,,,,,,,,,,,,,,,,,,,,,,,,,,,,,,,,,,,,,,,,,,,,0.3,292.3829,291.1364,290.1614,289.4029,288.856,288.5608,288.5889,289.0216,289.9242,291.3186,293.1589,295.3132,297.5592,299.5971,301.0845,301.6917,301.1711,299.4263,296.565,292.9159,378.0,272.0,754.7833,170.09849999999994,1091.1812,3.8909999999999614
1494,1494,1494.0,1494.0,1494.0,1494.0,1494.0,1494.0,1494.0,1494.0,1494.0,1494.0,1494.0,1494.0,1494.0,1494.0,1494.0,1494.0,1494.0,1494.0,1494.0,1494.0,1494.0,1494.0,1494.0,1494.0,1494.0,1494.0,1494.0,1494.0,1494.0,,,,,,,,,,,,,,,,,,,,,,,,,,,,,,,,,,,,,,,,,,,,,,0.4,358.077,341.4419,327.7317,316.6861,308.0613,301.5857,296.949,293.8129,291.8313,290.6706,290.0234,289.6167,289.2141,288.617,287.6669,286.2497,284.3028,281.8212,278.8605,275.5338,174.0,473.0,924.8818,202.2330000000001,921.0827,3.8909999999999614
1495,1495,1495.0,1495.0,1495.0,1495.0,1495.0,1495.0,1495.0,1495.0,1495.0,1495.0,1495.0,1495.0,1495.0,1495.0,1495.0,1495.0,1495.0,1495.0,1495.0,1495.0,1495.0,1495.0,1495.0,1495.0,1495.0,1495.0,1495.0,1495.0,1495.0,,,,,,,,,,,,,,,,,,,,,,,,,,,,,,,,,,,,,,,,,,,,,,0.5,198.0497,219.893,238.7607,254.2191,266.2014,274.9672,281.0179,284.9994,287.6209,289.6024,291.6549,294.4831,298.7973,305.3186,314.7686,327.8473,345.2145,367.5076,395.439,430.0217,459.0,271.0,1127.1148,139.1866,718.8497,3.8909999999999614
1496,1496,1496.0,1496.0,1496.0,1496.0,1496.0,1496.0,1496.0,1496.0,1496.0,1496.0,1496.0,1496.0,1496.0,1496.0,1496.0,1496.0,1496.0,1496.0,1496.0,1496.0,1496.0,1496.0,1496.0,1496.0,1496.0,1496.0,1496.0,1496.0,1496.0,,,,,,,,,,,,,,,,,,,,,,,,,,,,,,,,,,,,,,,,,,,,,,0.6,417.0077,382.7163,354.9279,333.0002,316.4385,304.691,297.0883,292.8724,291.2618,291.5114,292.9448,294.9571,296.9982,298.5576,299.164,298.4115,296.0086,291.8386,286.01,278.8752,174.0,473.0,1266.3014,143.28039999999987,579.6631,3.8909999999999614
1497,1497,1497.0,1497.0,1497.0,1497.0,1497.0,1497.0,1497.0,1497.0,1497.0,1497.0,1497.0,1497.0,1497.0,1497.0,1497.0,1497.0,1497.0,1497.0,1497.0,1497.0,1497.0,1497.0,1497.0,1497.0,1497.0,1497.0,1497.0,1497.0,1497.0,,,,,,,,,,,,,,,,,,,,,,,,,,,,,,,,,,,,,,,,,,,,,,0.7,199.8127,223.211,243.2733,259.4961,271.8285,280.6133,286.4712,290.172,292.5262,294.3157,296.2682,299.0642,303.3599,309.8087,319.0681,331.7913,348.6194,370.203,397.294,430.961,313.0,272.0,1409.5818,119.57730000000016,436.3827000000001,3.8909999999999614
1498,1498,1498.0,1498.0,1498.0,1498.0,1498.0,1498.0,1498.0,1498.0,1498.0,1498.0,1498.0,1498.0,1498.0,1498.0,1498.0,1498.0,1498.0,1498.0,1498.0,1498.0,1498.0,1498.0,1498.0,1498.0,1498.0,1498.0,1498.0,1498.0,1498.0,,,,,,,,,,,,,,,,,,,,,,,,,,,,,,,,,,,,,,,,,,,,,,0.8,304.3092,296.9424,291.1361,287.0281,284.6214,283.787,284.296,285.8642,288.1924,290.988,293.9664,296.8369,299.2856,300.9681,301.5245,300.62,298.007,293.5959,287.5125,280.1216,370.0,333.0,1529.1591,159.7748999999999,316.8054,3.8909999999999614
1499,1499,1499.0,1499.0,1499.0,1499.0,1499.0,1499.0,1499.0,1499.0,1499.0,1499.0,1499.0,1499.0,1499.0,1499.0,1499.0,1499.0,1499.0,1499.0,1499.0,1499.0,1499.0,1499.0,1499.0,1499.0,1499.0,1499.0,1499.0,1499.0,1499.0,,,,,,,,,,,,,,,,,,,,,,,,,,,,,,,,,,,,,,,,,,,,,,0.9,351.7331,336.4209,323.7637,313.5485,305.5754,299.6199,295.423,292.7026,291.1761,290.5863,290.7263,291.4561,292.7133,294.5124,296.936,300.1169,304.2152,309.397,315.8199,323.6337,171.0,437.0,1688.934,157.03050000000007,157.03050000000007,3.8909999999999614
1500,1500,1500.0,1500.0,1500.0,1500.0,1500.0,1500.0,1500.0,1500.0,1500.0,1500.0,1500.0,1500.0,1500.0,1500.0,1500.0,1500.0,1500.0,1500.0,1500.0,1500.0,1500.0,1500.0,1500.0,1500.0,1500.0,1500.0,1500.0,1500.0,,,,,,,,,,,,,,,,,,,,,,,,,,,,,,,,,,,,,,,,,,,,,,,0.0,273.0,273.0,273.0,273.0,273.0,273.0,273.0,273.0,273.0,273.0,273.0,273.0,273.0,273.0,273.0,273.0,273.0,273.0,273.0,273.0,311.0,473.0,0.0,369.2839,943.7409,1.0746000000000322
1501,1501,1501.0,1501.0,1501.0,1501.0,1501.0,1501.0,1501.0,1501.0,1501.0,1501.0,1501.0,1501.0,1501.0,1501.0,1501.0,1501.0,1501.0,1501.0,1501.0,1501.0,1501.0,1501.0,1501.0,1501.0,1501.0,1501.0,1501.0,1501.0,,,,,,,,,,,,,,,,,,,,,,,,,,,,,,,,,,,,,,,,,,,,,,,0.1,303.3147,296.6203,290.9287,286.2398,282.5277,279.7416,277.8219,276.7271,276.4656,277.1291,278.9201,282.1688,287.3329,294.9768,305.7301,320.2361,339.1126,362.9567,392.4403,428.5433,307.0,473.0,369.2839,136.03409999999997,574.457,1.0746000000000322
1502,1502,1502.0,1502.0,1502.0,1502.0,1502.0,1502.0,1502.0,1502.0,1502.0,1502.0,1502.0,1502.0,1502.0,1502.0,1502.0,1502.0,1502.0,1502.0,1502.0,1502.0,1502.0,1502.0,1502.0,1502.0,1502.0,1502.0,1502.0,1502.0,,,,,,,,,,,,,,,,,,,,,,,,,,,,,,,,,,,,,,,,,,,,,,,0.2,301.643,297.0751,293.2468,290.1395,287.7641,286.1597,285.3931,285.5576,286.7722,289.1808,292.95,298.2691,305.3502,314.4325,325.793,339.7687,356.7965,377.4808,402.7063,433.8269,345.0,419.0,505.318,51.74940000000004,438.4229,1.0746000000000322
1503,1503,1503.0,1503.0,1503.0,1503.0,1503.0,1503.0,1503.0,1503.0,1503.0,1503.0,1503.0,1503.0,1503.0,1503.0,1503.0,1503.0,1503.0,1503.0,1503.0,1503.0,1503.0,1503.0,1503.0,1503.0,1503.0,1503.0,1503.0,1503.0,,,,,,,,,,,,,,,,,,,,,,,,,,,,,,,,,,,,,,,,,,,,,,,0.3,332.4122,321.8435,313.1564,306.26,301.0766,297.5246,295.5153,294.957,295.763,297.8574,301.18,305.6888,311.3645,318.2192,326.3137,335.7835,346.8744,359.9856,375.7241,394.9733,310.0,461.0,557.0674,36.83100000000002,386.6735,1.0746000000000322
1504,1504,1504.0,1504.0,1504.0,1504.0,1504.0,1504.0,1504.0,1504.0,1504.0,1504.0,1504.0,1504.0,1504.0,1504.0,1504.0,1504.0,1504.0,1504.0,1504.0,1504.0,1504.0,1504.0,1504.0,1504.0,1504.0,1504.0,1504.0,1504.0,,,,,,,,,,,,,,,,,,,,,,,,,,,,,,,,,,,,,,,,,,,,,,,0.4,306.611,303.9788,301.9438,300.4038,299.317,298.6975,298.605,299.1322,300.3944,302.5238,305.6698,310.0047,315.7334,323.1041,332.4215,344.0623,358.5009,376.3548,398.4679,426.0605,172.0,365.0,593.8984,48.38429999999994,349.8425,1.0746000000000322
1505,1505,1505.0,1505.0,1505.0,1505.0,1505.0,1505.0,1505.0,1505.0,1505.0,1505.0,1505.0,1505.0,1505.0,1505.0,1505.0,1505.0,1505.0,1505.0,1505.0,1505.0,1505.0,1505.0,1505.0,1505.0,1505.0,1505.0,1505.0,1505.0,,,,,,,,,,,,,,,,,,,,,,,,,,,,,,,,,,,,,,,,,,,,,,,0.5,195.2681,216.5727,235.3507,251.2989,264.3981,274.8801,283.1572,289.7353,295.1324,299.8148,304.1573,308.4271,312.7891,317.3296,322.0943,327.1359,332.5668,338.609,345.6334,354.186,319.0,423.0,642.2827,119.52700000000004,301.45820000000003,1.0746000000000322
1506,1506,1506.0,1506.0,1506.0,1506.0,1506.0,1506.0,1506.0,1506.0,1506.0,1506.0,1506.0,1506.0,1506.0,1506.0,1506.0,1506.0,1506.0,1506.0,1506.0,1506.0,1506.0,1506.0,1506.0,1506.0,1506.0,1506.0,1506.0,1506.0,,,,,,,,,,,,,,,,,,,,,,,,,,,,,,,,,,,,,,,,,,,,,,,0.6,308.568,299.7082,292.7096,287.7467,284.833,283.8218,284.4468,286.386,289.33,293.0383,297.3761,302.3302,308.008,314.6257,322.4897,331.9805,343.5426,357.692,375.053,396.4386,374.0,395.0,761.8097,59.50049999999999,181.9312,1.0746000000000322
1507,1507,1507.0,1507.0,1507.0,1507.0,1507.0,1507.0,1507.0,1507.0,1507.0,1507.0,1507.0,1507.0,1507.0,1507.0,1507.0,1507.0,1507.0,1507.0,1507.0,1507.0,1507.0,1507.0,1507.0,1507.0,1507.0,1507.0,1507.0,1507.0,,,,,,,,,,,,,,,,,,,,,,,,,,,,,,,,,,,,,,,,,,,,,,,0.7,355.0474,339.2304,326.2406,315.8748,307.9591,302.308,298.711,296.9402,296.7668,297.9803,300.404,303.9064,308.4071,313.8829,320.3745,327.9973,336.9579,347.5763,360.3159,375.8249,312.0,426.0,821.3102,44.46450000000005,122.4307,1.0746000000000322
1508,1508,1508.0,1508.0,1508.0,1508.0,1508.0,1508.0,1508.0,1508.0,1508.0,1508.0,1508.0,1508.0,1508.0,1508.0,1508.0,1508.0,1508.0,1508.0,1508.0,1508.0,1508.0,1508.0,1508.0,1508.0,1508.0,1508.0,1508.0,1508.0,,,,,,,,,,,,,,,,,,,,,,,,,,,,,,,,,,,,,,,,,,,,,,,0.8,309.057,306.833,305.0833,303.6458,302.449,301.5046,300.8898,300.7242,301.1489,302.3124,304.3647,307.4607,311.7685,317.4812,324.8287,334.0914,345.6176,359.8512,377.3819,399.0306,311.0,473.0,865.7747,36.7328,77.96619999999996,1.0746000000000322
1509,1509,1509.0,1509.0,1509.0,1509.0,1509.0,1509.0,1509.0,1509.0,1509.0,1509.0,1509.0,1509.0,1509.0,1509.0,1509.0,1509.0,1509.0,1509.0,1509.0,1509.0,1509.0,1509.0,1509.0,1509.0,1509.0,1509.0,1509.0,1509.0,,,,,,,,,,,,,,,,,,,,,,,,,,,,,,,,,,,,,,,,,,,,,,,0.9,307.2536,304.3471,302.1595,300.6031,299.6231,299.1979,299.3396,300.0943,301.5439,303.8082,307.0485,311.471,317.3309,324.9366,334.6548,346.9229,362.273,381.3841,405.181,435.016,178.0,376.0,902.5075,41.23339999999996,41.23339999999996,1.0746000000000322
1510,1510,1510.0,1510.0,1510.0,1510.0,1510.0,1510.0,1510.0,1510.0,1510.0,1510.0,1510.0,1510.0,1510.0,1510.0,1510.0,1510.0,1510.0,1510.0,1510.0,1510.0,1510.0,1510.0,1510.0,1510.0,1510.0,1510.0,1510.0,1510.0,,,,,,,,,,,,,,,,,,,,,,,,,,,,,,,,,,,,,,,,,,,,,,,0.0,273.0,273.0,273.0,273.0,273.0,273.0,273.0,273.0,273.0,273.0,273.0,273.0,273.0,273.0,273.0,273.0,273.0,273.0,273.0,273.0,353.0,340.0,0.0,393.0822,1075.7284,1.8830000000000384
1511,1511,1511.0,1511.0,1511.0,1511.0,1511.0,1511.0,1511.0,1511.0,1511.0,1511.0,1511.0,1511.0,1511.0,1511.0,1511.0,1511.0,1511.0,1511.0,1511.0,1511.0,1511.0,1511.0,1511.0,1511.0,1511.0,1511.0,1511.0,1511.0,,,,,,,,,,,,,,,,,,,,,,,,,,,,,,,,,,,,,,,,,,,,,,,0.1,336.4514,322.2606,310.2974,300.4622,292.6276,286.6155,282.2029,279.1468,277.2186,276.2366,276.0897,276.7505,278.275,280.79,284.471,289.5109,296.0892,304.3467,314.3765,326.2382,279.0,440.0,393.0822,232.77630000000005,682.6461999999999,1.8830000000000384
1512,1512,1512.0,1512.0,1512.0,1512.0,1512.0,1512.0,1512.0,1512.0,1512.0,1512.0,1512.0,1512.0,1512.0,1512.0,1512.0,1512.0,1512.0,1512.0,1512.0,1512.0,1512.0,1512.0,1512.0,1512.0,1512.0,1512.0,1512.0,1512.0,,,,,,,,,,,,,,,,,,,,,,,,,,,,,,,,,,,,,,,,,,,,,,,0.2,280.6259,282.1301,283.3096,284.0477,284.3311,284.247,283.9663,283.7207,283.7817,284.4468,286.0354,288.8901,293.3794,299.897,308.8538,320.6676,335.7588,354.5703,377.6323,405.6999,322.0,470.0,625.8585,112.3768,449.8698999999999,1.8830000000000384
1513,1513,1513.0,1513.0,1513.0,1513.0,1513.0,1513.0,1513.0,1513.0,1513.0,1513.0,1513.0,1513.0,1513.0,1513.0,1513.0,1513.0,1513.0,1513.0,1513.0,1513.0,1513.0,1513.0,1513.0,1513.0,1513.0,1513.0,1513.0,1513.0,,,,,,,,,,,,,,,,,,,,,,,,,,,,,,,,,,,,,,,,,,,,,,,0.3,313.5083,306.3131,300.387,295.7093,292.2504,289.9702,288.8272,288.7949,289.878,292.1265,295.6437,300.5892,307.1772,315.6747,326.4022,339.7431,356.1697,376.2985,400.9927,431.5443,333.0,406.0,738.2353,41.38969999999995,337.4930999999999,1.8830000000000384
1514,1514,1514.0,1514.0,1514.0,1514.0,1514.0,1514.0,1514.0,1514.0,1514.0,1514.0,1514.0,1514.0,1514.0,1514.0,1514.0,1514.0,1514.0,1514.0,1514.0,1514.0,1514.0,1514.0,1514.0,1514.0,1514.0,1514.0,1514.0,1514.0,,,,,,,,,,,,,,,,,,,,,,,,,,,,,,,,,,,,,,,,,,,,,,,0.4,323.6089,315.7803,309.3814,304.3232,300.5423,297.9898,296.6252,296.4137,297.3246,299.3302,302.4043,306.5229,311.6682,317.8397,325.0734,333.4699,343.231,354.7015,368.4153,385.1496,309.0,471.0,779.625,39.94709999999998,296.1034,1.8830000000000384
1515,1515,1515.0,1515.0,1515.0,1515.0,1515.0,1515.0,1515.0,1515.0,1515.0,1515.0,1515.0,1515.0,1515.0,1515.0,1515.0,1515.0,1515.0,1515.0,1515.0,1515.0,1515.0,1515.0,1515.0,1515.0,1515.0,1515.0,1515.0,1515.0,,,,,,,,,,,,,,,,,,,,,,,,,,,,,,,,,,,,,,,,,,,,,,,0.5,305.6767,303.1058,301.148,299.7113,298.7527,298.2757,298.3238,298.9733,300.3284,302.5203,305.7111,310.1007,315.9356,323.5173,333.2097,345.45,360.7696,379.8406,403.5692,433.2718,230.0,424.0,819.5721,31.903099999999995,256.1563,1.8830000000000384
1516,1516,1516.0,1516.0,1516.0,1516.0,1516.0,1516.0,1516.0,1516.0,1516.0,1516.0,1516.0,1516.0,1516.0,1516.0,1516.0,1516.0,1516.0,1516.0,1516.0,1516.0,1516.0,1516.0,1516.0,1516.0,1516.0,1516.0,1516.0,1516.0,,,,,,,,,,,,,,,,,,,,,,,,,,,,,,,,,,,,,,,,,,,,,,,0.6,242.2173,253.3932,263.289,271.7918,278.9301,284.8628,289.8474,294.1987,298.2487,302.3146,306.6789,311.5827,317.2315,323.8122,331.5201,340.5937,351.3578,364.2734,379.9979,399.4639,294.0,395.0,851.4752,56.54060000000004,224.2532,1.8830000000000384
1517,1517,1517.0,1517.0,1517.0,1517.0,1517.0,1517.0,1517.0,1517.0,1517.0,1517.0,1517.0,1517.0,1517.0,1517.0,1517.0,1517.0,1517.0,1517.0,1517.0,1517.0,1517.0,1517.0,1517.0,1517.0,1517.0,1517.0,1517.0,1517.0,,,,,,,,,,,,,,,,,,,,,,,,,,,,,,,,,,,,,,,,,,,,,,,0.7,290.8006,288.2776,286.581,285.8051,285.9738,287.045,288.9292,291.5158,294.6985,298.3953,302.5595,307.1842,312.3035,317.9943,324.382,331.653,340.0733,350.0141,361.9836,376.6693,393.0,336.0,908.0158,56.30669999999998,167.71259999999995,1.8830000000000384
1518,1518,1518.0,1518.0,1518.0,1518.0,1518.0,1518.0,1518.0,1518.0,1518.0,1518.0,1518.0,1518.0,1518.0,1518.0,1518.0,1518.0,1518.0,1518.0,1518.0,1518.0,1518.0,1518.0,1518.0,1518.0,1518.0,1518.0,1518.0,1518.0,,,,,,,,,,,,,,,,,,,,,,,,,,,,,,,,,,,,,,,,,,,,,,,0.8,369.7213,350.4443,334.7238,322.2674,312.8163,306.083,301.7338,299.4012,298.7084,299.2956,300.8378,303.0542,305.7117,308.6269,311.6718,314.7854,317.9909,321.4134,325.2944,329.997,307.0,437.0,964.3225,70.53359999999998,111.40589999999996,1.8830000000000384
1519,1519,1519.0,1519.0,1519.0,1519.0,1519.0,1519.0,1519.0,1519.0,1519.0,1519.0,1519.0,1519.0,1519.0,1519.0,1519.0,1519.0,1519.0,1519.0,1519.0,1519.0,1519.0,1519.0,1519.0,1519.0,1519.0,1519.0,1519.0,1519.0,,,,,,,,,,,,,,,,,,,,,,,,,,,,,,,,,,,,,,,,,,,,,,,0.9,305.7135,304.93,304.35,303.7735,303.1128,302.3853,301.6921,301.1906,301.0708,301.5422,302.8309,305.1872,308.8963,314.2855,321.7257,331.6271,344.4363,360.6506,380.8691,405.9058,322.0,472.0,1034.8561,40.8723,40.8723,1.8830000000000384
1520,1520,1520.0,1520.0,1520.0,1520.0,1520.0,1520.0,1520.0,1520.0,1520.0,1520.0,1520.0,1520.0,1520.0,1520.0,1520.0,1520.0,1520.0,1520.0,1520.0,1520.0,1520.0,1520.0,1520.0,1520.0,1520.0,1520.0,1520.0,1520.0,,,,,,,,,,,,,,,,,,,,,,,,,,,,,,,,,,,,,,,,,,,,,,,0.0,273.0,273.0,273.0,273.0,273.0,273.0,273.0,273.0,273.0,273.0,273.0,273.0,273.0,273.0,273.0,273.0,273.0,273.0,273.0,273.0,355.0,342.0,0.0,391.9181,1240.589,10.343799999999987
1521,1521,1521.0,1521.0,1521.0,1521.0,1521.0,1521.0,1521.0,1521.0,1521.0,1521.0,1521.0,1521.0,1521.0,1521.0,1521.0,1521.0,1521.0,1521.0,1521.0,1521.0,1521.0,1521.0,1521.0,1521.0,1521.0,1521.0,1521.0,1521.0,,,,,,,,,,,,,,,,,,,,,,,,,,,,,,,,,,,,,,,,,,,,,,,0.1,338.019,323.4694,311.2096,301.133,293.1073,286.949,282.4291,279.2992,277.3253,276.3216,276.1748,276.8576,278.4282,281.0177,284.8068,289.9943,296.7653,305.2657,315.5929,327.8121,280.0,438.0,391.9181,229.38470000000007,848.6709,10.343799999999987
1522,1522,1522.0,1522.0,1522.0,1522.0,1522.0,1522.0,1522.0,1522.0,1522.0,1522.0,1522.0,1522.0,1522.0,1522.0,1522.0,1522.0,1522.0,1522.0,1522.0,1522.0,1522.0,1522.0,1522.0,1522.0,1522.0,1522.0,1522.0,1522.0,,,,,,,,,,,,,,,,,,,,,,,,,,,,,,,,,,,,,,,,,,,,,,,0.2,281.4917,282.88,283.9582,284.607,284.8114,284.6579,284.3174,284.0214,284.0404,284.67,286.2253,289.0429,293.4829,299.9288,308.7808,320.4455,335.3336,353.879,376.6023,404.2435,320.0,473.0,621.3028,111.88159999999992,619.2861999999999,10.343799999999987
1523,1523,1523.0,1523.0,1523.0,1523.0,1523.0,1523.0,1523.0,1523.0,1523.0,1523.0,1523.0,1523.0,1523.0,1523.0,1523.0,1523.0,1523.0,1523.0,1523.0,1523.0,1523.0,1523.0,1523.0,1523.0,1523.0,1523.0,1523.0,1523.0,,,,,,,,,,,,,,,,,,,,,,,,,,,,,,,,,,,,,,,,,,,,,,,0.3,311.9858,305.202,299.6213,295.2234,291.9811,289.8594,288.8247,288.8601,289.9813,292.2499,295.7811,300.7468,307.3741,315.9436,326.7896,340.3091,356.9885,377.4591,402.604,433.748,334.0,405.0,733.1844,40.7192,507.4046,10.343799999999987
1524,1524,1524.0,1524.0,1524.0,1524.0,1524.0,1524.0,1524.0,1524.0,1524.0,1524.0,1524.0,1524.0,1524.0,1524.0,1524.0,1524.0,1524.0,1524.0,1524.0,1524.0,1524.0,1524.0,1524.0,1524.0,1524.0,1524.0,1524.0,1524.0,,,,,,,,,,,,,,,,,,,,,,,,,,,,,,,,,,,,,,,,,,,,,,,0.4,324.3551,316.3116,309.7384,304.5472,300.6732,298.0639,296.673,296.4588,297.3835,299.4118,302.5108,306.6495,311.8032,317.9643,325.1611,333.4875,343.1392,354.4566,367.9705,384.4551,314.0,470.0,773.9036,39.54290000000003,466.6854,10.343799999999987
1525,1525,1525.0,1525.0,1525.0,1525.0,1525.0,1525.0,1525.0,1525.0,1525.0,1525.0,1525.0,1525.0,1525.0,1525.0,1525.0,1525.0,1525.0,1525.0,1525.0,1525.0,1525.0,1525.0,1525.0,1525.0,1525.0,1525.0,1525.0,1525.0,,,,,,,,,,,,,,,,,,,,,,,,,,,,,,,,,,,,,,,,,,,,,,,0.5,309.6543,306.2078,303.5139,301.4733,300.0332,299.184,298.9532,299.3999,300.6105,302.6999,305.8155,310.1453,315.9261,323.4517,333.0803,345.2444,360.4709,379.4266,403.0101,432.525,173.0,362.0,813.4465,45.19679999999994,427.1424999999999,10.343799999999987
1526,1526,1526.0,1526.0,1526.0,1526.0,1526.0,1526.0,1526.0,1526.0,1526.0,1526.0,1526.0,1526.0,1526.0,1526.0,1526.0,1526.0,1526.0,1526.0,1526.0,1526.0,1526.0,1526.0,1526.0,1526.0,1526.0,1526.0,1526.0,1526.0,,,,,,,,,,,,,,,,,,,,,,,,,,,,,,,,,,,,,,,,,,,,,,,0.6,196.206,217.4489,236.1621,252.0415,265.0696,275.482,283.6955,290.2202,295.5769,300.2313,304.5537,308.8014,313.1243,317.5891,322.2184,327.0412,332.1486,337.746,344.1947,352.0362,297.0,439.0,858.6433,123.9071,381.9457,10.343799999999987
1527,1527,1527.0,1527.0,1527.0,1527.0,1527.0,1527.0,1527.0,1527.0,1527.0,1527.0,1527.0,1527.0,1527.0,1527.0,1527.0,1527.0,1527.0,1527.0,1527.0,1527.0,1527.0,1527.0,1527.0,1527.0,1527.0,1527.0,1527.0,1527.0,,,,,,,,,,,,,,,,,,,,,,,,,,,,,,,,,,,,,,,,,,,,,,,0.7,291.1489,286.2472,282.6057,280.4159,279.7197,280.4181,282.3123,285.1626,288.7486,292.9192,297.6258,302.9366,309.037,316.2179,324.8586,335.4102,348.3873,364.3803,384.1056,408.5153,466.0,274.0,982.5504,83.75290000000007,258.0386,10.343799999999987
1528,1528,1528.0,1528.0,1528.0,1528.0,1528.0,1528.0,1528.0,1528.0,1528.0,1528.0,1528.0,1528.0,1528.0,1528.0,1528.0,1528.0,1528.0,1528.0,1528.0,1528.0,1528.0,1528.0,1528.0,1528.0,1528.0,1528.0,1528.0,1528.0,,,,,,,,,,,,,,,,,,,,,,,,,,,,,,,,,,,,,,,,,,,,,,,0.8,424.7019,391.3735,364.4612,343.0805,326.6228,314.5438,306.271,301.1857,298.6426,297.9986,298.6333,299.9566,301.4089,302.4634,302.6402,301.5382,298.8811,294.5695,288.7214,281.6834,321.0,429.0,1066.3033,123.55500000000006,174.2856999999999,10.343799999999987
1529,1529,1529.0,1529.0,1529.0,1529.0,1529.0,1529.0,1529.0,1529.0,1529.0,1529.0,1529.0,1529.0,1529.0,1529.0,1529.0,1529.0,1529.0,1529.0,1529.0,1529.0,1529.0,1529.0,1529.0,1529.0,1529.0,1529.0,1529.0,1529.0,,,,,,,,,,,,,,,,,,,,,,,,,,,,,,,,,,,,,,,,,,,,,,,0.9,318.5012,316.7307,315.2008,313.5787,311.7044,309.5774,307.322,305.143,303.2864,302.0167,301.6113,302.37,304.6298,308.7742,315.2289,324.4445,336.875,352.9718,373.2189,398.2389,333.0,432.0,1189.8583,50.73069999999984,50.73069999999984,10.343799999999987
1530,1530,1530.0,1530.0,1530.0,1530.0,1530.0,1530.0,1530.0,1530.0,1530.0,1530.0,1530.0,1530.0,1530.0,1530.0,1530.0,1530.0,1530.0,1530.0,1530.0,1530.0,1530.0,1530.0,1530.0,1530.0,1530.0,1530.0,1530.0,1530.0,,,,,,,,,,,,,,,,,,,,,,,,,,,,,,,,,,,,,,,,,,,,,,,0.0,273.0,273.0,273.0,273.0,273.0,273.0,273.0,273.0,273.0,273.0,273.0,273.0,273.0,273.0,273.0,273.0,273.0,273.0,273.0,273.0,309.0,473.0,0.0,369.9307,1079.3311,0.9800999999999932
1531,1531,1531.0,1531.0,1531.0,1531.0,1531.0,1531.0,1531.0,1531.0,1531.0,1531.0,1531.0,1531.0,1531.0,1531.0,1531.0,1531.0,1531.0,1531.0,1531.0,1531.0,1531.0,1531.0,1531.0,1531.0,1531.0,1531.0,1531.0,1531.0,,,,,,,,,,,,,,,,,,,,,,,,,,,,,,,,,,,,,,,,,,,,,,,0.1,301.7267,295.3868,289.9947,285.5524,282.0371,279.4027,277.5956,276.5812,276.3748,277.0746,278.8886,282.1512,287.3235,294.9719,305.7276,320.235,339.112,362.9565,392.4402,428.5433,330.0,409.0,369.9307,133.5682,709.4004,0.9800999999999932
1532,1532,1532.0,1532.0,1532.0,1532.0,1532.0,1532.0,1532.0,1532.0,1532.0,1532.0,1532.0,1532.0,1532.0,1532.0,1532.0,1532.0,1532.0,1532.0,1532.0,1532.0,1532.0,1532.0,1532.0,1532.0,1532.0,1532.0,1532.0,1532.0,,,,,,,,,,,,,,,,,,,,,,,,,,,,,,,,,,,,,,,,,,,,,,,0.2,319.7666,311.0298,303.7008,297.7264,293.0702,289.7029,287.6008,286.7476,287.1372,288.774,291.6716,295.8492,301.3304,308.1471,316.3536,326.051,337.4223,350.7785,366.6109,385.6583,335.0,365.0,503.4989,73.37619999999998,575.8322000000001,0.9800999999999932
1533,1533,1533.0,1533.0,1533.0,1533.0,1533.0,1533.0,1533.0,1533.0,1533.0,1533.0,1533.0,1533.0,1533.0,1533.0,1533.0,1533.0,1533.0,1533.0,1533.0,1533.0,1533.0,1533.0,1533.0,1533.0,1533.0,1533.0,1533.0,1533.0,,,,,,,,,,,,,,,,,,,,,,,,,,,,,,,,,,,,,,,,,,,,,,,0.3,325.2141,317.0215,310.2508,304.7824,300.5306,297.4301,295.4274,294.4741,294.5226,295.5229,297.4205,300.1568,303.6737,307.9221,312.8776,318.5616,325.066,332.5795,341.4116,352.0137,303.0,440.0,576.8751,70.33420000000001,502.4560000000001,0.9800999999999932
1534,1534,1534.0,1534.0,1534.0,1534.0,1534.0,1534.0,1534.0,1534.0,1534.0,1534.0,1534.0,1534.0,1534.0,1534.0,1534.0,1534.0,1534.0,1534.0,1534.0,1534.0,1534.0,1534.0,1534.0,1534.0,1534.0,1534.0,1534.0,1534.0,,,,,,,,,,,,,,,,,,,,,,,,,,,,,,,,,,,,,,,,,,,,,,,0.4,300.804,299.1639,297.923,296.9758,296.2742,295.8248,295.681,295.9337,296.7031,298.1361,300.4081,303.7286,308.3482,314.5624,322.7127,333.1866,346.4221,362.9312,383.3583,408.5964,204.0,382.0,647.2093,63.26790000000005,432.1218000000001,0.9800999999999932
1535,1535,1535.0,1535.0,1535.0,1535.0,1535.0,1535.0,1535.0,1535.0,1535.0,1535.0,1535.0,1535.0,1535.0,1535.0,1535.0,1535.0,1535.0,1535.0,1535.0,1535.0,1535.0,1535.0,1535.0,1535.0,1535.0,1535.0,1535.0,1535.0,,,,,,,,,,,,,,,,,,,,,,,,,,,,,,,,,,,,,,,,,,,,,,,0.5,220.7416,236.0089,249.4445,260.865,270.2794,277.8706,283.9505,288.9029,293.129,297.0037,300.8468,304.9121,309.3896,314.422,320.131,326.651,334.1688,342.9635,353.4457,366.1946,371.0,360.0,710.4772,99.36929999999997,368.85390000000007,0.9800999999999932
1536,1536,1536.0,1536.0,1536.0,1536.0,1536.0,1536.0,1536.0,1536.0,1536.0,1536.0,1536.0,1536.0,1536.0,1536.0,1536.0,1536.0,1536.0,1536.0,1536.0,1536.0,1536.0,1536.0,1536.0,1536.0,1536.0,1536.0,1536.0,1536.0,,,,,,,,,,,,,,,,,,,,,,,,,,,,,,,,,,,,,,,,,,,,,,,0.6,350.302,332.8796,318.6848,307.6816,299.7417,294.6047,291.8941,291.1676,291.9779,293.9253,296.6906,300.0483,303.8641,308.086,312.7345,317.8983,323.736,330.4842,338.4689,348.1216,280.0,464.0,809.8465,74.9719,269.4846000000001,0.9800999999999932
1537,1537,1537.0,1537.0,1537.0,1537.0,1537.0,1537.0,1537.0,1537.0,1537.0,1537.0,1537.0,1537.0,1537.0,1537.0,1537.0,1537.0,1537.0,1537.0,1537.0,1537.0,1537.0,1537.0,1537.0,1537.0,1537.0,1537.0,1537.0,1537.0,,,,,,,,,,,,,,,,,,,,,,,,,,,,,,,,,,,,,,,,,,,,,,,0.7,282.8336,285.5522,287.9431,289.8875,291.3765,292.5038,293.4428,294.4186,295.6833,297.503,300.1568,303.9457,309.2046,316.3126,325.6968,337.8336,353.2558,372.5858,396.6182,426.4905,312.0,402.0,884.8184,41.16899999999998,194.5127000000001,0.9800999999999932
1538,1538,1538.0,1538.0,1538.0,1538.0,1538.0,1538.0,1538.0,1538.0,1538.0,1538.0,1538.0,1538.0,1538.0,1538.0,1538.0,1538.0,1538.0,1538.0,1538.0,1538.0,1538.0,1538.0,1538.0,1538.0,1538.0,1538.0,1538.0,1538.0,,,,,,,,,,,,,,,,,,,,,,,,,,,,,,,,,,,,,,,,,,,,,,,0.8,306.6214,302.2308,298.8088,296.3366,294.787,294.1233,294.3052,295.2971,297.0754,299.6317,302.973,307.1192,312.1026,317.9726,324.8092,332.7459,342.0024,352.9238,366.0244,382.0403,217.0,373.0,925.9874,58.14690000000007,153.34370000000013,0.9800999999999932
1539,1539,1539.0,1539.0,1539.0,1539.0,1539.0,1539.0,1539.0,1539.0,1539.0,1539.0,1539.0,1539.0,1539.0,1539.0,1539.0,1539.0,1539.0,1539.0,1539.0,1539.0,1539.0,1539.0,1539.0,1539.0,1539.0,1539.0,1539.0,1539.0,,,,,,,,,,,,,,,,,,,,,,,,,,,,,,,,,,,,,,,,,,,,,,,0.9,231.2999,244.3387,255.8257,265.6166,273.7295,280.3275,285.6789,290.1072,293.9441,297.4931,301.0091,304.6931,308.699,313.151,318.1672,323.8867,330.4988,338.2714,347.579,358.9299,364.0,367.0,984.1343,95.19680000000004,95.19680000000004,0.9800999999999932
1540,1540,1540.0,1540.0,1540.0,1540.0,1540.0,1540.0,1540.0,1540.0,1540.0,1540.0,1540.0,1540.0,1540.0,1540.0,1540.0,1540.0,1540.0,1540.0,1540.0,1540.0,1540.0,1540.0,1540.0,1540.0,1540.0,1540.0,1540.0,1540.0,,,,,,,,,,,,,,,,,,,,,,,,,,,,,,,,,,,,,,,,,,,,,,,0.0,273.0,273.0,273.0,273.0,273.0,273.0,273.0,273.0,273.0,273.0,273.0,273.0,273.0,273.0,273.0,273.0,273.0,273.0,273.0,273.0,311.0,471.0,0.0,369.586,1155.9515,3.03570000000002
1541,1541,1541.0,1541.0,1541.0,1541.0,1541.0,1541.0,1541.0,1541.0,1541.0,1541.0,1541.0,1541.0,1541.0,1541.0,1541.0,1541.0,1541.0,1541.0,1541.0,1541.0,1541.0,1541.0,1541.0,1541.0,1541.0,1541.0,1541.0,1541.0,,,,,,,,,,,,,,,,,,,,,,,,,,,,,,,,,,,,,,,,,,,,,,,0.1,303.3146,296.6202,290.9284,286.2393,282.5265,279.7392,277.8172,276.718,276.4489,277.0994,278.8692,282.0846,287.1988,294.7705,305.4234,319.7949,338.4958,362.1155,391.3126,427.0444,326.0,410.0,369.586,134.20159999999998,786.3654999999999,3.03570000000002
1542,1542,1542.0,1542.0,1542.0,1542.0,1542.0,1542.0,1542.0,1542.0,1542.0,1542.0,1542.0,1542.0,1542.0,1542.0,1542.0,1542.0,1542.0,1542.0,1542.0,1542.0,1542.0,1542.0,1542.0,1542.0,1542.0,1542.0,1542.0,1542.0,,,,,,,,,,,,,,,,,,,,,,,,,,,,,,,,,,,,,,,,,,,,,,,0.2,316.6756,308.7125,302.0271,296.5705,292.3128,289.2363,287.3323,286.6023,287.0586,288.7233,291.626,295.7996,301.2795,308.1083,316.3492,326.1107,337.5821,351.0783,367.0943,386.3725,350.0,333.0,503.7876,77.75080000000003,652.1638999999999,3.03570000000002
1543,1543,1543.0,1543.0,1543.0,1543.0,1543.0,1543.0,1543.0,1543.0,1543.0,1543.0,1543.0,1543.0,1543.0,1543.0,1543.0,1543.0,1543.0,1543.0,1543.0,1543.0,1543.0,1543.0,1543.0,1543.0,1543.0,1543.0,1543.0,1543.0,,,,,,,,,,,,,,,,,,,,,,,,,,,,,,,,,,,,,,,,,,,,,,,0.3,336.8686,325.868,316.7736,309.4275,303.7035,299.4857,296.6581,295.0992,294.6814,295.2684,296.7143,298.8616,301.5441,304.5956,307.8674,311.255,314.729,318.3666,322.3739,327.0943,292.0,451.0,581.5384,87.2645,574.4130999999999,3.03570000000002
1544,1544,1544.0,1544.0,1544.0,1544.0,1544.0,1544.0,1544.0,1544.0,1544.0,1544.0,1544.0,1544.0,1544.0,1544.0,1544.0,1544.0,1544.0,1544.0,1544.0,1544.0,1544.0,1544.0,1544.0,1544.0,1544.0,1544.0,1544.0,1544.0,,,,,,,,,,,,,,,,,,,,,,,,,,,,,,,,,,,,,,,,,,,,,,,0.4,292.4873,293.175,293.8609,294.4153,294.7931,295.0307,295.2328,295.5546,296.1877,297.3535,299.3045,302.332,306.7747,313.0217,321.5091,332.7102,347.1323,365.335,387.9965,416.0591,202.0,382.0,668.8029,69.77929999999992,487.1485999999999,3.03570000000002
1545,1545,1545.0,1545.0,1545.0,1545.0,1545.0,1545.0,1545.0,1545.0,1545.0,1545.0,1545.0,1545.0,1545.0,1545.0,1545.0,1545.0,1545.0,1545.0,1545.0,1545.0,1545.0,1545.0,1545.0,1545.0,1545.0,1545.0,1545.0,1545.0,,,,,,,,,,,,,,,,,,,,,,,,,,,,,,,,,,,,,,,,,,,,,,,0.5,218.8185,234.1628,247.689,259.2203,268.7652,276.5012,282.7322,287.835,292.2066,296.2204,300.1981,304.3952,309.0027,314.1607,319.9847,326.6008,334.1876,343.0187,353.5048,366.2314,381.0,363.0,738.5822,103.78360000000008,417.3693,3.03570000000002
1546,1546,1546.0,1546.0,1546.0,1546.0,1546.0,1546.0,1546.0,1546.0,1546.0,1546.0,1546.0,1546.0,1546.0,1546.0,1546.0,1546.0,1546.0,1546.0,1546.0,1546.0,1546.0,1546.0,1546.0,1546.0,1546.0,1546.0,1546.0,1546.0,,,,,,,,,,,,,,,,,,,,,,,,,,,,,,,,,,,,,,,,,,,,,,,0.6,357.9195,338.5336,322.7229,310.4133,301.4497,295.5444,292.2889,291.2041,291.8055,293.6584,296.4152,299.8298,303.7555,308.1355,312.9915,318.4177,324.5807,331.7268,340.1932,350.4252,279.0,471.0,842.3658,73.24439999999993,313.58569999999986,3.03570000000002
1547,1547,1547.0,1547.0,1547.0,1547.0,1547.0,1547.0,1547.0,1547.0,1547.0,1547.0,1547.0,1547.0,1547.0,1547.0,1547.0,1547.0,1547.0,1547.0,1547.0,1547.0,1547.0,1547.0,1547.0,1547.0,1547.0,1547.0,1547.0,1547.0,,,,,,,,,,,,,,,,,,,,,,,,,,,,,,,,,,,,,,,,,,,,,,,0.7,282.2869,285.4048,288.1161,290.2887,291.9136,293.0959,294.0299,294.966,296.183,297.9719,300.6338,304.4882,309.8863,317.2218,326.9363,339.522,355.5321,375.6179,400.622,431.7656,208.0,355.0,915.6102,62.26580000000001,240.3413,3.03570000000002
1548,1548,1548.0,1548.0,1548.0,1548.0,1548.0,1548.0,1548.0,1548.0,1548.0,1548.0,1548.0,1548.0,1548.0,1548.0,1548.0,1548.0,1548.0,1548.0,1548.0,1548.0,1548.0,1548.0,1548.0,1548.0,1548.0,1548.0,1548.0,1548.0,,,,,,,,,,,,,,,,,,,,,,,,,,,,,,,,,,,,,,,,,,,,,,,0.8,223.2898,237.2562,249.6314,260.2843,269.2365,276.6478,282.7813,287.9565,292.5016,296.7122,300.822,304.9868,309.2838,313.7273,318.2993,322.9936,327.8675,333.0921,338.9921,346.0685,377.0,378.0,977.876,107.88339999999994,178.07549999999992,3.03570000000002
1549,1549,1549.0,1549.0,1549.0,1549.0,1549.0,1549.0,1549.0,1549.0,1549.0,1549.0,1549.0,1549.0,1549.0,1549.0,1549.0,1549.0,1549.0,1549.0,1549.0,1549.0,1549.0,1549.0,1549.0,1549.0,1549.0,1549.0,1549.0,1549.0,,,,,,,,,,,,,,,,,,,,,,,,,,,,,,,,,,,,,,,,,,,,,,,0.9,354.9268,336.3696,321.231,309.4469,300.8702,295.2239,292.1144,291.0823,291.6665,293.4628,296.1625,299.5715,303.6103,308.3044,313.7683,320.1909,327.8246,336.9834,348.0522,361.5139,280.0,470.0,1085.7594,70.19209999999998,70.19209999999998,3.03570000000002
1550,1550,1550.0,1550.0,1550.0,1550.0,1550.0,1550.0,1550.0,1550.0,1550.0,1550.0,1550.0,1550.0,1550.0,1550.0,1550.0,1550.0,1550.0,1550.0,1550.0,1550.0,1550.0,1550.0,1550.0,1550.0,1550.0,1550.0,1550.0,1550.0,,,,,,,,,,,,,,,,,,,,,,,,,,,,,,,,,,,,,,,,,,,,,,,0.0,273.0,273.0,273.0,273.0,273.0,273.0,273.0,273.0,273.0,273.0,273.0,273.0,273.0,273.0,273.0,273.0,273.0,273.0,273.0,273.0,310.0,472.0,0.0,369.7562,1182.4137,3.041800000000024
1551,1551,1551.0,1551.0,1551.0,1551.0,1551.0,1551.0,1551.0,1551.0,1551.0,1551.0,1551.0,1551.0,1551.0,1551.0,1551.0,1551.0,1551.0,1551.0,1551.0,1551.0,1551.0,1551.0,1551.0,1551.0,1551.0,1551.0,1551.0,1551.0,,,,,,,,,,,,,,,,,,,,,,,,,,,,,,,,,,,,,,,,,,,,,,,0.1,302.5208,296.0036,290.4617,285.8959,282.2819,279.571,277.7064,276.6496,276.4119,277.087,278.8789,282.1179,287.2611,294.8712,305.5756,320.015,338.8041,362.5361,391.8766,427.794,328.0,409.0,369.7562,133.9094,812.6575,3.041800000000024
1552,1552,1552.0,1552.0,1552.0,1552.0,1552.0,1552.0,1552.0,1552.0,1552.0,1552.0,1552.0,1552.0,1552.0,1552.0,1552.0,1552.0,1552.0,1552.0,1552.0,1552.0,1552.0,1552.0,1552.0,1552.0,1552.0,1552.0,1552.0,1552.0,,,,,,,,,,,,,,,,,,,,,,,,,,,,,,,,,,,,,,,,,,,,,,,0.2,318.2215,309.8716,302.8644,297.1486,292.6915,289.4692,287.4655,286.6729,287.094,288.7416,291.6367,295.8042,301.2725,308.0774,316.276,325.9711,337.3471,350.7148,366.5649,385.6342,349.0,333.0,503.6656,77.5967,678.7481,3.041800000000024
1553,1553,1553.0,1553.0,1553.0,1553.0,1553.0,1553.0,1553.0,1553.0,1553.0,1553.0,1553.0,1553.0,1553.0,1553.0,1553.0,1553.0,1553.0,1553.0,1553.0,1553.0,1553.0,1553.0,1553.0,1553.0,1553.0,1553.0,1553.0,1553.0,,,,,,,,,,,,,,,,,,,,,,,,,,,,,,,,,,,,,,,,,,,,,,,0.3,336.1391,325.3672,316.4599,309.2591,303.6404,299.4918,296.7027,295.1586,294.7382,295.3119,296.7383,298.8641,301.526,304.5597,307.8186,311.1991,314.6728,318.3168,322.3367,327.0745,296.0,453.0,581.2623,87.18020000000001,601.1514000000001,3.041800000000024
1554,1554,1554.0,1554.0,1554.0,1554.0,1554.0,1554.0,1554.0,1554.0,1554.0,1554.0,1554.0,1554.0,1554.0,1554.0,1554.0,1554.0,1554.0,1554.0,1554.0,1554.0,1554.0,1554.0,1554.0,1554.0,1554.0,1554.0,1554.0,1554.0,,,,,,,,,,,,,,,,,,,,,,,,,,,,,,,,,,,,,,,,,,,,,,,0.4,295.6479,295.6067,295.6776,295.7303,295.7139,295.6544,295.6422,295.8173,296.3567,297.4698,299.4002,302.4347,306.9107,313.2193,321.8005,333.1332,347.7313,366.1627,389.1177,417.5587,206.0,383.0,668.4425,65.56119999999999,513.9712000000001,3.041800000000024
1555,1555,1555.0,1555.0,1555.0,1555.0,1555.0,1555.0,1555.0,1555.0,1555.0,1555.0,1555.0,1555.0,1555.0,1555.0,1555.0,1555.0,1555.0,1555.0,1555.0,1555.0,1555.0,1555.0,1555.0,1555.0,1555.0,1555.0,1555.0,1555.0,,,,,,,,,,,,,,,,,,,,,,,,,,,,,,,,,,,,,,,,,,,,,,,0.5,222.1993,236.9728,249.9865,261.0694,270.2325,277.6518,283.6275,288.5312,292.7534,296.6616,300.5712,304.7322,309.3305,314.502,320.3588,327.0251,334.6787,343.595,354.1888,367.0528,378.0,361.0,734.0037,98.50740000000008,448.4100000000001,3.041800000000024
1556,1556,1556.0,1556.0,1556.0,1556.0,1556.0,1556.0,1556.0,1556.0,1556.0,1556.0,1556.0,1556.0,1556.0,1556.0,1556.0,1556.0,1556.0,1556.0,1556.0,1556.0,1556.0,1556.0,1556.0,1556.0,1556.0,1556.0,1556.0,1556.0,,,,,,,,,,,,,,,,,,,,,,,,,,,,,,,,,,,,,,,,,,,,,,,0.6,355.7674,337.0915,321.8653,310.0195,301.4038,295.7403,292.6348,291.6263,292.2485,294.0829,296.7936,300.1407,303.9788,308.2474,312.9614,318.2063,324.1399,331.0002,339.1169,348.9278,281.0,469.0,832.5111,72.84519999999998,349.9026,3.041800000000024
1557,1557,1557.0,1557.0,1557.0,1557.0,1557.0,1557.0,1557.0,1557.0,1557.0,1557.0,1557.0,1557.0,1557.0,1557.0,1557.0,1557.0,1557.0,1557.0,1557.0,1557.0,1557.0,1557.0,1557.0,1557.0,1557.0,1557.0,1557.0,1557.0,,,,,,,,,,,,,,,,,,,,,,,,,,,,,,,,,,,,,,,,,,,,,,,0.7,283.854,286.5951,288.9934,290.9195,292.3607,293.4141,294.2617,295.1401,296.3147,298.0646,300.681,304.4766,309.7974,317.0337,326.6244,339.0586,354.8848,374.7465,399.4713,430.2545,184.0,354.0,905.3563,71.54399999999998,277.05740000000003,3.041800000000024
1558,1558,1558.0,1558.0,1558.0,1558.0,1558.0,1558.0,1558.0,1558.0,1558.0,1558.0,1558.0,1558.0,1558.0,1558.0,1558.0,1558.0,1558.0,1558.0,1558.0,1558.0,1558.0,1558.0,1558.0,1558.0,1558.0,1558.0,1558.0,1558.0,,,,,,,,,,,,,,,,,,,,,,,,,,,,,,,,,,,,,,,,,,,,,,,0.8,203.8724,222.0509,238.1271,251.8867,263.3295,272.647,280.1721,286.3141,291.4951,296.0975,300.4273,304.6967,309.0237,313.4501,317.9755,322.6035,327.3956,332.5229,338.3072,345.243,370.0,381.0,976.9003,129.2364,205.51340000000005,3.041800000000024
1559,1559,1559.0,1559.0,1559.0,1559.0,1559.0,1559.0,1559.0,1559.0,1559.0,1559.0,1559.0,1559.0,1559.0,1559.0,1559.0,1559.0,1559.0,1559.0,1559.0,1559.0,1559.0,1559.0,1559.0,1559.0,1559.0,1559.0,1559.0,1559.0,,,,,,,,,,,,,,,,,,,,,,,,,,,,,,,,,,,,,,,,,,,,,,,0.9,348.6677,330.6393,315.9407,304.5891,296.4801,291.3467,288.7819,288.3006,289.4144,291.6974,294.8297,298.6171,302.9907,307.994,313.7637,320.5124,328.5153,338.1067,349.6902,363.7686,280.0,472.0,1106.1367,76.27700000000004,76.27700000000004,3.041800000000024
1560,1560,1560.0,1560.0,1560.0,1560.0,1560.0,1560.0,1560.0,1560.0,1560.0,1560.0,1560.0,1560.0,1560.0,1560.0,1560.0,1560.0,1560.0,1560.0,1560.0,1560.0,1560.0,1560.0,1560.0,1560.0,1560.0,1560.0,1560.0,,,,,,,,,,,,,,,,,,,,,,,,,,,,,,,,,,,,,,,,,,,,,,,,0.0,273.0,273.0,273.0,273.0,273.0,273.0,273.0,273.0,273.0,273.0,273.0,273.0,273.0,273.0,273.0,273.0,273.0,273.0,273.0,273.0,348.0,472.0,0.0,359.4239,1139.9097,-20.0
1561,1561,1561.0,1561.0,1561.0,1561.0,1561.0,1561.0,1561.0,1561.0,1561.0,1561.0,1561.0,1561.0,1561.0,1561.0,1561.0,1561.0,1561.0,1561.0,1561.0,1561.0,1561.0,1561.0,1561.0,1561.0,1561.0,1561.0,1561.0,,,,,,,,,,,,,,,,,,,,,,,,,,,,,,,,,,,,,,,,,,,,,,,,0.1,332.5305,319.2409,308.0297,298.8192,291.5063,285.9462,281.9661,279.3982,278.1233,278.1149,279.4742,282.4504,287.4401,294.9641,305.622,320.0374,338.8145,362.5409,391.8787,427.7948,309.0,473.0,359.4239,114.1778,780.4857999999999,-8.103800000000035
1562,1562,1562.0,1562.0,1562.0,1562.0,1562.0,1562.0,1562.0,1562.0,1562.0,1562.0,1562.0,1562.0,1562.0,1562.0,1562.0,1562.0,1562.0,1562.0,1562.0,1562.0,1562.0,1562.0,1562.0,1562.0,1562.0,1562.0,1562.0,,,,,,,,,,,,,,,,,,,,,,,,,,,,,,,,,,,,,,,,,,,,,,,,0.2,304.4457,300.6183,297.3646,294.5976,292.3023,290.5332,289.4032,289.0692,289.7173,291.5504,294.7808,299.6267,306.3144,315.0856,326.2118,340.02,356.9352,377.5496,402.7358,433.8369,295.0,472.0,473.6017,51.23219999999998,666.308,-4.666799999999967
1563,1563,1563.0,1563.0,1563.0,1563.0,1563.0,1563.0,1563.0,1563.0,1563.0,1563.0,1563.0,1563.0,1563.0,1563.0,1563.0,1563.0,1563.0,1563.0,1563.0,1563.0,1563.0,1563.0,1563.0,1563.0,1563.0,1563.0,1563.0,,,,,,,,,,,,,,,,,,,,,,,,,,,,,,,,,,,,,,,,,,,,,,,,0.3,293.3906,292.2219,291.4322,290.9943,290.9205,291.2626,292.1078,293.5713,295.79,298.916,303.114,308.5623,315.4585,324.0307,334.556,347.3889,363.004,382.0612,405.5094,434.7609,287.0,471.0,524.8339,38.18310000000008,615.0758,-5.187399999999968
1564,1564,1564.0,1564.0,1564.0,1564.0,1564.0,1564.0,1564.0,1564.0,1564.0,1564.0,1564.0,1564.0,1564.0,1564.0,1564.0,1564.0,1564.0,1564.0,1564.0,1564.0,1564.0,1564.0,1564.0,1564.0,1564.0,1564.0,1564.0,,,,,,,,,,,,,,,,,,,,,,,,,,,,,,,,,,,,,,,,,,,,,,,,0.4,286.9738,287.2351,287.7645,288.5634,289.6571,291.0957,292.9522,295.3198,298.3094,302.0477,306.6786,312.3667,319.3047,327.7255,337.9206,350.2666,365.2655,383.6068,406.2658,434.6706,292.0,438.0,563.017,30.07249999999999,576.8926999999999,-6.704299999999989
1565,1565,1565.0,1565.0,1565.0,1565.0,1565.0,1565.0,1565.0,1565.0,1565.0,1565.0,1565.0,1565.0,1565.0,1565.0,1565.0,1565.0,1565.0,1565.0,1565.0,1565.0,1565.0,1565.0,1565.0,1565.0,1565.0,1565.0,1565.0,,,,,,,,,,,,,,,,,,,,,,,,,,,,,,,,,,,,,,,,,,,,,,,,0.5,290.8503,290.1506,289.9102,290.1443,290.8722,292.1178,293.9103,296.286,299.2893,302.9747,307.4078,312.6694,318.8618,326.1203,334.6317,344.6603,356.5837,370.9398,388.4917,410.3237,295.0,400.0,593.0895,27.804599999999937,546.8201999999999,-7.132200000000012
1566,1566,1566.0,1566.0,1566.0,1566.0,1566.0,1566.0,1566.0,1566.0,1566.0,1566.0,1566.0,1566.0,1566.0,1566.0,1566.0,1566.0,1566.0,1566.0,1566.0,1566.0,1566.0,1566.0,1566.0,1566.0,1566.0,1566.0,1566.0,,,,,,,,,,,,,,,,,,,,,,,,,,,,,,,,,,,,,,,,,,,,,,,,0.6,293.4165,292.3436,291.7739,291.7065,292.1446,293.0938,294.5621,296.5596,299.0988,302.1951,305.8682,310.1447,315.064,320.6891,327.122,334.5261,343.1534,353.3763,365.7247,380.9316,301.0,373.0,620.8941,38.28620000000001,519.0156,-7.706200000000024
1567,1567,1567.0,1567.0,1567.0,1567.0,1567.0,1567.0,1567.0,1567.0,1567.0,1567.0,1567.0,1567.0,1567.0,1567.0,1567.0,1567.0,1567.0,1567.0,1567.0,1567.0,1567.0,1567.0,1567.0,1567.0,1567.0,1567.0,1567.0,,,,,,,,,,,,,,,,,,,,,,,,,,,,,,,,,,,,,,,,,,,,,,,,0.7,298.2816,296.2149,294.7703,293.9251,293.6582,293.9485,294.7745,296.1153,297.9525,300.2713,303.0632,306.3282,310.0796,314.3519,319.2118,324.774,331.2195,338.8167,347.9436,359.1121,290.0,319.0,659.1803,63.71680000000004,480.7294,-8.501499999999965
1568,1568,1568.0,1568.0,1568.0,1568.0,1568.0,1568.0,1568.0,1568.0,1568.0,1568.0,1568.0,1568.0,1568.0,1568.0,1568.0,1568.0,1568.0,1568.0,1568.0,1568.0,1568.0,1568.0,1568.0,1568.0,1568.0,1568.0,1568.0,,,,,,,,,,,,,,,,,,,,,,,,,,,,,,,,,,,,,,,,,,,,,,,,0.8,289.6574,289.6364,289.8763,290.3352,290.9907,291.8367,292.8778,294.1219,295.5715,297.2171,299.0312,300.9665,302.9584,304.9338,306.8258,308.5952,310.2553,311.8951,313.6968,315.9413,247.0,257.0,722.8971,144.8763,417.0125999999999,-12.36329999999998
1569,1569,1569.0,1569.0,1569.0,1569.0,1569.0,1569.0,1569.0,1569.0,1569.0,1569.0,1569.0,1569.0,1569.0,1569.0,1569.0,1569.0,1569.0,1569.0,1569.0,1569.0,1569.0,1569.0,1569.0,1569.0,1569.0,1569.0,1569.0,,,,,,,,,,,,,,,,,,,,,,,,,,,,,,,,,,,,,,,,,,,,,,,,0.9,254.753,261.854,268.1676,273.6179,278.1957,281.9516,284.9764,287.3764,289.2473,290.6521,291.6059,292.0687,291.9476,291.1075,289.3931,286.657,282.7942,277.7753,271.6698,264.6547,255.0,301.0,867.7734,272.1362999999999,272.1362999999999,-24.098400000000023
1570,1570,1570.0,1570.0,1570.0,1570.0,1570.0,1570.0,1570.0,1570.0,1570.0,1570.0,1570.0,1570.0,1570.0,1570.0,1570.0,1570.0,1570.0,1570.0,1570.0,1570.0,1570.0,1570.0,1570.0,1570.0,1570.0,1570.0,1570.0,,,,,,,,,,,,,,,,,,,,,,,,,,,,,,,,,,,,,,,,,,,,,,,,0.0,273.0,273.0,273.0,273.0,273.0,273.0,273.0,273.0,273.0,273.0,273.0,273.0,273.0,273.0,273.0,273.0,273.0,273.0,273.0,273.0,473.0,473.0,0.0,351.8898,1539.2628,11.875400000000012
1571,1571,1571.0,1571.0,1571.0,1571.0,1571.0,1571.0,1571.0,1571.0,1571.0,1571.0,1571.0,1571.0,1571.0,1571.0,1571.0,1571.0,1571.0,1571.0,1571.0,1571.0,1571.0,1571.0,1571.0,1571.0,1571.0,1571.0,1571.0,,,,,,,,,,,,,,,,,,,,,,,,,,,,,,,,,,,,,,,,,,,,,,,,0.1,428.5462,392.4485,362.9763,339.1565,320.3305,305.9254,295.3664,288.0818,283.5568,281.3999,281.3999,283.5568,288.0818,295.3664,305.9254,320.3305,339.1565,362.9763,392.4485,428.5462,171.0,173.0,351.8898,159.88660000000004,1187.373,11.875400000000012
1572,1572,1572.0,1572.0,1572.0,1572.0,1572.0,1572.0,1572.0,1572.0,1572.0,1572.0,1572.0,1572.0,1572.0,1572.0,1572.0,1572.0,1572.0,1572.0,1572.0,1572.0,1572.0,1572.0,1572.0,1572.0,1572.0,1572.0,1572.0,,,,,,,,,,,,,,,,,,,,,,,,,,,,,,,,,,,,,,,,,,,,,,,,0.2,197.5833,221.6414,242.1814,258.6654,271.0472,279.7018,285.2864,288.5743,290.2971,291.0172,291.0399,290.3697,288.7105,285.5093,280.0438,271.5493,259.3753,243.1499,222.9173,199.2075,259.0,301.0,511.7764,387.2255,1027.4864,11.875400000000012
1573,1573,1573.0,1573.0,1573.0,1573.0,1573.0,1573.0,1573.0,1573.0,1573.0,1573.0,1573.0,1573.0,1573.0,1573.0,1573.0,1573.0,1573.0,1573.0,1573.0,1573.0,1573.0,1573.0,1573.0,1573.0,1573.0,1573.0,1573.0,,,,,,,,,,,,,,,,,,,,,,,,,,,,,,,,,,,,,,,,,,,,,,,,0.3,260.7953,262.5335,264.3812,266.4186,268.6277,270.905,273.0924,275.0174,276.5334,277.5532,278.0731,278.1848,278.0762,278.0174,278.3311,279.3485,281.3553,284.5386,288.9512,294.5048,342.0,473.0,899.0019,319.1926000000001,640.2609,11.875400000000012
1574,1574,1574.0,1574.0,1574.0,1574.0,1574.0,1574.0,1574.0,1574.0,1574.0,1574.0,1574.0,1574.0,1574.0,1574.0,1574.0,1574.0,1574.0,1574.0,1574.0,1574.0,1574.0,1574.0,1574.0,1574.0,1574.0,1574.0,1574.0,,,,,,,,,,,,,,,,,,,,,,,,,,,,,,,,,,,,,,,,,,,,,,,,0.4,327.4262,314.8912,304.3815,295.8787,289.311,284.5401,281.3807,279.6404,279.1706,279.9143,281.9441,285.482,290.8981,298.6872,309.4261,323.7242,342.1879,365.4293,394.1608,429.4201,307.0,473.0,1218.1945,103.75769999999989,321.0682999999999,11.875400000000012
1575,1575,1575.0,1575.0,1575.0,1575.0,1575.0,1575.0,1575.0,1575.0,1575.0,1575.0,1575.0,1575.0,1575.0,1575.0,1575.0,1575.0,1575.0,1575.0,1575.0,1575.0,1575.0,1575.0,1575.0,1575.0,1575.0,1575.0,1575.0,,,,,,,,,,,,,,,,,,,,,,,,,,,,,,,,,,,,,,,,,,,,,,,,0.5,302.6732,299.0471,295.998,293.4601,291.4298,289.9631,289.1654,289.1792,290.1719,292.326,295.8331,300.8938,307.7204,316.5462,327.6403,341.3342,358.0631,378.4347,403.3403,434.1415,297.0,472.0,1321.9522,49.31660000000011,217.3106,11.875400000000012
1576,1576,1576.0,1576.0,1576.0,1576.0,1576.0,1576.0,1576.0,1576.0,1576.0,1576.0,1576.0,1576.0,1576.0,1576.0,1576.0,1576.0,1576.0,1576.0,1576.0,1576.0,1576.0,1576.0,1576.0,1576.0,1576.0,1576.0,1576.0,,,,,,,,,,,,,,,,,,,,,,,,,,,,,,,,,,,,,,,,,,,,,,,,0.6,294.9101,293.3275,292.201,291.5098,291.2664,291.5162,292.3341,293.8197,296.0922,299.2869,303.5532,309.0572,315.9877,324.5675,335.0723,347.8578,363.4024,382.3714,405.7202,434.8668,293.0,432.0,1371.2688,31.04389999999989,167.99399999999991,11.875400000000012
1577,1577,1577.0,1577.0,1577.0,1577.0,1577.0,1577.0,1577.0,1577.0,1577.0,1577.0,1577.0,1577.0,1577.0,1577.0,1577.0,1577.0,1577.0,1577.0,1577.0,1577.0,1577.0,1577.0,1577.0,1577.0,1577.0,1577.0,1577.0,,,,,,,,,,,,,,,,,,,,,,,,,,,,,,,,,,,,,,,,,,,,,,,,0.7,291.8161,291.0712,290.7445,290.8329,291.3511,292.3314,293.8211,295.8795,298.5736,301.9756,306.161,311.2103,317.2152,324.2913,332.5976,342.3651,353.934,367.8009,384.6802,405.5914,299.0,401.0,1402.3127,30.16060000000016,136.95010000000002,11.875400000000012
1578,1578,1578.0,1578.0,1578.0,1578.0,1578.0,1578.0,1578.0,1578.0,1578.0,1578.0,1578.0,1578.0,1578.0,1578.0,1578.0,1578.0,1578.0,1578.0,1578.0,1578.0,1578.0,1578.0,1578.0,1578.0,1578.0,1578.0,1578.0,,,,,,,,,,,,,,,,,,,,,,,,,,,,,,,,,,,,,,,,,,,,,,,,0.8,296.6133,294.8368,293.6554,293.0606,293.0474,293.6127,294.7551,296.4764,298.7822,301.6841,305.2009,309.3616,314.2114,319.8212,326.3019,333.8247,342.6466,353.1412,365.835,381.4551,262.0,407.0,1432.4733,44.5435,106.78949999999986,11.875400000000012
1579,1579,1579.0,1579.0,1579.0,1579.0,1579.0,1579.0,1579.0,1579.0,1579.0,1579.0,1579.0,1579.0,1579.0,1579.0,1579.0,1579.0,1579.0,1579.0,1579.0,1579.0,1579.0,1579.0,1579.0,1579.0,1579.0,1579.0,1579.0,,,,,,,,,,,,,,,,,,,,,,,,,,,,,,,,,,,,,,,,,,,,,,,,0.9,267.2798,272.2232,276.7435,280.8026,284.4195,287.6678,290.6636,293.5503,296.4839,299.623,303.1244,307.1451,311.8491,317.417,324.0595,332.0316,341.6513,353.325,367.5845,385.1449,293.0,456.0,1477.0168,62.24599999999987,62.24599999999987,11.875400000000012
1580,1580,1580.0,1580.0,1580.0,1580.0,1580.0,1580.0,1580.0,1580.0,1580.0,1580.0,1580.0,1580.0,1580.0,1580.0,1580.0,1580.0,1580.0,1580.0,1580.0,1580.0,1580.0,1580.0,1580.0,1580.0,1580.0,1580.0,1580.0,,,,,,,,,,,,,,,,,,,,,,,,,,,,,,,,,,,,,,,,,,,,,,,,0.0,273.0,273.0,273.0,273.0,273.0,273.0,273.0,273.0,273.0,273.0,273.0,273.0,273.0,273.0,273.0,273.0,273.0,273.0,273.0,273.0,348.0,472.0,0.0,359.4239,1212.9903,-20.0
1581,1581,1581.0,1581.0,1581.0,1581.0,1581.0,1581.0,1581.0,1581.0,1581.0,1581.0,1581.0,1581.0,1581.0,1581.0,1581.0,1581.0,1581.0,1581.0,1581.0,1581.0,1581.0,1581.0,1581.0,1581.0,1581.0,1581.0,1581.0,,,,,,,,,,,,,,,,,,,,,,,,,,,,,,,,,,,,,,,,,,,,,,,,0.1,332.5305,319.2409,308.0297,298.8192,291.5063,285.9462,281.9661,279.3982,278.1233,278.1149,279.4742,282.4504,287.4401,294.9641,305.622,320.0374,338.8145,362.5409,391.8787,427.7948,306.0,471.0,359.4239,114.53589999999996,853.5663999999999,-8.103800000000035
1582,1582,1582.0,1582.0,1582.0,1582.0,1582.0,1582.0,1582.0,1582.0,1582.0,1582.0,1582.0,1582.0,1582.0,1582.0,1582.0,1582.0,1582.0,1582.0,1582.0,1582.0,1582.0,1582.0,1582.0,1582.0,1582.0,1582.0,1582.0,,,,,,,,,,,,,,,,,,,,,,,,,,,,,,,,,,,,,,,,,,,,,,,,0.2,302.0691,298.7779,295.9757,293.5787,291.577,290.0324,289.067,288.8475,289.5695,291.4437,294.688,299.5233,306.1762,314.886,325.9203,339.6004,356.3444,376.7351,401.631,432.3516,297.0,473.0,473.9598,52.87380000000008,739.0305,-5.167599999999993
1583,1583,1583.0,1583.0,1583.0,1583.0,1583.0,1583.0,1583.0,1583.0,1583.0,1583.0,1583.0,1583.0,1583.0,1583.0,1583.0,1583.0,1583.0,1583.0,1583.0,1583.0,1583.0,1583.0,1583.0,1583.0,1583.0,1583.0,1583.0,,,,,,,,,,,,,,,,,,,,,,,,,,,,,,,,,,,,,,,,,,,,,,,,0.3,294.8799,293.2642,292.0993,291.3623,291.064,291.2495,291.9947,293.402,295.5953,298.7161,302.9218,308.3872,315.3097,323.9206,334.5019,347.4141,363.1375,382.3377,405.97,435.4563,292.0,444.0,526.8336,33.66579999999999,686.1566999999999,-5.200499999999977
1584,1584,1584.0,1584.0,1584.0,1584.0,1584.0,1584.0,1584.0,1584.0,1584.0,1584.0,1584.0,1584.0,1584.0,1584.0,1584.0,1584.0,1584.0,1584.0,1584.0,1584.0,1584.0,1584.0,1584.0,1584.0,1584.0,1584.0,1584.0,,,,,,,,,,,,,,,,,,,,,,,,,,,,,,,,,,,,,,,,,,,,,,,,0.4,290.9855,290.3835,290.1729,290.3516,290.9369,291.966,293.4935,295.5882,298.3301,301.8074,306.1158,311.3608,317.664,325.1755,334.0932,344.691,357.3562,372.641,391.3338,414.5672,296.0,415.0,560.4994,29.760800000000017,652.4908999999999,-5.834000000000003
1585,1585,1585.0,1585.0,1585.0,1585.0,1585.0,1585.0,1585.0,1585.0,1585.0,1585.0,1585.0,1585.0,1585.0,1585.0,1585.0,1585.0,1585.0,1585.0,1585.0,1585.0,1585.0,1585.0,1585.0,1585.0,1585.0,1585.0,1585.0,,,,,,,,,,,,,,,,,,,,,,,,,,,,,,,,,,,,,,,,,,,,,,,,0.5,294.1824,292.8991,292.1408,291.9056,292.1976,293.0254,294.4023,296.3467,298.8835,302.0447,305.8709,310.415,315.748,321.9689,329.2208,337.7126,347.7467,359.7556,374.3469,392.3668,298.0,384.0,590.2602,34.11669999999992,622.7300999999999,-6.2246000000000095
1586,1586,1586.0,1586.0,1586.0,1586.0,1586.0,1586.0,1586.0,1586.0,1586.0,1586.0,1586.0,1586.0,1586.0,1586.0,1586.0,1586.0,1586.0,1586.0,1586.0,1586.0,1586.0,1586.0,1586.0,1586.0,1586.0,1586.0,1586.0,,,,,,,,,,,,,,,,,,,,,,,,,,,,,,,,,,,,,,,,,,,,,,,,0.6,295.9178,294.4042,293.4309,292.9793,293.0374,293.5981,294.6581,296.2178,298.2805,300.8529,303.946,307.5771,311.7752,316.5894,322.1022,328.4475,335.8326,344.5636,355.0733,367.9536,297.0,351.0,624.3769,51.29290000000003,588.6134,-7.201900000000023
1587,1587,1587.0,1587.0,1587.0,1587.0,1587.0,1587.0,1587.0,1587.0,1587.0,1587.0,1587.0,1587.0,1587.0,1587.0,1587.0,1587.0,1587.0,1587.0,1587.0,1587.0,1587.0,1587.0,1587.0,1587.0,1587.0,1587.0,1587.0,,,,,,,,,,,,,,,,,,,,,,,,,,,,,,,,,,,,,,,,,,,,,,,,0.7,295.162,293.8464,293.0071,292.6101,292.6309,293.0527,293.864,295.0562,296.6218,298.5521,300.8369,303.4647,306.4265,309.7234,313.3775,317.4481,322.0499,327.3721,333.6951,341.404,279.0,301.0,675.6698,91.95730000000005,537.3204999999999,-9.397299999999971
1588,1588,1588.0,1588.0,1588.0,1588.0,1588.0,1588.0,1588.0,1588.0,1588.0,1588.0,1588.0,1588.0,1588.0,1588.0,1588.0,1588.0,1588.0,1588.0,1588.0,1588.0,1588.0,1588.0,1588.0,1588.0,1588.0,1588.0,1588.0,,,,,,,,,,,,,,,,,,,,,,,,,,,,,,,,,,,,,,,,,,,,,,,,0.8,280.6858,282.4194,284.1324,285.7803,287.3463,288.838,290.2796,291.7018,293.1296,294.5722,296.0161,297.4214,298.7243,299.8447,300.7019,301.2349,301.4261,301.3248,301.0623,300.8563,263.0,247.0,767.6271,186.7192,445.3631999999999,-15.361999999999966
1589,1589,1589.0,1589.0,1589.0,1589.0,1589.0,1589.0,1589.0,1589.0,1589.0,1589.0,1589.0,1589.0,1589.0,1589.0,1589.0,1589.0,1589.0,1589.0,1589.0,1589.0,1589.0,1589.0,1589.0,1589.0,1589.0,1589.0,1589.0,,,,,,,,,,,,,,,,,,,,,,,,,,,,,,,,,,,,,,,,,,,,,,,,0.9,267.0491,270.8236,274.2629,277.3275,280.0022,282.2928,284.2176,285.7963,287.0368,287.9237,288.4092,288.4081,287.7987,286.4314,284.1445,280.789,276.2568,270.5102,263.6029,255.687,297.0,419.0,954.3463,258.6439999999999,258.6439999999999,-23.75720000000001
1590,1590,1590.0,1590.0,1590.0,1590.0,1590.0,1590.0,1590.0,1590.0,1590.0,1590.0,1590.0,1590.0,1590.0,1590.0,1590.0,1590.0,1590.0,1590.0,1590.0,1590.0,1590.0,1590.0,1590.0,1590.0,1590.0,1590.0,1590.0,,,,,,,,,,,,,,,,,,,,,,,,,,,,,,,,,,,,,,,,,,,,,,,,0.0,273.0,273.0,273.0,273.0,273.0,273.0,273.0,273.0,273.0,273.0,273.0,273.0,273.0,273.0,273.0,273.0,273.0,273.0,273.0,273.0,348.0,473.0,0.0,359.2741,797.1048,-20.0
1591,1591,1591.0,1591.0,1591.0,1591.0,1591.0,1591.0,1591.0,1591.0,1591.0,1591.0,1591.0,1591.0,1591.0,1591.0,1591.0,1591.0,1591.0,1591.0,1591.0,1591.0,1591.0,1591.0,1591.0,1591.0,1591.0,1591.0,1591.0,,,,,,,,,,,,,,,,,,,,,,,,,,,,,,,,,,,,,,,,,,,,,,,,0.1,332.5305,319.2409,308.0298,298.8195,291.5068,285.9474,281.9685,279.4027,278.1316,278.1297,279.4996,282.4924,287.5072,295.0673,305.7753,320.2579,339.1227,362.9613,392.4423,428.5441,305.0,473.0,359.2741,114.15180000000004,437.8307,-8.102599999999995
1592,1592,1592.0,1592.0,1592.0,1592.0,1592.0,1592.0,1592.0,1592.0,1592.0,1592.0,1592.0,1592.0,1592.0,1592.0,1592.0,1592.0,1592.0,1592.0,1592.0,1592.0,1592.0,1592.0,1592.0,1592.0,1592.0,1592.0,1592.0,,,,,,,,,,,,,,,,,,,,,,,,,,,,,,,,,,,,,,,,,,,,,,,,0.2,301.2774,298.166,295.5161,293.245,291.345,289.8809,288.9787,288.8096,289.5742,291.4882,294.7741,299.6581,306.3716,315.159,326.2933,340.1022,357.0109,377.6123,402.7803,433.8598,299.0,473.0,473.4259,52.25299999999999,323.67889999999994,-5.319099999999992
1593,1593,1593.0,1593.0,1593.0,1593.0,1593.0,1593.0,1593.0,1593.0,1593.0,1593.0,1593.0,1593.0,1593.0,1593.0,1593.0,1593.0,1593.0,1593.0,1593.0,1593.0,1593.0,1593.0,1593.0,1593.0,1593.0,1593.0,1593.0,,,,,,,,,,,,,,,,,,,,,,,,,,,,,,,,,,,,,,,,,,,,,,,,0.3,296.4398,294.4426,292.9578,291.9638,291.4694,291.5149,292.1685,293.5239,295.6957,298.8166,303.0361,308.5218,315.4655,324.093,334.6826,347.5915,363.2988,382.4705,406.064,435.5048,293.0,429.0,525.6789,31.099699999999984,271.4259,-4.935099999999977
1594,1594,1594.0,1594.0,1594.0,1594.0,1594.0,1594.0,1594.0,1594.0,1594.0,1594.0,1594.0,1594.0,1594.0,1594.0,1594.0,1594.0,1594.0,1594.0,1594.0,1594.0,1594.0,1594.0,1594.0,1594.0,1594.0,1594.0,1594.0,,,,,,,,,,,,,,,,,,,,,,,,,,,,,,,,,,,,,,,,,,,,,,,,0.4,291.8427,291.1182,290.8006,290.8838,291.3824,292.3304,293.7787,295.7904,298.4359,301.7888,305.9237,310.9169,316.8532,323.8378,332.0176,341.6095,352.9388,366.4858,382.9453,403.3096,298.0,408.0,556.7786,31.55960000000005,240.3262,-5.469600000000014
1595,1595,1595.0,1595.0,1595.0,1595.0,1595.0,1595.0,1595.0,1595.0,1595.0,1595.0,1595.0,1595.0,1595.0,1595.0,1595.0,1595.0,1595.0,1595.0,1595.0,1595.0,1595.0,1595.0,1595.0,1595.0,1595.0,1595.0,1595.0,,,,,,,,,,,,,,,,,,,,,,,,,,,,,,,,,,,,,,,,,,,,,,,,0.5,295.8145,294.2108,293.1728,292.6919,292.7643,293.3897,294.5715,296.3176,298.6426,301.569,305.13,309.3729,314.3652,320.2035,327.0278,335.0395,344.5258,355.8905,369.6935,386.7065,259.0,417.0,588.3382,44.35680000000002,208.76659999999995,-5.860299999999995
1596,1596,1596.0,1596.0,1596.0,1596.0,1596.0,1596.0,1596.0,1596.0,1596.0,1596.0,1596.0,1596.0,1596.0,1596.0,1596.0,1596.0,1596.0,1596.0,1596.0,1596.0,1596.0,1596.0,1596.0,1596.0,1596.0,1596.0,1596.0,,,,,,,,,,,,,,,,,,,,,,,,,,,,,,,,,,,,,,,,,,,,,,,,0.6,264.8372,270.2764,275.2272,279.6516,283.5731,287.0735,290.2809,293.3533,296.4636,299.7883,303.5036,307.7872,312.8248,318.8209,326.0115,334.6801,345.1778,357.9524,373.5924,392.8982,290.0,473.0,632.695,62.47269999999992,164.4097999999999,-13.726499999999987
1597,1597,1597.0,1597.0,1597.0,1597.0,1597.0,1597.0,1597.0,1597.0,1597.0,1597.0,1597.0,1597.0,1597.0,1597.0,1597.0,1597.0,1597.0,1597.0,1597.0,1597.0,1597.0,1597.0,1597.0,1597.0,1597.0,1597.0,1597.0,,,,,,,,,,,,,,,,,,,,,,,,,,,,,,,,,,,,,,,,,,,,,,,,0.7,288.2921,287.0608,286.3769,286.289,286.8184,287.9633,289.7117,292.0587,295.0249,298.6732,303.1219,308.5536,315.2195,323.4414,333.6126,346.2038,361.7822,381.0583,404.9815,434.9213,292.0,472.0,695.1677,44.274099999999976,101.9371,-14.486699999999985
1598,1598,1598.0,1598.0,1598.0,1598.0,1598.0,1598.0,1598.0,1598.0,1598.0,1598.0,1598.0,1598.0,1598.0,1598.0,1598.0,1598.0,1598.0,1598.0,1598.0,1598.0,1598.0,1598.0,1598.0,1598.0,1598.0,1598.0,1598.0,,,,,,,,,,,,,,,,,,,,,,,,,,,,,,,,,,,,,,,,,,,,,,,,0.8,290.5382,289.5317,288.9956,288.952,289.4286,290.4598,292.088,294.3674,297.3675,301.1779,305.9129,311.7173,318.774,327.3142,337.6333,350.1148,365.2688,383.7924,406.6692,435.3385,294.0,447.0,739.4418,31.75480000000005,57.66300000000001,-13.740200000000016
1599,1599,1599.0,1599.0,1599.0,1599.0,1599.0,1599.0,1599.0,1599.0,1599.0,1599.0,1599.0,1599.0,1599.0,1599.0,1599.0,1599.0,1599.0,1599.0,1599.0,1599.0,1599.0,1599.0,1599.0,1599.0,1599.0,1599.0,1599.0,,,,,,,,,,,,,,,,,,,,,,,,,,,,,,,,,,,,,,,,,,,,,,,,0.9,292.4582,291.4104,290.86,290.8189,291.3063,292.3484,293.9782,296.2366,299.1738,302.8503,307.3403,312.7357,319.1534,326.7479,335.7295,346.3905,359.1417,374.5625,393.4729,417.0463,298.0,406.0,771.1966,25.908199999999965,25.908199999999965,-13.701599999999983
1600,1600,1600.0,1600.0,1600.0,1600.0,1600.0,1600.0,1600.0,1600.0,1600.0,1600.0,1600.0,1600.0,1600.0,1600.0,1600.0,1600.0,1600.0,1600.0,1600.0,1600.0,1600.0,1600.0,1600.0,1600.0,1600.0,1600.0,1600.0,,,,,,,,,,,,,,,,,,,,,,,,,,,,,,,,,,,,,,,,,,,,,,,,0.0,273.0,273.0,273.0,273.0,273.0,273.0,273.0,273.0,273.0,273.0,273.0,273.0,273.0,273.0,273.0,273.0,273.0,273.0,273.0,273.0,350.0,473.0,0.0,358.8378,1344.6901,-20.0
1601,1601,1601.0,1601.0,1601.0,1601.0,1601.0,1601.0,1601.0,1601.0,1601.0,1601.0,1601.0,1601.0,1601.0,1601.0,1601.0,1601.0,1601.0,1601.0,1601.0,1601.0,1601.0,1601.0,1601.0,1601.0,1601.0,1601.0,1601.0,,,,,,,,,,,,,,,,,,,,,,,,,,,,,,,,,,,,,,,,,,,,,,,,0.1,334.1006,320.4525,308.9443,299.4918,291.9868,286.2793,282.1904,279.546,278.2209,278.1834,279.5307,282.5098,287.5166,295.0721,305.7777,320.2591,339.1233,362.9616,392.4424,428.5441,303.0,473.0,358.8378,113.47269999999996,985.8523,-7.7707000000000335
1602,1602,1602.0,1602.0,1602.0,1602.0,1602.0,1602.0,1602.0,1602.0,1602.0,1602.0,1602.0,1602.0,1602.0,1602.0,1602.0,1602.0,1602.0,1602.0,1602.0,1602.0,1602.0,1602.0,1602.0,1602.0,1602.0,1602.0,1602.0,,,,,,,,,,,,,,,,,,,,,,,,,,,,,,,,,,,,,,,,,,,,,,,,0.2,299.7561,297.0603,294.7583,292.7657,291.077,289.763,288.959,288.8473,289.6393,291.5606,294.8422,299.7159,306.4173,315.1932,326.3178,340.1189,357.0218,377.6191,402.7842,433.8616,301.0,473.0,472.3105,52.34639999999996,872.3796,-5.437000000000012
1603,1603,1603.0,1603.0,1603.0,1603.0,1603.0,1603.0,1603.0,1603.0,1603.0,1603.0,1603.0,1603.0,1603.0,1603.0,1603.0,1603.0,1603.0,1603.0,1603.0,1603.0,1603.0,1603.0,1603.0,1603.0,1603.0,1603.0,1603.0,,,,,,,,,,,,,,,,,,,,,,,,,,,,,,,,,,,,,,,,,,,,,,,,0.3,297.9837,295.5913,293.7761,292.5178,291.8229,291.7249,292.2831,293.5804,295.7208,298.8277,303.043,308.5293,315.4748,324.1039,334.6939,347.6022,363.308,382.4776,406.0688,435.5071,294.0,424.0,524.6569,29.96960000000001,820.0332000000001,-4.725099999999998
1604,1604,1604.0,1604.0,1604.0,1604.0,1604.0,1604.0,1604.0,1604.0,1604.0,1604.0,1604.0,1604.0,1604.0,1604.0,1604.0,1604.0,1604.0,1604.0,1604.0,1604.0,1604.0,1604.0,1604.0,1604.0,1604.0,1604.0,1604.0,,,,,,,,,,,,,,,,,,,,,,,,,,,,,,,,,,,,,,,,,,,,,,,,0.4,292.6923,291.838,291.4067,291.3887,291.7963,292.6619,294.0351,295.9769,298.5548,301.8372,305.8911,310.7829,316.5839,323.3837,331.3108,340.5626,351.4431,364.4085,380.1238,399.5378,299.0,397.0,554.6265,31.61790000000008,790.0636000000001,-5.1381000000000085
1605,1605,1605.0,1605.0,1605.0,1605.0,1605.0,1605.0,1605.0,1605.0,1605.0,1605.0,1605.0,1605.0,1605.0,1605.0,1605.0,1605.0,1605.0,1605.0,1605.0,1605.0,1605.0,1605.0,1605.0,1605.0,1605.0,1605.0,1605.0,,,,,,,,,,,,,,,,,,,,,,,,,,,,,,,,,,,,,,,,,,,,,,,,0.5,296.6548,294.9134,293.7547,293.1657,293.1382,293.6673,294.7509,296.3904,298.5918,301.3668,304.7342,308.7231,313.3787,318.771,325.009,332.2592,340.7697,350.8979,363.1449,378.1988,300.0,367.0,586.2444,42.17049999999995,758.4457,-5.5826999999999884
1606,1606,1606.0,1606.0,1606.0,1606.0,1606.0,1606.0,1606.0,1606.0,1606.0,1606.0,1606.0,1606.0,1606.0,1606.0,1606.0,1606.0,1606.0,1606.0,1606.0,1606.0,1606.0,1606.0,1606.0,1606.0,1606.0,1606.0,1606.0,,,,,,,,,,,,,,,,,,,,,,,,,,,,,,,,,,,,,,,,,,,,,,,,0.6,297.5888,295.7841,294.5416,293.829,293.6226,293.9048,294.663,295.8878,297.5725,299.7125,302.3052,305.3523,308.8632,312.8635,317.406,322.5871,328.5659,335.5846,343.9899,354.254,288.0,313.0,628.4149,71.24670000000003,716.2752,-6.8951999999999884
1607,1607,1607.0,1607.0,1607.0,1607.0,1607.0,1607.0,1607.0,1607.0,1607.0,1607.0,1607.0,1607.0,1607.0,1607.0,1607.0,1607.0,1607.0,1607.0,1607.0,1607.0,1607.0,1607.0,1607.0,1607.0,1607.0,1607.0,1607.0,,,,,,,,,,,,,,,,,,,,,,,,,,,,,,,,,,,,,,,,,,,,,,,,0.7,288.0283,288.3252,288.8274,289.4915,290.2948,291.2329,292.3132,293.5471,294.9408,296.4873,298.1605,299.9121,301.6744,303.3685,304.9191,306.2764,307.4399,308.4833,309.5705,310.9608,250.0,248.0,699.6616,158.76069999999993,645.0285,-11.217100000000016
1608,1608,1608.0,1608.0,1608.0,1608.0,1608.0,1608.0,1608.0,1608.0,1608.0,1608.0,1608.0,1608.0,1608.0,1608.0,1608.0,1608.0,1608.0,1608.0,1608.0,1608.0,1608.0,1608.0,1608.0,1608.0,1608.0,1608.0,1608.0,,,,,,,,,,,,,,,,,,,,,,,,,,,,,,,,,,,,,,,,,,,,,,,,0.8,257.0516,263.5185,269.2792,274.264,278.4615,281.9122,284.6911,286.8849,288.5682,289.7824,290.5215,290.7244,290.2766,289.0217,286.7818,283.3885,278.7177,272.7255,265.4737,257.1393,291.0,324.0,858.4223,270.0839000000001,486.2678000000001,-22.287800000000004
1609,1609,1609.0,1609.0,1609.0,1609.0,1609.0,1609.0,1609.0,1609.0,1609.0,1609.0,1609.0,1609.0,1609.0,1609.0,1609.0,1609.0,1609.0,1609.0,1609.0,1609.0,1609.0,1609.0,1609.0,1609.0,1609.0,1609.0,1609.0,,,,,,,,,,,,,,,,,,,,,,,,,,,,,,,,,,,,,,,,,,,,,,,,0.9,288.1199,285.7341,283.8981,282.6295,281.8975,281.6262,281.7087,282.0288,282.4847,283.0108,283.5955,284.291,285.2161,286.5488,288.508,291.3271,295.2214,300.3592,306.8448,314.7215,305.0,473.0,1128.5062,216.1839,216.1839,-24.42380000000003
1610,1610,1610.0,1610.0,1610.0,1610.0,1610.0,1610.0,1610.0,1610.0,1610.0,1610.0,1610.0,1610.0,1610.0,1610.0,1610.0,1610.0,1610.0,1610.0,1610.0,1610.0,1610.0,1610.0,1610.0,1610.0,1610.0,1610.0,1610.0,,,,,,,,,,,,,,,,,,,,,,,,,,,,,,,,,,,,,,,,,,,,,,,,0.0,273.0,273.0,273.0,273.0,273.0,273.0,273.0,273.0,273.0,273.0,273.0,273.0,273.0,273.0,273.0,273.0,273.0,273.0,273.0,273.0,348.0,473.0,0.0,359.2741,1352.4172,-20.0
1611,1611,1611.0,1611.0,1611.0,1611.0,1611.0,1611.0,1611.0,1611.0,1611.0,1611.0,1611.0,1611.0,1611.0,1611.0,1611.0,1611.0,1611.0,1611.0,1611.0,1611.0,1611.0,1611.0,1611.0,1611.0,1611.0,1611.0,1611.0,,,,,,,,,,,,,,,,,,,,,,,,,,,,,,,,,,,,,,,,,,,,,,,,0.1,332.5305,319.2409,308.0298,298.8195,291.5068,285.9474,281.9685,279.4027,278.1316,278.1297,279.4996,282.4924,287.5072,295.0673,305.7753,320.2579,339.1227,362.9613,392.4423,428.5441,307.0,472.0,359.2741,113.80550000000004,993.1431,-8.102599999999995
1612,1612,1612.0,1612.0,1612.0,1612.0,1612.0,1612.0,1612.0,1612.0,1612.0,1612.0,1612.0,1612.0,1612.0,1612.0,1612.0,1612.0,1612.0,1612.0,1612.0,1612.0,1612.0,1612.0,1612.0,1612.0,1612.0,1612.0,1612.0,,,,,,,,,,,,,,,,,,,,,,,,,,,,,,,,,,,,,,,,,,,,,,,,0.2,302.8624,299.3936,296.4425,293.9242,291.8278,290.2126,289.198,288.9479,289.6548,291.5273,294.7811,299.6362,306.3185,315.0675,326.1518,339.8946,356.7166,377.2056,402.2284,433.1174,297.0,473.0,473.0796,51.98689999999999,879.3376000000001,-4.98739999999998
1613,1613,1613.0,1613.0,1613.0,1613.0,1613.0,1613.0,1613.0,1613.0,1613.0,1613.0,1613.0,1613.0,1613.0,1613.0,1613.0,1613.0,1613.0,1613.0,1613.0,1613.0,1613.0,1613.0,1613.0,1613.0,1613.0,1613.0,1613.0,,,,,,,,,,,,,,,,,,,,,,,,,,,,,,,,,,,,,,,,,,,,,,,,0.3,294.9158,293.3331,292.1957,291.4792,291.1941,291.3861,292.1329,293.5388,295.7297,298.8486,303.0534,308.5188,315.4412,324.0505,334.6271,347.5301,363.2388,382.4188,406.0265,435.4851,295.0,431.0,525.0665,31.4982,827.3507000000001,-5.06389999999999
1614,1614,1614.0,1614.0,1614.0,1614.0,1614.0,1614.0,1614.0,1614.0,1614.0,1614.0,1614.0,1614.0,1614.0,1614.0,1614.0,1614.0,1614.0,1614.0,1614.0,1614.0,1614.0,1614.0,1614.0,1614.0,1614.0,1614.0,1614.0,,,,,,,,,,,,,,,,,,,,,,,,,,,,,,,,,,,,,,,,,,,,,,,,0.4,293.3868,292.2653,291.6147,291.4307,291.7257,292.528,293.8795,295.8335,298.4512,301.7988,305.9464,310.9693,316.9536,324.009,332.2881,342.0154,353.5245,367.3052,384.0645,404.8125,298.0,407.0,556.5647,30.59439999999995,795.8525000000001,-5.271999999999991
1615,1615,1615.0,1615.0,1615.0,1615.0,1615.0,1615.0,1615.0,1615.0,1615.0,1615.0,1615.0,1615.0,1615.0,1615.0,1615.0,1615.0,1615.0,1615.0,1615.0,1615.0,1615.0,1615.0,1615.0,1615.0,1615.0,1615.0,1615.0,,,,,,,,,,,,,,,,,,,,,,,,,,,,,,,,,,,,,,,,,,,,,,,,0.5,295.8686,294.3133,293.3135,292.8583,292.9433,293.5702,294.7454,296.4806,298.7935,301.7085,305.2587,309.4893,314.4636,320.2724,327.0488,334.9871,344.3681,355.5902,369.209,385.9915,298.0,374.0,587.1591,37.62150000000008,765.2581000000001,-5.6798
1616,1616,1616.0,1616.0,1616.0,1616.0,1616.0,1616.0,1616.0,1616.0,1616.0,1616.0,1616.0,1616.0,1616.0,1616.0,1616.0,1616.0,1616.0,1616.0,1616.0,1616.0,1616.0,1616.0,1616.0,1616.0,1616.0,1616.0,1616.0,,,,,,,,,,,,,,,,,,,,,,,,,,,,,,,,,,,,,,,,,,,,,,,,0.6,295.9881,294.5333,293.5971,293.1528,293.1834,293.6792,294.6362,296.055,297.9385,300.2915,303.1208,306.4359,310.2544,314.6095,319.5633,325.2243,331.7685,339.4627,348.6888,359.9695,292.0,323.0,624.7806,62.57459999999992,727.6366,-7.120800000000031
1617,1617,1617.0,1617.0,1617.0,1617.0,1617.0,1617.0,1617.0,1617.0,1617.0,1617.0,1617.0,1617.0,1617.0,1617.0,1617.0,1617.0,1617.0,1617.0,1617.0,1617.0,1617.0,1617.0,1617.0,1617.0,1617.0,1617.0,1617.0,,,,,,,,,,,,,,,,,,,,,,,,,,,,,,,,,,,,,,,,,,,,,,,,0.7,291.1745,290.7321,290.6208,290.803,291.2554,291.966,292.9306,294.1463,295.6064,297.2941,299.1786,301.2137,303.3397,305.4919,307.6148,309.6819,311.7195,313.8288,316.2029,319.1325,250.0,250.0,687.3552,141.7337,665.0620000000001,-10.48399999999998
1618,1618,1618.0,1618.0,1618.0,1618.0,1618.0,1618.0,1618.0,1618.0,1618.0,1618.0,1618.0,1618.0,1618.0,1618.0,1618.0,1618.0,1618.0,1618.0,1618.0,1618.0,1618.0,1618.0,1618.0,1618.0,1618.0,1618.0,1618.0,,,,,,,,,,,,,,,,,,,,,,,,,,,,,,,,,,,,,,,,,,,,,,,,0.8,257.2181,263.8407,269.7386,274.8387,279.1319,282.6649,285.5222,287.8004,289.583,290.917,291.7976,292.16,291.881,290.7911,288.6975,285.417,280.8148,274.843,267.5692,259.1869,265.0,300.0,829.0889,270.801,523.3283000000001,-21.5351
1619,1619,1619.0,1619.0,1619.0,1619.0,1619.0,1619.0,1619.0,1619.0,1619.0,1619.0,1619.0,1619.0,1619.0,1619.0,1619.0,1619.0,1619.0,1619.0,1619.0,1619.0,1619.0,1619.0,1619.0,1619.0,1619.0,1619.0,1619.0,,,,,,,,,,,,,,,,,,,,,,,,,,,,,,,,,,,,,,,,,,,,,,,,0.9,267.417,269.7025,271.8778,273.9483,275.9017,277.7103,279.3375,280.7466,281.9106,282.8214,283.4985,283.995,284.4,284.8361,285.4504,286.3991,287.8281,289.8528,292.5451,295.9304,312.0,472.0,1099.8899,252.5273000000002,252.5273000000002,-28.3397
1620,1620,1620.0,1620.0,1620.0,1620.0,1620.0,1620.0,1620.0,1620.0,1620.0,1620.0,1620.0,1620.0,1620.0,1620.0,1620.0,1620.0,1620.0,1620.0,1620.0,1620.0,1620.0,1620.0,1620.0,1620.0,1620.0,1620.0,,,,,,,,,,,,,,,,,,,,,,,,,,,,,,,,,,,,,,,,,,,,,,,,,0.0,273.0,273.0,273.0,273.0,273.0,273.0,273.0,273.0,273.0,273.0,273.0,273.0,273.0,273.0,273.0,273.0,273.0,273.0,273.0,273.0,302.0,473.0,0.0,372.2805,999.0905,-20.0
1621,1621,1621.0,1621.0,1621.0,1621.0,1621.0,1621.0,1621.0,1621.0,1621.0,1621.0,1621.0,1621.0,1621.0,1621.0,1621.0,1621.0,1621.0,1621.0,1621.0,1621.0,1621.0,1621.0,1621.0,1621.0,1621.0,1621.0,,,,,,,,,,,,,,,,,,,,,,,,,,,,,,,,,,,,,,,,,,,,,,,,,0.1,296.1622,291.0615,286.7182,283.1406,280.3159,278.2138,276.802,276.0696,276.0566,276.8837,278.7781,282.0895,287.2903,294.9547,305.719,320.2308,339.1101,362.9556,392.4398,428.5431,334.0,473.0,372.2805,137.1227,626.81,-15.83620000000002
1622,1622,1622.0,1622.0,1622.0,1622.0,1622.0,1622.0,1622.0,1622.0,1622.0,1622.0,1622.0,1622.0,1622.0,1622.0,1622.0,1622.0,1622.0,1622.0,1622.0,1622.0,1622.0,1622.0,1622.0,1622.0,1622.0,1622.0,,,,,,,,,,,,,,,,,,,,,,,,,,,,,,,,,,,,,,,,,,,,,,,,,0.2,322.6883,313.0274,304.9364,298.3683,293.2874,289.6592,287.4527,286.65,287.2575,289.3161,292.9068,298.1529,305.2198,314.3162,325.701,339.7016,356.7507,377.4516,402.6894,433.8193,249.0,473.0,509.4032,60.71279999999996,489.6873,-5.54079999999999
1623,1623,1623.0,1623.0,1623.0,1623.0,1623.0,1623.0,1623.0,1623.0,1623.0,1623.0,1623.0,1623.0,1623.0,1623.0,1623.0,1623.0,1623.0,1623.0,1623.0,1623.0,1623.0,1623.0,1623.0,1623.0,1623.0,1623.0,,,,,,,,,,,,,,,,,,,,,,,,,,,,,,,,,,,,,,,,,,,,,,,,,0.3,256.9404,264.1757,270.5165,275.8848,280.333,284.0348,287.2573,290.3234,293.5752,297.3461,301.9455,307.657,314.7481,323.4887,334.1787,347.1835,362.9834,382.2428,405.9179,435.4339,215.0,411.0,570.116,79.50509999999997,428.9745,-12.41519999999997
1624,1624,1624.0,1624.0,1624.0,1624.0,1624.0,1624.0,1624.0,1624.0,1624.0,1624.0,1624.0,1624.0,1624.0,1624.0,1624.0,1624.0,1624.0,1624.0,1624.0,1624.0,1624.0,1624.0,1624.0,1624.0,1624.0,1624.0,,,,,,,,,,,,,,,,,,,,,,,,,,,,,,,,,,,,,,,,,,,,,,,,,0.4,227.5243,239.0022,249.3323,258.4878,266.5263,273.5837,279.8568,285.5792,290.9964,296.3443,301.8341,307.6469,313.9367,320.8449,328.5249,337.1765,347.0881,358.6831,372.5723,389.6141,300.0,473.0,649.6211,107.88060000000009,349.46940000000006,-24.21629999999999
1625,1625,1625.0,1625.0,1625.0,1625.0,1625.0,1625.0,1625.0,1625.0,1625.0,1625.0,1625.0,1625.0,1625.0,1625.0,1625.0,1625.0,1625.0,1625.0,1625.0,1625.0,1625.0,1625.0,1625.0,1625.0,1625.0,1625.0,,,,,,,,,,,,,,,,,,,,,,,,,,,,,,,,,,,,,,,,,,,,,,,,,0.5,294.127,289.1933,285.4399,283.0276,282.0125,282.3499,283.9214,286.5768,290.1787,294.6411,299.9577,306.2172,313.6091,322.4219,333.0392,345.9388,361.7067,381.0781,405.0292,434.9549,324.0,473.0,757.5017,51.557000000000016,241.5888,-16.90010000000001
1626,1626,1626.0,1626.0,1626.0,1626.0,1626.0,1626.0,1626.0,1626.0,1626.0,1626.0,1626.0,1626.0,1626.0,1626.0,1626.0,1626.0,1626.0,1626.0,1626.0,1626.0,1626.0,1626.0,1626.0,1626.0,1626.0,1626.0,,,,,,,,,,,,,,,,,,,,,,,,,,,,,,,,,,,,,,,,,,,,,,,,,0.6,315.5119,308.4089,302.6853,298.3444,295.379,293.7628,293.4531,294.4006,296.5628,299.9186,304.4812,310.3087,317.514,326.2759,336.8531,349.6065,365.0348,383.8339,406.9947,435.9734,273.0,403.0,809.0587,23.453499999999963,190.0318,-7.037199999999984
1627,1627,1627.0,1627.0,1627.0,1627.0,1627.0,1627.0,1627.0,1627.0,1627.0,1627.0,1627.0,1627.0,1627.0,1627.0,1627.0,1627.0,1627.0,1627.0,1627.0,1627.0,1627.0,1627.0,1627.0,1627.0,1627.0,1627.0,,,,,,,,,,,,,,,,,,,,,,,,,,,,,,,,,,,,,,,,,,,,,,,,,0.7,276.5682,279.9969,283.1832,286.0851,288.7316,291.2166,293.6816,296.2913,299.2095,302.5795,306.5124,311.0852,316.3491,322.3478,329.1456,336.8638,345.7227,356.0867,368.5094,383.7824,285.0,408.0,832.5122,42.45479999999998,166.5783,-11.23339999999996
1628,1628,1628.0,1628.0,1628.0,1628.0,1628.0,1628.0,1628.0,1628.0,1628.0,1628.0,1628.0,1628.0,1628.0,1628.0,1628.0,1628.0,1628.0,1628.0,1628.0,1628.0,1628.0,1628.0,1628.0,1628.0,1628.0,1628.0,,,,,,,,,,,,,,,,,,,,,,,,,,,,,,,,,,,,,,,,,,,,,,,,,0.8,285.0101,285.3131,285.9289,286.8737,288.158,289.7883,291.7709,294.1174,296.8499,300.0064,303.6452,307.8499,312.7342,318.4484,325.1876,333.203,342.8179,354.451,368.6523,386.161,275.0,394.0,874.967,52.823600000000056,124.12350000000004,-14.411699999999996
1629,1629,1629.0,1629.0,1629.0,1629.0,1629.0,1629.0,1629.0,1629.0,1629.0,1629.0,1629.0,1629.0,1629.0,1629.0,1629.0,1629.0,1629.0,1629.0,1629.0,1629.0,1629.0,1629.0,1629.0,1629.0,1629.0,1629.0,,,,,,,,,,,,,,,,,,,,,,,,,,,,,,,,,,,,,,,,,,,,,,,,,0.9,277.0393,279.1,281.1695,283.2502,285.3615,287.5406,289.8393,292.3205,295.055,298.1188,301.5933,305.567,310.1401,315.4328,321.5959,328.8261,337.3847,347.6222,360.0091,375.18,266.0,401.0,927.7906,71.29989999999998,71.29989999999998,-18.509400000000028
1630,1630,1630.0,1630.0,1630.0,1630.0,1630.0,1630.0,1630.0,1630.0,1630.0,1630.0,1630.0,1630.0,1630.0,1630.0,1630.0,1630.0,1630.0,1630.0,1630.0,1630.0,1630.0,1630.0,1630.0,1630.0,1630.0,1630.0,,,,,,,,,,,,,,,,,,,,,,,,,,,,,,,,,,,,,,,,,,,,,,,,,0.0,273.0,273.0,273.0,273.0,273.0,273.0,273.0,273.0,273.0,273.0,273.0,273.0,273.0,273.0,273.0,273.0,273.0,273.0,273.0,273.0,358.0,312.0,0.0,403.3144,1511.8427,-20.0
1631,1631,1631.0,1631.0,1631.0,1631.0,1631.0,1631.0,1631.0,1631.0,1631.0,1631.0,1631.0,1631.0,1631.0,1631.0,1631.0,1631.0,1631.0,1631.0,1631.0,1631.0,1631.0,1631.0,1631.0,1631.0,1631.0,1631.0,,,,,,,,,,,,,,,,,,,,,,,,,,,,,,,,,,,,,,,,,,,,,,,,,0.1,340.368,325.2783,312.5714,302.1285,293.8061,287.4078,282.6871,279.3717,277.1958,275.9311,275.4088,275.531,276.27,277.6585,279.7717,282.7052,286.5515,291.381,297.2304,304.1061,308.0,392.0,403.3144,267.0507,1108.5283,-6.6422000000000025
1632,1632,1632.0,1632.0,1632.0,1632.0,1632.0,1632.0,1632.0,1632.0,1632.0,1632.0,1632.0,1632.0,1632.0,1632.0,1632.0,1632.0,1632.0,1632.0,1632.0,1632.0,1632.0,1632.0,1632.0,1632.0,1632.0,1632.0,,,,,,,,,,,,,,,,,,,,,,,,,,,,,,,,,,,,,,,,,,,,,,,,,0.2,303.8152,300.2639,297.1318,294.2744,291.6237,289.1838,287.0187,285.2372,283.9799,283.412,283.7226,285.1274,287.8713,292.2261,298.4815,306.929,317.8476,331.5005,348.1565,368.1514,231.0,473.0,670.3651,161.71900000000005,841.4775999999999,-6.016199999999969
1633,1633,1633.0,1633.0,1633.0,1633.0,1633.0,1633.0,1633.0,1633.0,1633.0,1633.0,1633.0,1633.0,1633.0,1633.0,1633.0,1633.0,1633.0,1633.0,1633.0,1633.0,1633.0,1633.0,1633.0,1633.0,1633.0,1633.0,,,,,,,,,,,,,,,,,,,,,,,,,,,,,,,,,,,,,,,,,,,,,,,,,0.3,241.716,251.3993,259.8028,266.8031,272.4206,276.8136,280.2533,283.0909,285.7256,288.581,292.0928,296.7036,302.8646,311.0372,321.6953,335.3315,352.4775,373.7556,399.9882,432.4024,213.0,473.0,832.0841,146.21339999999998,679.7585999999999,-19.63639999999998
1634,1634,1634.0,1634.0,1634.0,1634.0,1634.0,1634.0,1634.0,1634.0,1634.0,1634.0,1634.0,1634.0,1634.0,1634.0,1634.0,1634.0,1634.0,1634.0,1634.0,1634.0,1634.0,1634.0,1634.0,1634.0,1634.0,1634.0,,,,,,,,,,,,,,,,,,,,,,,,,,,,,,,,,,,,,,,,,,,,,,,,,0.4,224.6312,235.2593,244.8333,253.3581,260.9039,267.6066,273.6597,279.3028,284.8076,290.4666,296.5841,303.4719,311.4504,320.8558,332.0558,345.4756,361.6406,381.2443,405.2567,435.1058,307.0,473.0,978.2975,126.94950000000006,533.5451999999999,-30.1934
1635,1635,1635.0,1635.0,1635.0,1635.0,1635.0,1635.0,1635.0,1635.0,1635.0,1635.0,1635.0,1635.0,1635.0,1635.0,1635.0,1635.0,1635.0,1635.0,1635.0,1635.0,1635.0,1635.0,1635.0,1635.0,1635.0,1635.0,,,,,,,,,,,,,,,,,,,,,,,,,,,,,,,,,,,,,,,,,,,,,,,,,0.5,299.0187,292.2037,286.8265,283.0774,281.0349,280.6655,281.8504,284.4272,288.2348,293.1507,299.117,306.1538,314.3641,323.9368,335.1529,348.4005,364.2061,383.2914,406.6713,435.8237,209.0,473.0,1105.247,84.1724999999999,406.5956999999999,-18.58449999999999
1636,1636,1636.0,1636.0,1636.0,1636.0,1636.0,1636.0,1636.0,1636.0,1636.0,1636.0,1636.0,1636.0,1636.0,1636.0,1636.0,1636.0,1636.0,1636.0,1636.0,1636.0,1636.0,1636.0,1636.0,1636.0,1636.0,1636.0,,,,,,,,,,,,,,,,,,,,,,,,,,,,,,,,,,,,,,,,,,,,,,,,,0.6,223.3757,236.4789,248.0842,258.1077,266.622,273.84,280.0767,285.7017,291.0963,296.6232,302.6124,309.3633,317.1589,326.2897,337.0836,349.9435,365.3954,384.1549,407.2312,436.0976,290.0,473.0,1189.4195,99.4284,322.42319999999995,-26.96000000000004
1637,1637,1637.0,1637.0,1637.0,1637.0,1637.0,1637.0,1637.0,1637.0,1637.0,1637.0,1637.0,1637.0,1637.0,1637.0,1637.0,1637.0,1637.0,1637.0,1637.0,1637.0,1637.0,1637.0,1637.0,1637.0,1637.0,1637.0,,,,,,,,,,,,,,,,,,,,,,,,,,,,,,,,,,,,,,,,,,,,,,,,,0.7,286.1144,282.925,280.6918,279.5945,279.7137,281.0367,283.4834,286.944,291.3162,296.5367,302.6015,309.5761,317.6008,326.8942,337.7607,350.6086,365.9821,384.619,407.5479,436.2568,287.0,473.0,1288.8479,57.0933,222.9948,-21.413299999999992
1638,1638,1638.0,1638.0,1638.0,1638.0,1638.0,1638.0,1638.0,1638.0,1638.0,1638.0,1638.0,1638.0,1638.0,1638.0,1638.0,1638.0,1638.0,1638.0,1638.0,1638.0,1638.0,1638.0,1638.0,1638.0,1638.0,1638.0,,,,,,,,,,,,,,,,,,,,,,,,,,,,,,,,,,,,,,,,,,,,,,,,,0.8,285.8981,285.1724,284.8813,285.0847,285.8408,287.205,289.2305,291.97,295.4807,299.8298,305.1033,311.4151,318.9192,327.8238,338.4106,351.0608,366.2939,384.8275,407.6758,436.3175,221.0,403.0,1345.9412,52.18209999999999,165.90149999999994,-16.995000000000005
1639,1639,1639.0,1639.0,1639.0,1639.0,1639.0,1639.0,1639.0,1639.0,1639.0,1639.0,1639.0,1639.0,1639.0,1639.0,1639.0,1639.0,1639.0,1639.0,1639.0,1639.0,1639.0,1639.0,1639.0,1639.0,1639.0,1639.0,,,,,,,,,,,,,,,,,,,,,,,,,,,,,,,,,,,,,,,,,,,,,,,,,0.9,233.468,244.879,255.0729,263.992,271.6931,278.3351,284.1512,289.4119,294.3897,299.3307,304.4382,309.8683,315.7381,322.1453,329.1986,337.055,345.9647,356.3163,368.6837,383.8754,218.0,395.0,1398.1233,113.71939999999996,113.71939999999996,-27.7149
1640,1640,1640.0,1640.0,1640.0,1640.0,1640.0,1640.0,1640.0,1640.0,1640.0,1640.0,1640.0,1640.0,1640.0,1640.0,1640.0,1640.0,1640.0,1640.0,1640.0,1640.0,1640.0,1640.0,1640.0,1640.0,1640.0,1640.0,,,,,,,,,,,,,,,,,,,,,,,,,,,,,,,,,,,,,,,,,,,,,,,,,0.0,273.0,273.0,273.0,273.0,273.0,273.0,273.0,273.0,273.0,273.0,273.0,273.0,273.0,273.0,273.0,273.0,273.0,273.0,273.0,273.0,357.0,314.0,0.0,402.6631,1469.5298,-20.0
1641,1641,1641.0,1641.0,1641.0,1641.0,1641.0,1641.0,1641.0,1641.0,1641.0,1641.0,1641.0,1641.0,1641.0,1641.0,1641.0,1641.0,1641.0,1641.0,1641.0,1641.0,1641.0,1641.0,1641.0,1641.0,1641.0,1641.0,,,,,,,,,,,,,,,,,,,,,,,,,,,,,,,,,,,,,,,,,,,,,,,,,0.1,339.5851,324.6751,312.1167,301.7946,293.5686,287.2451,282.5816,279.3098,277.1689,275.9358,275.4477,275.613,276.4111,277.882,280.1089,283.1944,287.2376,292.3134,298.4622,305.6927,308.0,390.0,402.6631,265.457,1066.8667,-6.804900000000032
1642,1642,1642.0,1642.0,1642.0,1642.0,1642.0,1642.0,1642.0,1642.0,1642.0,1642.0,1642.0,1642.0,1642.0,1642.0,1642.0,1642.0,1642.0,1642.0,1642.0,1642.0,1642.0,1642.0,1642.0,1642.0,1642.0,1642.0,,,,,,,,,,,,,,,,,,,,,,,,,,,,,,,,,,,,,,,,,,,,,,,,,0.2,303.7853,300.2075,297.0555,294.187,291.5349,289.1032,286.9546,285.1957,283.9641,283.421,283.7501,285.1605,287.8885,292.1966,298.3638,306.6717,317.3905,330.7764,347.0924,366.6668,234.0,471.0,668.1201,161.56270000000006,801.4097,-6.096799999999973
1643,1643,1643.0,1643.0,1643.0,1643.0,1643.0,1643.0,1643.0,1643.0,1643.0,1643.0,1643.0,1643.0,1643.0,1643.0,1643.0,1643.0,1643.0,1643.0,1643.0,1643.0,1643.0,1643.0,1643.0,1643.0,1643.0,1643.0,,,,,,,,,,,,,,,,,,,,,,,,,,,,,,,,,,,,,,,,,,,,,,,,,0.3,244.128,253.2799,261.2212,267.8353,273.1426,277.2956,280.5555,283.2609,285.7976,288.5766,292.0219,296.5665,302.6533,310.7374,321.2869,334.7891,351.7692,372.8404,398.8099,430.8783,210.0,471.0,829.6828,145.6452999999999,639.847,-19.15440000000001
1644,1644,1644.0,1644.0,1644.0,1644.0,1644.0,1644.0,1644.0,1644.0,1644.0,1644.0,1644.0,1644.0,1644.0,1644.0,1644.0,1644.0,1644.0,1644.0,1644.0,1644.0,1644.0,1644.0,1644.0,1644.0,1644.0,1644.0,,,,,,,,,,,,,,,,,,,,,,,,,,,,,,,,,,,,,,,,,,,,,,,,,0.4,222.3033,233.5424,243.6415,252.5908,260.4568,267.3809,273.5695,279.2784,284.7962,290.4302,296.4961,303.3135,311.2072,320.5144,331.6009,344.8877,360.8933,380.2997,404.0597,433.5731,305.0,473.0,975.3281,130.41530000000012,494.2017000000001,-30.41910000000001
1645,1645,1645.0,1645.0,1645.0,1645.0,1645.0,1645.0,1645.0,1645.0,1645.0,1645.0,1645.0,1645.0,1645.0,1645.0,1645.0,1645.0,1645.0,1645.0,1645.0,1645.0,1645.0,1645.0,1645.0,1645.0,1645.0,1645.0,,,,,,,,,,,,,,,,,,,,,,,,,,,,,,,,,,,,,,,,,,,,,,,,,0.5,297.3456,290.8103,285.6742,282.1332,280.269,280.0493,281.3561,284.0277,287.9045,292.867,298.861,305.9114,314.1273,323.7035,334.9263,348.1882,364.0187,383.14,406.5652,435.7694,217.0,473.0,1105.7434,83.53779999999983,363.7864,-19.200699999999983
1646,1646,1646.0,1646.0,1646.0,1646.0,1646.0,1646.0,1646.0,1646.0,1646.0,1646.0,1646.0,1646.0,1646.0,1646.0,1646.0,1646.0,1646.0,1646.0,1646.0,1646.0,1646.0,1646.0,1646.0,1646.0,1646.0,1646.0,,,,,,,,,,,,,,,,,,,,,,,,,,,,,,,,,,,,,,,,,,,,,,,,,0.6,229.7515,241.3724,251.6844,260.6307,268.2896,274.8613,280.6344,285.9454,291.1409,296.5516,302.4812,309.2086,317.0027,326.1443,336.9555,349.836,365.3097,384.0914,407.1895,436.0771,290.0,471.0,1189.2812,93.21170000000006,280.2486000000001,-25.938699999999983
1647,1647,1647.0,1647.0,1647.0,1647.0,1647.0,1647.0,1647.0,1647.0,1647.0,1647.0,1647.0,1647.0,1647.0,1647.0,1647.0,1647.0,1647.0,1647.0,1647.0,1647.0,1647.0,1647.0,1647.0,1647.0,1647.0,1647.0,,,,,,,,,,,,,,,,,,,,,,,,,,,,,,,,,,,,,,,,,,,,,,,,,0.7,286.3639,283.3964,281.3344,280.3435,280.5003,281.7981,284.1702,287.523,291.7708,296.863,302.8036,309.6608,317.5725,326.7511,337.4924,350.1939,365.3884,383.8,406.44,434.7703,289.0,472.0,1282.4929,54.81970000000001,187.0369000000001,-20.65190000000001
1648,1648,1648.0,1648.0,1648.0,1648.0,1648.0,1648.0,1648.0,1648.0,1648.0,1648.0,1648.0,1648.0,1648.0,1648.0,1648.0,1648.0,1648.0,1648.0,1648.0,1648.0,1648.0,1648.0,1648.0,1648.0,1648.0,1648.0,,,,,,,,,,,,,,,,,,,,,,,,,,,,,,,,,,,,,,,,,,,,,,,,,0.8,287.5691,286.5602,286.0282,286.0288,286.6151,287.8369,289.7411,292.3746,295.7893,300.0486,305.2355,311.4624,318.8825,327.7034,338.2061,350.7702,365.9115,384.3418,407.0652,435.5443,247.0,401.0,1337.3126,42.06809999999996,132.21720000000005,-16.363099999999974
1649,1649,1649.0,1649.0,1649.0,1649.0,1649.0,1649.0,1649.0,1649.0,1649.0,1649.0,1649.0,1649.0,1649.0,1649.0,1649.0,1649.0,1649.0,1649.0,1649.0,1649.0,1649.0,1649.0,1649.0,1649.0,1649.0,1649.0,,,,,,,,,,,,,,,,,,,,,,,,,,,,,,,,,,,,,,,,,,,,,,,,,0.9,254.5405,261.5021,267.8206,273.4885,278.5636,283.163,287.447,291.5966,295.7913,300.1912,304.926,310.093,315.7645,322.0053,328.8996,336.5861,345.3002,355.4171,367.4966,382.3298,216.0,399.0,1379.3807,90.14910000000008,90.14910000000008,-22.887
1650,1650,1650.0,1650.0,1650.0,1650.0,1650.0,1650.0,1650.0,1650.0,1650.0,1650.0,1650.0,1650.0,1650.0,1650.0,1650.0,1650.0,1650.0,1650.0,1650.0,1650.0,1650.0,1650.0,1650.0,1650.0,1650.0,1650.0,,,,,,,,,,,,,,,,,,,,,,,,,,,,,,,,,,,,,,,,,,,,,,,,,0.0,273.0,273.0,273.0,273.0,273.0,273.0,273.0,273.0,273.0,273.0,273.0,273.0,273.0,273.0,273.0,273.0,273.0,273.0,273.0,273.0,303.0,472.0,0.0,372.0869,1072.8446,-20.0
1651,1651,1651.0,1651.0,1651.0,1651.0,1651.0,1651.0,1651.0,1651.0,1651.0,1651.0,1651.0,1651.0,1651.0,1651.0,1651.0,1651.0,1651.0,1651.0,1651.0,1651.0,1651.0,1651.0,1651.0,1651.0,1651.0,1651.0,,,,,,,,,,,,,,,,,,,,,,,,,,,,,,,,,,,,,,,,,,,,,,,,,0.1,296.9577,291.6801,287.1869,283.4854,280.5616,278.3827,276.9132,276.1383,276.0938,276.8961,278.7684,282.0563,287.228,294.854,305.567,320.0109,338.8021,362.5353,391.8762,427.7939,333.0,472.0,372.0869,137.18539999999996,700.7576999999999,-15.667300000000012
1652,1652,1652.0,1652.0,1652.0,1652.0,1652.0,1652.0,1652.0,1652.0,1652.0,1652.0,1652.0,1652.0,1652.0,1652.0,1652.0,1652.0,1652.0,1652.0,1652.0,1652.0,1652.0,1652.0,1652.0,1652.0,1652.0,1652.0,,,,,,,,,,,,,,,,,,,,,,,,,,,,,,,,,,,,,,,,,,,,,,,,,0.2,321.9328,312.4798,304.5607,298.1288,293.1495,289.591,287.4265,286.6429,287.2515,289.2972,292.8644,298.0785,305.1057,314.1547,325.4833,339.4168,356.3845,376.9849,402.0945,433.0546,245.0,469.0,509.2723,61.99890000000005,563.5722999999999,-5.6089999999999804
1653,1653,1653.0,1653.0,1653.0,1653.0,1653.0,1653.0,1653.0,1653.0,1653.0,1653.0,1653.0,1653.0,1653.0,1653.0,1653.0,1653.0,1653.0,1653.0,1653.0,1653.0,1653.0,1653.0,1653.0,1653.0,1653.0,1653.0,,,,,,,,,,,,,,,,,,,,,,,,,,,,,,,,,,,,,,,,,,,,,,,,,0.3,253.6995,261.615,268.5449,274.4058,279.2503,283.2583,286.7063,289.9284,293.2775,297.0958,301.6987,307.3723,314.3826,322.9949,333.5011,346.2559,361.725,380.5533,403.6672,432.4426,259.0,413.0,571.2712,67.21789999999999,501.5733999999999,-13.191699999999967
1654,1654,1654.0,1654.0,1654.0,1654.0,1654.0,1654.0,1654.0,1654.0,1654.0,1654.0,1654.0,1654.0,1654.0,1654.0,1654.0,1654.0,1654.0,1654.0,1654.0,1654.0,1654.0,1654.0,1654.0,1654.0,1654.0,1654.0,,,,,,,,,,,,,,,,,,,,,,,,,,,,,,,,,,,,,,,,,,,,,,,,,0.4,262.8693,266.5416,270.0914,273.5875,277.0942,280.6741,284.3916,288.3164,292.5241,297.0948,302.1117,307.6588,313.8244,320.7104,328.4504,337.2376,347.3609,359.2481,373.5154,391.0299,253.0,413.0,638.4891,82.87810000000002,434.3554999999999,-17.1259
1655,1655,1655.0,1655.0,1655.0,1655.0,1655.0,1655.0,1655.0,1655.0,1655.0,1655.0,1655.0,1655.0,1655.0,1655.0,1655.0,1655.0,1655.0,1655.0,1655.0,1655.0,1655.0,1655.0,1655.0,1655.0,1655.0,1655.0,,,,,,,,,,,,,,,,,,,,,,,,,,,,,,,,,,,,,,,,,,,,,,,,,0.5,258.0224,262.7065,267.099,271.2534,275.232,279.1058,282.9537,286.8607,290.9176,295.2216,299.8787,305.0085,310.7509,317.2753,324.7922,333.5683,343.9462,356.3724,371.4379,389.9427,328.0,473.0,721.3672,81.2047,351.4773999999999,-20.14420000000001
1656,1656,1656.0,1656.0,1656.0,1656.0,1656.0,1656.0,1656.0,1656.0,1656.0,1656.0,1656.0,1656.0,1656.0,1656.0,1656.0,1656.0,1656.0,1656.0,1656.0,1656.0,1656.0,1656.0,1656.0,1656.0,1656.0,1656.0,,,,,,,,,,,,,,,,,,,,,,,,,,,,,,,,,,,,,,,,,,,,,,,,,0.6,317.5249,308.6782,301.5403,296.1615,292.5283,290.5565,290.108,291.0227,293.1561,296.4134,300.7749,306.3121,313.1934,321.6834,332.1395,345.0124,360.8598,380.3887,404.5484,434.7099,257.0,416.0,802.5719,37.823800000000006,270.2726999999999,-10.243499999999983
1657,1657,1657.0,1657.0,1657.0,1657.0,1657.0,1657.0,1657.0,1657.0,1657.0,1657.0,1657.0,1657.0,1657.0,1657.0,1657.0,1657.0,1657.0,1657.0,1657.0,1657.0,1657.0,1657.0,1657.0,1657.0,1657.0,1657.0,,,,,,,,,,,,,,,,,,,,,,,,,,,,,,,,,,,,,,,,,,,,,,,,,0.7,263.4512,269.4028,274.7185,279.3459,283.3305,286.8068,289.975,293.0686,296.324,299.9559,304.1437,309.0288,314.7241,321.3326,328.9753,337.8277,348.1616,360.3921,375.1318,393.2558,273.0,392.0,840.3957,57.60399999999993,232.44889999999987,-15.64319999999998
1658,1658,1658.0,1658.0,1658.0,1658.0,1658.0,1658.0,1658.0,1658.0,1658.0,1658.0,1658.0,1658.0,1658.0,1658.0,1658.0,1658.0,1658.0,1658.0,1658.0,1658.0,1658.0,1658.0,1658.0,1658.0,1658.0,1658.0,,,,,,,,,,,,,,,,,,,,,,,,,,,,,,,,,,,,,,,,,,,,,,,,,0.8,274.6788,276.4219,278.2873,280.322,282.5608,285.0282,287.7439,290.7278,294.005,297.609,301.5839,305.9864,310.8891,316.3875,322.6115,329.7414,338.03,347.8284,359.6174,374.0481,255.0,407.0,897.9997,79.08990000000006,174.84489999999994,-19.17179999999996
1659,1659,1659.0,1659.0,1659.0,1659.0,1659.0,1659.0,1659.0,1659.0,1659.0,1659.0,1659.0,1659.0,1659.0,1659.0,1659.0,1659.0,1659.0,1659.0,1659.0,1659.0,1659.0,1659.0,1659.0,1659.0,1659.0,1659.0,,,,,,,,,,,,,,,,,,,,,,,,,,,,,,,,,,,,,,,,,,,,,,,,,0.9,260.2923,265.2143,269.7563,273.9319,277.7827,281.3772,284.8067,288.1787,291.6119,295.2334,299.1797,303.6004,308.664,314.5659,321.5362,329.8501,339.8416,351.925,366.6301,384.662,259.0,418.0,977.0896,95.75499999999988,95.75499999999988,-24.672799999999995
1660,1660,1660.0,1660.0,1660.0,1660.0,1660.0,1660.0,1660.0,1660.0,1660.0,1660.0,1660.0,1660.0,1660.0,1660.0,1660.0,1660.0,1660.0,1660.0,1660.0,1660.0,1660.0,1660.0,1660.0,1660.0,1660.0,1660.0,,,,,,,,,,,,,,,,,,,,,,,,,,,,,,,,,,,,,,,,,,,,,,,,,0.0,273.0,273.0,273.0,273.0,273.0,273.0,273.0,273.0,273.0,273.0,273.0,273.0,273.0,273.0,273.0,273.0,273.0,273.0,273.0,273.0,357.0,313.0,0.0,403.0867,1314.9725,-20.0
1661,1661,1661.0,1661.0,1661.0,1661.0,1661.0,1661.0,1661.0,1661.0,1661.0,1661.0,1661.0,1661.0,1661.0,1661.0,1661.0,1661.0,1661.0,1661.0,1661.0,1661.0,1661.0,1661.0,1661.0,1661.0,1661.0,1661.0,,,,,,,,,,,,,,,,,,,,,,,,,,,,,,,,,,,,,,,,,,,,,,,,,0.1,339.5851,324.6751,312.1165,301.7944,293.568,287.2439,282.5791,279.3051,277.1601,275.9201,275.4205,275.5677,276.3382,277.7691,279.9397,282.9495,286.8945,291.8472,297.8465,304.8995,280.0,471.0,403.0867,258.4223,911.8858,-6.806100000000015
1662,1662,1662.0,1662.0,1662.0,1662.0,1662.0,1662.0,1662.0,1662.0,1662.0,1662.0,1662.0,1662.0,1662.0,1662.0,1662.0,1662.0,1662.0,1662.0,1662.0,1662.0,1662.0,1662.0,1662.0,1662.0,1662.0,1662.0,,,,,,,,,,,,,,,,,,,,,,,,,,,,,,,,,,,,,,,,,,,,,,,,,0.2,281.5278,282.9401,284.0189,284.6357,284.7688,284.5014,284.0068,283.5266,283.3541,283.8256,285.3205,288.2674,293.1471,300.4864,310.841,324.7714,342.8302,365.5872,393.7286,428.2772,295.0,473.0,661.509,109.21529999999996,653.4635000000001,-10.6986
1663,1663,1663.0,1663.0,1663.0,1663.0,1663.0,1663.0,1663.0,1663.0,1663.0,1663.0,1663.0,1663.0,1663.0,1663.0,1663.0,1663.0,1663.0,1663.0,1663.0,1663.0,1663.0,1663.0,1663.0,1663.0,1663.0,1663.0,,,,,,,,,,,,,,,,,,,,,,,,,,,,,,,,,,,,,,,,,,,,,,,,,0.3,292.1292,289.773,287.9297,286.6072,285.8244,285.6149,286.0328,287.1596,289.1082,292.025,296.0889,301.5098,308.5257,317.4052,328.4557,342.0438,358.6341,378.8558,403.6136,434.2746,250.0,437.0,770.7243,65.43079999999998,544.2482000000001,-10.835100000000011
1664,1664,1664.0,1664.0,1664.0,1664.0,1664.0,1664.0,1664.0,1664.0,1664.0,1664.0,1664.0,1664.0,1664.0,1664.0,1664.0,1664.0,1664.0,1664.0,1664.0,1664.0,1664.0,1664.0,1664.0,1664.0,1664.0,1664.0,,,,,,,,,,,,,,,,,,,,,,,,,,,,,,,,,,,,,,,,,,,,,,,,,0.4,256.6941,262.8417,268.3653,273.2507,277.5582,281.4187,285.0181,288.5751,292.3193,296.4729,301.2401,306.8047,313.3367,321.0074,330.014,340.612,353.1576,368.1601,386.3515,408.7857,321.0,473.0,836.1551,67.25060000000008,478.8174000000001,-16.38130000000001
1665,1665,1665.0,1665.0,1665.0,1665.0,1665.0,1665.0,1665.0,1665.0,1665.0,1665.0,1665.0,1665.0,1665.0,1665.0,1665.0,1665.0,1665.0,1665.0,1665.0,1665.0,1665.0,1665.0,1665.0,1665.0,1665.0,1665.0,,,,,,,,,,,,,,,,,,,,,,,,,,,,,,,,,,,,,,,,,,,,,,,,,0.5,312.2029,304.812,298.922,294.5942,291.8288,290.5622,290.6835,292.0636,294.5884,298.1872,302.8534,308.6575,315.7524,324.3757,334.8525,347.6047,363.1738,382.2706,405.8705,435.3884,262.0,405.0,903.4057,32.877899999999954,411.56680000000006,-8.687799999999982
1666,1666,1666.0,1666.0,1666.0,1666.0,1666.0,1666.0,1666.0,1666.0,1666.0,1666.0,1666.0,1666.0,1666.0,1666.0,1666.0,1666.0,1666.0,1666.0,1666.0,1666.0,1666.0,1666.0,1666.0,1666.0,1666.0,1666.0,,,,,,,,,,,,,,,,,,,,,,,,,,,,,,,,,,,,,,,,,,,,,,,,,0.6,267.3726,272.3794,276.9161,280.9469,284.5156,287.7385,290.784,293.8462,297.1177,300.7686,304.9347,309.7149,315.1804,321.3928,328.4324,336.4347,345.6316,356.397,369.2934,385.1234,277.0,388.0,936.2836,54.525300000000016,378.6889000000001,-13.061500000000024
1667,1667,1667.0,1667.0,1667.0,1667.0,1667.0,1667.0,1667.0,1667.0,1667.0,1667.0,1667.0,1667.0,1667.0,1667.0,1667.0,1667.0,1667.0,1667.0,1667.0,1667.0,1667.0,1667.0,1667.0,1667.0,1667.0,1667.0,,,,,,,,,,,,,,,,,,,,,,,,,,,,,,,,,,,,,,,,,,,,,,,,,0.7,278.0669,279.276,280.677,282.309,284.1986,286.3619,288.8087,291.5482,294.5942,297.969,301.7068,305.8564,310.4856,315.6874,321.5907,328.3745,336.286,345.6639,356.9654,370.8035,262.0,404.0,990.8089,75.17579999999998,324.1636000000001,-16.088099999999997
1668,1668,1668.0,1668.0,1668.0,1668.0,1668.0,1668.0,1668.0,1668.0,1668.0,1668.0,1668.0,1668.0,1668.0,1668.0,1668.0,1668.0,1668.0,1668.0,1668.0,1668.0,1668.0,1668.0,1668.0,1668.0,1668.0,1668.0,,,,,,,,,,,,,,,,,,,,,,,,,,,,,,,,,,,,,,,,,,,,,,,,,0.8,266.1146,269.9896,273.6164,277.0056,280.1906,283.2273,286.1913,289.1731,292.2745,295.6071,299.2943,303.475,308.309,313.9847,320.7253,328.7984,338.5274,350.3118,364.6599,382.2452,212.0,417.0,1065.9847,108.67620000000012,248.9878000000001,-20.97269999999997
1669,1669,1669.0,1669.0,1669.0,1669.0,1669.0,1669.0,1669.0,1669.0,1669.0,1669.0,1669.0,1669.0,1669.0,1669.0,1669.0,1669.0,1669.0,1669.0,1669.0,1669.0,1669.0,1669.0,1669.0,1669.0,1669.0,1669.0,,,,,,,,,,,,,,,,,,,,,,,,,,,,,,,,,,,,,,,,,,,,,,,,,0.9,225.1611,237.1859,247.9238,257.3137,265.3949,272.2998,278.2333,283.4461,288.2105,292.8019,297.4897,302.5352,308.1974,314.7418,322.4524,331.6474,342.6982,356.06,372.3169,392.2577,267.0,471.0,1174.6609,140.3116,140.3116,-33.75020000000001
1670,1670,1670.0,1670.0,1670.0,1670.0,1670.0,1670.0,1670.0,1670.0,1670.0,1670.0,1670.0,1670.0,1670.0,1670.0,1670.0,1670.0,1670.0,1670.0,1670.0,1670.0,1670.0,1670.0,1670.0,1670.0,1670.0,1670.0,,,,,,,,,,,,,,,,,,,,,,,,,,,,,,,,,,,,,,,,,,,,,,,,,0.0,273.0,273.0,273.0,273.0,273.0,273.0,273.0,273.0,273.0,273.0,273.0,273.0,273.0,273.0,273.0,273.0,273.0,273.0,273.0,273.0,304.0,473.0,0.0,371.5954,1023.5352,-20.0
1671,1671,1671.0,1671.0,1671.0,1671.0,1671.0,1671.0,1671.0,1671.0,1671.0,1671.0,1671.0,1671.0,1671.0,1671.0,1671.0,1671.0,1671.0,1671.0,1671.0,1671.0,1671.0,1671.0,1671.0,1671.0,1671.0,1671.0,,,,,,,,,,,,,,,,,,,,,,,,,,,,,,,,,,,,,,,,,,,,,,,,,0.1,297.7531,292.2986,287.6555,283.8306,280.8083,278.5539,277.029,276.2159,276.1476,276.9383,278.8097,282.1072,287.2998,294.9596,305.7215,320.232,339.1106,362.9559,392.4399,428.5432,346.0,433.0,371.5954,133.57660000000004,651.9398000000001,-15.496100000000013
1672,1672,1672.0,1672.0,1672.0,1672.0,1672.0,1672.0,1672.0,1672.0,1672.0,1672.0,1672.0,1672.0,1672.0,1672.0,1672.0,1672.0,1672.0,1672.0,1672.0,1672.0,1672.0,1672.0,1672.0,1672.0,1672.0,1672.0,,,,,,,,,,,,,,,,,,,,,,,,,,,,,,,,,,,,,,,,,,,,,,,,,0.2,332.1876,320.4307,310.5943,302.5938,296.3594,291.819,288.8966,287.521,287.6362,289.2108,292.2421,296.7564,302.8078,310.4802,319.8964,331.2375,344.7767,360.9274,380.3129,403.8677,209.0,473.0,505.172,80.3791,518.3632,-3.380999999999972
1673,1673,1673.0,1673.0,1673.0,1673.0,1673.0,1673.0,1673.0,1673.0,1673.0,1673.0,1673.0,1673.0,1673.0,1673.0,1673.0,1673.0,1673.0,1673.0,1673.0,1673.0,1673.0,1673.0,1673.0,1673.0,1673.0,1673.0,,,,,,,,,,,,,,,,,,,,,,,,,,,,,,,,,,,,,,,,,,,,,,,,,0.3,225.0746,239.6528,252.3284,262.9029,271.409,278.0885,283.3386,287.6457,291.5241,295.472,299.9474,305.3652,312.1083,320.5476,331.0678,344.0977,360.1521,379.8951,404.2472,434.5703,292.0,472.0,585.5511,92.06269999999996,437.9841,-18.36149999999997
1674,1674,1674.0,1674.0,1674.0,1674.0,1674.0,1674.0,1674.0,1674.0,1674.0,1674.0,1674.0,1674.0,1674.0,1674.0,1674.0,1674.0,1674.0,1674.0,1674.0,1674.0,1674.0,1674.0,1674.0,1674.0,1674.0,1674.0,,,,,,,,,,,,,,,,,,,,,,,,,,,,,,,,,,,,,,,,,,,,,,,,,0.4,288.0806,284.8654,282.5756,281.3603,281.2803,282.3153,284.3907,287.4138,291.3094,296.0472,301.658,308.2408,315.9629,325.0611,335.8469,348.7234,364.2181,383.042,406.1887,435.1053,329.0,473.0,677.6138,49.04520000000002,345.92140000000006,-15.484700000000032
1675,1675,1675.0,1675.0,1675.0,1675.0,1675.0,1675.0,1675.0,1675.0,1675.0,1675.0,1675.0,1675.0,1675.0,1675.0,1675.0,1675.0,1675.0,1675.0,1675.0,1675.0,1675.0,1675.0,1675.0,1675.0,1675.0,1675.0,,,,,,,,,,,,,,,,,,,,,,,,,,,,,,,,,,,,,,,,,,,,,,,,,0.5,319.3485,311.265,304.7506,299.8111,296.4321,294.5684,294.1483,295.0877,297.3081,300.7548,305.412,311.3156,318.5628,327.3227,337.8502,350.5073,365.7985,384.4283,407.3987,436.1765,278.0,393.0,726.659,19.624900000000025,296.87620000000004,-4.681600000000003
1676,1676,1676.0,1676.0,1676.0,1676.0,1676.0,1676.0,1676.0,1676.0,1676.0,1676.0,1676.0,1676.0,1676.0,1676.0,1676.0,1676.0,1676.0,1676.0,1676.0,1676.0,1676.0,1676.0,1676.0,1676.0,1676.0,1676.0,,,,,,,,,,,,,,,,,,,,,,,,,,,,,,,,,,,,,,,,,,,,,,,,,0.6,280.736,283.4392,286.0039,288.3836,290.6002,292.7381,294.9262,297.3137,300.0458,303.2437,306.9931,311.3416,316.3071,321.8968,328.1358,335.1046,342.9823,352.0903,362.9333,376.2385,291.0,383.0,746.2839,39.94119999999998,277.2513,-8.061900000000037
1677,1677,1677.0,1677.0,1677.0,1677.0,1677.0,1677.0,1677.0,1677.0,1677.0,1677.0,1677.0,1677.0,1677.0,1677.0,1677.0,1677.0,1677.0,1677.0,1677.0,1677.0,1677.0,1677.0,1677.0,1677.0,1677.0,1677.0,,,,,,,,,,,,,,,,,,,,,,,,,,,,,,,,,,,,,,,,,,,,,,,,,0.7,290.0276,289.4798,289.3615,289.674,290.4126,291.5668,293.1233,295.0704,297.4024,300.1237,303.252,306.822,310.8897,315.539,320.8907,327.1147,334.4454,343.2003,353.8041,366.8205,276.0,397.0,786.2251,59.19129999999996,237.31010000000003,-10.883199999999988
1678,1678,1678.0,1678.0,1678.0,1678.0,1678.0,1678.0,1678.0,1678.0,1678.0,1678.0,1678.0,1678.0,1678.0,1678.0,1678.0,1678.0,1678.0,1678.0,1678.0,1678.0,1678.0,1678.0,1678.0,1678.0,1678.0,1678.0,,,,,,,,,,,,,,,,,,,,,,,,,,,,,,,,,,,,,,,,,,,,,,,,,0.8,278.0966,280.2071,282.2934,284.3381,286.3486,288.3566,290.4151,292.5934,294.974,297.6502,300.7274,304.3268,308.5902,313.6864,319.8178,327.2279,336.2127,347.1375,360.4657,376.8075,260.0,408.0,845.4164,74.99530000000004,178.11880000000008,-15.843399999999974
1679,1679,1679.0,1679.0,1679.0,1679.0,1679.0,1679.0,1679.0,1679.0,1679.0,1679.0,1679.0,1679.0,1679.0,1679.0,1679.0,1679.0,1679.0,1679.0,1679.0,1679.0,1679.0,1679.0,1679.0,1679.0,1679.0,1679.0,,,,,,,,,,,,,,,,,,,,,,,,,,,,,,,,,,,,,,,,,,,,,,,,,0.9,264.6701,269.0398,273.0814,276.7921,280.2007,283.3673,286.3798,289.3478,292.3977,295.6681,299.3093,303.4847,308.375,314.1832,321.1425,329.526,339.6615,351.9551,366.9287,385.2831,222.0,413.0,920.4117,103.12350000000004,103.12350000000004,-22.68270000000001
1680,1680,1680.0,1680.0,1680.0,1680.0,1680.0,1680.0,1680.0,1680.0,1680.0,1680.0,1680.0,1680.0,1680.0,1680.0,1680.0,1680.0,1680.0,1680.0,1680.0,1680.0,1680.0,1680.0,1680.0,1680.0,1680.0,,,,,,,,,,,,,,,,,,,,,,,,,,,,,,,,,,,,,,,,,,,,,,,,,,0.0,273.0,273.0,273.0,273.0,273.0,273.0,273.0,273.0,273.0,273.0,273.0,273.0,273.0,273.0,273.0,273.0,273.0,273.0,273.0,273.0,327.0,473.0,0.0,364.5018,1319.9999,9.645100000000014
1681,1681,1681.0,1681.0,1681.0,1681.0,1681.0,1681.0,1681.0,1681.0,1681.0,1681.0,1681.0,1681.0,1681.0,1681.0,1681.0,1681.0,1681.0,1681.0,1681.0,1681.0,1681.0,1681.0,1681.0,1681.0,1681.0,,,,,,,,,,,,,,,,,,,,,,,,,,,,,,,,,,,,,,,,,,,,,,,,,,0.1,315.9869,306.4492,298.3658,291.7122,286.4335,282.4402,279.6244,277.8896,277.1891,277.5634,279.1716,282.3092,287.4085,295.0161,305.7497,320.2456,339.117,362.9587,392.4411,428.5436,340.0,315.0,364.5018,133.57569999999998,955.4981,9.645100000000014
1682,1682,1682.0,1682.0,1682.0,1682.0,1682.0,1682.0,1682.0,1682.0,1682.0,1682.0,1682.0,1682.0,1682.0,1682.0,1682.0,1682.0,1682.0,1682.0,1682.0,1682.0,1682.0,1682.0,1682.0,1682.0,1682.0,,,,,,,,,,,,,,,,,,,,,,,,,,,,,,,,,,,,,,,,,,,,,,,,,,0.2,328.2196,318.2145,309.8107,302.8938,297.3839,293.2194,290.3458,288.7067,288.2348,288.84,290.396,292.7297,295.6163,298.7885,301.9623,304.8808,307.3691,309.39,311.0853,312.7881,336.0,438.0,498.0775,122.79640000000006,821.9224,9.645100000000014
1683,1683,1683.0,1683.0,1683.0,1683.0,1683.0,1683.0,1683.0,1683.0,1683.0,1683.0,1683.0,1683.0,1683.0,1683.0,1683.0,1683.0,1683.0,1683.0,1683.0,1683.0,1683.0,1683.0,1683.0,1683.0,1683.0,,,,,,,,,,,,,,,,,,,,,,,,,,,,,,,,,,,,,,,,,,,,,,,,,,0.3,326.4199,318.4114,311.7467,306.2599,301.8314,298.3783,295.8485,294.2194,293.5025,293.7518,295.0759,297.6492,301.7195,307.6069,315.6925,326.4012,340.1871,357.5396,379.0336,405.4493,374.0,312.0,620.8739,66.78749999999991,699.126,9.645100000000014
1684,1684,1684.0,1684.0,1684.0,1684.0,1684.0,1684.0,1684.0,1684.0,1684.0,1684.0,1684.0,1684.0,1684.0,1684.0,1684.0,1684.0,1684.0,1684.0,1684.0,1684.0,1684.0,1684.0,1684.0,1684.0,1684.0,,,,,,,,,,,,,,,,,,,,,,,,,,,,,,,,,,,,,,,,,,,,,,,,,,0.4,356.5536,342.1204,330.2682,320.6918,313.153,307.4451,303.3752,300.7574,299.4082,299.1418,299.7629,301.0581,302.7923,304.714,306.5736,308.157,309.3288,310.0762,310.5414,311.032,353.0,328.0,687.6614,104.90050000000008,632.3385000000001,9.645100000000014
1685,1685,1685.0,1685.0,1685.0,1685.0,1685.0,1685.0,1685.0,1685.0,1685.0,1685.0,1685.0,1685.0,1685.0,1685.0,1685.0,1685.0,1685.0,1685.0,1685.0,1685.0,1685.0,1685.0,1685.0,1685.0,1685.0,,,,,,,,,,,,,,,,,,,,,,,,,,,,,,,,,,,,,,,,,,,,,,,,,,0.5,341.6169,332.298,324.6327,318.3149,313.1215,308.893,305.5159,302.9071,301.0018,299.7457,299.0922,299.0048,299.4609,300.4579,302.0177,304.1899,307.0525,310.712,315.3041,320.9969,362.0,344.0,792.5619,114.51229999999998,527.438,9.645100000000014
1686,1686,1686.0,1686.0,1686.0,1686.0,1686.0,1686.0,1686.0,1686.0,1686.0,1686.0,1686.0,1686.0,1686.0,1686.0,1686.0,1686.0,1686.0,1686.0,1686.0,1686.0,1686.0,1686.0,1686.0,1686.0,1686.0,,,,,,,,,,,,,,,,,,,,,,,,,,,,,,,,,,,,,,,,,,,,,,,,,,0.6,348.4032,337.247,328.0926,320.6095,314.5404,309.6808,305.8658,302.965,300.8791,299.5402,298.9116,298.9878,299.7941,301.3849,303.8405,307.2638,311.7774,317.5224,324.664,333.4033,360.0,338.0,907.0742,107.22339999999996,412.9257,9.645100000000014
1687,1687,1687.0,1687.0,1687.0,1687.0,1687.0,1687.0,1687.0,1687.0,1687.0,1687.0,1687.0,1687.0,1687.0,1687.0,1687.0,1687.0,1687.0,1687.0,1687.0,1687.0,1687.0,1687.0,1687.0,1687.0,1687.0,,,,,,,,,,,,,,,,,,,,,,,,,,,,,,,,,,,,,,,,,,,,,,,,,,0.7,347.0498,336.4423,327.7343,320.5939,314.7704,310.074,306.3616,303.5265,301.4907,300.199,299.6159,299.7221,300.5139,302.0037,304.2212,307.2179,311.0719,315.8953,321.8421,329.1192,358.0,346.0,1014.2976,104.7580999999999,305.70230000000004,9.645100000000014
1688,1688,1688.0,1688.0,1688.0,1688.0,1688.0,1688.0,1688.0,1688.0,1688.0,1688.0,1688.0,1688.0,1688.0,1688.0,1688.0,1688.0,1688.0,1688.0,1688.0,1688.0,1688.0,1688.0,1688.0,1688.0,1688.0,,,,,,,,,,,,,,,,,,,,,,,,,,,,,,,,,,,,,,,,,,,,,,,,,,0.8,345.5094,335.2868,326.9028,320.0343,314.4367,309.925,306.3609,303.6432,301.7013,300.4911,299.9924,300.2074,301.1605,302.8977,305.4873,309.0198,313.6098,319.3992,326.5652,335.3334,361.0,339.0,1119.0557,100.26020000000015,200.9442000000001,9.645100000000014
1689,1689,1689.0,1689.0,1689.0,1689.0,1689.0,1689.0,1689.0,1689.0,1689.0,1689.0,1689.0,1689.0,1689.0,1689.0,1689.0,1689.0,1689.0,1689.0,1689.0,1689.0,1689.0,1689.0,1689.0,1689.0,1689.0,,,,,,,,,,,,,,,,,,,,,,,,,,,,,,,,,,,,,,,,,,,,,,,,,,0.9,347.8077,337.0073,328.158,320.9292,315.0681,310.3797,306.7125,303.9494,302.002,300.8057,300.3163,300.5083,301.373,302.9194,305.1756,308.1933,312.0531,316.872,322.8124,330.0926,356.0,346.0,1219.3159,100.68399999999995,100.68399999999995,9.645100000000014
1690,1690,1690.0,1690.0,1690.0,1690.0,1690.0,1690.0,1690.0,1690.0,1690.0,1690.0,1690.0,1690.0,1690.0,1690.0,1690.0,1690.0,1690.0,1690.0,1690.0,1690.0,1690.0,1690.0,1690.0,1690.0,1690.0,,,,,,,,,,,,,,,,,,,,,,,,,,,,,,,,,,,,,,,,,,,,,,,,,,0.0,273.0,273.0,273.0,273.0,273.0,273.0,273.0,273.0,273.0,273.0,273.0,273.0,273.0,273.0,273.0,273.0,273.0,273.0,273.0,273.0,325.0,472.0,0.0,365.2116,1319.9969,9.276299999999992
1691,1691,1691.0,1691.0,1691.0,1691.0,1691.0,1691.0,1691.0,1691.0,1691.0,1691.0,1691.0,1691.0,1691.0,1691.0,1691.0,1691.0,1691.0,1691.0,1691.0,1691.0,1691.0,1691.0,1691.0,1691.0,1691.0,,,,,,,,,,,,,,,,,,,,,,,,,,,,,,,,,,,,,,,,,,,,,,,,,,0.1,314.406,305.2243,297.4395,291.0306,285.9466,282.1029,279.3975,277.7402,277.0906,277.4944,279.1147,282.2496,287.332,294.908,305.594,320.0239,338.8082,362.538,391.8774,427.7943,297.0,430.0,365.2116,129.0815,954.7853,9.276299999999992
1692,1692,1692.0,1692.0,1692.0,1692.0,1692.0,1692.0,1692.0,1692.0,1692.0,1692.0,1692.0,1692.0,1692.0,1692.0,1692.0,1692.0,1692.0,1692.0,1692.0,1692.0,1692.0,1692.0,1692.0,1692.0,1692.0,,,,,,,,,,,,,,,,,,,,,,,,,,,,,,,,,,,,,,,,,,,,,,,,,,0.2,294.1673,291.7978,289.8062,288.154,286.8551,285.9747,285.6208,285.932,287.0641,289.1774,292.4273,296.9586,302.9063,310.4025,319.5938,330.6682,343.8939,359.6717,378.6044,401.5948,355.0,325.0,494.2931,75.06389999999999,825.7038000000001,9.276299999999992
1693,1693,1693.0,1693.0,1693.0,1693.0,1693.0,1693.0,1693.0,1693.0,1693.0,1693.0,1693.0,1693.0,1693.0,1693.0,1693.0,1693.0,1693.0,1693.0,1693.0,1693.0,1693.0,1693.0,1693.0,1693.0,1693.0,,,,,,,,,,,,,,,,,,,,,,,,,,,,,,,,,,,,,,,,,,,,,,,,,,0.3,340.034,327.4643,317.113,308.8548,302.569,298.1137,295.3204,293.9994,293.9487,294.9601,296.8209,299.3119,302.2081,305.285,308.3364,311.2042,313.816,316.2223,318.6245,321.3829,360.0,348.0,569.357,97.27750000000005,750.6399000000001,9.276299999999992
1694,1694,1694.0,1694.0,1694.0,1694.0,1694.0,1694.0,1694.0,1694.0,1694.0,1694.0,1694.0,1694.0,1694.0,1694.0,1694.0,1694.0,1694.0,1694.0,1694.0,1694.0,1694.0,1694.0,1694.0,1694.0,1694.0,,,,,,,,,,,,,,,,,,,,,,,,,,,,,,,,,,,,,,,,,,,,,,,,,,0.4,345.9481,334.3086,324.7094,316.8791,310.6096,305.7303,302.093,299.5642,298.0235,297.3654,297.5045,298.3821,299.972,302.2855,305.3736,309.3272,314.2751,320.3832,327.8575,336.9538,360.0,328.0,666.6345,103.6708,653.3624000000001,9.276299999999992
1695,1695,1695.0,1695.0,1695.0,1695.0,1695.0,1695.0,1695.0,1695.0,1695.0,1695.0,1695.0,1695.0,1695.0,1695.0,1695.0,1695.0,1695.0,1695.0,1695.0,1695.0,1695.0,1695.0,1695.0,1695.0,1695.0,,,,,,,,,,,,,,,,,,,,,,,,,,,,,,,,,,,,,,,,,,,,,,,,,,0.5,346.6759,335.7153,326.6967,319.3075,313.3114,308.5263,304.8089,302.0439,300.1355,299.0026,298.5743,298.7883,299.5909,300.9398,302.8095,305.1998,308.1463,311.7308,316.0904,321.4249,358.0,334.0,770.3053,114.12480000000004,549.6916000000001,9.276299999999992
1696,1696,1696.0,1696.0,1696.0,1696.0,1696.0,1696.0,1696.0,1696.0,1696.0,1696.0,1696.0,1696.0,1696.0,1696.0,1696.0,1696.0,1696.0,1696.0,1696.0,1696.0,1696.0,1696.0,1696.0,1696.0,1696.0,,,,,,,,,,,,,,,,,,,,,,,,,,,,,,,,,,,,,,,,,,,,,,,,,,0.6,345.362,334.9958,326.4763,319.4836,313.7748,309.164,305.5083,302.6985,300.6517,299.3076,298.6257,298.5847,299.1828,300.4384,302.3908,305.101,308.6538,313.1591,318.7575,325.6278,360.0,338.0,884.4301,113.813,435.56680000000006,9.276299999999992
1697,1697,1697.0,1697.0,1697.0,1697.0,1697.0,1697.0,1697.0,1697.0,1697.0,1697.0,1697.0,1697.0,1697.0,1697.0,1697.0,1697.0,1697.0,1697.0,1697.0,1697.0,1697.0,1697.0,1697.0,1697.0,1697.0,,,,,,,,,,,,,,,,,,,,,,,,,,,,,,,,,,,,,,,,,,,,,,,,,,0.7,346.9394,336.2293,327.4334,320.2234,314.3482,309.6136,305.8694,303.0001,300.9197,299.5682,298.909,298.9278,299.6314,301.0475,303.2244,306.2316,310.1609,315.1301,321.2889,328.829,360.0,337.0,998.2431,110.43559999999992,321.75380000000007,9.276299999999992
1698,1698,1698.0,1698.0,1698.0,1698.0,1698.0,1698.0,1698.0,1698.0,1698.0,1698.0,1698.0,1698.0,1698.0,1698.0,1698.0,1698.0,1698.0,1698.0,1698.0,1698.0,1698.0,1698.0,1698.0,1698.0,1698.0,,,,,,,,,,,,,,,,,,,,,,,,,,,,,,,,,,,,,,,,,,,,,,,,,,0.8,347.0132,336.3723,327.6368,320.4759,314.6378,309.9303,306.2059,303.353,301.289,299.9553,299.3147,299.3486,300.057,301.4575,303.587,306.5037,310.2901,315.0588,320.9592,328.1874,359.0,343.0,1108.6787,107.91319999999996,211.31820000000016,9.276299999999992
1699,1699,1699.0,1699.0,1699.0,1699.0,1699.0,1699.0,1699.0,1699.0,1699.0,1699.0,1699.0,1699.0,1699.0,1699.0,1699.0,1699.0,1699.0,1699.0,1699.0,1699.0,1699.0,1699.0,1699.0,1699.0,1699.0,,,,,,,,,,,,,,,,,,,,,,,,,,,,,,,,,,,,,,,,,,,,,,,,,,0.9,346.2689,335.8443,327.2909,320.2811,314.5666,309.9583,306.3132,303.5253,301.5188,300.2443,299.6758,299.8093,300.6625,302.2739,304.7037,308.0334,312.3684,317.8409,324.6175,332.9109,362.0,342.0,1216.5919,103.4050000000002,103.4050000000002,9.276299999999992
1700,1700,1700.0,1700.0,1700.0,1700.0,1700.0,1700.0,1700.0,1700.0,1700.0,1700.0,1700.0,1700.0,1700.0,1700.0,1700.0,1700.0,1700.0,1700.0,1700.0,1700.0,1700.0,1700.0,1700.0,1700.0,1700.0,,,,,,,,,,,,,,,,,,,,,,,,,,,,,,,,,,,,,,,,,,,,,,,,,,0.0,273.0,273.0,273.0,273.0,273.0,273.0,273.0,273.0,273.0,273.0,273.0,273.0,273.0,273.0,273.0,273.0,273.0,273.0,273.0,273.0,324.0,472.0,0.0,365.4956,1420.661,9.65609999999998
1701,1701,1701.0,1701.0,1701.0,1701.0,1701.0,1701.0,1701.0,1701.0,1701.0,1701.0,1701.0,1701.0,1701.0,1701.0,1701.0,1701.0,1701.0,1701.0,1701.0,1701.0,1701.0,1701.0,1701.0,1701.0,1701.0,,,,,,,,,,,,,,,,,,,,,,,,,,,,,,,,,,,,,,,,,,,,,,,,,,0.1,313.6152,304.6115,296.976,290.6896,285.7032,281.9347,279.2851,277.6677,277.0455,277.4674,279.0991,282.2408,287.3273,294.9056,305.5927,320.0233,338.8079,362.5379,391.8773,427.7943,304.0,436.0,365.4956,128.11059999999998,1055.1654,9.65609999999998
1702,1702,1702.0,1702.0,1702.0,1702.0,1702.0,1702.0,1702.0,1702.0,1702.0,1702.0,1702.0,1702.0,1702.0,1702.0,1702.0,1702.0,1702.0,1702.0,1702.0,1702.0,1702.0,1702.0,1702.0,1702.0,1702.0,,,,,,,,,,,,,,,,,,,,,,,,,,,,,,,,,,,,,,,,,,,,,,,,,,0.2,299.6951,296.0504,292.9815,290.4472,288.4524,287.0456,286.3127,286.3682,287.3448,289.384,292.629,297.2198,303.2941,310.9934,320.4789,331.957,345.7178,362.1878,382.0048,406.1256,336.0,335.0,493.6062,68.89039999999994,927.0548,9.65609999999998
1703,1703,1703.0,1703.0,1703.0,1703.0,1703.0,1703.0,1703.0,1703.0,1703.0,1703.0,1703.0,1703.0,1703.0,1703.0,1703.0,1703.0,1703.0,1703.0,1703.0,1703.0,1703.0,1703.0,1703.0,1703.0,1703.0,,,,,,,,,,,,,,,,,,,,,,,,,,,,,,,,,,,,,,,,,,,,,,,,,,0.3,325.3546,316.4115,309.0611,303.2255,298.8323,295.8009,294.0384,293.4396,293.889,295.2599,297.4119,300.1876,303.4137,306.9099,310.509,314.0879,317.6071,321.1479,324.9416,329.3791,372.0,307.0,562.4966,98.25940000000004,858.1644000000001,9.65609999999998
1704,1704,1704.0,1704.0,1704.0,1704.0,1704.0,1704.0,1704.0,1704.0,1704.0,1704.0,1704.0,1704.0,1704.0,1704.0,1704.0,1704.0,1704.0,1704.0,1704.0,1704.0,1704.0,1704.0,1704.0,1704.0,1704.0,,,,,,,,,,,,,,,,,,,,,,,,,,,,,,,,,,,,,,,,,,,,,,,,,,0.4,354.7966,340.5367,328.8137,319.3359,311.8643,306.1772,302.0537,299.2699,297.6025,296.8338,296.7573,297.1807,297.9305,298.8565,299.8401,300.8047,301.7288,302.6567,303.7065,305.0691,361.0,323.0,660.756,134.7102,759.9050000000001,9.65609999999998
1705,1705,1705.0,1705.0,1705.0,1705.0,1705.0,1705.0,1705.0,1705.0,1705.0,1705.0,1705.0,1705.0,1705.0,1705.0,1705.0,1705.0,1705.0,1705.0,1705.0,1705.0,1705.0,1705.0,1705.0,1705.0,1705.0,,,,,,,,,,,,,,,,,,,,,,,,,,,,,,,,,,,,,,,,,,,,,,,,,,0.5,347.6441,336.6602,327.5927,320.103,313.9379,308.9061,304.8607,301.6859,299.2883,297.5919,296.5371,296.0822,296.2064,296.9121,298.2259,300.1974,302.8967,306.4114,310.8459,316.3244,356.0,331.0,795.4662,134.562,625.1948000000001,9.65609999999998
1706,1706,1706.0,1706.0,1706.0,1706.0,1706.0,1706.0,1706.0,1706.0,1706.0,1706.0,1706.0,1706.0,1706.0,1706.0,1706.0,1706.0,1706.0,1706.0,1706.0,1706.0,1706.0,1706.0,1706.0,1706.0,1706.0,,,,,,,,,,,,,,,,,,,,,,,,,,,,,,,,,,,,,,,,,,,,,,,,,,0.6,343.8122,333.8067,325.5579,318.7444,313.1229,308.5113,304.7742,301.8139,299.562,297.9749,297.0305,296.7258,297.0764,298.1158,299.894,302.4771,305.9465,310.4001,315.9557,322.7595,355.0,326.0,930.0282,126.41700000000014,490.6328000000001,9.65609999999998
1707,1707,1707.0,1707.0,1707.0,1707.0,1707.0,1707.0,1707.0,1707.0,1707.0,1707.0,1707.0,1707.0,1707.0,1707.0,1707.0,1707.0,1707.0,1707.0,1707.0,1707.0,1707.0,1707.0,1707.0,1707.0,1707.0,,,,,,,,,,,,,,,,,,,,,,,,,,,,,,,,,,,,,,,,,,,,,,,,,,0.7,342.9332,333.0248,324.8672,318.1516,312.6422,308.1588,304.5646,301.7564,299.6582,298.2158,297.3925,297.1664,297.5289,298.4842,300.0508,302.2635,305.1781,308.8759,313.4699,319.1118,359.0,333.0,1056.4452,125.43939999999998,364.2158,9.65609999999998
1708,1708,1708.0,1708.0,1708.0,1708.0,1708.0,1708.0,1708.0,1708.0,1708.0,1708.0,1708.0,1708.0,1708.0,1708.0,1708.0,1708.0,1708.0,1708.0,1708.0,1708.0,1708.0,1708.0,1708.0,1708.0,1708.0,,,,,,,,,,,,,,,,,,,,,,,,,,,,,,,,,,,,,,,,,,,,,,,,,,0.8,346.0074,335.3321,326.549,319.337,313.4485,308.6896,304.9076,301.9833,299.8262,298.3721,297.5811,297.4367,297.9446,299.132,301.046,303.7532,307.3388,311.9084,317.5921,324.5527,355.0,331.0,1181.8846,120.37109999999984,238.7764,9.65609999999998
1709,1709,1709.0,1709.0,1709.0,1709.0,1709.0,1709.0,1709.0,1709.0,1709.0,1709.0,1709.0,1709.0,1709.0,1709.0,1709.0,1709.0,1709.0,1709.0,1709.0,1709.0,1709.0,1709.0,1709.0,1709.0,1709.0,,,,,,,,,,,,,,,,,,,,,,,,,,,,,,,,,,,,,,,,,,,,,,,,,,0.9,343.004,333.1623,325.0638,318.3983,312.9306,308.4837,304.9253,302.158,300.1118,298.7383,298.007,297.903,298.4257,299.5891,301.4228,303.9748,307.3143,311.537,316.7711,323.1853,360.0,336.0,1302.2557,118.40530000000012,118.40530000000012,9.65609999999998
1710,1710,1710.0,1710.0,1710.0,1710.0,1710.0,1710.0,1710.0,1710.0,1710.0,1710.0,1710.0,1710.0,1710.0,1710.0,1710.0,1710.0,1710.0,1710.0,1710.0,1710.0,1710.0,1710.0,1710.0,1710.0,1710.0,,,,,,,,,,,,,,,,,,,,,,,,,,,,,,,,,,,,,,,,,,,,,,,,,,0.0,273.0,273.0,273.0,273.0,273.0,273.0,273.0,273.0,273.0,273.0,273.0,273.0,273.0,273.0,273.0,273.0,273.0,273.0,273.0,273.0,326.0,471.0,0.0,365.0821,1404.869,9.26709999999997
1711,1711,1711.0,1711.0,1711.0,1711.0,1711.0,1711.0,1711.0,1711.0,1711.0,1711.0,1711.0,1711.0,1711.0,1711.0,1711.0,1711.0,1711.0,1711.0,1711.0,1711.0,1711.0,1711.0,1711.0,1711.0,1711.0,,,,,,,,,,,,,,,,,,,,,,,,,,,,,,,,,,,,,,,,,,,,,,,,,,0.1,315.1965,305.8368,297.9026,291.3711,286.1892,282.2698,279.5074,277.8081,277.1274,277.5067,279.105,282.2162,287.2696,294.8073,305.4418,319.8038,338.5,362.1173,391.3134,427.0447,338.0,326.0,365.0821,133.6633,1039.7868999999998,9.26709999999997
1712,1712,1712.0,1712.0,1712.0,1712.0,1712.0,1712.0,1712.0,1712.0,1712.0,1712.0,1712.0,1712.0,1712.0,1712.0,1712.0,1712.0,1712.0,1712.0,1712.0,1712.0,1712.0,1712.0,1712.0,1712.0,1712.0,,,,,,,,,,,,,,,,,,,,,,,,,,,,,,,,,,,,,,,,,,,,,,,,,,0.2,326.6144,316.9382,308.8077,302.1155,296.788,292.7696,290.0133,288.4722,288.0911,288.7961,290.4825,293.0046,296.1717,299.757,303.521,307.2524,310.8192,314.2201,317.6229,321.3779,339.0,417.0,498.7454,117.24209999999994,906.1236,9.26709999999997
1713,1713,1713.0,1713.0,1713.0,1713.0,1713.0,1713.0,1713.0,1713.0,1713.0,1713.0,1713.0,1713.0,1713.0,1713.0,1713.0,1713.0,1713.0,1713.0,1713.0,1713.0,1713.0,1713.0,1713.0,1713.0,1713.0,,,,,,,,,,,,,,,,,,,,,,,,,,,,,,,,,,,,,,,,,,,,,,,,,,0.3,328.7077,320.0979,312.9396,307.0642,302.3474,298.697,296.0463,294.3526,293.6004,293.8088,295.0407,297.413,301.1028,306.3481,313.4414,322.7173,334.5429,349.3214,367.5249,389.776,371.0,308.0,615.9875,75.9932,788.8815,9.26709999999997
1714,1714,1714.0,1714.0,1714.0,1714.0,1714.0,1714.0,1714.0,1714.0,1714.0,1714.0,1714.0,1714.0,1714.0,1714.0,1714.0,1714.0,1714.0,1714.0,1714.0,1714.0,1714.0,1714.0,1714.0,1714.0,1714.0,,,,,,,,,,,,,,,,,,,,,,,,,,,,,,,,,,,,,,,,,,,,,,,,,,0.4,354.2933,340.4663,329.0998,319.8947,312.6175,307.0671,303.0577,300.411,298.9521,298.5038,298.8803,299.8799,301.2823,302.8537,304.3639,305.6161,306.486,306.9601,307.1655,307.3772,350.0,320.0,691.9807,114.94420000000002,712.8883,9.26709999999997
1715,1715,1715.0,1715.0,1715.0,1715.0,1715.0,1715.0,1715.0,1715.0,1715.0,1715.0,1715.0,1715.0,1715.0,1715.0,1715.0,1715.0,1715.0,1715.0,1715.0,1715.0,1715.0,1715.0,1715.0,1715.0,1715.0,,,,,,,,,,,,,,,,,,,,,,,,,,,,,,,,,,,,,,,,,,,,,,,,,,0.5,339.1815,330.3186,323.0182,316.9858,312.0059,307.9246,304.6325,302.0499,300.1141,298.7718,297.9758,297.6858,297.8729,298.5241,299.648,301.2772,303.4705,306.313,309.9164,314.4209,362.0,338.0,806.9249,126.49379999999996,597.9440999999999,9.26709999999997
1716,1716,1716.0,1716.0,1716.0,1716.0,1716.0,1716.0,1716.0,1716.0,1716.0,1716.0,1716.0,1716.0,1716.0,1716.0,1716.0,1716.0,1716.0,1716.0,1716.0,1716.0,1716.0,1716.0,1716.0,1716.0,1716.0,,,,,,,,,,,,,,,,,,,,,,,,,,,,,,,,,,,,,,,,,,,,,,,,,,0.6,348.2537,336.9538,327.667,320.0661,313.8938,308.9416,305.0384,302.0452,299.8538,298.3876,297.6023,297.4866,298.0612,299.3764,301.5084,304.5541,308.6261,313.8503,320.3684,328.3474,352.0,325.0,933.4187,118.71890000000008,471.4503,9.26709999999997
1717,1717,1717.0,1717.0,1717.0,1717.0,1717.0,1717.0,1717.0,1717.0,1717.0,1717.0,1717.0,1717.0,1717.0,1717.0,1717.0,1717.0,1717.0,1717.0,1717.0,1717.0,1717.0,1717.0,1717.0,1717.0,1717.0,,,,,,,,,,,,,,,,,,,,,,,,,,,,,,,,,,,,,,,,,,,,,,,,,,0.7,340.7333,331.5009,323.9018,317.633,312.4684,308.2427,304.8375,302.1696,300.1809,298.83,298.0869,297.9289,298.3396,299.3099,300.8416,302.9532,305.6876,309.1198,313.3654,318.5869,361.0,335.0,1052.1376,121.69910000000004,352.7313999999999,9.26709999999997
1718,1718,1718.0,1718.0,1718.0,1718.0,1718.0,1718.0,1718.0,1718.0,1718.0,1718.0,1718.0,1718.0,1718.0,1718.0,1718.0,1718.0,1718.0,1718.0,1718.0,1718.0,1718.0,1718.0,1718.0,1718.0,1718.0,,,,,,,,,,,,,,,,,,,,,,,,,,,,,,,,,,,,,,,,,,,,,,,,,,0.8,347.5371,336.477,327.3892,319.9484,313.9012,309.0449,305.2157,302.282,300.1416,298.7203,297.9715,297.8755,298.439,299.6931,301.6918,304.5099,308.2418,313.0015,318.9264,326.1867,359.0,335.0,1173.8367,117.3309999999999,231.03229999999985,9.26709999999997
1719,1719,1719.0,1719.0,1719.0,1719.0,1719.0,1719.0,1719.0,1719.0,1719.0,1719.0,1719.0,1719.0,1719.0,1719.0,1719.0,1719.0,1719.0,1719.0,1719.0,1719.0,1719.0,1719.0,1719.0,1719.0,1719.0,,,,,,,,,,,,,,,,,,,,,,,,,,,,,,,,,,,,,,,,,,,,,,,,,,0.9,346.1847,335.674,327.0316,319.9296,314.1196,309.4125,305.6654,302.7708,300.6501,299.2486,298.5319,298.4839,299.1063,300.418,302.4559,305.2769,308.9601,313.6118,319.3715,326.4214,360.0,338.0,1291.1677,113.70129999999996,113.70129999999996,9.26709999999997
1720,1720,1720.0,1720.0,1720.0,1720.0,1720.0,1720.0,1720.0,1720.0,1720.0,1720.0,1720.0,1720.0,1720.0,1720.0,1720.0,1720.0,1720.0,1720.0,1720.0,1720.0,1720.0,1720.0,1720.0,1720.0,1720.0,,,,,,,,,,,,,,,,,,,,,,,,,,,,,,,,,,,,,,,,,,,,,,,,,,0.0,273.0,273.0,273.0,273.0,273.0,273.0,273.0,273.0,273.0,273.0,273.0,273.0,273.0,273.0,273.0,273.0,273.0,273.0,273.0,273.0,324.0,472.0,0.0,365.4956,1415.1414,10.189599999999984
1721,1721,1721.0,1721.0,1721.0,1721.0,1721.0,1721.0,1721.0,1721.0,1721.0,1721.0,1721.0,1721.0,1721.0,1721.0,1721.0,1721.0,1721.0,1721.0,1721.0,1721.0,1721.0,1721.0,1721.0,1721.0,1721.0,,,,,,,,,,,,,,,,,,,,,,,,,,,,,,,,,,,,,,,,,,,,,,,,,,0.1,313.6152,304.6115,296.976,290.6896,285.7032,281.9347,279.2851,277.6677,277.0455,277.4674,279.0991,282.2408,287.3273,294.9056,305.5927,320.0233,338.8079,362.5379,391.8773,427.7943,304.0,434.0,365.4956,128.14669999999995,1049.6458,10.189599999999984
1722,1722,1722.0,1722.0,1722.0,1722.0,1722.0,1722.0,1722.0,1722.0,1722.0,1722.0,1722.0,1722.0,1722.0,1722.0,1722.0,1722.0,1722.0,1722.0,1722.0,1722.0,1722.0,1722.0,1722.0,1722.0,1722.0,,,,,,,,,,,,,,,,,,,,,,,,,,,,,,,,,,,,,,,,,,,,,,,,,,0.2,299.6951,296.0503,292.9813,290.4467,288.4513,287.0433,286.3083,286.3598,287.3292,289.3561,292.581,297.1402,303.1664,310.7956,320.1825,331.5264,345.1094,361.3495,380.8723,404.6163,330.0,338.0,493.6423,70.00689999999997,921.4991,10.189599999999984
1723,1723,1723.0,1723.0,1723.0,1723.0,1723.0,1723.0,1723.0,1723.0,1723.0,1723.0,1723.0,1723.0,1723.0,1723.0,1723.0,1723.0,1723.0,1723.0,1723.0,1723.0,1723.0,1723.0,1723.0,1723.0,1723.0,,,,,,,,,,,,,,,,,,,,,,,,,,,,,,,,,,,,,,,,,,,,,,,,,,0.3,320.6307,312.764,306.3095,301.2028,297.3855,294.7935,293.3532,292.9816,293.5857,295.0613,297.2892,300.1322,303.4366,307.0408,310.7957,314.5957,318.4156,322.349,326.6352,331.6707,376.0,299.0,563.6492,99.96320000000004,851.4922,10.189599999999984
1724,1724,1724.0,1724.0,1724.0,1724.0,1724.0,1724.0,1724.0,1724.0,1724.0,1724.0,1724.0,1724.0,1724.0,1724.0,1724.0,1724.0,1724.0,1724.0,1724.0,1724.0,1724.0,1724.0,1724.0,1724.0,1724.0,,,,,,,,,,,,,,,,,,,,,,,,,,,,,,,,,,,,,,,,,,,,,,,,,,0.4,357.7178,342.5616,330.1097,320.0621,312.1695,306.1946,301.8942,299.0175,297.3114,296.5275,296.4279,296.7886,297.4025,298.0843,298.6793,299.0762,299.223,299.1421,298.9395,298.8051,364.0,325.0,663.6124,141.7573,751.529,10.189599999999984
1725,1725,1725.0,1725.0,1725.0,1725.0,1725.0,1725.0,1725.0,1725.0,1725.0,1725.0,1725.0,1725.0,1725.0,1725.0,1725.0,1725.0,1725.0,1725.0,1725.0,1725.0,1725.0,1725.0,1725.0,1725.0,1725.0,,,,,,,,,,,,,,,,,,,,,,,,,,,,,,,,,,,,,,,,,,,,,,,,,,0.5,350.0282,338.5384,329.0486,321.2021,314.7327,309.4396,305.168,301.7957,299.2244,297.3754,296.1899,295.6312,295.6889,296.3801,297.7498,299.8662,302.815,306.6923,311.602,317.6587,358.0,335.0,805.3697,136.2242,609.7717,10.189599999999984
1726,1726,1726.0,1726.0,1726.0,1726.0,1726.0,1726.0,1726.0,1726.0,1726.0,1726.0,1726.0,1726.0,1726.0,1726.0,1726.0,1726.0,1726.0,1726.0,1726.0,1726.0,1726.0,1726.0,1726.0,1726.0,1726.0,,,,,,,,,,,,,,,,,,,,,,,,,,,,,,,,,,,,,,,,,,,,,,,,,,0.6,345.4538,335.1576,326.6663,319.6449,313.842,309.0703,305.1934,302.1146,299.7693,298.119,297.1487,296.8638,297.2897,298.4701,300.4659,303.3533,307.2229,312.1806,318.3517,325.8911,357.0,330.0,941.5939,123.13150000000007,473.5475,10.189599999999984
1727,1727,1727.0,1727.0,1727.0,1727.0,1727.0,1727.0,1727.0,1727.0,1727.0,1727.0,1727.0,1727.0,1727.0,1727.0,1727.0,1727.0,1727.0,1727.0,1727.0,1727.0,1727.0,1727.0,1727.0,1727.0,1727.0,,,,,,,,,,,,,,,,,,,,,,,,,,,,,,,,,,,,,,,,,,,,,,,,,,0.7,344.5724,334.3738,325.9808,319.0734,313.4088,308.8025,305.1152,302.2435,300.1125,298.6701,297.8826,297.7322,298.2146,299.339,301.1292,303.6261,306.8921,311.0169,316.1239,322.3789,359.0,334.0,1064.7254,120.28489999999988,350.41599999999994,10.189599999999984
1728,1728,1728.0,1728.0,1728.0,1728.0,1728.0,1728.0,1728.0,1728.0,1728.0,1728.0,1728.0,1728.0,1728.0,1728.0,1728.0,1728.0,1728.0,1728.0,1728.0,1728.0,1728.0,1728.0,1728.0,1728.0,1728.0,,,,,,,,,,,,,,,,,,,,,,,,,,,,,,,,,,,,,,,,,,,,,,,,,,0.8,346.1022,335.5166,326.8135,319.6687,313.834,309.117,305.3687,302.4744,300.3485,298.9303,298.1821,298.0874,298.6498,299.8924,301.8577,304.608,308.2262,312.819,318.5216,325.5071,358.0,335.0,1185.0103,116.44500000000016,230.1311000000001,10.189599999999984
1729,1729,1729.0,1729.0,1729.0,1729.0,1729.0,1729.0,1729.0,1729.0,1729.0,1729.0,1729.0,1729.0,1729.0,1729.0,1729.0,1729.0,1729.0,1729.0,1729.0,1729.0,1729.0,1729.0,1729.0,1729.0,1729.0,,,,,,,,,,,,,,,,,,,,,,,,,,,,,,,,,,,,,,,,,,,,,,,,,,0.9,345.3866,335.0427,326.5409,319.5588,313.8514,309.2317,305.5575,302.7218,300.6464,299.2771,298.5805,298.542,299.1653,300.4713,302.4996,305.3093,308.9818,313.6247,319.3782,326.4241,361.0,337.0,1301.4553,113.6860999999999,113.6860999999999,10.189599999999984
1730,1730,1730.0,1730.0,1730.0,1730.0,1730.0,1730.0,1730.0,1730.0,1730.0,1730.0,1730.0,1730.0,1730.0,1730.0,1730.0,1730.0,1730.0,1730.0,1730.0,1730.0,1730.0,1730.0,1730.0,1730.0,1730.0,,,,,,,,,,,,,,,,,,,,,,,,,,,,,,,,,,,,,,,,,,,,,,,,,,0.0,273.0,273.0,273.0,273.0,273.0,273.0,273.0,273.0,273.0,273.0,273.0,273.0,273.0,273.0,273.0,273.0,273.0,273.0,273.0,273.0,327.0,472.0,0.0,364.6518,1501.1838000000002,6.95799999999997
1731,1731,1731.0,1731.0,1731.0,1731.0,1731.0,1731.0,1731.0,1731.0,1731.0,1731.0,1731.0,1731.0,1731.0,1731.0,1731.0,1731.0,1731.0,1731.0,1731.0,1731.0,1731.0,1731.0,1731.0,1731.0,1731.0,,,,,,,,,,,,,,,,,,,,,,,,,,,,,,,,,,,,,,,,,,,,,,,,,,0.1,315.9869,306.4491,298.3657,291.7119,286.4329,282.439,279.622,277.8851,277.1808,277.5486,279.1461,282.2671,287.3415,294.9129,305.5964,320.0251,338.8087,362.5382,391.8775,427.7943,338.0,318.0,364.6518,133.92650000000003,1136.5320000000002,6.95799999999997
1732,1732,1732.0,1732.0,1732.0,1732.0,1732.0,1732.0,1732.0,1732.0,1732.0,1732.0,1732.0,1732.0,1732.0,1732.0,1732.0,1732.0,1732.0,1732.0,1732.0,1732.0,1732.0,1732.0,1732.0,1732.0,1732.0,,,,,,,,,,,,,,,,,,,,,,,,,,,,,,,,,,,,,,,,,,,,,,,,,,0.2,326.6473,317.0012,308.8951,302.2199,296.9007,292.8817,290.1154,288.5536,288.1377,288.787,290.3859,292.7721,295.7332,299.0153,302.3482,305.4887,308.2745,310.6782,312.8483,315.1212,337.0,435.0,498.5783,121.58090000000004,1002.6055,6.95799999999997
1733,1733,1733.0,1733.0,1733.0,1733.0,1733.0,1733.0,1733.0,1733.0,1733.0,1733.0,1733.0,1733.0,1733.0,1733.0,1733.0,1733.0,1733.0,1733.0,1733.0,1733.0,1733.0,1733.0,1733.0,1733.0,1733.0,,,,,,,,,,,,,,,,,,,,,,,,,,,,,,,,,,,,,,,,,,,,,,,,,,0.3,327.1435,318.8991,312.0412,306.405,301.8705,298.3512,295.7892,294.1545,293.4497,293.7193,295.061,297.6376,301.6836,307.5045,315.4664,325.9793,339.4838,356.4569,377.4595,403.2501,347.0,291.0,620.1592,69.12969999999996,881.0246,6.95799999999997
1734,1734,1734.0,1734.0,1734.0,1734.0,1734.0,1734.0,1734.0,1734.0,1734.0,1734.0,1734.0,1734.0,1734.0,1734.0,1734.0,1734.0,1734.0,1734.0,1734.0,1734.0,1734.0,1734.0,1734.0,1734.0,1734.0,,,,,,,,,,,,,,,,,,,,,,,,,,,,,,,,,,,,,,,,,,,,,,,,,,0.4,335.5386,326.0366,318.2217,311.8946,306.9033,303.126,300.4578,298.8,298.0482,298.079,298.7361,299.8193,301.0795,302.2279,302.9599,302.9967,302.1379,300.3152,297.6324,294.378,350.0,307.0,689.2889,125.7817,811.8949,6.95799999999997
1735,1735,1735.0,1735.0,1735.0,1735.0,1735.0,1735.0,1735.0,1735.0,1735.0,1735.0,1735.0,1735.0,1735.0,1735.0,1735.0,1735.0,1735.0,1735.0,1735.0,1735.0,1735.0,1735.0,1735.0,1735.0,1735.0,,,,,,,,,,,,,,,,,,,,,,,,,,,,,,,,,,,,,,,,,,,,,,,,,,0.5,338.4684,328.9578,321.1325,314.7353,309.5616,305.4409,302.2254,299.7826,297.9921,296.7449,295.9452,295.5141,295.3932,295.549,295.9749,296.6919,297.7464,299.2074,301.1633,303.7195,363.0,322.0,815.0706,149.7323,686.1132,6.95799999999997
1736,1736,1736.0,1736.0,1736.0,1736.0,1736.0,1736.0,1736.0,1736.0,1736.0,1736.0,1736.0,1736.0,1736.0,1736.0,1736.0,1736.0,1736.0,1736.0,1736.0,1736.0,1736.0,1736.0,1736.0,1736.0,1736.0,,,,,,,,,,,,,,,,,,,,,,,,,,,,,,,,,,,,,,,,,,,,,,,,,,0.6,348.7792,337.0496,327.3779,319.4373,312.9687,307.758,303.6232,300.4097,297.9894,296.2623,295.1577,294.6361,294.6881,295.333,296.6143,298.5951,301.3517,304.9697,309.5427,315.1765,363.0,324.0,964.8029,145.32180000000005,536.3809,6.95799999999997
1737,1737,1737.0,1737.0,1737.0,1737.0,1737.0,1737.0,1737.0,1737.0,1737.0,1737.0,1737.0,1737.0,1737.0,1737.0,1737.0,1737.0,1737.0,1737.0,1737.0,1737.0,1737.0,1737.0,1737.0,1737.0,1737.0,,,,,,,,,,,,,,,,,,,,,,,,,,,,,,,,,,,,,,,,,,,,,,,,,,0.7,349.1637,337.7814,328.3863,320.6294,314.2451,309.0291,304.8226,301.5023,298.9738,297.167,296.0331,295.5429,295.6852,296.4665,297.9095,300.0535,302.9548,306.6881,311.3504,317.0668,357.0,330.0,1110.1247,136.77499999999986,391.0591,6.95799999999997
1738,1738,1738.0,1738.0,1738.0,1738.0,1738.0,1738.0,1738.0,1738.0,1738.0,1738.0,1738.0,1738.0,1738.0,1738.0,1738.0,1738.0,1738.0,1738.0,1738.0,1738.0,1738.0,1738.0,1738.0,1738.0,1738.0,,,,,,,,,,,,,,,,,,,,,,,,,,,,,,,,,,,,,,,,,,,,,,,,,,0.8,344.6225,334.46,326.0767,319.144,313.4149,308.7051,304.8793,301.8405,299.5214,297.8789,296.8902,296.5502,296.8706,297.879,299.619,302.1493,305.5446,309.897,315.3207,321.9595,355.0,326.0,1246.8997,127.96050000000014,254.28410000000008,6.95799999999997
1739,1739,1739.0,1739.0,1739.0,1739.0,1739.0,1739.0,1739.0,1739.0,1739.0,1739.0,1739.0,1739.0,1739.0,1739.0,1739.0,1739.0,1739.0,1739.0,1739.0,1739.0,1739.0,1739.0,1739.0,1739.0,1739.0,,,,,,,,,,,,,,,,,,,,,,,,,,,,,,,,,,,,,,,,,,,,,,,,,,0.9,342.9627,333.0801,324.9416,318.2359,312.7261,308.2325,304.6192,301.7852,299.657,298.1827,297.328,297.0732,297.4117,298.3498,299.9075,302.1212,305.0472,308.7668,313.3916,319.0709,358.0,331.0,1374.8602,126.32359999999994,126.32359999999994,6.95799999999997
1740,1740,1740.0,1740.0,1740.0,1740.0,1740.0,1740.0,1740.0,1740.0,1740.0,1740.0,1740.0,1740.0,1740.0,1740.0,1740.0,1740.0,1740.0,1740.0,1740.0,1740.0,1740.0,1740.0,1740.0,1740.0,,,,,,,,,,,,,,,,,,,,,,,,,,,,,,,,,,,,,,,,,,,,,,,,,,,0.0,273.0,273.0,273.0,273.0,273.0,273.0,273.0,273.0,273.0,273.0,273.0,273.0,273.0,273.0,273.0,273.0,273.0,273.0,273.0,273.0,352.0,315.0,0.0,403.2689,1364.0591,12.15809999999999
1741,1741,1741.0,1741.0,1741.0,1741.0,1741.0,1741.0,1741.0,1741.0,1741.0,1741.0,1741.0,1741.0,1741.0,1741.0,1741.0,1741.0,1741.0,1741.0,1741.0,1741.0,1741.0,1741.0,1741.0,1741.0,,,,,,,,,,,,,,,,,,,,,,,,,,,,,,,,,,,,,,,,,,,,,,,,,,,0.1,335.6666,321.6544,309.838,300.1197,292.3732,286.4191,282.0307,278.9571,276.9548,275.8175,275.3972,275.6148,276.4604,277.9827,280.2718,283.4361,287.5791,292.7787,299.0775,306.4856,267.0,348.0,403.2689,287.08690000000007,960.7902,12.15809999999999
1742,1742,1742.0,1742.0,1742.0,1742.0,1742.0,1742.0,1742.0,1742.0,1742.0,1742.0,1742.0,1742.0,1742.0,1742.0,1742.0,1742.0,1742.0,1742.0,1742.0,1742.0,1742.0,1742.0,1742.0,1742.0,,,,,,,,,,,,,,,,,,,,,,,,,,,,,,,,,,,,,,,,,,,,,,,,,,,0.2,270.9744,274.5384,277.4625,279.6145,280.9774,281.6427,281.7856,281.6329,281.4308,281.4215,281.831,282.865,284.7128,287.551,291.5465,296.8557,303.6224,311.9789,322.0535,333.9928,326.0,473.0,690.3558,202.8502,673.7032999999999,12.15809999999999
1743,1743,1743.0,1743.0,1743.0,1743.0,1743.0,1743.0,1743.0,1743.0,1743.0,1743.0,1743.0,1743.0,1743.0,1743.0,1743.0,1743.0,1743.0,1743.0,1743.0,1743.0,1743.0,1743.0,1743.0,1743.0,,,,,,,,,,,,,,,,,,,,,,,,,,,,,,,,,,,,,,,,,,,,,,,,,,,0.3,316.1016,307.6432,300.5998,294.9431,290.6189,287.5454,285.6286,284.7893,284.9935,286.28,288.781,292.7315,298.467,306.4093,317.0436,330.8947,348.5197,370.5371,397.7272,431.2425,289.0,405.0,893.206,73.99469999999997,470.8530999999999,12.15809999999999
1744,1744,1744.0,1744.0,1744.0,1744.0,1744.0,1744.0,1744.0,1744.0,1744.0,1744.0,1744.0,1744.0,1744.0,1744.0,1744.0,1744.0,1744.0,1744.0,1744.0,1744.0,1744.0,1744.0,1744.0,1744.0,,,,,,,,,,,,,,,,,,,,,,,,,,,,,,,,,,,,,,,,,,,,,,,,,,,0.4,288.4988,288.2427,288.1377,288.1403,288.2661,288.5863,289.2166,290.299,291.9837,294.4118,297.7036,301.9521,307.2265,313.5835,321.09,329.8556,340.0731,352.0654,366.3362,383.6278,313.0,431.0,967.2007,62.65829999999994,396.8584,12.15809999999999
1745,1745,1745.0,1745.0,1745.0,1745.0,1745.0,1745.0,1745.0,1745.0,1745.0,1745.0,1745.0,1745.0,1745.0,1745.0,1745.0,1745.0,1745.0,1745.0,1745.0,1745.0,1745.0,1745.0,1745.0,1745.0,,,,,,,,,,,,,,,,,,,,,,,,,,,,,,,,,,,,,,,,,,,,,,,,,,,0.5,307.1601,302.3323,298.4928,295.6227,293.6975,292.6845,292.5481,293.258,294.8001,297.1864,300.4635,304.7185,310.0846,316.7448,324.9369,334.9614,347.1972,362.1298,380.4053,402.9234,420.0,395.0,1029.859,48.12200000000007,334.2001,12.15809999999999
1746,1746,1746.0,1746.0,1746.0,1746.0,1746.0,1746.0,1746.0,1746.0,1746.0,1746.0,1746.0,1746.0,1746.0,1746.0,1746.0,1746.0,1746.0,1746.0,1746.0,1746.0,1746.0,1746.0,1746.0,1746.0,,,,,,,,,,,,,,,,,,,,,,,,,,,,,,,,,,,,,,,,,,,,,,,,,,,0.6,391.2013,367.6558,348.5306,333.2993,321.5638,312.9581,307.1115,303.6496,302.2132,302.482,304.1917,307.143,311.204,316.3115,322.4738,329.7807,338.4194,348.6983,361.0775,376.2097,173.0,359.0,1077.981,51.654,286.07809999999995,12.15809999999999
1747,1747,1747.0,1747.0,1747.0,1747.0,1747.0,1747.0,1747.0,1747.0,1747.0,1747.0,1747.0,1747.0,1747.0,1747.0,1747.0,1747.0,1747.0,1747.0,1747.0,1747.0,1747.0,1747.0,1747.0,1747.0,,,,,,,,,,,,,,,,,,,,,,,,,,,,,,,,,,,,,,,,,,,,,,,,,,,0.7,199.3725,223.386,244.1673,261.2399,274.5545,284.4319,291.4487,296.3067,299.7153,302.3064,304.5868,306.9254,309.5671,312.6643,316.3167,320.6149,325.6811,331.7052,338.9736,347.8912,385.0,330.0,1129.635,97.72769999999991,234.42409999999995,12.15809999999999
1748,1748,1748.0,1748.0,1748.0,1748.0,1748.0,1748.0,1748.0,1748.0,1748.0,1748.0,1748.0,1748.0,1748.0,1748.0,1748.0,1748.0,1748.0,1748.0,1748.0,1748.0,1748.0,1748.0,1748.0,1748.0,,,,,,,,,,,,,,,,,,,,,,,,,,,,,,,,,,,,,,,,,,,,,,,,,,,0.8,361.3108,341.5087,325.4465,313.0171,304.0178,298.0986,294.7799,293.5131,293.7521,295.0141,296.9145,299.1774,301.6268,304.1704,306.7833,309.4986,312.4062,315.6565,319.4668,324.1269,292.0,471.0,1227.3627,90.13930000000003,136.69640000000004,12.15809999999999
1749,1749,1749.0,1749.0,1749.0,1749.0,1749.0,1749.0,1749.0,1749.0,1749.0,1749.0,1749.0,1749.0,1749.0,1749.0,1749.0,1749.0,1749.0,1749.0,1749.0,1749.0,1749.0,1749.0,1749.0,1749.0,,,,,,,,,,,,,,,,,,,,,,,,,,,,,,,,,,,,,,,,,,,,,,,,,,,0.9,292.9042,293.9487,294.8846,295.5587,295.9277,296.0524,296.0763,296.1998,296.6601,297.721,299.6763,302.8608,307.662,314.5255,323.951,336.4807,352.6957,373.2425,398.9218,430.8842,420.0,430.0,1317.502,46.55709999999999,46.55709999999999,12.15809999999999
1750,1750,1750.0,1750.0,1750.0,1750.0,1750.0,1750.0,1750.0,1750.0,1750.0,1750.0,1750.0,1750.0,1750.0,1750.0,1750.0,1750.0,1750.0,1750.0,1750.0,1750.0,1750.0,1750.0,1750.0,1750.0,,,,,,,,,,,,,,,,,,,,,,,,,,,,,,,,,,,,,,,,,,,,,,,,,,,0.0,273.0,273.0,273.0,273.0,273.0,273.0,273.0,273.0,273.0,273.0,273.0,273.0,273.0,273.0,273.0,273.0,273.0,273.0,273.0,273.0,351.0,312.0,0.0,404.7532,1128.2669,9.8082
1751,1751,1751.0,1751.0,1751.0,1751.0,1751.0,1751.0,1751.0,1751.0,1751.0,1751.0,1751.0,1751.0,1751.0,1751.0,1751.0,1751.0,1751.0,1751.0,1751.0,1751.0,1751.0,1751.0,1751.0,1751.0,,,,,,,,,,,,,,,,,,,,,,,,,,,,,,,,,,,,,,,,,,,,,,,,,,,0.1,334.8822,321.0493,309.3811,299.7832,292.1317,286.2496,281.9124,278.8712,276.8838,275.7434,275.3,275.4701,276.2372,277.6414,279.7631,282.701,286.5496,291.3801,297.2301,304.1059,335.0,473.0,404.7532,253.895,723.5137000000001,9.8082
1752,1752,1752.0,1752.0,1752.0,1752.0,1752.0,1752.0,1752.0,1752.0,1752.0,1752.0,1752.0,1752.0,1752.0,1752.0,1752.0,1752.0,1752.0,1752.0,1752.0,1752.0,1752.0,1752.0,1752.0,1752.0,,,,,,,,,,,,,,,,,,,,,,,,,,,,,,,,,,,,,,,,,,,,,,,,,,,0.2,324.8986,316.3008,308.9569,302.6906,297.3874,292.9858,289.4727,286.8826,285.3031,284.8843,285.8516,288.5159,293.2748,300.602,311.0223,325.0812,343.3265,366.3299,394.787,429.7404,344.0,472.0,658.6482,79.38009999999997,469.6187000000001,9.8082
1753,1753,1753.0,1753.0,1753.0,1753.0,1753.0,1753.0,1753.0,1753.0,1753.0,1753.0,1753.0,1753.0,1753.0,1753.0,1753.0,1753.0,1753.0,1753.0,1753.0,1753.0,1753.0,1753.0,1753.0,1753.0,,,,,,,,,,,,,,,,,,,,,,,,,,,,,,,,,,,,,,,,,,,,,,,,,,,0.3,332.5567,322.9736,315.0064,308.4874,303.3062,299.398,296.738,295.3384,295.2478,296.5493,299.3593,303.825,310.1248,318.4709,329.12,342.3946,358.7228,378.7038,403.217,433.6057,338.0,471.0,738.0283,32.51730000000009,390.2386000000001,9.8082
1754,1754,1754.0,1754.0,1754.0,1754.0,1754.0,1754.0,1754.0,1754.0,1754.0,1754.0,1754.0,1754.0,1754.0,1754.0,1754.0,1754.0,1754.0,1754.0,1754.0,1754.0,1754.0,1754.0,1754.0,1754.0,,,,,,,,,,,,,,,,,,,,,,,,,,,,,,,,,,,,,,,,,,,,,,,,,,,0.4,328.8,321.2423,315.0959,310.201,306.4564,303.809,302.2456,301.7855,302.4748,304.3831,307.6022,312.2488,318.4705,326.456,336.4532,348.7954,363.9416,382.5395,405.5257,434.2946,355.0,272.0,770.5456,21.38509999999997,357.72130000000004,9.8082
1755,1755,1755.0,1755.0,1755.0,1755.0,1755.0,1755.0,1755.0,1755.0,1755.0,1755.0,1755.0,1755.0,1755.0,1755.0,1755.0,1755.0,1755.0,1755.0,1755.0,1755.0,1755.0,1755.0,1755.0,1755.0,,,,,,,,,,,,,,,,,,,,,,,,,,,,,,,,,,,,,,,,,,,,,,,,,,,0.5,342.5049,332.2799,324.0225,317.5116,312.5734,309.0582,306.8247,305.7258,305.5952,306.232,307.3843,308.7364,309.9062,310.4572,309.9333,307.915,304.0916,298.3376,290.7729,281.7851,296.0,392.0,791.9307,79.101,336.3362000000001,9.8082
1756,1756,1756.0,1756.0,1756.0,1756.0,1756.0,1756.0,1756.0,1756.0,1756.0,1756.0,1756.0,1756.0,1756.0,1756.0,1756.0,1756.0,1756.0,1756.0,1756.0,1756.0,1756.0,1756.0,1756.0,1756.0,,,,,,,,,,,,,,,,,,,,,,,,,,,,,,,,,,,,,,,,,,,,,,,,,,,0.6,296.7519,297.766,298.7976,299.6747,300.3082,300.6872,300.8634,300.9328,301.0209,301.2759,301.8726,303.0216,304.9805,308.0579,312.607,319.0072,327.6395,338.8696,353.0538,370.5859,335.0,317.0,871.0317,69.44280000000003,257.2352000000001,9.8082
1757,1757,1757.0,1757.0,1757.0,1757.0,1757.0,1757.0,1757.0,1757.0,1757.0,1757.0,1757.0,1757.0,1757.0,1757.0,1757.0,1757.0,1757.0,1757.0,1757.0,1757.0,1757.0,1757.0,1757.0,1757.0,,,,,,,,,,,,,,,,,,,,,,,,,,,,,,,,,,,,,,,,,,,,,,,,,,,0.7,325.7466,318.1198,311.9629,307.1434,303.531,300.9897,299.3798,298.5648,298.4178,298.8238,299.6778,300.8788,302.325,303.9131,305.5466,307.1533,308.7105,310.2714,311.9865,314.1118,302.0,473.0,940.4745,91.77399999999987,187.79240000000004,9.8082
1758,1758,1758.0,1758.0,1758.0,1758.0,1758.0,1758.0,1758.0,1758.0,1758.0,1758.0,1758.0,1758.0,1758.0,1758.0,1758.0,1758.0,1758.0,1758.0,1758.0,1758.0,1758.0,1758.0,1758.0,1758.0,,,,,,,,,,,,,,,,,,,,,,,,,,,,,,,,,,,,,,,,,,,,,,,,,,,0.8,300.3285,299.165,298.3325,297.7052,297.215,296.8515,296.6572,296.7236,297.1894,298.2464,300.1485,303.2229,307.8767,314.5935,323.9185,336.4377,352.7661,373.5691,399.6531,432.1689,405.0,387.0,1032.2485,41.4661000000001,96.01840000000016,9.8082
1759,1759,1759.0,1759.0,1759.0,1759.0,1759.0,1759.0,1759.0,1759.0,1759.0,1759.0,1759.0,1759.0,1759.0,1759.0,1759.0,1759.0,1759.0,1759.0,1759.0,1759.0,1759.0,1759.0,1759.0,1759.0,,,,,,,,,,,,,,,,,,,,,,,,,,,,,,,,,,,,,,,,,,,,,,,,,,,0.9,379.8973,359.2946,342.5457,329.2257,318.9972,311.5409,306.5327,303.6502,302.5906,303.0877,304.9211,307.916,311.9405,316.9039,322.7642,329.5471,337.3749,346.5027,357.3549,370.5619,173.0,472.0,1073.7146,54.55230000000006,54.55230000000006,9.8082
1760,1760,1760.0,1760.0,1760.0,1760.0,1760.0,1760.0,1760.0,1760.0,1760.0,1760.0,1760.0,1760.0,1760.0,1760.0,1760.0,1760.0,1760.0,1760.0,1760.0,1760.0,1760.0,1760.0,1760.0,1760.0,,,,,,,,,,,,,,,,,,,,,,,,,,,,,,,,,,,,,,,,,,,,,,,,,,,0.0,273.0,273.0,273.0,273.0,273.0,273.0,273.0,273.0,273.0,273.0,273.0,273.0,273.0,273.0,273.0,273.0,273.0,273.0,273.0,273.0,353.0,316.0,0.0,402.638,1146.8234,11.13299999999998
1761,1761,1761.0,1761.0,1761.0,1761.0,1761.0,1761.0,1761.0,1761.0,1761.0,1761.0,1761.0,1761.0,1761.0,1761.0,1761.0,1761.0,1761.0,1761.0,1761.0,1761.0,1761.0,1761.0,1761.0,1761.0,,,,,,,,,,,,,,,,,,,,,,,,,,,,,,,,,,,,,,,,,,,,,,,,,,,0.1,336.4509,322.2593,310.2944,300.4555,292.6132,286.586,282.1439,279.0334,277.0082,275.8601,275.4399,275.6688,276.5379,278.098,280.442,283.6813,287.922,293.2445,299.6928,307.2784,267.0,473.0,402.638,260.1732,744.1854000000001,11.13299999999998
1762,1762,1762.0,1762.0,1762.0,1762.0,1762.0,1762.0,1762.0,1762.0,1762.0,1762.0,1762.0,1762.0,1762.0,1762.0,1762.0,1762.0,1762.0,1762.0,1762.0,1762.0,1762.0,1762.0,1762.0,1762.0,,,,,,,,,,,,,,,,,,,,,,,,,,,,,,,,,,,,,,,,,,,,,,,,,,,0.2,271.0111,274.6104,277.5685,279.7571,281.169,281.9147,282.2036,282.3186,282.5942,283.4042,285.1607,288.3179,293.3761,300.8765,311.3849,325.4701,343.6936,366.6371,395.0059,429.8535,360.0,471.0,662.8112,106.07820000000004,484.0122,11.13299999999998
1763,1763,1763.0,1763.0,1763.0,1763.0,1763.0,1763.0,1763.0,1763.0,1763.0,1763.0,1763.0,1763.0,1763.0,1763.0,1763.0,1763.0,1763.0,1763.0,1763.0,1763.0,1763.0,1763.0,1763.0,1763.0,,,,,,,,,,,,,,,,,,,,,,,,,,,,,,,,,,,,,,,,,,,,,,,,,,,0.3,342.9503,328.5469,316.6418,307.1373,299.9254,294.8648,291.787,290.5216,290.9262,292.9118,296.4574,301.6143,308.5034,317.3105,328.2879,341.7669,358.1903,378.173,402.6071,432.8415,331.0,473.0,768.8894,36.583999999999946,377.934,11.13299999999998
1764,1764,1764.0,1764.0,1764.0,1764.0,1764.0,1764.0,1764.0,1764.0,1764.0,1764.0,1764.0,1764.0,1764.0,1764.0,1764.0,1764.0,1764.0,1764.0,1764.0,1764.0,1764.0,1764.0,1764.0,1764.0,,,,,,,,,,,,,,,,,,,,,,,,,,,,,,,,,,,,,,,,,,,,,,,,,,,0.4,323.1108,316.6141,311.295,307.014,303.7001,301.3406,299.9682,299.6472,300.462,302.5096,305.8981,310.7502,317.2126,325.4707,335.7685,348.4378,363.94,382.93,406.3591,435.6482,372.0,298.0,805.4734,21.78309999999999,341.35,11.13299999999998
1765,1765,1765.0,1765.0,1765.0,1765.0,1765.0,1765.0,1765.0,1765.0,1765.0,1765.0,1765.0,1765.0,1765.0,1765.0,1765.0,1765.0,1765.0,1765.0,1765.0,1765.0,1765.0,1765.0,1765.0,1765.0,,,,,,,,,,,,,,,,,,,,,,,,,,,,,,,,,,,,,,,,,,,,,,,,,,,0.5,355.385,341.735,330.6612,321.8883,315.1957,310.383,307.2513,305.5949,305.1956,305.8152,307.1862,309.0036,310.9224,312.5687,313.5681,313.593,312.4226,310.0046,306.501,302.3029,296.0,380.0,827.2565,67.71250000000009,319.56690000000003,11.13299999999998
1766,1766,1766.0,1766.0,1766.0,1766.0,1766.0,1766.0,1766.0,1766.0,1766.0,1766.0,1766.0,1766.0,1766.0,1766.0,1766.0,1766.0,1766.0,1766.0,1766.0,1766.0,1766.0,1766.0,1766.0,1766.0,,,,,,,,,,,,,,,,,,,,,,,,,,,,,,,,,,,,,,,,,,,,,,,,,,,0.6,297.1516,298.5225,299.8348,300.8996,301.6299,302.0334,302.1912,302.231,302.3036,302.5681,303.1884,304.3399,306.2194,309.054,313.1029,318.6516,326.0006,335.4577,347.3447,362.0302,243.0,439.0,894.969,67.37689999999998,251.8544,11.13299999999998
1767,1767,1767.0,1767.0,1767.0,1767.0,1767.0,1767.0,1767.0,1767.0,1767.0,1767.0,1767.0,1767.0,1767.0,1767.0,1767.0,1767.0,1767.0,1767.0,1767.0,1767.0,1767.0,1767.0,1767.0,1767.0,,,,,,,,,,,,,,,,,,,,,,,,,,,,,,,,,,,,,,,,,,,,,,,,,,,0.7,252.7123,261.6171,269.5064,276.2642,281.8819,286.454,290.1618,293.2499,296.0049,298.7394,301.7837,305.4843,310.2054,316.3309,324.2663,334.4406,347.3169,363.4198,383.3986,408.1446,424.0,371.0,962.3459,58.15919999999994,184.4775,11.13299999999998
1768,1768,1768.0,1768.0,1768.0,1768.0,1768.0,1768.0,1768.0,1768.0,1768.0,1768.0,1768.0,1768.0,1768.0,1768.0,1768.0,1768.0,1768.0,1768.0,1768.0,1768.0,1768.0,1768.0,1768.0,1768.0,,,,,,,,,,,,,,,,,,,,,,,,,,,,,,,,,,,,,,,,,,,,,,,,,,,0.8,392.6558,366.9192,346.0515,329.6063,317.2092,308.4482,302.8461,299.8854,299.0547,299.8929,302.018,305.1362,309.0386,313.593,318.7405,324.5004,330.9859,338.4261,347.1903,357.8096,171.0,473.0,1020.5051,65.22259999999994,126.31830000000002,11.13299999999998
1769,1769,1769.0,1769.0,1769.0,1769.0,1769.0,1769.0,1769.0,1769.0,1769.0,1769.0,1769.0,1769.0,1769.0,1769.0,1769.0,1769.0,1769.0,1769.0,1769.0,1769.0,1769.0,1769.0,1769.0,1769.0,,,,,,,,,,,,,,,,,,,,,,,,,,,,,,,,,,,,,,,,,,,,,,,,,,,0.9,197.338,221.3118,242.0534,259.0928,272.3909,282.2847,289.3775,294.4145,298.1749,301.3995,304.7566,308.8409,314.1927,321.3248,330.7475,342.9911,358.6334,378.3501,403.0153,433.8948,391.0,372.0,1085.7277,61.09570000000008,61.09570000000008,11.13299999999998
1770,1770,1770.0,1770.0,1770.0,1770.0,1770.0,1770.0,1770.0,1770.0,1770.0,1770.0,1770.0,1770.0,1770.0,1770.0,1770.0,1770.0,1770.0,1770.0,1770.0,1770.0,1770.0,1770.0,1770.0,1770.0,,,,,,,,,,,,,,,,,,,,,,,,,,,,,,,,,,,,,,,,,,,,,,,,,,,0.0,273.0,273.0,273.0,273.0,273.0,273.0,273.0,273.0,273.0,273.0,273.0,273.0,273.0,273.0,273.0,273.0,273.0,273.0,273.0,273.0,308.0,473.0,0.0,370.2582,863.1776,7.948700000000031
1771,1771,1771.0,1771.0,1771.0,1771.0,1771.0,1771.0,1771.0,1771.0,1771.0,1771.0,1771.0,1771.0,1771.0,1771.0,1771.0,1771.0,1771.0,1771.0,1771.0,1771.0,1771.0,1771.0,1771.0,1771.0,,,,,,,,,,,,,,,,,,,,,,,,,,,,,,,,,,,,,,,,,,,,,,,,,,,0.1,300.9324,294.7697,289.5273,285.2084,281.7916,279.2331,277.4824,276.5082,276.3294,277.0474,278.8728,282.1424,287.3187,294.9695,305.7264,320.2344,339.1117,362.9564,392.4401,428.5432,347.0,473.0,370.2582,131.1696,492.9194,7.948700000000031
1772,1772,1772.0,1772.0,1772.0,1772.0,1772.0,1772.0,1772.0,1772.0,1772.0,1772.0,1772.0,1772.0,1772.0,1772.0,1772.0,1772.0,1772.0,1772.0,1772.0,1772.0,1772.0,1772.0,1772.0,1772.0,,,,,,,,,,,,,,,,,,,,,,,,,,,,,,,,,,,,,,,,,,,,,,,,,,,0.2,333.1032,321.286,311.3987,303.3478,297.0607,292.4695,289.5103,288.1316,288.3077,290.0494,293.4116,298.4956,305.4493,314.4676,325.7992,339.7641,356.7894,377.4748,402.7022,433.8249,362.0,472.0,501.4278,45.02939999999995,361.7498,7.948700000000031
1773,1773,1773.0,1773.0,1773.0,1773.0,1773.0,1773.0,1773.0,1773.0,1773.0,1773.0,1773.0,1773.0,1773.0,1773.0,1773.0,1773.0,1773.0,1773.0,1773.0,1773.0,1773.0,1773.0,1773.0,1773.0,,,,,,,,,,,,,,,,,,,,,,,,,,,,,,,,,,,,,,,,,,,,,,,,,,,0.3,346.9088,334.3585,324.0206,315.6755,309.1714,304.3987,301.2762,299.7459,299.7722,301.3449,304.4829,309.2395,315.7094,324.0396,334.4454,347.2362,362.8544,381.9389,405.4254,434.7188,292.0,411.0,546.4572,16.859800000000064,316.72040000000004,7.948700000000031
1774,1774,1774.0,1774.0,1774.0,1774.0,1774.0,1774.0,1774.0,1774.0,1774.0,1774.0,1774.0,1774.0,1774.0,1774.0,1774.0,1774.0,1774.0,1774.0,1774.0,1774.0,1774.0,1774.0,1774.0,1774.0,,,,,,,,,,,,,,,,,,,,,,,,,,,,,,,,,,,,,,,,,,,,,,,,,,,0.4,293.3199,294.8192,296.2842,297.5896,298.7121,299.7238,300.7694,302.0354,303.7173,305.9939,309.0107,312.8754,317.6647,323.4431,330.2919,338.346,347.8371,359.1416,372.8306,389.7292,354.0,294.0,563.317,30.295200000000023,299.8606,7.948700000000031
1775,1775,1775.0,1775.0,1775.0,1775.0,1775.0,1775.0,1775.0,1775.0,1775.0,1775.0,1775.0,1775.0,1775.0,1775.0,1775.0,1775.0,1775.0,1775.0,1775.0,1775.0,1775.0,1775.0,1775.0,1775.0,,,,,,,,,,,,,,,,,,,,,,,,,,,,,,,,,,,,,,,,,,,,,,,,,,,0.5,340.6373,329.6188,320.7439,313.8534,308.7852,305.3534,303.3454,302.5294,302.6638,303.5021,304.7929,306.2756,307.6783,308.7225,309.1418,308.7125,307.2966,304.884,301.6256,297.8418,342.0,398.0,593.6122,82.17160000000001,269.56539999999995,7.948700000000031
1776,1776,1776.0,1776.0,1776.0,1776.0,1776.0,1776.0,1776.0,1776.0,1776.0,1776.0,1776.0,1776.0,1776.0,1776.0,1776.0,1776.0,1776.0,1776.0,1776.0,1776.0,1776.0,1776.0,1776.0,1776.0,,,,,,,,,,,,,,,,,,,,,,,,,,,,,,,,,,,,,,,,,,,,,,,,,,,0.6,332.6045,324.9378,318.6963,313.648,309.616,306.4658,304.0975,302.4414,301.4595,301.1525,301.57,302.8225,305.0895,308.6193,313.7192,320.7359,330.033,341.9785,356.9562,375.4192,262.0,370.0,675.7838,58.54660000000001,187.3938,7.948700000000031
1777,1777,1777.0,1777.0,1777.0,1777.0,1777.0,1777.0,1777.0,1777.0,1777.0,1777.0,1777.0,1777.0,1777.0,1777.0,1777.0,1777.0,1777.0,1777.0,1777.0,1777.0,1777.0,1777.0,1777.0,1777.0,,,,,,,,,,,,,,,,,,,,,,,,,,,,,,,,,,,,,,,,,,,,,,,,,,,0.7,269.1491,275.7481,281.5339,286.3524,290.1755,293.0939,295.2906,297.0051,298.4978,300.0207,301.7982,304.0192,306.8382,310.3847,314.7779,320.1474,326.6559,334.5256,344.0647,355.6974,357.0,454.0,734.3304,69.21809999999994,128.84719999999993,7.948700000000031
1778,1778,1778.0,1778.0,1778.0,1778.0,1778.0,1778.0,1778.0,1778.0,1778.0,1778.0,1778.0,1778.0,1778.0,1778.0,1778.0,1778.0,1778.0,1778.0,1778.0,1778.0,1778.0,1778.0,1778.0,1778.0,,,,,,,,,,,,,,,,,,,,,,,,,,,,,,,,,,,,,,,,,,,,,,,,,,,0.8,341.7508,329.0302,318.6879,310.6008,304.6187,300.5453,298.1514,297.2061,297.5154,298.9568,301.5044,305.2407,310.3571,317.1443,325.9763,337.2957,351.6096,369.5116,391.7507,419.3753,331.0,471.0,803.5485,35.11590000000001,59.6291,7.948700000000031
1779,1779,1779.0,1779.0,1779.0,1779.0,1779.0,1779.0,1779.0,1779.0,1779.0,1779.0,1779.0,1779.0,1779.0,1779.0,1779.0,1779.0,1779.0,1779.0,1779.0,1779.0,1779.0,1779.0,1779.0,1779.0,,,,,,,,,,,,,,,,,,,,,,,,,,,,,,,,,,,,,,,,,,,,,,,,,,,0.9,323.6119,317.6033,312.7425,308.8698,305.8909,303.769,302.5145,302.1753,302.8285,304.5758,307.5437,311.8865,317.7932,325.4966,335.2873,347.5338,362.7164,381.4847,404.7568,433.8917,370.0,273.0,838.6644,24.513199999999983,24.513199999999983,7.948700000000031
1780,1780,1780.0,1780.0,1780.0,1780.0,1780.0,1780.0,1780.0,1780.0,1780.0,1780.0,1780.0,1780.0,1780.0,1780.0,1780.0,1780.0,1780.0,1780.0,1780.0,1780.0,1780.0,1780.0,1780.0,1780.0,,,,,,,,,,,,,,,,,,,,,,,,,,,,,,,,,,,,,,,,,,,,,,,,,,,0.0,273.0,273.0,273.0,273.0,273.0,273.0,273.0,273.0,273.0,273.0,273.0,273.0,273.0,273.0,273.0,273.0,273.0,273.0,273.0,273.0,349.0,316.0,0.0,403.4971,1161.7172,12.662300000000016
1781,1781,1781.0,1781.0,1781.0,1781.0,1781.0,1781.0,1781.0,1781.0,1781.0,1781.0,1781.0,1781.0,1781.0,1781.0,1781.0,1781.0,1781.0,1781.0,1781.0,1781.0,1781.0,1781.0,1781.0,1781.0,,,,,,,,,,,,,,,,,,,,,,,,,,,,,,,,,,,,,,,,,,,,,,,,,,,0.1,333.3127,319.8385,308.4677,299.1125,291.6544,285.9228,281.7004,278.7469,276.8297,275.7527,275.3777,275.634,276.5191,278.0882,280.4371,283.6789,287.9209,293.244,299.6926,307.2784,274.0,473.0,403.4971,260.8177,758.2201,12.662300000000016
1782,1782,1782.0,1782.0,1782.0,1782.0,1782.0,1782.0,1782.0,1782.0,1782.0,1782.0,1782.0,1782.0,1782.0,1782.0,1782.0,1782.0,1782.0,1782.0,1782.0,1782.0,1782.0,1782.0,1782.0,1782.0,,,,,,,,,,,,,,,,,,,,,,,,,,,,,,,,,,,,,,,,,,,,,,,,,,,0.2,276.4762,278.7185,280.5225,281.7716,282.4548,282.665,282.5838,282.4611,282.598,283.3384,285.0692,288.2262,293.2966,300.8134,311.338,325.4371,343.6717,366.6234,394.9981,429.85,358.0,473.0,664.3148,103.64390000000004,497.40240000000006,12.662300000000016
1783,1783,1783.0,1783.0,1783.0,1783.0,1783.0,1783.0,1783.0,1783.0,1783.0,1783.0,1783.0,1783.0,1783.0,1783.0,1783.0,1783.0,1783.0,1783.0,1783.0,1783.0,1783.0,1783.0,1783.0,1783.0,,,,,,,,,,,,,,,,,,,,,,,,,,,,,,,,,,,,,,,,,,,,,,,,,,,0.3,341.5714,327.6948,316.2175,307.0379,300.0503,295.1229,292.104,290.8436,291.2207,293.1657,296.6738,301.8089,308.7011,317.5434,328.5936,342.1885,358.7766,378.9808,403.7058,434.3233,324.0,472.0,767.9587,35.67329999999993,393.7585,12.662300000000016
1784,1784,1784.0,1784.0,1784.0,1784.0,1784.0,1784.0,1784.0,1784.0,1784.0,1784.0,1784.0,1784.0,1784.0,1784.0,1784.0,1784.0,1784.0,1784.0,1784.0,1784.0,1784.0,1784.0,1784.0,1784.0,,,,,,,,,,,,,,,,,,,,,,,,,,,,,,,,,,,,,,,,,,,,,,,,,,,0.4,317.5991,312.3652,308.1036,304.6906,302.0714,300.2519,299.2863,299.2614,300.2839,302.4707,305.9464,310.8457,317.3229,325.5667,335.8217,348.4177,363.8132,382.6596,405.9029,434.9551,386.0,287.0,803.632,25.049300000000017,358.0852000000001,12.662300000000016
1785,1785,1785.0,1785.0,1785.0,1785.0,1785.0,1785.0,1785.0,1785.0,1785.0,1785.0,1785.0,1785.0,1785.0,1785.0,1785.0,1785.0,1785.0,1785.0,1785.0,1785.0,1785.0,1785.0,1785.0,1785.0,,,,,,,,,,,,,,,,,,,,,,,,,,,,,,,,,,,,,,,,,,,,,,,,,,,0.5,366.0175,349.6183,336.3158,325.7746,317.7246,311.9123,308.0784,305.9505,305.2418,305.6476,306.8389,308.4536,310.0939,311.3354,311.7549,310.9785,308.7441,304.9671,299.7904,293.6012,171.0,472.0,828.6813,85.58820000000003,333.0359000000001,12.662300000000016
1786,1786,1786.0,1786.0,1786.0,1786.0,1786.0,1786.0,1786.0,1786.0,1786.0,1786.0,1786.0,1786.0,1786.0,1786.0,1786.0,1786.0,1786.0,1786.0,1786.0,1786.0,1786.0,1786.0,1786.0,1786.0,,,,,,,,,,,,,,,,,,,,,,,,,,,,,,,,,,,,,,,,,,,,,,,,,,,0.6,197.0695,220.8439,241.5019,258.5832,272.019,282.0843,289.301,294.331,297.8852,300.6659,303.3448,306.5685,310.9764,317.2177,325.9558,337.861,353.6056,373.886,399.5117,431.6075,391.0,364.0,914.2695,69.53890000000001,247.44770000000003,12.662300000000016
1787,1787,1787.0,1787.0,1787.0,1787.0,1787.0,1787.0,1787.0,1787.0,1787.0,1787.0,1787.0,1787.0,1787.0,1787.0,1787.0,1787.0,1787.0,1787.0,1787.0,1787.0,1787.0,1787.0,1787.0,1787.0,,,,,,,,,,,,,,,,,,,,,,,,,,,,,,,,,,,,,,,,,,,,,,,,,,,0.7,365.7186,344.6097,327.4966,314.2708,304.7407,298.5723,295.303,294.4005,295.3343,297.6328,300.9148,304.8937,309.3667,314.199,319.3176,324.7197,330.4946,336.8555,344.1686,352.9746,299.0,471.0,983.8084,52.26180000000011,177.90880000000004,12.662300000000016
1788,1788,1788.0,1788.0,1788.0,1788.0,1788.0,1788.0,1788.0,1788.0,1788.0,1788.0,1788.0,1788.0,1788.0,1788.0,1788.0,1788.0,1788.0,1788.0,1788.0,1788.0,1788.0,1788.0,1788.0,1788.0,,,,,,,,,,,,,,,,,,,,,,,,,,,,,,,,,,,,,,,,,,,,,,,,,,,0.8,298.6934,298.7212,298.842,298.9087,298.8817,298.8205,298.8614,299.1896,300.0163,301.5663,304.0795,307.821,313.0961,320.2627,329.7382,342.0028,357.6103,377.2249,401.71,432.3114,394.0,290.0,1036.0702,34.1724999999999,125.64699999999992,12.662300000000016
1789,1789,1789.0,1789.0,1789.0,1789.0,1789.0,1789.0,1789.0,1789.0,1789.0,1789.0,1789.0,1789.0,1789.0,1789.0,1789.0,1789.0,1789.0,1789.0,1789.0,1789.0,1789.0,1789.0,1789.0,1789.0,,,,,,,,,,,,,,,,,,,,,,,,,,,,,,,,,,,,,,,,,,,,,,,,,,,0.9,371.6377,353.2632,338.3532,326.5513,317.5592,311.0791,306.7942,304.3703,303.4655,303.7358,304.8327,306.3953,308.0433,309.3805,310.0156,309.6047,307.9076,304.8494,300.5682,295.43,171.0,471.0,1070.2427,91.47450000000003,91.47450000000003,12.662300000000016
1790,1790,1790.0,1790.0,1790.0,1790.0,1790.0,1790.0,1790.0,1790.0,1790.0,1790.0,1790.0,1790.0,1790.0,1790.0,1790.0,1790.0,1790.0,1790.0,1790.0,1790.0,1790.0,1790.0,1790.0,1790.0,,,,,,,,,,,,,,,,,,,,,,,,,,,,,,,,,,,,,,,,,,,,,,,,,,,0.0,273.0,273.0,273.0,273.0,273.0,273.0,273.0,273.0,273.0,273.0,273.0,273.0,273.0,273.0,273.0,273.0,273.0,273.0,273.0,273.0,351.0,312.0,0.0,404.7532,1164.7727,9.064700000000016
1791,1791,1791.0,1791.0,1791.0,1791.0,1791.0,1791.0,1791.0,1791.0,1791.0,1791.0,1791.0,1791.0,1791.0,1791.0,1791.0,1791.0,1791.0,1791.0,1791.0,1791.0,1791.0,1791.0,1791.0,1791.0,,,,,,,,,,,,,,,,,,,,,,,,,,,,,,,,,,,,,,,,,,,,,,,,,,,0.1,334.8822,321.0493,309.3811,299.7832,292.1317,286.2496,281.9124,278.8712,276.8838,275.7434,275.3,275.4701,276.2372,277.6414,279.7631,282.701,286.5496,291.3801,297.2301,304.1059,267.0,473.0,404.7532,266.26570000000004,760.0195,9.064700000000016
1792,1792,1792.0,1792.0,1792.0,1792.0,1792.0,1792.0,1792.0,1792.0,1792.0,1792.0,1792.0,1792.0,1792.0,1792.0,1792.0,1792.0,1792.0,1792.0,1792.0,1792.0,1792.0,1792.0,1792.0,1792.0,,,,,,,,,,,,,,,,,,,,,,,,,,,,,,,,,,,,,,,,,,,,,,,,,,,0.2,270.9403,274.4748,277.379,279.5269,280.911,281.6392,281.9168,282.0217,282.284,283.0748,284.8055,287.9324,292.961,300.4392,310.9409,325.042,343.3083,366.3218,394.7835,429.7392,357.0,471.0,671.0189,108.61450000000002,493.7538,9.064700000000016
1793,1793,1793.0,1793.0,1793.0,1793.0,1793.0,1793.0,1793.0,1793.0,1793.0,1793.0,1793.0,1793.0,1793.0,1793.0,1793.0,1793.0,1793.0,1793.0,1793.0,1793.0,1793.0,1793.0,1793.0,1793.0,,,,,,,,,,,,,,,,,,,,,,,,,,,,,,,,,,,,,,,,,,,,,,,,,,,0.3,340.5731,326.6792,315.1891,306.0171,299.0649,294.2003,291.265,290.0989,290.57,292.5989,296.1731,301.351,308.2583,317.0848,328.0848,341.5907,358.0451,378.0621,402.5327,432.8043,342.0,472.0,779.6334,37.73389999999995,385.13929999999993,9.064700000000016
1794,1794,1794.0,1794.0,1794.0,1794.0,1794.0,1794.0,1794.0,1794.0,1794.0,1794.0,1794.0,1794.0,1794.0,1794.0,1794.0,1794.0,1794.0,1794.0,1794.0,1794.0,1794.0,1794.0,1794.0,1794.0,,,,,,,,,,,,,,,,,,,,,,,,,,,,,,,,,,,,,,,,,,,,,,,,,,,0.4,331.6316,323.0417,315.9858,310.3015,305.8913,302.7087,300.7455,300.0212,300.5755,302.4649,305.7631,310.5657,316.999,325.2331,335.5014,348.1276,363.5665,382.4666,405.771,434.8885,353.0,337.0,817.3673,17.44290000000001,347.4054,9.064700000000016
1795,1795,1795.0,1795.0,1795.0,1795.0,1795.0,1795.0,1795.0,1795.0,1795.0,1795.0,1795.0,1795.0,1795.0,1795.0,1795.0,1795.0,1795.0,1795.0,1795.0,1795.0,1795.0,1795.0,1795.0,1795.0,,,,,,,,,,,,,,,,,,,,,,,,,,,,,,,,,,,,,,,,,,,,,,,,,,,0.5,340.8914,330.9703,322.9407,316.5894,311.7565,308.3147,306.1543,305.1724,305.2616,306.2999,308.1403,310.6044,313.4838,316.552,319.5919,322.4357,325.0142,327.405,329.8677,332.8559,319.0,273.0,834.8102,62.0865,329.9625,9.064700000000016
1796,1796,1796.0,1796.0,1796.0,1796.0,1796.0,1796.0,1796.0,1796.0,1796.0,1796.0,1796.0,1796.0,1796.0,1796.0,1796.0,1796.0,1796.0,1796.0,1796.0,1796.0,1796.0,1796.0,1796.0,1796.0,,,,,,,,,,,,,,,,,,,,,,,,,,,,,,,,,,,,,,,,,,,,,,,,,,,0.6,314.8703,311.6972,309.2371,307.3074,305.7855,304.599,303.7092,303.0909,302.7111,302.512,302.3984,302.2331,301.8402,301.0178,299.56,297.2864,294.0757,289.8988,284.8405,279.1053,268.0,473.0,896.8967,114.67650000000005,267.876,9.064700000000016
1797,1797,1797.0,1797.0,1797.0,1797.0,1797.0,1797.0,1797.0,1797.0,1797.0,1797.0,1797.0,1797.0,1797.0,1797.0,1797.0,1797.0,1797.0,1797.0,1797.0,1797.0,1797.0,1797.0,1797.0,1797.0,,,,,,,,,,,,,,,,,,,,,,,,,,,,,,,,,,,,,,,,,,,,,,,,,,,0.7,273.3499,278.3456,282.7803,286.5192,289.5137,291.8013,293.4961,294.7774,295.8825,297.1084,298.821,301.4663,305.5775,311.7674,320.7043,333.0765,349.5633,370.8433,397.6808,431.1402,324.0,410.0,1011.5732,51.12729999999988,153.19949999999994,9.064700000000016
1798,1798,1798.0,1798.0,1798.0,1798.0,1798.0,1798.0,1798.0,1798.0,1798.0,1798.0,1798.0,1798.0,1798.0,1798.0,1798.0,1798.0,1798.0,1798.0,1798.0,1798.0,1798.0,1798.0,1798.0,1798.0,,,,,,,,,,,,,,,,,,,,,,,,,,,,,,,,,,,,,,,,,,,,,,,,,,,0.8,315.7834,308.9498,303.4812,299.3526,296.5133,294.8842,294.3699,294.8765,296.3289,298.6829,301.9281,306.086,311.2052,317.3611,324.6626,333.2719,343.4339,355.5174,370.0648,387.8562,411.0,396.0,1062.7005,46.77179999999999,102.07220000000008,9.064700000000016
1799,1799,1799.0,1799.0,1799.0,1799.0,1799.0,1799.0,1799.0,1799.0,1799.0,1799.0,1799.0,1799.0,1799.0,1799.0,1799.0,1799.0,1799.0,1799.0,1799.0,1799.0,1799.0,1799.0,1799.0,1799.0,,,,,,,,,,,,,,,,,,,,,,,,,,,,,,,,,,,,,,,,,,,,,,,,,,,0.9,384.6856,363.1424,345.6293,331.6657,320.8833,312.9461,307.5193,304.2689,302.8781,303.0674,304.6108,307.345,311.1741,316.0708,322.0798,329.3235,338.0145,348.474,361.1598,376.7081,172.0,471.0,1109.4723,55.30040000000008,55.30040000000008,9.064700000000016
1800,1800,1800.0,1800.0,1800.0,1800.0,1800.0,1800.0,1800.0,1800.0,1800.0,1800.0,1800.0,1800.0,1800.0,1800.0,1800.0,1800.0,1800.0,1800.0,1800.0,1800.0,1800.0,1800.0,1800.0,,,,,,,,,,,,,,,,,,,,,,,,,,,,,,,,,,,,,,,,,,,,,,,,,,,,0.0,273.0,273.0,273.0,273.0,273.0,273.0,273.0,273.0,273.0,273.0,273.0,273.0,273.0,273.0,273.0,273.0,273.0,273.0,273.0,273.0,323.0,472.0,0.0,365.7823,875.7468,3.481999999999971
1801,1801,1801.0,1801.0,1801.0,1801.0,1801.0,1801.0,1801.0,1801.0,1801.0,1801.0,1801.0,1801.0,1801.0,1801.0,1801.0,1801.0,1801.0,1801.0,1801.0,1801.0,1801.0,1801.0,1801.0,,,,,,,,,,,,,,,,,,,,,,,,,,,,,,,,,,,,,,,,,,,,,,,,,,,,0.1,312.8242,303.9984,296.5123,290.3484,285.4597,281.7665,279.1727,277.5952,277.0003,277.4402,279.0834,282.2321,287.3226,294.9031,305.5915,320.0227,338.8076,362.5377,391.8773,427.7942,325.0,409.0,365.7823,126.01759999999996,509.9645,3.481999999999971
1802,1802,1802.0,1802.0,1802.0,1802.0,1802.0,1802.0,1802.0,1802.0,1802.0,1802.0,1802.0,1802.0,1802.0,1802.0,1802.0,1802.0,1802.0,1802.0,1802.0,1802.0,1802.0,1802.0,1802.0,,,,,,,,,,,,,,,,,,,,,,,,,,,,,,,,,,,,,,,,,,,,,,,,,,,,0.2,316.2815,308.8552,302.6071,297.4684,293.4038,290.4042,288.4809,287.6616,287.9857,289.4993,292.249,296.278,301.6252,308.3308,316.452,326.0894,337.4239,350.7624,366.592,385.6464,330.0,471.0,491.7999,71.2518,383.9469,3.481999999999971
1803,1803,1803.0,1803.0,1803.0,1803.0,1803.0,1803.0,1803.0,1803.0,1803.0,1803.0,1803.0,1803.0,1803.0,1803.0,1803.0,1803.0,1803.0,1803.0,1803.0,1803.0,1803.0,1803.0,1803.0,,,,,,,,,,,,,,,,,,,,,,,,,,,,,,,,,,,,,,,,,,,,,,,,,,,,0.3,321.2738,313.9835,307.9806,303.1638,299.4654,296.8438,295.2803,294.7802,295.376,297.134,300.1612,304.6132,310.7003,318.6924,328.9236,341.8007,357.8242,377.6352,402.1123,432.5522,331.0,473.0,563.0517,33.703700000000026,312.6951,3.481999999999971
1804,1804,1804.0,1804.0,1804.0,1804.0,1804.0,1804.0,1804.0,1804.0,1804.0,1804.0,1804.0,1804.0,1804.0,1804.0,1804.0,1804.0,1804.0,1804.0,1804.0,1804.0,1804.0,1804.0,1804.0,,,,,,,,,,,,,,,,,,,,,,,,,,,,,,,,,,,,,,,,,,,,,,,,,,,,0.4,322.8579,316.1676,310.761,306.5223,303.3765,301.282,300.2261,300.2225,301.3102,303.5539,307.0459,311.9095,318.3048,326.4382,336.5778,349.0775,364.4161,383.2593,406.5623,435.7441,240.0,473.0,596.7554,28.501499999999965,278.9914,3.481999999999971
1805,1805,1805.0,1805.0,1805.0,1805.0,1805.0,1805.0,1805.0,1805.0,1805.0,1805.0,1805.0,1805.0,1805.0,1805.0,1805.0,1805.0,1805.0,1805.0,1805.0,1805.0,1805.0,1805.0,1805.0,,,,,,,,,,,,,,,,,,,,,,,,,,,,,,,,,,,,,,,,,,,,,,,,,,,,0.5,250.9826,261.0429,269.9279,277.5171,283.8398,289.0641,293.4644,297.3787,301.1691,305.1916,309.7803,315.2447,321.8808,329.9894,339.9042,352.0268,366.8744,385.1473,407.8331,436.3792,237.0,415.0,625.2569,49.640300000000025,250.48990000000003,3.481999999999971
1806,1806,1806.0,1806.0,1806.0,1806.0,1806.0,1806.0,1806.0,1806.0,1806.0,1806.0,1806.0,1806.0,1806.0,1806.0,1806.0,1806.0,1806.0,1806.0,1806.0,1806.0,1806.0,1806.0,1806.0,,,,,,,,,,,,,,,,,,,,,,,,,,,,,,,,,,,,,,,,,,,,,,,,,,,,0.6,245.757,253.8679,261.3317,268.172,274.4426,280.227,285.6359,290.8007,295.8648,300.9756,306.2773,311.908,318.0015,324.6988,332.1672,340.6303,350.4056,361.9487,375.9052,393.1739,337.0,473.0,674.8972,65.15660000000003,200.8496,3.481999999999971
1807,1807,1807.0,1807.0,1807.0,1807.0,1807.0,1807.0,1807.0,1807.0,1807.0,1807.0,1807.0,1807.0,1807.0,1807.0,1807.0,1807.0,1807.0,1807.0,1807.0,1807.0,1807.0,1807.0,1807.0,,,,,,,,,,,,,,,,,,,,,,,,,,,,,,,,,,,,,,,,,,,,,,,,,,,,0.7,324.5454,314.0651,305.6526,299.3632,295.1673,292.9397,292.48,293.5534,295.9385,299.4692,304.0669,309.758,316.6804,325.0823,335.317,347.8424,363.2333,382.222,405.7877,435.3309,230.0,441.0,740.0538,36.326799999999935,135.69299999999998,3.481999999999971
1808,1808,1808.0,1808.0,1808.0,1808.0,1808.0,1808.0,1808.0,1808.0,1808.0,1808.0,1808.0,1808.0,1808.0,1808.0,1808.0,1808.0,1808.0,1808.0,1808.0,1808.0,1808.0,1808.0,1808.0,,,,,,,,,,,,,,,,,,,,,,,,,,,,,,,,,,,,,,,,,,,,,,,,,,,,0.8,242.1756,253.2821,263.0638,271.4082,278.3624,284.1179,288.9707,293.2721,297.3827,301.638,306.3304,311.7079,317.9853,325.3676,334.0801,344.4061,356.7316,371.5994,389.7807,412.3787,301.0,472.0,776.3806,60.304700000000025,99.36620000000003,3.481999999999971
1809,1809,1809.0,1809.0,1809.0,1809.0,1809.0,1809.0,1809.0,1809.0,1809.0,1809.0,1809.0,1809.0,1809.0,1809.0,1809.0,1809.0,1809.0,1809.0,1809.0,1809.0,1809.0,1809.0,1809.0,,,,,,,,,,,,,,,,,,,,,,,,,,,,,,,,,,,,,,,,,,,,,,,,,,,,0.9,296.3152,292.5004,289.7114,288.048,287.5377,288.1401,289.7691,292.3246,295.725,299.9351,304.9843,310.9769,318.0962,326.6057,336.8523,349.276,364.4344,383.0523,406.116,435.044,291.0,471.0,836.6853,39.06150000000002,39.06150000000002,3.481999999999971
1810,1810,1810.0,1810.0,1810.0,1810.0,1810.0,1810.0,1810.0,1810.0,1810.0,1810.0,1810.0,1810.0,1810.0,1810.0,1810.0,1810.0,1810.0,1810.0,1810.0,1810.0,1810.0,1810.0,1810.0,,,,,,,,,,,,,,,,,,,,,,,,,,,,,,,,,,,,,,,,,,,,,,,,,,,,0.0,273.0,273.0,273.0,273.0,273.0,273.0,273.0,273.0,273.0,273.0,273.0,273.0,273.0,273.0,273.0,273.0,273.0,273.0,273.0,273.0,322.0,473.0,0.0,365.9216,880.8224,0.3688999999999964
1811,1811,1811.0,1811.0,1811.0,1811.0,1811.0,1811.0,1811.0,1811.0,1811.0,1811.0,1811.0,1811.0,1811.0,1811.0,1811.0,1811.0,1811.0,1811.0,1811.0,1811.0,1811.0,1811.0,1811.0,,,,,,,,,,,,,,,,,,,,,,,,,,,,,,,,,,,,,,,,,,,,,,,,,,,,0.1,312.0329,303.3851,296.0485,290.0073,285.2166,281.5993,279.0626,277.5272,276.9635,277.428,279.0931,282.2654,287.3849,295.0038,305.7436,320.2427,339.1156,362.9581,392.4409,428.5435,318.0,472.0,365.9216,126.52639999999997,514.9008,0.3688999999999964
1812,1812,1812.0,1812.0,1812.0,1812.0,1812.0,1812.0,1812.0,1812.0,1812.0,1812.0,1812.0,1812.0,1812.0,1812.0,1812.0,1812.0,1812.0,1812.0,1812.0,1812.0,1812.0,1812.0,1812.0,,,,,,,,,,,,,,,,,,,,,,,,,,,,,,,,,,,,,,,,,,,,,,,,,,,,0.2,310.7215,304.5214,299.3051,295.0201,291.6509,289.2151,287.7602,287.3621,288.1228,290.1696,293.653,298.7466,305.6478,314.5818,325.8129,339.6664,356.5689,377.1147,402.177,433.0945,330.0,473.0,492.448,50.368799999999965,388.3744,0.3688999999999964
1813,1813,1813.0,1813.0,1813.0,1813.0,1813.0,1813.0,1813.0,1813.0,1813.0,1813.0,1813.0,1813.0,1813.0,1813.0,1813.0,1813.0,1813.0,1813.0,1813.0,1813.0,1813.0,1813.0,1813.0,,,,,,,,,,,,,,,,,,,,,,,,,,,,,,,,,,,,,,,,,,,,,,,,,,,,0.3,321.0974,313.6637,307.5815,302.7756,299.1977,296.8189,295.6265,295.6247,296.8371,299.31,303.1156,308.3571,315.1745,323.7547,334.3473,347.2899,363.0485,382.2803,405.9374,435.4419,206.0,471.0,542.8168,44.01960000000008,338.0056000000001,0.3688999999999964
1814,1814,1814.0,1814.0,1814.0,1814.0,1814.0,1814.0,1814.0,1814.0,1814.0,1814.0,1814.0,1814.0,1814.0,1814.0,1814.0,1814.0,1814.0,1814.0,1814.0,1814.0,1814.0,1814.0,1814.0,,,,,,,,,,,,,,,,,,,,,,,,,,,,,,,,,,,,,,,,,,,,,,,,,,,,0.4,223.0377,238.5699,252.2064,263.757,273.2527,280.9236,287.1471,292.3842,297.1196,301.8185,306.9022,312.7439,319.6801,328.034,338.1476,350.4212,365.3646,383.6667,406.2991,434.6853,338.0,472.0,586.8364,62.89179999999999,293.986,0.3688999999999964
1815,1815,1815.0,1815.0,1815.0,1815.0,1815.0,1815.0,1815.0,1815.0,1815.0,1815.0,1815.0,1815.0,1815.0,1815.0,1815.0,1815.0,1815.0,1815.0,1815.0,1815.0,1815.0,1815.0,1815.0,,,,,,,,,,,,,,,,,,,,,,,,,,,,,,,,,,,,,,,,,,,,,,,,,,,,0.5,324.8911,313.8574,305.0465,298.5491,294.3462,292.2997,292.1807,293.7185,296.6551,300.7902,306.0097,312.2991,319.7452,328.5339,338.9511,351.3942,366.3987,384.6922,407.2881,435.6515,253.0,473.0,649.7282,33.48680000000002,231.0942,0.3688999999999964
1816,1816,1816.0,1816.0,1816.0,1816.0,1816.0,1816.0,1816.0,1816.0,1816.0,1816.0,1816.0,1816.0,1816.0,1816.0,1816.0,1816.0,1816.0,1816.0,1816.0,1816.0,1816.0,1816.0,1816.0,,,,,,,,,,,,,,,,,,,,,,,,,,,,,,,,,,,,,,,,,,,,,,,,,,,,0.6,260.6688,267.7358,274.0411,279.523,284.2325,288.3237,292.0268,295.6142,299.3692,303.5643,308.4532,314.2745,321.2661,329.6868,339.8444,352.1291,367.0594,385.3461,407.9933,436.467,261.0,472.0,683.215,49.92769999999996,197.6074,0.3688999999999964
1817,1817,1817.0,1817.0,1817.0,1817.0,1817.0,1817.0,1817.0,1817.0,1817.0,1817.0,1817.0,1817.0,1817.0,1817.0,1817.0,1817.0,1817.0,1817.0,1817.0,1817.0,1817.0,1817.0,1817.0,,,,,,,,,,,,,,,,,,,,,,,,,,,,,,,,,,,,,,,,,,,,,,,,,,,,0.7,265.2277,269.2672,273.1697,276.9881,280.7795,284.6085,288.5513,292.6998,297.1647,302.0785,307.599,313.9122,321.2398,329.8487,340.0674,352.3114,367.122,385.2271,407.6398,435.825,333.0,473.0,733.1427,43.75919999999997,147.67970000000005,0.3688999999999964
1818,1818,1818.0,1818.0,1818.0,1818.0,1818.0,1818.0,1818.0,1818.0,1818.0,1818.0,1818.0,1818.0,1818.0,1818.0,1818.0,1818.0,1818.0,1818.0,1818.0,1818.0,1818.0,1818.0,1818.0,,,,,,,,,,,,,,,,,,,,,,,,,,,,,,,,,,,,,,,,,,,,,,,,,,,,0.8,322.2703,313.3109,306.1679,300.869,297.3883,295.638,295.4805,296.7563,299.3154,303.0451,307.8909,313.8693,321.0752,329.6879,339.9801,352.3355,367.281,385.5412,408.1349,436.5405,222.0,386.0,776.9019,25.320400000000063,103.92050000000006,0.3688999999999964
1819,1819,1819.0,1819.0,1819.0,1819.0,1819.0,1819.0,1819.0,1819.0,1819.0,1819.0,1819.0,1819.0,1819.0,1819.0,1819.0,1819.0,1819.0,1819.0,1819.0,1819.0,1819.0,1819.0,1819.0,,,,,,,,,,,,,,,,,,,,,,,,,,,,,,,,,,,,,,,,,,,,,,,,,,,,0.9,235.981,248.7475,260.0063,269.6221,277.6328,284.2305,289.7153,294.4382,298.7472,302.945,307.2643,311.8616,316.827,322.2091,328.0514,334.4363,341.5338,349.6492,359.2635,371.0686,269.0,473.0,802.2223,78.6001,78.6001,0.3688999999999964
1820,1820,1820.0,1820.0,1820.0,1820.0,1820.0,1820.0,1820.0,1820.0,1820.0,1820.0,1820.0,1820.0,1820.0,1820.0,1820.0,1820.0,1820.0,1820.0,1820.0,1820.0,1820.0,1820.0,1820.0,,,,,,,,,,,,,,,,,,,,,,,,,,,,,,,,,,,,,,,,,,,,,,,,,,,,0.0,273.0,273.0,273.0,273.0,273.0,273.0,273.0,273.0,273.0,273.0,273.0,273.0,273.0,273.0,273.0,273.0,273.0,273.0,273.0,273.0,323.0,473.0,0.0,365.6322,880.4856,3.725500000000011
1821,1821,1821.0,1821.0,1821.0,1821.0,1821.0,1821.0,1821.0,1821.0,1821.0,1821.0,1821.0,1821.0,1821.0,1821.0,1821.0,1821.0,1821.0,1821.0,1821.0,1821.0,1821.0,1821.0,1821.0,,,,,,,,,,,,,,,,,,,,,,,,,,,,,,,,,,,,,,,,,,,,,,,,,,,,0.1,312.8242,303.9985,296.5124,290.3487,285.4602,281.7677,279.1751,277.5997,277.0087,277.4551,279.1088,282.2741,287.3897,295.0063,305.7448,320.2432,339.1159,362.9582,392.4409,428.5435,324.0,423.0,365.6322,124.8309,514.8534,3.725500000000011
1822,1822,1822.0,1822.0,1822.0,1822.0,1822.0,1822.0,1822.0,1822.0,1822.0,1822.0,1822.0,1822.0,1822.0,1822.0,1822.0,1822.0,1822.0,1822.0,1822.0,1822.0,1822.0,1822.0,1822.0,,,,,,,,,,,,,,,,,,,,,,,,,,,,,,,,,,,,,,,,,,,,,,,,,,,,0.2,315.4935,308.2479,302.1521,297.14,293.1797,290.2669,288.4197,287.6753,288.0858,289.7137,292.6279,296.8995,302.6017,309.8153,318.6431,329.2352,341.8256,356.7808,374.6634,396.3173,329.0,471.0,490.4631,65.22729999999996,390.0225,3.725500000000011
1823,1823,1823.0,1823.0,1823.0,1823.0,1823.0,1823.0,1823.0,1823.0,1823.0,1823.0,1823.0,1823.0,1823.0,1823.0,1823.0,1823.0,1823.0,1823.0,1823.0,1823.0,1823.0,1823.0,1823.0,,,,,,,,,,,,,,,,,,,,,,,,,,,,,,,,,,,,,,,,,,,,,,,,,,,,0.3,320.4694,313.3476,307.4944,302.8154,299.2492,296.7601,295.3348,294.9828,295.7391,297.6691,300.8748,305.5014,311.7438,319.8524,330.1409,342.9988,358.9165,378.5366,402.7518,432.8822,332.0,472.0,555.6904,32.07000000000005,324.7952,3.725500000000011
1824,1824,1824.0,1824.0,1824.0,1824.0,1824.0,1824.0,1824.0,1824.0,1824.0,1824.0,1824.0,1824.0,1824.0,1824.0,1824.0,1824.0,1824.0,1824.0,1824.0,1824.0,1824.0,1824.0,1824.0,,,,,,,,,,,,,,,,,,,,,,,,,,,,,,,,,,,,,,,,,,,,,,,,,,,,0.4,323.6337,316.7576,311.2052,306.8614,303.6498,301.5255,300.4699,300.4889,301.6126,303.8963,307.4228,312.3064,318.6994,326.8012,336.8747,349.2702,364.4644,383.1216,406.1944,435.0947,239.0,472.0,587.7604,28.002700000000004,292.7252,3.725500000000011
1825,1825,1825.0,1825.0,1825.0,1825.0,1825.0,1825.0,1825.0,1825.0,1825.0,1825.0,1825.0,1825.0,1825.0,1825.0,1825.0,1825.0,1825.0,1825.0,1825.0,1825.0,1825.0,1825.0,1825.0,,,,,,,,,,,,,,,,,,,,,,,,,,,,,,,,,,,,,,,,,,,,,,,,,,,,0.5,250.2247,260.5042,269.5794,277.326,283.7731,289.091,293.5572,297.5141,301.3274,305.3561,309.9359,315.3773,321.9758,330.0317,339.8774,351.9127,366.6524,384.7929,407.3149,435.6533,242.0,408.0,615.7631,47.47559999999999,264.7225,3.725500000000011
1826,1826,1826.0,1826.0,1826.0,1826.0,1826.0,1826.0,1826.0,1826.0,1826.0,1826.0,1826.0,1826.0,1826.0,1826.0,1826.0,1826.0,1826.0,1826.0,1826.0,1826.0,1826.0,1826.0,1826.0,,,,,,,,,,,,,,,,,,,,,,,,,,,,,,,,,,,,,,,,,,,,,,,,,,,,0.6,249.7741,257.001,263.6998,269.9047,275.6687,281.0653,286.1869,291.1419,296.049,301.0304,306.2055,311.6882,317.5883,324.0219,331.1307,339.1113,348.2528,358.9791,371.8969,387.8509,344.0,447.0,663.2387,59.804899999999975,217.2469,3.725500000000011
1827,1827,1827.0,1827.0,1827.0,1827.0,1827.0,1827.0,1827.0,1827.0,1827.0,1827.0,1827.0,1827.0,1827.0,1827.0,1827.0,1827.0,1827.0,1827.0,1827.0,1827.0,1827.0,1827.0,1827.0,,,,,,,,,,,,,,,,,,,,,,,,,,,,,,,,,,,,,,,,,,,,,,,,,,,,0.7,330.2146,318.6252,309.2801,302.204,297.3435,294.5523,293.608,294.2511,296.23,299.3428,303.4669,308.5766,314.7485,322.1606,331.0872,341.8977,355.0647,371.1907,391.0689,415.7993,201.0,449.0,723.0436,47.60829999999999,157.442,3.725500000000011
1828,1828,1828.0,1828.0,1828.0,1828.0,1828.0,1828.0,1828.0,1828.0,1828.0,1828.0,1828.0,1828.0,1828.0,1828.0,1828.0,1828.0,1828.0,1828.0,1828.0,1828.0,1828.0,1828.0,1828.0,,,,,,,,,,,,,,,,,,,,,,,,,,,,,,,,,,,,,,,,,,,,,,,,,,,,0.8,218.9935,235.3875,249.7533,261.8794,271.7919,279.7285,286.0797,291.3182,295.9346,300.3913,305.0989,310.4135,316.65,324.106,333.091,343.9609,357.1591,373.269,393.0922,417.771,340.0,472.0,770.6519,72.3519,109.83370000000002,3.725500000000011
1829,1829,1829.0,1829.0,1829.0,1829.0,1829.0,1829.0,1829.0,1829.0,1829.0,1829.0,1829.0,1829.0,1829.0,1829.0,1829.0,1829.0,1829.0,1829.0,1829.0,1829.0,1829.0,1829.0,1829.0,,,,,,,,,,,,,,,,,,,,,,,,,,,,,,,,,,,,,,,,,,,,,,,,,,,,0.9,326.2258,314.604,305.2829,298.3525,293.7878,291.4388,291.0596,292.3617,295.0722,298.9826,303.9807,310.0648,317.3442,326.0347,336.4535,349.0235,364.2937,382.9869,406.0931,435.039,249.0,473.0,843.0038,37.48180000000002,37.48180000000002,3.725500000000011
1830,1830,1830.0,1830.0,1830.0,1830.0,1830.0,1830.0,1830.0,1830.0,1830.0,1830.0,1830.0,1830.0,1830.0,1830.0,1830.0,1830.0,1830.0,1830.0,1830.0,1830.0,1830.0,1830.0,1830.0,,,,,,,,,,,,,,,,,,,,,,,,,,,,,,,,,,,,,,,,,,,,,,,,,,,,0.0,273.0,273.0,273.0,273.0,273.0,273.0,273.0,273.0,273.0,273.0,273.0,273.0,273.0,273.0,273.0,273.0,273.0,273.0,273.0,273.0,322.0,472.0,0.0,366.0716,899.7699,-20.0
1831,1831,1831.0,1831.0,1831.0,1831.0,1831.0,1831.0,1831.0,1831.0,1831.0,1831.0,1831.0,1831.0,1831.0,1831.0,1831.0,1831.0,1831.0,1831.0,1831.0,1831.0,1831.0,1831.0,1831.0,,,,,,,,,,,,,,,,,,,,,,,,,,,,,,,,,,,,,,,,,,,,,,,,,,,,0.1,312.0329,303.3851,296.0483,290.007,285.216,281.5981,279.0602,277.5227,276.9552,277.4131,279.0677,282.2233,287.3179,294.9007,305.5903,320.0221,338.8074,362.5376,391.8772,427.7942,313.0,472.0,366.0716,128.04610000000002,533.6983,-12.451900000000023
1832,1832,1832.0,1832.0,1832.0,1832.0,1832.0,1832.0,1832.0,1832.0,1832.0,1832.0,1832.0,1832.0,1832.0,1832.0,1832.0,1832.0,1832.0,1832.0,1832.0,1832.0,1832.0,1832.0,1832.0,,,,,,,,,,,,,,,,,,,,,,,,,,,,,,,,,,,,,,,,,,,,,,,,,,,,0.2,306.7643,301.4563,296.9891,293.3171,290.4339,288.3694,287.187,286.9798,287.8674,289.9931,293.5217,298.6383,305.5494,314.487,325.7205,339.579,356.4908,377.0508,402.1319,433.0713,330.0,471.0,494.1177,52.146499999999946,405.6522,-6.830600000000004
1833,1833,1833.0,1833.0,1833.0,1833.0,1833.0,1833.0,1833.0,1833.0,1833.0,1833.0,1833.0,1833.0,1833.0,1833.0,1833.0,1833.0,1833.0,1833.0,1833.0,1833.0,1833.0,1833.0,1833.0,,,,,,,,,,,,,,,,,,,,,,,,,,,,,,,,,,,,,,,,,,,,,,,,,,,,0.3,320.935,313.3541,307.1533,302.2659,298.647,296.2648,295.0995,295.145,296.414,298.9423,302.7932,308.0621,314.8826,323.436,333.9663,346.8057,362.4131,381.4371,404.8162,433.9495,208.0,472.0,546.2642,44.88650000000007,353.50570000000005,-0.1852000000000089
1834,1834,1834.0,1834.0,1834.0,1834.0,1834.0,1834.0,1834.0,1834.0,1834.0,1834.0,1834.0,1834.0,1834.0,1834.0,1834.0,1834.0,1834.0,1834.0,1834.0,1834.0,1834.0,1834.0,1834.0,,,,,,,,,,,,,,,,,,,,,,,,,,,,,,,,,,,,,,,,,,,,,,,,,,,,0.4,224.5966,239.7238,253.0047,264.2572,273.5143,281.0032,287.0949,292.2419,296.9206,301.5884,306.661,312.5085,319.4669,327.8612,338.0365,350.3977,365.4591,383.9144,406.7408,435.3714,358.0,397.0,591.1507,51.50559999999996,308.6192,-16.79680000000002
1835,1835,1835.0,1835.0,1835.0,1835.0,1835.0,1835.0,1835.0,1835.0,1835.0,1835.0,1835.0,1835.0,1835.0,1835.0,1835.0,1835.0,1835.0,1835.0,1835.0,1835.0,1835.0,1835.0,1835.0,,,,,,,,,,,,,,,,,,,,,,,,,,,,,,,,,,,,,,,,,,,,,,,,,,,,0.5,340.6398,326.0564,314.2916,305.3687,299.2126,295.6242,294.2998,294.8774,296.9895,300.3065,304.5624,309.5634,315.1871,321.3797,328.1603,335.6354,344.0243,353.6918,365.1846,379.2724,226.0,472.0,642.6563,45.78639999999996,257.1136,-3.6258000000000266
1836,1836,1836.0,1836.0,1836.0,1836.0,1836.0,1836.0,1836.0,1836.0,1836.0,1836.0,1836.0,1836.0,1836.0,1836.0,1836.0,1836.0,1836.0,1836.0,1836.0,1836.0,1836.0,1836.0,1836.0,,,,,,,,,,,,,,,,,,,,,,,,,,,,,,,,,,,,,,,,,,,,,,,,,,,,0.6,239.5629,251.9065,262.6954,271.7668,279.1505,285.0484,289.7884,293.7686,297.4086,301.1169,305.2797,310.2662,316.4443,324.2016,333.964,346.2154,361.5237,380.5904,404.3447,434.1232,287.0,472.0,688.4427,61.84350000000006,211.3272000000001,-15.751599999999996
1837,1837,1837.0,1837.0,1837.0,1837.0,1837.0,1837.0,1837.0,1837.0,1837.0,1837.0,1837.0,1837.0,1837.0,1837.0,1837.0,1837.0,1837.0,1837.0,1837.0,1837.0,1837.0,1837.0,1837.0,,,,,,,,,,,,,,,,,,,,,,,,,,,,,,,,,,,,,,,,,,,,,,,,,,,,0.7,285.1601,283.8228,283.1432,283.2254,284.1133,285.7982,288.2396,291.3925,295.2336,299.7818,305.1097,311.3496,318.6941,327.3995,337.792,350.2864,365.4188,383.9056,406.7423,435.3738,329.0,472.0,750.2862,40.1499,149.4837,-16.65179999999998
1838,1838,1838.0,1838.0,1838.0,1838.0,1838.0,1838.0,1838.0,1838.0,1838.0,1838.0,1838.0,1838.0,1838.0,1838.0,1838.0,1838.0,1838.0,1838.0,1838.0,1838.0,1838.0,1838.0,1838.0,,,,,,,,,,,,,,,,,,,,,,,,,,,,,,,,,,,,,,,,,,,,,,,,,,,,0.8,319.6345,311.837,305.6053,300.9384,297.8113,296.1667,295.9208,296.9792,299.2568,302.6964,307.2843,313.0612,320.1315,328.6724,338.9464,351.3223,366.3089,384.6125,407.2317,435.6229,216.0,388.0,790.4361,27.79150000000004,109.3338,-8.033299999999997
1839,1839,1839.0,1839.0,1839.0,1839.0,1839.0,1839.0,1839.0,1839.0,1839.0,1839.0,1839.0,1839.0,1839.0,1839.0,1839.0,1839.0,1839.0,1839.0,1839.0,1839.0,1839.0,1839.0,1839.0,,,,,,,,,,,,,,,,,,,,,,,,,,,,,,,,,,,,,,,,,,,,,,,,,,,,0.9,231.1069,244.8972,257.0503,267.4142,276.0229,283.075,288.886,293.8281,298.2733,302.5495,306.9137,311.5449,316.5534,322.0055,327.9594,334.5097,341.8361,350.2513,360.2428,372.5097,276.0,473.0,818.2276,81.54229999999995,81.54229999999995,-22.975000000000023
1840,1840,1840.0,1840.0,1840.0,1840.0,1840.0,1840.0,1840.0,1840.0,1840.0,1840.0,1840.0,1840.0,1840.0,1840.0,1840.0,1840.0,1840.0,1840.0,1840.0,1840.0,1840.0,1840.0,1840.0,,,,,,,,,,,,,,,,,,,,,,,,,,,,,,,,,,,,,,,,,,,,,,,,,,,,0.0,273.0,273.0,273.0,273.0,273.0,273.0,273.0,273.0,273.0,273.0,273.0,273.0,273.0,273.0,273.0,273.0,273.0,273.0,273.0,273.0,322.0,473.0,0.0,365.9216,861.2409,0.592899999999986
1841,1841,1841.0,1841.0,1841.0,1841.0,1841.0,1841.0,1841.0,1841.0,1841.0,1841.0,1841.0,1841.0,1841.0,1841.0,1841.0,1841.0,1841.0,1841.0,1841.0,1841.0,1841.0,1841.0,1841.0,,,,,,,,,,,,,,,,,,,,,,,,,,,,,,,,,,,,,,,,,,,,,,,,,,,,0.1,312.0329,303.3851,296.0485,290.0073,285.2166,281.5993,279.0626,277.5272,276.9635,277.428,279.0931,282.2654,287.3849,295.0038,305.7436,320.2427,339.1156,362.9581,392.4409,428.5435,320.0,473.0,365.9216,126.23149999999998,495.3193,0.592899999999986
1842,1842,1842.0,1842.0,1842.0,1842.0,1842.0,1842.0,1842.0,1842.0,1842.0,1842.0,1842.0,1842.0,1842.0,1842.0,1842.0,1842.0,1842.0,1842.0,1842.0,1842.0,1842.0,1842.0,1842.0,,,,,,,,,,,,,,,,,,,,,,,,,,,,,,,,,,,,,,,,,,,,,,,,,,,,0.2,312.3025,305.7447,300.2284,295.6979,292.1339,289.5488,287.984,287.5089,288.2191,290.2362,293.707,298.8025,305.7192,314.6828,325.9592,339.8765,356.8644,377.5219,402.7293,433.8371,330.0,472.0,492.1531,49.26459999999997,369.0878,0.592899999999986
1843,1843,1843.0,1843.0,1843.0,1843.0,1843.0,1843.0,1843.0,1843.0,1843.0,1843.0,1843.0,1843.0,1843.0,1843.0,1843.0,1843.0,1843.0,1843.0,1843.0,1843.0,1843.0,1843.0,1843.0,,,,,,,,,,,,,,,,,,,,,,,,,,,,,,,,,,,,,,,,,,,,,,,,,,,,0.3,321.1619,313.7868,307.7523,302.9794,299.419,297.0429,295.8414,295.8221,297.0121,299.4602,303.2395,308.4525,315.2365,323.7745,334.3114,347.1795,362.8392,381.9422,405.4336,434.7244,208.0,473.0,541.4177,43.43630000000008,319.82320000000004,0.592899999999986
1844,1844,1844.0,1844.0,1844.0,1844.0,1844.0,1844.0,1844.0,1844.0,1844.0,1844.0,1844.0,1844.0,1844.0,1844.0,1844.0,1844.0,1844.0,1844.0,1844.0,1844.0,1844.0,1844.0,1844.0,,,,,,,,,,,,,,,,,,,,,,,,,,,,,,,,,,,,,,,,,,,,,,,,,,,,0.4,224.6806,239.8867,253.2374,264.5475,273.8487,281.368,287.4772,292.6308,297.3078,301.9685,307.0321,312.8719,319.8271,328.2259,338.4168,350.8077,365.9172,384.4444,407.3746,436.1543,337.0,473.0,584.854,61.3791,276.3869,0.592899999999986
1845,1845,1845.0,1845.0,1845.0,1845.0,1845.0,1845.0,1845.0,1845.0,1845.0,1845.0,1845.0,1845.0,1845.0,1845.0,1845.0,1845.0,1845.0,1845.0,1845.0,1845.0,1845.0,1845.0,1845.0,,,,,,,,,,,,,,,,,,,,,,,,,,,,,,,,,,,,,,,,,,,,,,,,,,,,0.5,324.1835,313.402,304.801,298.4698,294.3901,292.4281,292.3614,293.9277,296.8778,301.0192,306.2446,312.5442,320.0078,328.8231,339.2775,351.7696,366.8374,385.2133,407.9189,436.4338,253.0,473.0,646.2331,33.18290000000002,215.0078,0.592899999999986
1846,1846,1846.0,1846.0,1846.0,1846.0,1846.0,1846.0,1846.0,1846.0,1846.0,1846.0,1846.0,1846.0,1846.0,1846.0,1846.0,1846.0,1846.0,1846.0,1846.0,1846.0,1846.0,1846.0,1846.0,,,,,,,,,,,,,,,,,,,,,,,,,,,,,,,,,,,,,,,,,,,,,,,,,,,,0.6,260.6681,267.7365,274.0469,279.5386,284.2628,288.3728,292.0973,295.707,299.4835,303.6981,308.6033,314.4366,321.4351,329.8567,340.0083,352.2797,367.1895,385.4493,408.0645,436.5031,265.0,471.0,679.416,48.4849999999999,181.8249,0.592899999999986
1847,1847,1847.0,1847.0,1847.0,1847.0,1847.0,1847.0,1847.0,1847.0,1847.0,1847.0,1847.0,1847.0,1847.0,1847.0,1847.0,1847.0,1847.0,1847.0,1847.0,1847.0,1847.0,1847.0,1847.0,,,,,,,,,,,,,,,,,,,,,,,,,,,,,,,,,,,,,,,,,,,,,,,,,,,,0.7,268.4434,271.7873,275.0923,278.4156,281.8121,285.3386,289.059,293.0501,297.4072,302.248,307.7169,313.9891,321.2771,329.8404,340.0015,352.1707,366.8843,384.8649,407.1185,435.0983,317.0,473.0,727.901,43.452,133.33990000000006,0.592899999999986
1848,1848,1848.0,1848.0,1848.0,1848.0,1848.0,1848.0,1848.0,1848.0,1848.0,1848.0,1848.0,1848.0,1848.0,1848.0,1848.0,1848.0,1848.0,1848.0,1848.0,1848.0,1848.0,1848.0,1848.0,,,,,,,,,,,,,,,,,,,,,,,,,,,,,,,,,,,,,,,,,,,,,,,,,,,,0.8,309.7752,303.8027,299.1573,295.8886,294.0004,293.4474,294.148,296.006,298.9354,302.8824,307.8418,313.8687,321.0859,329.6918,339.9713,352.3154,367.2544,385.5144,408.1136,436.5288,232.0,473.0,771.353,38.02470000000005,89.88790000000006,0.592899999999986
1849,1849,1849.0,1849.0,1849.0,1849.0,1849.0,1849.0,1849.0,1849.0,1849.0,1849.0,1849.0,1849.0,1849.0,1849.0,1849.0,1849.0,1849.0,1849.0,1849.0,1849.0,1849.0,1849.0,1849.0,,,,,,,,,,,,,,,,,,,,,,,,,,,,,,,,,,,,,,,,,,,,,,,,,,,,0.9,243.5499,254.1255,263.5248,271.6647,278.5955,284.4899,289.6113,294.2757,298.8152,303.5533,308.7923,314.8151,321.8983,330.3323,340.4496,352.6596,367.4945,385.675,408.2117,436.5752,308.0,473.0,809.3777,51.863200000000006,51.863200000000006,0.592899999999986
1850,1850,1850.0,1850.0,1850.0,1850.0,1850.0,1850.0,1850.0,1850.0,1850.0,1850.0,1850.0,1850.0,1850.0,1850.0,1850.0,1850.0,1850.0,1850.0,1850.0,1850.0,1850.0,1850.0,1850.0,,,,,,,,,,,,,,,,,,,,,,,,,,,,,,,,,,,,,,,,,,,,,,,,,,,,0.0,273.0,273.0,273.0,273.0,273.0,273.0,273.0,273.0,273.0,273.0,273.0,273.0,273.0,273.0,273.0,273.0,273.0,273.0,273.0,273.0,323.0,473.0,0.0,365.6322,879.9082,0.9638999999999668
1851,1851,1851.0,1851.0,1851.0,1851.0,1851.0,1851.0,1851.0,1851.0,1851.0,1851.0,1851.0,1851.0,1851.0,1851.0,1851.0,1851.0,1851.0,1851.0,1851.0,1851.0,1851.0,1851.0,1851.0,,,,,,,,,,,,,,,,,,,,,,,,,,,,,,,,,,,,,,,,,,,,,,,,,,,,0.1,312.8242,303.9985,296.5124,290.3487,285.4602,281.7677,279.1751,277.5997,277.0087,277.4551,279.1088,282.2741,287.3897,295.0063,305.7448,320.2432,339.1159,362.9582,392.4409,428.5435,327.0,426.0,365.6322,124.28069999999995,514.276,0.9638999999999668
1852,1852,1852.0,1852.0,1852.0,1852.0,1852.0,1852.0,1852.0,1852.0,1852.0,1852.0,1852.0,1852.0,1852.0,1852.0,1852.0,1852.0,1852.0,1852.0,1852.0,1852.0,1852.0,1852.0,1852.0,,,,,,,,,,,,,,,,,,,,,,,,,,,,,,,,,,,,,,,,,,,,,,,,,,,,0.2,317.8605,310.0774,303.5322,298.1531,293.9021,290.7671,288.7576,287.9014,288.2419,289.8352,292.7462,297.0453,302.8082,310.1211,319.0945,329.888,342.7463,358.0486,376.3737,398.5909,329.0,471.0,489.9129,62.99590000000006,389.9953,0.9638999999999668
1853,1853,1853.0,1853.0,1853.0,1853.0,1853.0,1853.0,1853.0,1853.0,1853.0,1853.0,1853.0,1853.0,1853.0,1853.0,1853.0,1853.0,1853.0,1853.0,1853.0,1853.0,1853.0,1853.0,1853.0,,,,,,,,,,,,,,,,,,,,,,,,,,,,,,,,,,,,,,,,,,,,,,,,,,,,0.3,320.5673,313.5348,307.7548,303.1282,299.5926,297.1145,295.6855,295.3211,296.0625,297.9798,301.1777,305.8018,312.0444,320.1521,330.4337,343.274,359.1602,378.7343,402.8906,432.9534,314.0,472.0,552.9088,31.389599999999973,326.9993999999999,0.9638999999999668
1854,1854,1854.0,1854.0,1854.0,1854.0,1854.0,1854.0,1854.0,1854.0,1854.0,1854.0,1854.0,1854.0,1854.0,1854.0,1854.0,1854.0,1854.0,1854.0,1854.0,1854.0,1854.0,1854.0,1854.0,,,,,,,,,,,,,,,,,,,,,,,,,,,,,,,,,,,,,,,,,,,,,,,,,,,,0.4,309.4845,305.8862,303.0759,300.9702,299.5314,298.7639,298.7088,299.4369,301.0421,303.6382,307.3569,312.3509,318.8006,326.9252,337.0004,349.3851,364.5611,383.1958,406.2442,435.1195,222.0,473.0,584.2984,35.71709999999996,295.60979999999995,0.9638999999999668
1855,1855,1855.0,1855.0,1855.0,1855.0,1855.0,1855.0,1855.0,1855.0,1855.0,1855.0,1855.0,1855.0,1855.0,1855.0,1855.0,1855.0,1855.0,1855.0,1855.0,1855.0,1855.0,1855.0,1855.0,,,,,,,,,,,,,,,,,,,,,,,,,,,,,,,,,,,,,,,,,,,,,,,,,,,,0.5,235.9373,248.6783,259.9422,269.596,277.6727,284.3568,289.948,294.8153,299.3529,303.9487,308.966,314.7416,321.5949,329.8479,339.8521,352.0246,366.895,385.1733,407.8545,436.3909,298.0,471.0,620.0155,56.054700000000025,259.8927,0.9638999999999668
1856,1856,1856.0,1856.0,1856.0,1856.0,1856.0,1856.0,1856.0,1856.0,1856.0,1856.0,1856.0,1856.0,1856.0,1856.0,1856.0,1856.0,1856.0,1856.0,1856.0,1856.0,1856.0,1856.0,1856.0,,,,,,,,,,,,,,,,,,,,,,,,,,,,,,,,,,,,,,,,,,,,,,,,,,,,0.6,293.8495,290.5178,288.1871,286.9761,286.923,287.9912,290.0934,293.1244,296.9951,301.6592,307.1301,313.489,320.8891,329.5575,339.8034,352.0354,366.7935,384.8057,407.0827,435.0814,303.0,472.0,676.0702,35.877200000000016,203.838,0.9638999999999668
1857,1857,1857.0,1857.0,1857.0,1857.0,1857.0,1857.0,1857.0,1857.0,1857.0,1857.0,1857.0,1857.0,1857.0,1857.0,1857.0,1857.0,1857.0,1857.0,1857.0,1857.0,1857.0,1857.0,1857.0,,,,,,,,,,,,,,,,,,,,,,,,,,,,,,,,,,,,,,,,,,,,,,,,,,,,0.7,299.4926,296.7365,294.7451,293.5361,293.1261,293.5279,294.7523,296.8123,299.7303,303.5457,308.3239,314.1656,321.2174,329.6849,339.8491,352.0913,366.9295,385.0772,407.5388,435.7747,263.0,357.0,711.9474,21.847599999999943,167.96079999999995,0.9638999999999668
1858,1858,1858.0,1858.0,1858.0,1858.0,1858.0,1858.0,1858.0,1858.0,1858.0,1858.0,1858.0,1858.0,1858.0,1858.0,1858.0,1858.0,1858.0,1858.0,1858.0,1858.0,1858.0,1858.0,1858.0,,,,,,,,,,,,,,,,,,,,,,,,,,,,,,,,,,,,,,,,,,,,,,,,,,,,0.8,268.2314,273.1563,277.7001,281.839,285.6073,289.0914,292.414,295.7106,299.1064,302.6951,306.5245,310.5907,314.8433,319.2026,323.59,327.9691,332.3936,337.0533,342.3093,348.7122,249.0,416.0,733.795,69.53550000000007,146.1132,0.9638999999999668
1859,1859,1859.0,1859.0,1859.0,1859.0,1859.0,1859.0,1859.0,1859.0,1859.0,1859.0,1859.0,1859.0,1859.0,1859.0,1859.0,1859.0,1859.0,1859.0,1859.0,1859.0,1859.0,1859.0,1859.0,,,,,,,,,,,,,,,,,,,,,,,,,,,,,,,,,,,,,,,,,,,,,,,,,,,,0.9,255.7591,262.0287,267.7823,273.0186,277.7657,282.0814,286.0498,289.7766,293.3868,297.0252,300.8602,305.0906,309.9522,315.7234,322.7272,331.3315,341.9514,355.062,371.2333,391.2015,327.0,473.0,803.3305,76.57769999999994,76.57769999999994,0.9638999999999668
1860,1860,1860.0,1860.0,1860.0,1860.0,1860.0,1860.0,1860.0,1860.0,1860.0,1860.0,1860.0,1860.0,1860.0,1860.0,1860.0,1860.0,1860.0,1860.0,1860.0,1860.0,1860.0,1860.0,,,,,,,,,,,,,,,,,,,,,,,,,,,,,,,,,,,,,,,,,,,,,,,,,,,,,0.0,273.0,273.0,273.0,273.0,273.0,273.0,273.0,273.0,273.0,273.0,273.0,273.0,273.0,273.0,273.0,273.0,273.0,273.0,273.0,273.0,323.0,373.0,0.0,389.0524,1401.3915,9.742700000000012
1861,1861,1861.0,1861.0,1861.0,1861.0,1861.0,1861.0,1861.0,1861.0,1861.0,1861.0,1861.0,1861.0,1861.0,1861.0,1861.0,1861.0,1861.0,1861.0,1861.0,1861.0,1861.0,1861.0,,,,,,,,,,,,,,,,,,,,,,,,,,,,,,,,,,,,,,,,,,,,,,,,,,,,,0.1,312.8222,303.9932,296.5,290.3212,285.4016,281.6469,278.9352,277.1401,276.1589,275.9401,276.5046,277.958,280.4906,284.3645,289.8875,297.3767,307.1229,319.3646,334.2907,352.0818,217.0,472.0,389.0524,237.9977000000001,1012.3391,9.742700000000012
1862,1862,1862.0,1862.0,1862.0,1862.0,1862.0,1862.0,1862.0,1862.0,1862.0,1862.0,1862.0,1862.0,1862.0,1862.0,1862.0,1862.0,1862.0,1862.0,1862.0,1862.0,1862.0,1862.0,,,,,,,,,,,,,,,,,,,,,,,,,,,,,,,,,,,,,,,,,,,,,,,,,,,,,0.2,229.7896,241.2963,251.2104,259.3795,265.8309,270.7601,274.4955,277.4537,280.0978,282.9092,286.3723,290.9721,297.1968,305.5406,316.5038,330.5943,348.3424,370.3475,397.3871,430.6267,242.0,388.0,627.0501,180.5614999999999,774.3413999999999,9.742700000000012
1863,1863,1863.0,1863.0,1863.0,1863.0,1863.0,1863.0,1863.0,1863.0,1863.0,1863.0,1863.0,1863.0,1863.0,1863.0,1863.0,1863.0,1863.0,1863.0,1863.0,1863.0,1863.0,1863.0,,,,,,,,,,,,,,,,,,,,,,,,,,,,,,,,,,,,,,,,,,,,,,,,,,,,,0.3,247.1155,251.8058,256.1909,260.375,264.4471,268.4864,272.5696,276.7775,281.1972,285.9199,291.0343,296.6191,302.7393,309.451,316.8174,324.9377,333.986,344.2546,356.1985,370.4769,473.0,244.0,807.6116,163.9027000000001,593.7799,9.742700000000012
1864,1864,1864.0,1864.0,1864.0,1864.0,1864.0,1864.0,1864.0,1864.0,1864.0,1864.0,1864.0,1864.0,1864.0,1864.0,1864.0,1864.0,1864.0,1864.0,1864.0,1864.0,1864.0,1864.0,,,,,,,,,,,,,,,,,,,,,,,,,,,,,,,,,,,,,,,,,,,,,,,,,,,,,0.4,428.0535,391.6045,362.0712,338.6049,320.6195,307.5427,298.7176,293.3985,290.7932,290.1126,290.6066,291.5794,292.3891,292.4472,291.2265,288.2875,283.3214,276.2003,267.0186,256.1062,332.0,472.0,971.5143,175.51779999999985,429.8771999999999,9.742700000000012
1865,1865,1865.0,1865.0,1865.0,1865.0,1865.0,1865.0,1865.0,1865.0,1865.0,1865.0,1865.0,1865.0,1865.0,1865.0,1865.0,1865.0,1865.0,1865.0,1865.0,1865.0,1865.0,1865.0,,,,,,,,,,,,,,,,,,,,,,,,,,,,,,,,,,,,,,,,,,,,,,,,,,,,,0.5,326.4961,322.0857,318.2594,314.6654,311.1227,307.6075,304.2211,301.151,298.6404,296.9736,296.4797,297.548,300.6436,306.3097,315.1493,327.7889,344.8449,366.9249,394.7102,429.1729,252.0,390.0,1147.0321,51.89390000000003,254.35940000000005,9.742700000000012
1866,1866,1866.0,1866.0,1866.0,1866.0,1866.0,1866.0,1866.0,1866.0,1866.0,1866.0,1866.0,1866.0,1866.0,1866.0,1866.0,1866.0,1866.0,1866.0,1866.0,1866.0,1866.0,1866.0,,,,,,,,,,,,,,,,,,,,,,,,,,,,,,,,,,,,,,,,,,,,,,,,,,,,,0.6,261.0322,269.2951,276.4972,282.4755,287.2167,290.8496,293.6164,295.8309,297.8347,299.9587,302.4934,305.672,309.6663,314.5967,320.5557,327.6438,336.0145,345.9236,357.7781,372.1841,291.0,412.0,1198.926,64.37710000000015,202.4655,9.742700000000012
1867,1867,1867.0,1867.0,1867.0,1867.0,1867.0,1867.0,1867.0,1867.0,1867.0,1867.0,1867.0,1867.0,1867.0,1867.0,1867.0,1867.0,1867.0,1867.0,1867.0,1867.0,1867.0,1867.0,,,,,,,,,,,,,,,,,,,,,,,,,,,,,,,,,,,,,,,,,,,,,,,,,,,,,0.7,289.2994,288.0816,287.3973,287.2733,287.7072,288.6721,290.1296,292.0461,294.4092,297.2398,300.6001,304.5973,309.384,315.1576,322.1604,330.683,341.0732,353.7562,369.2731,388.3476,283.0,473.0,1263.3031,64.05959999999982,138.0883999999999,9.742700000000012
1868,1868,1868.0,1868.0,1868.0,1868.0,1868.0,1868.0,1868.0,1868.0,1868.0,1868.0,1868.0,1868.0,1868.0,1868.0,1868.0,1868.0,1868.0,1868.0,1868.0,1868.0,1868.0,1868.0,,,,,,,,,,,,,,,,,,,,,,,,,,,,,,,,,,,,,,,,,,,,,,,,,,,,,0.8,283.3768,283.956,284.7253,285.6867,286.86,288.2841,290.0184,292.145,294.7722,298.0402,302.1281,307.2612,313.7177,321.8333,332.0052,344.7001,360.474,380.0204,404.2668,434.5593,320.0,407.0,1327.3627,36.54050000000007,74.02880000000005,9.742700000000012
1869,1869,1869.0,1869.0,1869.0,1869.0,1869.0,1869.0,1869.0,1869.0,1869.0,1869.0,1869.0,1869.0,1869.0,1869.0,1869.0,1869.0,1869.0,1869.0,1869.0,1869.0,1869.0,1869.0,,,,,,,,,,,,,,,,,,,,,,,,,,,,,,,,,,,,,,,,,,,,,,,,,,,,,0.9,312.6437,306.5495,301.7161,298.14,295.7984,294.644,294.6105,295.6226,297.6076,300.5035,304.2638,308.8598,314.283,320.5535,327.7352,335.9609,345.4658,356.6278,370.0127,386.4283,276.0,426.0,1363.9032,37.48829999999998,37.48829999999998,9.742700000000012
1870,1870,1870.0,1870.0,1870.0,1870.0,1870.0,1870.0,1870.0,1870.0,1870.0,1870.0,1870.0,1870.0,1870.0,1870.0,1870.0,1870.0,1870.0,1870.0,1870.0,1870.0,1870.0,1870.0,,,,,,,,,,,,,,,,,,,,,,,,,,,,,,,,,,,,,,,,,,,,,,,,,,,,,0.0,273.0,273.0,273.0,273.0,273.0,273.0,273.0,273.0,273.0,273.0,273.0,273.0,273.0,273.0,273.0,273.0,273.0,273.0,273.0,273.0,321.0,374.0,0.0,389.3171,1920.34,11.71629999999999
1871,1871,1871.0,1871.0,1871.0,1871.0,1871.0,1871.0,1871.0,1871.0,1871.0,1871.0,1871.0,1871.0,1871.0,1871.0,1871.0,1871.0,1871.0,1871.0,1871.0,1871.0,1871.0,1871.0,,,,,,,,,,,,,,,,,,,,,,,,,,,,,,,,,,,,,,,,,,,,,,,,,,,,,0.1,311.2395,302.7662,295.5719,289.6385,284.9147,281.3113,278.7127,276.9996,276.0772,275.9013,276.4998,277.9846,280.5519,284.4692,290.0486,297.612,307.4534,319.815,334.8889,352.8606,226.0,471.0,389.3171,234.755,1531.0229,11.71629999999999
1872,1872,1872.0,1872.0,1872.0,1872.0,1872.0,1872.0,1872.0,1872.0,1872.0,1872.0,1872.0,1872.0,1872.0,1872.0,1872.0,1872.0,1872.0,1872.0,1872.0,1872.0,1872.0,1872.0,,,,,,,,,,,,,,,,,,,,,,,,,,,,,,,,,,,,,,,,,,,,,,,,,,,,,0.2,236.9975,246.8771,255.3766,262.3701,267.8891,272.1137,275.3431,277.9572,280.381,283.0602,286.4486,291.0064,297.2024,305.5159,316.436,330.4623,348.1187,369.9995,396.8764,429.9052,473.0,227.0,624.0721,154.35950000000005,1296.2678999999998,11.71629999999999
1873,1873,1873.0,1873.0,1873.0,1873.0,1873.0,1873.0,1873.0,1873.0,1873.0,1873.0,1873.0,1873.0,1873.0,1873.0,1873.0,1873.0,1873.0,1873.0,1873.0,1873.0,1873.0,1873.0,,,,,,,,,,,,,,,,,,,,,,,,,,,,,,,,,,,,,,,,,,,,,,,,,,,,,0.3,428.0646,391.625,362.0966,338.627,320.6281,307.5309,298.6897,293.3779,290.826,290.2612,290.9299,292.0982,293.0417,293.041,291.4001,287.4943,280.8475,271.2223,258.6985,243.7077,344.0,473.0,778.4316,180.64340000000004,1141.9083999999998,11.71629999999999
1874,1874,1874.0,1874.0,1874.0,1874.0,1874.0,1874.0,1874.0,1874.0,1874.0,1874.0,1874.0,1874.0,1874.0,1874.0,1874.0,1874.0,1874.0,1874.0,1874.0,1874.0,1874.0,1874.0,,,,,,,,,,,,,,,,,,,,,,,,,,,,,,,,,,,,,,,,,,,,,,,,,,,,,0.4,335.8786,329.2751,323.6403,318.5888,313.9029,309.5163,305.4825,301.9398,299.084,297.1581,296.4598,297.3592,300.3153,305.8778,314.6649,327.3226,344.4842,366.7665,394.8499,429.6995,209.0,382.0,959.075,59.18309999999997,961.265,11.71629999999999
1875,1875,1875.0,1875.0,1875.0,1875.0,1875.0,1875.0,1875.0,1875.0,1875.0,1875.0,1875.0,1875.0,1875.0,1875.0,1875.0,1875.0,1875.0,1875.0,1875.0,1875.0,1875.0,1875.0,,,,,,,,,,,,,,,,,,,,,,,,,,,,,,,,,,,,,,,,,,,,,,,,,,,,,0.5,226.7922,242.96,256.9891,268.6,277.7735,284.7264,289.8518,293.645,296.6293,299.2969,302.0663,305.2619,309.1107,313.7584,319.2995,325.8206,333.4509,342.416,353.0861,366.0187,171.0,382.0,1018.2581,144.8047999999999,902.0819,11.71629999999999
1876,1876,1876.0,1876.0,1876.0,1876.0,1876.0,1876.0,1876.0,1876.0,1876.0,1876.0,1876.0,1876.0,1876.0,1876.0,1876.0,1876.0,1876.0,1876.0,1876.0,1876.0,1876.0,1876.0,,,,,,,,,,,,,,,,,,,,,,,,,,,,,,,,,,,,,,,,,,,,,,,,,,,,,0.6,190.96,209.3235,225.8115,240.2687,252.678,263.1504,271.9,279.21,285.3996,290.7962,295.7164,300.4568,305.293,310.4847,316.2862,322.9614,330.801,340.1446,351.409,365.1263,329.0,407.0,1163.0629,190.6604000000002,757.2771,11.71629999999999
1877,1877,1877.0,1877.0,1877.0,1877.0,1877.0,1877.0,1877.0,1877.0,1877.0,1877.0,1877.0,1877.0,1877.0,1877.0,1877.0,1877.0,1877.0,1877.0,1877.0,1877.0,1877.0,1877.0,,,,,,,,,,,,,,,,,,,,,,,,,,,,,,,,,,,,,,,,,,,,,,,,,,,,,0.7,315.1731,303.2816,293.6469,286.4791,281.813,279.499,279.2414,280.6671,283.3993,287.1208,291.615,296.7835,302.6459,309.3269,317.0404,326.0743,336.785,349.6046,365.0693,383.8784,240.0,473.0,1353.7233,111.14679999999998,566.6166999999998,11.71629999999999
1878,1878,1878.0,1878.0,1878.0,1878.0,1878.0,1878.0,1878.0,1878.0,1878.0,1878.0,1878.0,1878.0,1878.0,1878.0,1878.0,1878.0,1878.0,1878.0,1878.0,1878.0,1878.0,1878.0,,,,,,,,,,,,,,,,,,,,,,,,,,,,,,,,,,,,,,,,,,,,,,,,,,,,,0.8,248.5459,256.2928,263.0887,268.8829,273.7397,277.8294,281.4011,284.7497,288.1877,292.0272,296.5762,302.1452,309.0602,317.677,328.3954,341.6743,358.0571,378.2222,403.0833,433.9757,173.0,276.0,1464.8701,149.9228999999998,455.4698999999998,11.71629999999999
1879,1879,1879.0,1879.0,1879.0,1879.0,1879.0,1879.0,1879.0,1879.0,1879.0,1879.0,1879.0,1879.0,1879.0,1879.0,1879.0,1879.0,1879.0,1879.0,1879.0,1879.0,1879.0,1879.0,,,,,,,,,,,,,,,,,,,,,,,,,,,,,,,,,,,,,,,,,,,,,,,,,,,,,0.9,192.4563,210.3053,226.2593,240.1768,252.0762,262.1177,270.5613,277.7117,283.8617,289.2406,293.9759,298.07,301.3975,303.7233,304.7464,304.1647,301.7549,297.4535,291.4195,284.0595,232.0,391.0,1614.793,305.547,305.547,11.71629999999999
1880,1880,1880.0,1880.0,1880.0,1880.0,1880.0,1880.0,1880.0,1880.0,1880.0,1880.0,1880.0,1880.0,1880.0,1880.0,1880.0,1880.0,1880.0,1880.0,1880.0,1880.0,1880.0,1880.0,,,,,,,,,,,,,,,,,,,,,,,,,,,,,,,,,,,,,,,,,,,,,,,,,,,,,0.0,273.0,273.0,273.0,273.0,273.0,273.0,273.0,273.0,273.0,273.0,273.0,273.0,273.0,273.0,273.0,273.0,273.0,273.0,273.0,273.0,321.0,376.0,0.0,388.6839,1671.309,10.114599999999996
1881,1881,1881.0,1881.0,1881.0,1881.0,1881.0,1881.0,1881.0,1881.0,1881.0,1881.0,1881.0,1881.0,1881.0,1881.0,1881.0,1881.0,1881.0,1881.0,1881.0,1881.0,1881.0,1881.0,,,,,,,,,,,,,,,,,,,,,,,,,,,,,,,,,,,,,,,,,,,,,,,,,,,,,0.1,311.2396,302.7664,295.5722,289.6391,284.9159,281.3138,278.7175,277.009,276.0945,275.9322,276.553,278.073,280.6935,284.6881,290.3756,298.0844,308.1149,320.7153,336.0846,354.4175,218.0,473.0,388.6839,236.2735,1282.6251,10.114599999999996
1882,1882,1882.0,1882.0,1882.0,1882.0,1882.0,1882.0,1882.0,1882.0,1882.0,1882.0,1882.0,1882.0,1882.0,1882.0,1882.0,1882.0,1882.0,1882.0,1882.0,1882.0,1882.0,1882.0,,,,,,,,,,,,,,,,,,,,,,,,,,,,,,,,,,,,,,,,,,,,,,,,,,,,,0.2,230.5309,241.8043,251.5219,259.5383,265.8829,270.7491,274.4601,277.4257,280.1024,282.9646,286.4914,291.1628,297.4627,305.8819,316.918,331.0779,348.8933,370.969,398.0932,431.4491,472.0,240.0,624.9574,154.12519999999995,1046.3516,10.114599999999996
1883,1883,1883.0,1883.0,1883.0,1883.0,1883.0,1883.0,1883.0,1883.0,1883.0,1883.0,1883.0,1883.0,1883.0,1883.0,1883.0,1883.0,1883.0,1883.0,1883.0,1883.0,1883.0,1883.0,,,,,,,,,,,,,,,,,,,,,,,,,,,,,,,,,,,,,,,,,,,,,,,,,,,,,0.3,427.0783,390.6032,361.0344,337.5503,319.5812,306.5646,297.8528,292.7133,290.3716,290.0552,291.0201,292.5523,293.959,294.5625,293.7153,290.8429,285.5137,277.5204,266.9493,254.2096,171.0,473.0,779.0826,173.8138,892.2264,10.114599999999996
1884,1884,1884.0,1884.0,1884.0,1884.0,1884.0,1884.0,1884.0,1884.0,1884.0,1884.0,1884.0,1884.0,1884.0,1884.0,1884.0,1884.0,1884.0,1884.0,1884.0,1884.0,1884.0,1884.0,,,,,,,,,,,,,,,,,,,,,,,,,,,,,,,,,,,,,,,,,,,,,,,,,,,,,0.4,197.7334,221.9539,242.674,259.3498,271.917,280.7274,286.4265,289.8171,291.7468,293.0364,294.455,296.7285,300.5646,306.672,315.7628,328.5348,345.6523,367.758,395.5632,430.0698,190.0,430.0,952.8964,172.5825000000001,718.4126,10.114599999999996
1885,1885,1885.0,1885.0,1885.0,1885.0,1885.0,1885.0,1885.0,1885.0,1885.0,1885.0,1885.0,1885.0,1885.0,1885.0,1885.0,1885.0,1885.0,1885.0,1885.0,1885.0,1885.0,1885.0,,,,,,,,,,,,,,,,,,,,,,,,,,,,,,,,,,,,,,,,,,,,,,,,,,,,,0.5,205.1653,219.1104,231.7617,243.0905,253.122,261.9406,269.6918,276.5791,282.8552,288.8096,294.7525,301.0002,307.8636,315.6454,324.6483,335.1963,347.6715,362.5647,380.5462,402.5645,410.0,473.0,1125.4789,149.038,545.8300999999999,10.114599999999996
1886,1886,1886.0,1886.0,1886.0,1886.0,1886.0,1886.0,1886.0,1886.0,1886.0,1886.0,1886.0,1886.0,1886.0,1886.0,1886.0,1886.0,1886.0,1886.0,1886.0,1886.0,1886.0,1886.0,,,,,,,,,,,,,,,,,,,,,,,,,,,,,,,,,,,,,,,,,,,,,,,,,,,,,0.6,378.7602,352.607,331.2164,314.4456,302.1123,293.8937,289.3195,287.8305,288.8623,291.9264,296.6681,302.8959,310.5858,319.8702,331.0216,344.4417,360.668,380.4118,404.6467,434.7842,171.0,472.0,1274.5169,56.48360000000002,396.7920999999999,10.114599999999996
1887,1887,1887.0,1887.0,1887.0,1887.0,1887.0,1887.0,1887.0,1887.0,1887.0,1887.0,1887.0,1887.0,1887.0,1887.0,1887.0,1887.0,1887.0,1887.0,1887.0,1887.0,1887.0,1887.0,,,,,,,,,,,,,,,,,,,,,,,,,,,,,,,,,,,,,,,,,,,,,,,,,,,,,0.7,195.6584,218.1017,237.5855,253.7285,266.5447,276.3931,283.8748,289.7128,294.6436,299.3417,304.3802,310.226,317.2611,325.8194,336.2326,348.882,364.2571,383.0307,406.1662,435.0906,179.0,418.0,1331.0005,151.98599999999988,340.30849999999987,10.114599999999996
1888,1888,1888.0,1888.0,1888.0,1888.0,1888.0,1888.0,1888.0,1888.0,1888.0,1888.0,1888.0,1888.0,1888.0,1888.0,1888.0,1888.0,1888.0,1888.0,1888.0,1888.0,1888.0,1888.0,,,,,,,,,,,,,,,,,,,,,,,,,,,,,,,,,,,,,,,,,,,,,,,,,,,,,0.8,195.947,211.5999,225.8894,238.7972,250.3616,260.6784,269.8948,278.2006,285.8147,292.9709,299.9046,306.8443,314.0088,321.6146,329.8941,339.1242,349.6655,362.0087,376.8304,395.0632,375.0,472.0,1482.9865,151.28719999999998,188.3225,10.114599999999996
1889,1889,1889.0,1889.0,1889.0,1889.0,1889.0,1889.0,1889.0,1889.0,1889.0,1889.0,1889.0,1889.0,1889.0,1889.0,1889.0,1889.0,1889.0,1889.0,1889.0,1889.0,1889.0,1889.0,,,,,,,,,,,,,,,,,,,,,,,,,,,,,,,,,,,,,,,,,,,,,,,,,,,,,0.9,351.3668,331.3265,314.9644,302.3677,293.489,288.0949,285.7871,286.0719,288.4473,292.4829,297.8767,304.4845,312.3257,321.5743,332.5427,345.6712,361.5321,380.8634,404.6543,434.3154,298.0,471.0,1634.2737,37.03530000000001,37.03530000000001,10.114599999999996
1890,1890,1890.0,1890.0,1890.0,1890.0,1890.0,1890.0,1890.0,1890.0,1890.0,1890.0,1890.0,1890.0,1890.0,1890.0,1890.0,1890.0,1890.0,1890.0,1890.0,1890.0,1890.0,1890.0,,,,,,,,,,,,,,,,,,,,,,,,,,,,,,,,,,,,,,,,,,,,,,,,,,,,,0.0,273.0,273.0,273.0,273.0,273.0,273.0,273.0,273.0,273.0,273.0,273.0,273.0,273.0,273.0,273.0,273.0,273.0,273.0,273.0,273.0,322.0,374.0,0.0,389.0238,1440.8512,11.608299999999986
1891,1891,1891.0,1891.0,1891.0,1891.0,1891.0,1891.0,1891.0,1891.0,1891.0,1891.0,1891.0,1891.0,1891.0,1891.0,1891.0,1891.0,1891.0,1891.0,1891.0,1891.0,1891.0,1891.0,,,,,,,,,,,,,,,,,,,,,,,,,,,,,,,,,,,,,,,,,,,,,,,,,,,,,0.1,312.031,303.3799,296.0362,289.9801,285.1585,281.4798,278.8252,277.0722,276.1224,275.9285,276.5155,277.9934,280.5567,284.4716,290.0499,297.6126,307.4537,319.8151,334.889,352.8606,221.0,471.0,389.0238,236.10510000000005,1051.8274,11.608299999999986
1892,1892,1892.0,1892.0,1892.0,1892.0,1892.0,1892.0,1892.0,1892.0,1892.0,1892.0,1892.0,1892.0,1892.0,1892.0,1892.0,1892.0,1892.0,1892.0,1892.0,1892.0,1892.0,1892.0,,,,,,,,,,,,,,,,,,,,,,,,,,,,,,,,,,,,,,,,,,,,,,,,,,,,,0.2,232.9911,243.7723,253.0556,260.7013,266.7387,271.3567,274.8705,277.68,280.231,282.9879,286.4206,291.0012,297.2073,305.5239,316.4438,330.4687,348.1233,370.0025,396.8782,429.9061,471.0,236.0,625.1289,154.61149999999998,815.7223,11.608299999999986
1893,1893,1893.0,1893.0,1893.0,1893.0,1893.0,1893.0,1893.0,1893.0,1893.0,1893.0,1893.0,1893.0,1893.0,1893.0,1893.0,1893.0,1893.0,1893.0,1893.0,1893.0,1893.0,1893.0,,,,,,,,,,,,,,,,,,,,,,,,,,,,,,,,,,,,,,,,,,,,,,,,,,,,,0.3,426.423,390.2216,360.8691,337.547,319.6865,306.7275,298.0276,292.861,290.4601,290.0581,290.9132,292.3103,293.5512,293.9495,292.8461,289.6541,283.9301,275.458,264.3209,250.9318,345.0,472.0,779.7404,172.00329999999997,661.1108,11.608299999999986
1894,1894,1894.0,1894.0,1894.0,1894.0,1894.0,1894.0,1894.0,1894.0,1894.0,1894.0,1894.0,1894.0,1894.0,1894.0,1894.0,1894.0,1894.0,1894.0,1894.0,1894.0,1894.0,1894.0,,,,,,,,,,,,,,,,,,,,,,,,,,,,,,,,,,,,,,,,,,,,,,,,,,,,,0.4,336.5678,329.699,323.8491,318.6363,313.8451,309.4083,305.3768,301.8837,299.1178,297.3126,296.7537,297.7954,300.8777,306.5284,315.3434,327.9496,344.9673,367.0095,394.7615,429.1966,211.0,381.0,951.7437,57.136100000000056,489.1075000000001,11.608299999999986
1895,1895,1895.0,1895.0,1895.0,1895.0,1895.0,1895.0,1895.0,1895.0,1895.0,1895.0,1895.0,1895.0,1895.0,1895.0,1895.0,1895.0,1895.0,1895.0,1895.0,1895.0,1895.0,1895.0,,,,,,,,,,,,,,,,,,,,,,,,,,,,,,,,,,,,,,,,,,,,,,,,,,,,,0.5,228.4227,244.2538,257.9895,269.3565,278.3375,285.1467,290.1719,293.9007,296.8477,299.4953,302.2528,305.4353,309.2616,313.8701,319.3495,325.7815,333.2923,342.1048,352.5866,365.2918,248.0,464.0,1008.8798,105.35669999999992,431.9714,11.608299999999986
1896,1896,1896.0,1896.0,1896.0,1896.0,1896.0,1896.0,1896.0,1896.0,1896.0,1896.0,1896.0,1896.0,1896.0,1896.0,1896.0,1896.0,1896.0,1896.0,1896.0,1896.0,1896.0,1896.0,,,,,,,,,,,,,,,,,,,,,,,,,,,,,,,,,,,,,,,,,,,,,,,,,,,,,0.6,253.5155,258.6712,263.5558,268.2341,272.7476,277.1237,281.3919,285.603,289.8468,294.2674,299.0724,304.5388,311.012,318.902,328.6764,340.8561,356.0237,374.8578,398.218,427.3115,417.0,424.0,1114.2365,68.80639999999994,326.6147000000001,11.608299999999986
1897,1897,1897.0,1897.0,1897.0,1897.0,1897.0,1897.0,1897.0,1897.0,1897.0,1897.0,1897.0,1897.0,1897.0,1897.0,1897.0,1897.0,1897.0,1897.0,1897.0,1897.0,1897.0,1897.0,,,,,,,,,,,,,,,,,,,,,,,,,,,,,,,,,,,,,,,,,,,,,,,,,,,,,0.7,386.5427,361.3607,340.8584,324.6945,312.576,304.1557,299.0081,296.6574,296.6275,298.4926,301.9122,306.6481,312.5674,319.6386,327.93,337.6157,348.993,362.5143,378.8349,398.8869,307.0,346.0,1183.0429,30.252700000000004,257.80830000000014,11.608299999999986
1898,1898,1898.0,1898.0,1898.0,1898.0,1898.0,1898.0,1898.0,1898.0,1898.0,1898.0,1898.0,1898.0,1898.0,1898.0,1898.0,1898.0,1898.0,1898.0,1898.0,1898.0,1898.0,1898.0,,,,,,,,,,,,,,,,,,,,,,,,,,,,,,,,,,,,,,,,,,,,,,,,,,,,,0.8,305.9775,305.4348,305.0597,304.6569,304.1617,303.6265,303.1862,303.0128,303.2712,304.0834,305.5077,307.5342,310.0938,313.0814,316.3885,319.9422,323.7464,327.9192,332.7197,338.5596,208.0,393.0,1213.2956,67.8904,227.5556000000001,11.608299999999986
1899,1899,1899.0,1899.0,1899.0,1899.0,1899.0,1899.0,1899.0,1899.0,1899.0,1899.0,1899.0,1899.0,1899.0,1899.0,1899.0,1899.0,1899.0,1899.0,1899.0,1899.0,1899.0,1899.0,,,,,,,,,,,,,,,,,,,,,,,,,,,,,,,,,,,,,,,,,,,,,,,,,,,,,0.9,224.8833,240.2875,253.8168,265.2529,274.5732,281.9319,287.6159,291.9913,295.4547,298.3967,301.1841,304.1556,307.6282,311.9086,317.3034,324.1275,332.7121,343.4172,356.6571,372.9495,172.0,380.0,1281.186,159.66520000000014,159.66520000000014,11.608299999999986
1900,1900,1900.0,1900.0,1900.0,1900.0,1900.0,1900.0,1900.0,1900.0,1900.0,1900.0,1900.0,1900.0,1900.0,1900.0,1900.0,1900.0,1900.0,1900.0,1900.0,1900.0,1900.0,1900.0,,,,,,,,,,,,,,,,,,,,,,,,,,,,,,,,,,,,,,,,,,,,,,,,,,,,,0.0,273.0,273.0,273.0,273.0,273.0,273.0,273.0,273.0,273.0,273.0,273.0,273.0,273.0,273.0,273.0,273.0,273.0,273.0,273.0,273.0,320.0,374.0,0.0,389.6131,1380.9576,2.463799999999992
1901,1901,1901.0,1901.0,1901.0,1901.0,1901.0,1901.0,1901.0,1901.0,1901.0,1901.0,1901.0,1901.0,1901.0,1901.0,1901.0,1901.0,1901.0,1901.0,1901.0,1901.0,1901.0,1901.0,,,,,,,,,,,,,,,,,,,,,,,,,,,,,,,,,,,,,,,,,,,,,,,,,,,,,0.1,310.4479,302.1524,295.1075,289.2968,284.6708,281.1428,278.6001,276.927,276.032,275.8742,276.4841,277.9758,280.5472,284.4667,290.0474,297.6114,307.4531,319.8148,334.8889,352.8606,225.0,471.0,389.6131,236.05970000000008,991.3445,2.463799999999992
1902,1902,1902.0,1902.0,1902.0,1902.0,1902.0,1902.0,1902.0,1902.0,1902.0,1902.0,1902.0,1902.0,1902.0,1902.0,1902.0,1902.0,1902.0,1902.0,1902.0,1902.0,1902.0,1902.0,,,,,,,,,,,,,,,,,,,,,,,,,,,,,,,,,,,,,,,,,,,,,,,,,,,,,0.2,236.154,246.1761,254.8026,261.9071,267.5211,271.8255,275.1208,277.7883,280.2547,282.9672,286.3814,290.9587,297.1692,305.4932,316.4208,330.4524,348.1124,369.9957,396.8743,429.9043,215.0,424.0,625.6728,186.8842,755.2847999999999,2.463799999999992
1903,1903,1903.0,1903.0,1903.0,1903.0,1903.0,1903.0,1903.0,1903.0,1903.0,1903.0,1903.0,1903.0,1903.0,1903.0,1903.0,1903.0,1903.0,1903.0,1903.0,1903.0,1903.0,1903.0,,,,,,,,,,,,,,,,,,,,,,,,,,,,,,,,,,,,,,,,,,,,,,,,,,,,,0.3,225.5289,235.1239,243.7727,251.5047,258.3982,264.5813,270.226,275.5379,280.7429,286.0738,291.7588,298.0136,305.0398,313.0319,322.1944,332.7698,345.078,359.5662,376.8722,397.91,303.0,408.0,812.557,163.79809999999998,568.4005999999999,2.463799999999992
1904,1904,1904.0,1904.0,1904.0,1904.0,1904.0,1904.0,1904.0,1904.0,1904.0,1904.0,1904.0,1904.0,1904.0,1904.0,1904.0,1904.0,1904.0,1904.0,1904.0,1904.0,1904.0,1904.0,,,,,,,,,,,,,,,,,,,,,,,,,,,,,,,,,,,,,,,,,,,,,,,,,,,,,0.4,295.4768,289.0032,283.8494,280.2034,278.1414,277.627,278.5352,280.69,283.9056,288.0205,292.9195,298.5458,304.9043,312.0626,320.1542,329.386,340.0549,352.5725,367.5029,385.6202,247.0,473.0,976.3551,112.36570000000006,404.6025,2.463799999999992
1905,1905,1905.0,1905.0,1905.0,1905.0,1905.0,1905.0,1905.0,1905.0,1905.0,1905.0,1905.0,1905.0,1905.0,1905.0,1905.0,1905.0,1905.0,1905.0,1905.0,1905.0,1905.0,1905.0,,,,,,,,,,,,,,,,,,,,,,,,,,,,,,,,,,,,,,,,,,,,,,,,,,,,,0.5,253.5635,259.5486,264.893,269.5964,273.7305,277.434,280.8966,284.34,288.0017,292.127,296.9696,302.7998,309.9165,318.6597,329.4221,342.6636,358.935,378.928,403.5733,434.2251,240.0,473.0,1088.7208,106.96609999999988,292.2367999999999,2.463799999999992
1906,1906,1906.0,1906.0,1906.0,1906.0,1906.0,1906.0,1906.0,1906.0,1906.0,1906.0,1906.0,1906.0,1906.0,1906.0,1906.0,1906.0,1906.0,1906.0,1906.0,1906.0,1906.0,1906.0,,,,,,,,,,,,,,,,,,,,,,,,,,,,,,,,,,,,,,,,,,,,,,,,,,,,,0.6,246.9457,253.3362,259.2128,264.6362,269.6915,274.4897,279.1668,283.8807,288.808,294.1419,300.0911,306.8825,314.7664,324.0269,334.9988,348.0932,363.8388,382.9457,406.4089,435.6839,427.0,455.0,1195.6869,71.46929999999998,185.27070000000003,2.463799999999992
1907,1907,1907.0,1907.0,1907.0,1907.0,1907.0,1907.0,1907.0,1907.0,1907.0,1907.0,1907.0,1907.0,1907.0,1907.0,1907.0,1907.0,1907.0,1907.0,1907.0,1907.0,1907.0,1907.0,,,,,,,,,,,,,,,,,,,,,,,,,,,,,,,,,,,,,,,,,,,,,,,,,,,,,0.7,393.8828,366.5874,344.4084,326.9569,313.9154,304.9138,299.4971,297.1534,297.3695,299.6877,303.7482,309.3111,316.2632,324.6159,334.5044,346.1949,360.1052,376.8466,397.2962,422.7211,288.0,343.0,1267.1562,18.205200000000104,113.80140000000006,2.463799999999992
1908,1908,1908.0,1908.0,1908.0,1908.0,1908.0,1908.0,1908.0,1908.0,1908.0,1908.0,1908.0,1908.0,1908.0,1908.0,1908.0,1908.0,1908.0,1908.0,1908.0,1908.0,1908.0,1908.0,,,,,,,,,,,,,,,,,,,,,,,,,,,,,,,,,,,,,,,,,,,,,,,,,,,,,0.8,291.2004,294.3315,297.0646,299.2127,300.7497,301.7943,302.5651,303.3232,304.3142,305.7229,307.6451,310.0804,312.943,316.0894,319.3604,322.6307,325.8633,329.1571,332.7814,337.1881,358.0,434.0,1285.3614,49.26700000000005,95.59619999999995,2.463799999999992
1909,1909,1909.0,1909.0,1909.0,1909.0,1909.0,1909.0,1909.0,1909.0,1909.0,1909.0,1909.0,1909.0,1909.0,1909.0,1909.0,1909.0,1909.0,1909.0,1909.0,1909.0,1909.0,1909.0,,,,,,,,,,,,,,,,,,,,,,,,,,,,,,,,,,,,,,,,,,,,,,,,,,,,,0.9,343.8387,332.1572,322.7163,315.3258,309.7984,305.9316,303.5128,302.3396,302.2458,303.1271,304.9609,307.8184,311.8677,317.3686,324.6601,334.145,346.2803,361.5849,380.6841,404.4114,178.0,423.0,1334.6284,46.3291999999999,46.3291999999999,2.463799999999992
1910,1910,1910.0,1910.0,1910.0,1910.0,1910.0,1910.0,1910.0,1910.0,1910.0,1910.0,1910.0,1910.0,1910.0,1910.0,1910.0,1910.0,1910.0,1910.0,1910.0,1910.0,1910.0,1910.0,,,,,,,,,,,,,,,,,,,,,,,,,,,,,,,,,,,,,,,,,,,,,,,,,,,,,0.0,273.0,273.0,273.0,273.0,273.0,273.0,273.0,273.0,273.0,273.0,273.0,273.0,273.0,273.0,273.0,273.0,273.0,273.0,273.0,273.0,320.0,374.0,0.0,389.6131,1364.2555,-20.0
1911,1911,1911.0,1911.0,1911.0,1911.0,1911.0,1911.0,1911.0,1911.0,1911.0,1911.0,1911.0,1911.0,1911.0,1911.0,1911.0,1911.0,1911.0,1911.0,1911.0,1911.0,1911.0,1911.0,,,,,,,,,,,,,,,,,,,,,,,,,,,,,,,,,,,,,,,,,,,,,,,,,,,,,0.1,310.4479,302.1524,295.1075,289.2968,284.6708,281.1428,278.6001,276.927,276.032,275.8742,276.4841,277.9758,280.5472,284.4667,290.0474,297.6114,307.4531,319.8148,334.8889,352.8606,223.0,473.0,389.6131,236.8575,974.6424,-12.907199999999987
1912,1912,1912.0,1912.0,1912.0,1912.0,1912.0,1912.0,1912.0,1912.0,1912.0,1912.0,1912.0,1912.0,1912.0,1912.0,1912.0,1912.0,1912.0,1912.0,1912.0,1912.0,1912.0,1912.0,,,,,,,,,,,,,,,,,,,,,,,,,,,,,,,,,,,,,,,,,,,,,,,,,,,,,0.2,234.5374,244.9075,253.8378,261.1969,267.016,271.4794,274.8937,277.6483,280.1786,282.9407,286.3986,291.022,297.2889,305.6875,316.7153,330.8802,348.7146,370.8225,397.9897,431.396,231.0,472.0,626.4706,181.03330000000005,737.7849,-23.72059999999999
1913,1913,1913.0,1913.0,1913.0,1913.0,1913.0,1913.0,1913.0,1913.0,1913.0,1913.0,1913.0,1913.0,1913.0,1913.0,1913.0,1913.0,1913.0,1913.0,1913.0,1913.0,1913.0,1913.0,,,,,,,,,,,,,,,,,,,,,,,,,,,,,,,,,,,,,,,,,,,,,,,,,,,,,0.3,238.4186,245.1874,251.3709,257.0443,262.2986,267.246,272.0239,276.797,281.7583,287.127,293.146,300.0785,308.2085,317.8443,329.3306,343.0722,359.5744,379.5099,403.8266,433.9293,283.0,420.0,807.5039,134.29409999999996,556.7515999999999,-29.204000000000008
1914,1914,1914.0,1914.0,1914.0,1914.0,1914.0,1914.0,1914.0,1914.0,1914.0,1914.0,1914.0,1914.0,1914.0,1914.0,1914.0,1914.0,1914.0,1914.0,1914.0,1914.0,1914.0,1914.0,,,,,,,,,,,,,,,,,,,,,,,,,,,,,,,,,,,,,,,,,,,,,,,,,,,,,0.4,280.1157,277.7166,276.0332,275.2373,275.4274,276.6311,278.8209,281.9367,285.9092,290.6783,296.2046,302.4763,309.5139,317.3779,326.1833,336.1229,347.4997,360.7687,376.589,395.8942,354.0,471.0,941.798,78.87069999999994,422.4575,-21.168900000000008
1915,1915,1915.0,1915.0,1915.0,1915.0,1915.0,1915.0,1915.0,1915.0,1915.0,1915.0,1915.0,1915.0,1915.0,1915.0,1915.0,1915.0,1915.0,1915.0,1915.0,1915.0,1915.0,1915.0,,,,,,,,,,,,,,,,,,,,,,,,,,,,,,,,,,,,,,,,,,,,,,,,,,,,,0.5,338.2242,324.9093,313.9806,305.3951,299.084,294.928,292.7596,292.3858,293.62,296.314,300.3846,305.8323,312.7514,321.3344,331.8736,344.7663,360.5316,379.854,403.6725,433.3518,222.0,473.0,1020.6687,43.15219999999999,343.58680000000004,-4.322000000000003
1916,1916,1916.0,1916.0,1916.0,1916.0,1916.0,1916.0,1916.0,1916.0,1916.0,1916.0,1916.0,1916.0,1916.0,1916.0,1916.0,1916.0,1916.0,1916.0,1916.0,1916.0,1916.0,1916.0,,,,,,,,,,,,,,,,,,,,,,,,,,,,,,,,,,,,,,,,,,,,,,,,,,,,,0.6,236.1694,249.0523,260.3005,269.7504,277.4448,283.6125,288.6183,292.9029,296.9251,301.1214,305.8838,311.5586,318.4593,326.8909,337.1822,349.7245,365.0222,383.7617,406.9174,435.9265,173.0,473.0,1063.8209,111.48260000000003,300.43460000000005,-17.1875
1917,1917,1917.0,1917.0,1917.0,1917.0,1917.0,1917.0,1917.0,1917.0,1917.0,1917.0,1917.0,1917.0,1917.0,1917.0,1917.0,1917.0,1917.0,1917.0,1917.0,1917.0,1917.0,1917.0,,,,,,,,,,,,,,,,,,,,,,,,,,,,,,,,,,,,,,,,,,,,,,,,,,,,,0.7,192.8596,211.1452,227.5948,242.0808,254.6239,265.3833,274.6289,282.7039,289.9907,296.8824,303.766,311.0172,319.0047,328.1043,338.7211,351.3219,366.4801,384.9435,407.7383,436.3436,339.0,473.0,1175.3035,127.46250000000008,188.952,-37.06669999999997
1918,1918,1918.0,1918.0,1918.0,1918.0,1918.0,1918.0,1918.0,1918.0,1918.0,1918.0,1918.0,1918.0,1918.0,1918.0,1918.0,1918.0,1918.0,1918.0,1918.0,1918.0,1918.0,1918.0,,,,,,,,,,,,,,,,,,,,,,,,,,,,,,,,,,,,,,,,,,,,,,,,,,,,,0.8,323.5246,310.3268,299.7099,291.8827,286.885,284.5733,284.6562,286.7625,290.5168,295.6036,301.8103,309.0468,317.3499,326.8783,337.9097,350.8478,366.2454,384.8549,407.7212,436.3475,304.0,471.0,1302.766,38.994500000000016,61.48949999999991,-19.62669999999997
1919,1919,1919.0,1919.0,1919.0,1919.0,1919.0,1919.0,1919.0,1919.0,1919.0,1919.0,1919.0,1919.0,1919.0,1919.0,1919.0,1919.0,1919.0,1919.0,1919.0,1919.0,1919.0,1919.0,,,,,,,,,,,,,,,,,,,,,,,,,,,,,,,,,,,,,,,,,,,,,,,,,,,,,0.9,300.5955,297.8865,295.8208,294.3848,293.6016,293.5242,294.2244,295.7821,298.2776,301.7897,306.4005,312.2057,319.3303,327.948,338.3043,350.7468,365.7653,384.0517,406.5951,434.8443,277.0,389.0,1341.7605,22.49499999999989,22.49499999999989,-12.525800000000004
1920,1920,1920.0,1920.0,1920.0,1920.0,1920.0,1920.0,1920.0,1920.0,1920.0,1920.0,1920.0,1920.0,1920.0,1920.0,1920.0,1920.0,1920.0,1920.0,1920.0,1920.0,1920.0,,,,,,,,,,,,,,,,,,,,,,,,,,,,,,,,,,,,,,,,,,,,,,,,,,,,,,0.0,273.0,273.0,273.0,273.0,273.0,273.0,273.0,273.0,273.0,273.0,273.0,273.0,273.0,273.0,273.0,273.0,273.0,273.0,273.0,273.0,318.0,461.0,0.0,369.0188,724.0098,3.044600000000002
1921,1921,1921.0,1921.0,1921.0,1921.0,1921.0,1921.0,1921.0,1921.0,1921.0,1921.0,1921.0,1921.0,1921.0,1921.0,1921.0,1921.0,1921.0,1921.0,1921.0,1921.0,1921.0,,,,,,,,,,,,,,,,,,,,,,,,,,,,,,,,,,,,,,,,,,,,,,,,,,,,,,0.1,308.8655,300.9283,294.1886,288.6367,284.2337,280.9107,278.5838,277.1823,276.6824,277.1409,278.724,281.7239,286.5586,293.7517,303.892,317.5826,335.3995,357.8904,385.652,419.5303,330.0,451.0,369.0188,134.59210000000002,354.99100000000004,3.044600000000002
1922,1922,1922.0,1922.0,1922.0,1922.0,1922.0,1922.0,1922.0,1922.0,1922.0,1922.0,1922.0,1922.0,1922.0,1922.0,1922.0,1922.0,1922.0,1922.0,1922.0,1922.0,1922.0,,,,,,,,,,,,,,,,,,,,,,,,,,,,,,,,,,,,,,,,,,,,,,,,,,,,,,0.2,320.0516,311.5701,304.4404,298.592,293.9825,290.5896,288.4092,287.4567,287.7705,289.4142,292.4778,297.0775,303.3555,311.483,321.6683,334.175,349.3545,367.7001,389.932,417.1363,337.0,472.0,503.6109,56.10399999999993,220.39890000000003,3.044600000000002
1923,1923,1923.0,1923.0,1923.0,1923.0,1923.0,1923.0,1923.0,1923.0,1923.0,1923.0,1923.0,1923.0,1923.0,1923.0,1923.0,1923.0,1923.0,1923.0,1923.0,1923.0,1923.0,,,,,,,,,,,,,,,,,,,,,,,,,,,,,,,,,,,,,,,,,,,,,,,,,,,,,,0.3,326.8947,318.4532,311.5013,305.9221,301.6394,298.6056,296.7974,296.2133,296.8754,298.8323,302.163,306.9822,313.4466,321.7631,332.2013,345.1131,360.9668,380.4055,404.3481,434.1658,320.0,473.0,559.7149,28.35910000000001,164.2949000000001,3.044600000000002
1924,1924,1924.0,1924.0,1924.0,1924.0,1924.0,1924.0,1924.0,1924.0,1924.0,1924.0,1924.0,1924.0,1924.0,1924.0,1924.0,1924.0,1924.0,1924.0,1924.0,1924.0,1924.0,,,,,,,,,,,,,,,,,,,,,,,,,,,,,,,,,,,,,,,,,,,,,,,,,,,,,,0.4,314.5067,310.092,306.5978,303.9196,302.0042,300.8446,300.4731,300.9522,302.3682,304.8255,308.446,313.3722,319.7742,327.8625,337.9067,350.2627,365.4135,384.0331,407.0875,436.008,319.0,472.0,588.074,22.45270000000005,135.93580000000009,3.044600000000002
1925,1925,1925.0,1925.0,1925.0,1925.0,1925.0,1925.0,1925.0,1925.0,1925.0,1925.0,1925.0,1925.0,1925.0,1925.0,1925.0,1925.0,1925.0,1925.0,1925.0,1925.0,1925.0,,,,,,,,,,,,,,,,,,,,,,,,,,,,,,,,,,,,,,,,,,,,,,,,,,,,,,0.5,313.7363,309.5627,306.3563,304.0315,302.535,301.8425,301.9557,302.9008,304.7273,307.5079,311.3412,316.355,322.714,330.6311,340.3842,352.3425,367.0053,385.0633,407.4974,435.7448,315.0,473.0,610.5267,21.26570000000004,113.48310000000004,3.044600000000002
1926,1926,1926.0,1926.0,1926.0,1926.0,1926.0,1926.0,1926.0,1926.0,1926.0,1926.0,1926.0,1926.0,1926.0,1926.0,1926.0,1926.0,1926.0,1926.0,1926.0,1926.0,1926.0,,,,,,,,,,,,,,,,,,,,,,,,,,,,,,,,,,,,,,,,,,,,,,,,,,,,,,0.6,310.692,307.357,304.8829,303.1917,302.2365,301.999,302.4865,303.7304,305.7847,308.7268,312.6597,317.7169,324.0703,331.9418,341.6207,353.489,368.0603,386.0405,408.4263,436.6733,311.0,358.0,631.7924,8.01909999999998,92.2174,3.044600000000002
1927,1927,1927.0,1927.0,1927.0,1927.0,1927.0,1927.0,1927.0,1927.0,1927.0,1927.0,1927.0,1927.0,1927.0,1927.0,1927.0,1927.0,1927.0,1927.0,1927.0,1927.0,1927.0,,,,,,,,,,,,,,,,,,,,,,,,,,,,,,,,,,,,,,,,,,,,,,,,,,,,,,0.7,307.4964,304.8561,302.9795,301.7951,301.2562,301.3357,302.0201,303.3008,305.1651,307.5858,310.5135,313.8712,317.5573,321.4587,325.4756,329.5588,333.7537,338.2439,343.3861,349.7264,313.0,473.0,639.8115,36.91790000000003,84.19830000000002,3.044600000000002
1928,1928,1928.0,1928.0,1928.0,1928.0,1928.0,1928.0,1928.0,1928.0,1928.0,1928.0,1928.0,1928.0,1928.0,1928.0,1928.0,1928.0,1928.0,1928.0,1928.0,1928.0,1928.0,,,,,,,,,,,,,,,,,,,,,,,,,,,,,,,,,,,,,,,,,,,,,,,,,,,,,,0.8,308.8746,305.6692,303.2757,301.6092,300.6038,300.2113,300.4034,301.1779,302.5673,304.6515,307.571,311.5398,316.8536,323.8923,333.1148,345.0527,360.3124,379.6061,403.8402,434.2998,321.0,473.0,676.7294,25.614799999999946,47.28039999999999,3.044600000000002
1929,1929,1929.0,1929.0,1929.0,1929.0,1929.0,1929.0,1929.0,1929.0,1929.0,1929.0,1929.0,1929.0,1929.0,1929.0,1929.0,1929.0,1929.0,1929.0,1929.0,1929.0,1929.0,,,,,,,,,,,,,,,,,,,,,,,,,,,,,,,,,,,,,,,,,,,,,,,,,,,,,,0.9,315.1022,310.3736,306.7008,304.0006,302.2129,301.2981,301.2377,302.0376,303.7312,306.3839,310.0965,315.0085,321.3031,329.2143,339.0395,351.1617,366.0862,384.5009,407.3777,436.1453,318.0,472.0,702.3442,21.66560000000004,21.66560000000004,3.044600000000002
1930,1930,1930.0,1930.0,1930.0,1930.0,1930.0,1930.0,1930.0,1930.0,1930.0,1930.0,1930.0,1930.0,1930.0,1930.0,1930.0,1930.0,1930.0,1930.0,1930.0,1930.0,1930.0,,,,,,,,,,,,,,,,,,,,,,,,,,,,,,,,,,,,,,,,,,,,,,,,,,,,,,0.0,273.0,273.0,273.0,273.0,273.0,273.0,273.0,273.0,273.0,273.0,273.0,273.0,273.0,273.0,273.0,273.0,273.0,273.0,273.0,273.0,318.0,464.0,0.0,368.5179,723.5051,2.477599999999996
1931,1931,1931.0,1931.0,1931.0,1931.0,1931.0,1931.0,1931.0,1931.0,1931.0,1931.0,1931.0,1931.0,1931.0,1931.0,1931.0,1931.0,1931.0,1931.0,1931.0,1931.0,1931.0,,,,,,,,,,,,,,,,,,,,,,,,,,,,,,,,,,,,,,,,,,,,,,,,,,,,,,0.1,308.8655,300.9285,294.189,288.6375,284.2355,280.9142,278.5909,277.196,276.7075,277.1856,278.8008,281.8508,286.761,294.0632,304.3552,318.2493,336.3315,359.1616,387.3543,421.788,328.0,445.0,368.5179,132.8829,354.9872,2.477599999999996
1932,1932,1932.0,1932.0,1932.0,1932.0,1932.0,1932.0,1932.0,1932.0,1932.0,1932.0,1932.0,1932.0,1932.0,1932.0,1932.0,1932.0,1932.0,1932.0,1932.0,1932.0,1932.0,,,,,,,,,,,,,,,,,,,,,,,,,,,,,,,,,,,,,,,,,,,,,,,,,,,,,,0.2,318.4777,310.3579,303.5319,297.9337,293.5254,290.2903,288.23,287.3652,287.7374,289.4103,292.4697,297.0225,303.1962,311.1431,321.0488,333.1531,347.7825,365.403,386.6999,412.7038,338.0,473.0,501.4008,58.31200000000001,222.1043,2.477599999999996
1933,1933,1933.0,1933.0,1933.0,1933.0,1933.0,1933.0,1933.0,1933.0,1933.0,1933.0,1933.0,1933.0,1933.0,1933.0,1933.0,1933.0,1933.0,1933.0,1933.0,1933.0,1933.0,,,,,,,,,,,,,,,,,,,,,,,,,,,,,,,,,,,,,,,,,,,,,,,,,,,,,,0.3,327.6185,318.9404,311.7922,306.0572,301.6564,298.5373,296.669,296.0418,296.6701,298.5967,301.8987,306.6923,313.1403,321.4587,331.928,344.9113,360.8859,380.5008,404.6781,434.7932,316.0,473.0,559.7128,28.6241,163.79229999999995,2.477599999999996
1934,1934,1934.0,1934.0,1934.0,1934.0,1934.0,1934.0,1934.0,1934.0,1934.0,1934.0,1934.0,1934.0,1934.0,1934.0,1934.0,1934.0,1934.0,1934.0,1934.0,1934.0,1934.0,,,,,,,,,,,,,,,,,,,,,,,,,,,,,,,,,,,,,,,,,,,,,,,,,,,,,,0.4,311.3561,307.6646,304.7719,302.579,301.0407,300.1625,299.9914,300.6069,302.1116,304.6249,308.2809,313.2311,319.6521,327.7578,337.8193,350.1926,365.3603,383.9955,407.0639,435.9967,321.0,473.0,588.3369,23.011999999999944,135.16819999999996,2.477599999999996
1935,1935,1935.0,1935.0,1935.0,1935.0,1935.0,1935.0,1935.0,1935.0,1935.0,1935.0,1935.0,1935.0,1935.0,1935.0,1935.0,1935.0,1935.0,1935.0,1935.0,1935.0,1935.0,,,,,,,,,,,,,,,,,,,,,,,,,,,,,,,,,,,,,,,,,,,,,,,,,,,,,,0.5,315.1844,310.5335,306.9314,304.2958,302.5718,301.7276,301.7532,302.6606,304.4855,307.2887,311.1595,316.2204,322.6338,330.6127,340.4374,352.4806,367.2463,385.4311,408.0237,436.4744,317.0,473.0,611.3489,21.32370000000003,112.1562,2.477599999999996
1936,1936,1936.0,1936.0,1936.0,1936.0,1936.0,1936.0,1936.0,1936.0,1936.0,1936.0,1936.0,1936.0,1936.0,1936.0,1936.0,1936.0,1936.0,1936.0,1936.0,1936.0,1936.0,,,,,,,,,,,,,,,,,,,,,,,,,,,,,,,,,,,,,,,,,,,,,,,,,,,,,,0.6,312.291,308.6123,305.8459,303.9094,302.7524,302.3529,302.715,303.866,305.8556,308.7569,312.668,317.7177,324.0732,331.9521,341.6397,353.5149,368.0894,386.0679,408.4474,436.6847,312.0,360.0,632.6726,8.003299999999967,90.83249999999998,2.477599999999996
1937,1937,1937.0,1937.0,1937.0,1937.0,1937.0,1937.0,1937.0,1937.0,1937.0,1937.0,1937.0,1937.0,1937.0,1937.0,1937.0,1937.0,1937.0,1937.0,1937.0,1937.0,1937.0,,,,,,,,,,,,,,,,,,,,,,,,,,,,,,,,,,,,,,,,,,,,,,,,,,,,,,0.7,308.3528,305.5921,303.6115,302.3349,301.7127,301.7169,302.3339,303.5565,305.3737,307.7609,310.6712,314.0312,317.7436,321.7003,325.8076,330.0229,334.3986,339.1252,344.5663,351.2761,315.0,473.0,640.6759,36.13380000000007,82.82920000000001,2.477599999999996
1938,1938,1938.0,1938.0,1938.0,1938.0,1938.0,1938.0,1938.0,1938.0,1938.0,1938.0,1938.0,1938.0,1938.0,1938.0,1938.0,1938.0,1938.0,1938.0,1938.0,1938.0,1938.0,,,,,,,,,,,,,,,,,,,,,,,,,,,,,,,,,,,,,,,,,,,,,,,,,,,,,,0.8,310.5093,306.9949,304.3429,302.4633,301.2857,300.7573,300.8454,301.543,302.8783,304.9269,307.8249,311.7821,317.0899,324.1234,333.3374,345.2595,360.494,379.7524,403.9424,434.3521,318.0,471.0,676.8097,24.778599999999983,46.69539999999995,2.477599999999996
1939,1939,1939.0,1939.0,1939.0,1939.0,1939.0,1939.0,1939.0,1939.0,1939.0,1939.0,1939.0,1939.0,1939.0,1939.0,1939.0,1939.0,1939.0,1939.0,1939.0,1939.0,1939.0,,,,,,,,,,,,,,,,,,,,,,,,,,,,,,,,,,,,,,,,,,,,,,,,,,,,,,0.9,312.822,308.7128,305.5582,303.2758,301.8103,301.1306,301.2305,302.1294,303.8742,306.5417,310.2407,315.1153,321.3497,329.1757,338.8866,350.859,365.5905,383.7592,406.3226,434.6853,316.0,473.0,701.5883,21.916799999999967,21.916799999999967,2.477599999999996
1940,1940,1940.0,1940.0,1940.0,1940.0,1940.0,1940.0,1940.0,1940.0,1940.0,1940.0,1940.0,1940.0,1940.0,1940.0,1940.0,1940.0,1940.0,1940.0,1940.0,1940.0,1940.0,,,,,,,,,,,,,,,,,,,,,,,,,,,,,,,,,,,,,,,,,,,,,,,,,,,,,,0.0,273.0,273.0,273.0,273.0,273.0,273.0,273.0,273.0,273.0,273.0,273.0,273.0,273.0,273.0,273.0,273.0,273.0,273.0,273.0,273.0,319.0,459.0,0.0,369.0607,736.2859,3.67270000000002
1941,1941,1941.0,1941.0,1941.0,1941.0,1941.0,1941.0,1941.0,1941.0,1941.0,1941.0,1941.0,1941.0,1941.0,1941.0,1941.0,1941.0,1941.0,1941.0,1941.0,1941.0,1941.0,,,,,,,,,,,,,,,,,,,,,,,,,,,,,,,,,,,,,,,,,,,,,,,,,,,,,,0.1,309.6576,301.5427,294.6533,288.9783,284.4767,281.077,278.6917,277.2459,276.7109,277.1382,278.6885,281.648,286.4282,293.5462,303.5839,317.1378,334.7771,357.0414,384.5154,418.0235,329.0,447.0,369.0607,135.5199,367.2252,3.67270000000002
1942,1942,1942.0,1942.0,1942.0,1942.0,1942.0,1942.0,1942.0,1942.0,1942.0,1942.0,1942.0,1942.0,1942.0,1942.0,1942.0,1942.0,1942.0,1942.0,1942.0,1942.0,1942.0,,,,,,,,,,,,,,,,,,,,,,,,,,,,,,,,,,,,,,,,,,,,,,,,,,,,,,0.2,319.2941,311.019,304.0596,298.3447,293.8329,290.5039,288.3566,287.4101,287.7055,289.3077,292.3064,296.8149,302.9706,310.9374,320.9146,333.1546,347.995,365.9103,387.5935,414.0866,338.0,471.0,504.5806,57.97939999999994,231.7053,3.67270000000002
1943,1943,1943.0,1943.0,1943.0,1943.0,1943.0,1943.0,1943.0,1943.0,1943.0,1943.0,1943.0,1943.0,1943.0,1943.0,1943.0,1943.0,1943.0,1943.0,1943.0,1943.0,1943.0,,,,,,,,,,,,,,,,,,,,,,,,,,,,,,,,,,,,,,,,,,,,,,,,,,,,,,0.3,327.6513,319.0023,311.876,306.1534,301.7549,298.6284,296.7447,296.0963,296.6997,298.599,301.8706,306.6286,313.0308,321.2864,331.6674,344.5271,360.3326,379.7212,403.6005,433.3227,316.0,473.0,562.56,28.8986000000001,173.72590000000002,3.67270000000002
1944,1944,1944.0,1944.0,1944.0,1944.0,1944.0,1944.0,1944.0,1944.0,1944.0,1944.0,1944.0,1944.0,1944.0,1944.0,1944.0,1944.0,1944.0,1944.0,1944.0,1944.0,1944.0,,,,,,,,,,,,,,,,,,,,,,,,,,,,,,,,,,,,,,,,,,,,,,,,,,,,,,0.4,311.3634,307.6781,304.7901,302.5991,301.0595,300.1762,299.9959,300.5981,302.0855,304.5782,308.2115,313.1387,319.5384,327.6275,337.6796,350.0531,365.2319,383.8887,406.9878,435.9573,323.0,473.0,591.4586,23.12879999999996,144.82729999999992,3.67270000000002
1945,1945,1945.0,1945.0,1945.0,1945.0,1945.0,1945.0,1945.0,1945.0,1945.0,1945.0,1945.0,1945.0,1945.0,1945.0,1945.0,1945.0,1945.0,1945.0,1945.0,1945.0,1945.0,,,,,,,,,,,,,,,,,,,,,,,,,,,,,,,,,,,,,,,,,,,,,,,,,,,,,,0.5,316.7607,311.7491,307.8447,304.9616,303.0402,302.0432,301.954,302.7778,304.5433,307.3054,311.1487,316.1919,322.5948,330.5686,340.3926,352.4385,367.2098,385.4022,408.0039,436.4644,313.0,472.0,614.5874,20.966800000000035,121.69849999999995,3.67270000000002
1946,1946,1946.0,1946.0,1946.0,1946.0,1946.0,1946.0,1946.0,1946.0,1946.0,1946.0,1946.0,1946.0,1946.0,1946.0,1946.0,1946.0,1946.0,1946.0,1946.0,1946.0,1946.0,,,,,,,,,,,,,,,,,,,,,,,,,,,,,,,,,,,,,,,,,,,,,,,,,,,,,,0.6,309.1935,306.2893,304.1692,302.7532,301.9976,301.8926,302.458,303.739,305.8034,308.7395,312.658,317.696,324.0256,331.866,341.5018,353.3095,367.7967,385.6629,407.897,435.9434,341.0,393.0,635.5542,11.60439999999994,100.73169999999992,3.67270000000002
1947,1947,1947.0,1947.0,1947.0,1947.0,1947.0,1947.0,1947.0,1947.0,1947.0,1947.0,1947.0,1947.0,1947.0,1947.0,1947.0,1947.0,1947.0,1947.0,1947.0,1947.0,1947.0,,,,,,,,,,,,,,,,,,,,,,,,,,,,,,,,,,,,,,,,,,,,,,,,,,,,,,0.7,331.0716,322.9822,316.5639,311.6887,308.2445,306.1227,305.2148,305.4145,306.6216,308.7443,311.7,315.416,319.8332,324.9154,330.6686,337.1681,344.5944,353.2713,363.7044,376.6182,311.0,357.0,647.1586,21.50909999999999,89.12729999999999,3.67270000000002
1948,1948,1948.0,1948.0,1948.0,1948.0,1948.0,1948.0,1948.0,1948.0,1948.0,1948.0,1948.0,1948.0,1948.0,1948.0,1948.0,1948.0,1948.0,1948.0,1948.0,1948.0,1948.0,,,,,,,,,,,,,,,,,,,,,,,,,,,,,,,,,,,,,,,,,,,,,,,,,,,,,,0.8,308.2472,306.2646,304.8717,303.9389,303.3887,303.1895,303.3436,303.8726,304.8027,306.1537,307.9329,310.1347,312.7461,315.7582,319.1828,323.0731,327.546,332.805,339.1589,347.0366,322.0,472.0,668.6677,47.50010000000009,67.6182,3.67270000000002
1949,1949,1949.0,1949.0,1949.0,1949.0,1949.0,1949.0,1949.0,1949.0,1949.0,1949.0,1949.0,1949.0,1949.0,1949.0,1949.0,1949.0,1949.0,1949.0,1949.0,1949.0,1949.0,,,,,,,,,,,,,,,,,,,,,,,,,,,,,,,,,,,,,,,,,,,,,,,,,,,,,,0.9,316.0927,311.3604,307.6597,304.8748,302.9103,301.6889,301.1562,301.2881,302.1036,303.6774,306.1538,309.7575,314.7983,321.6697,330.8394,342.8389,358.263,377.8002,402.3213,433.0666,342.0,388.0,716.1678,20.11809999999992,20.11809999999992,3.67270000000002
1950,1950,1950.0,1950.0,1950.0,1950.0,1950.0,1950.0,1950.0,1950.0,1950.0,1950.0,1950.0,1950.0,1950.0,1950.0,1950.0,1950.0,1950.0,1950.0,1950.0,1950.0,1950.0,,,,,,,,,,,,,,,,,,,,,,,,,,,,,,,,,,,,,,,,,,,,,,,,,,,,,,0.0,273.0,273.0,273.0,273.0,273.0,273.0,273.0,273.0,273.0,273.0,273.0,273.0,273.0,273.0,273.0,273.0,273.0,273.0,273.0,273.0,319.0,461.0,0.0,368.7184,724.766,2.689899999999966
1951,1951,1951.0,1951.0,1951.0,1951.0,1951.0,1951.0,1951.0,1951.0,1951.0,1951.0,1951.0,1951.0,1951.0,1951.0,1951.0,1951.0,1951.0,1951.0,1951.0,1951.0,1951.0,,,,,,,,,,,,,,,,,,,,,,,,,,,,,,,,,,,,,,,,,,,,,,,,,,,,,,0.1,309.6576,301.5428,294.6536,288.9788,284.4779,281.0794,278.6965,277.255,276.7276,277.1681,278.7398,281.7327,286.5633,293.7542,303.8932,317.5831,335.3997,357.8905,385.6521,419.5303,329.0,446.0,368.7184,134.14690000000002,356.0476,2.689899999999966
1952,1952,1952.0,1952.0,1952.0,1952.0,1952.0,1952.0,1952.0,1952.0,1952.0,1952.0,1952.0,1952.0,1952.0,1952.0,1952.0,1952.0,1952.0,1952.0,1952.0,1952.0,1952.0,,,,,,,,,,,,,,,,,,,,,,,,,,,,,,,,,,,,,,,,,,,,,,,,,,,,,,0.2,319.296,311.0232,304.0667,298.356,293.8498,290.5284,288.3911,287.4567,287.7659,289.3824,292.3934,296.9089,303.0614,311.0092,320.9451,333.1154,347.8523,365.6259,387.1246,413.3837,336.0,473.0,502.8653,58.14910000000003,221.9007,2.689899999999966
1953,1953,1953.0,1953.0,1953.0,1953.0,1953.0,1953.0,1953.0,1953.0,1953.0,1953.0,1953.0,1953.0,1953.0,1953.0,1953.0,1953.0,1953.0,1953.0,1953.0,1953.0,1953.0,,,,,,,,,,,,,,,,,,,,,,,,,,,,,,,,,,,,,,,,,,,,,,,,,,,,,,0.3,326.0841,317.7996,310.9769,305.5021,301.3004,298.3258,296.5555,295.9897,296.6525,298.5958,301.9039,306.699,313.147,321.4658,331.9364,344.9212,360.8966,380.511,404.6861,434.7976,319.0,471.0,561.0144,28.484199999999987,163.75159999999994,2.689899999999966
1954,1954,1954.0,1954.0,1954.0,1954.0,1954.0,1954.0,1954.0,1954.0,1954.0,1954.0,1954.0,1954.0,1954.0,1954.0,1954.0,1954.0,1954.0,1954.0,1954.0,1954.0,1954.0,,,,,,,,,,,,,,,,,,,,,,,,,,,,,,,,,,,,,,,,,,,,,,,,,,,,,,0.4,313.6721,309.3945,306.0137,303.4287,301.5889,300.4899,300.1657,300.6808,302.1222,304.595,308.2204,313.1388,319.517,327.5605,337.5322,349.7804,364.779,383.1911,405.9679,434.5166,318.0,471.0,589.4986,22.590400000000045,135.26739999999995,2.689899999999966
1955,1955,1955.0,1955.0,1955.0,1955.0,1955.0,1955.0,1955.0,1955.0,1955.0,1955.0,1955.0,1955.0,1955.0,1955.0,1955.0,1955.0,1955.0,1955.0,1955.0,1955.0,1955.0,,,,,,,,,,,,,,,,,,,,,,,,,,,,,,,,,,,,,,,,,,,,,,,,,,,,,,0.5,312.8948,308.8522,305.754,303.5181,302.094,301.4592,301.6171,302.5947,304.4423,307.2334,311.0671,316.0718,322.4127,330.3028,340.0201,351.9325,366.5369,384.519,406.8505,434.9543,313.0,473.0,612.089,21.398899999999912,112.67699999999992,2.689899999999966
1956,1956,1956.0,1956.0,1956.0,1956.0,1956.0,1956.0,1956.0,1956.0,1956.0,1956.0,1956.0,1956.0,1956.0,1956.0,1956.0,1956.0,1956.0,1956.0,1956.0,1956.0,1956.0,,,,,,,,,,,,,,,,,,,,,,,,,,,,,,,,,,,,,,,,,,,,,,,,,,,,,,0.6,309.0562,306.0286,303.8109,302.33,301.5436,301.4383,302.0267,303.3454,305.4539,308.4343,312.3941,317.471,323.8405,331.7276,341.4243,353.3146,367.9131,385.9256,408.3477,436.6336,315.0,361.0,633.4879,8.474300000000085,91.2781,2.689899999999966
1957,1957,1957.0,1957.0,1957.0,1957.0,1957.0,1957.0,1957.0,1957.0,1957.0,1957.0,1957.0,1957.0,1957.0,1957.0,1957.0,1957.0,1957.0,1957.0,1957.0,1957.0,1957.0,,,,,,,,,,,,,,,,,,,,,,,,,,,,,,,,,,,,,,,,,,,,,,,,,,,,,,0.7,310.5693,307.1295,304.5821,302.8547,301.8948,301.6644,302.1345,303.2798,305.0711,307.4676,310.4105,313.8182,317.5897,321.6163,325.8066,330.1214,334.6173,339.4897,345.1063,352.026,317.0,471.0,641.9622,35.976999999999975,82.80379999999991,2.689899999999966
1958,1958,1958.0,1958.0,1958.0,1958.0,1958.0,1958.0,1958.0,1958.0,1958.0,1958.0,1958.0,1958.0,1958.0,1958.0,1958.0,1958.0,1958.0,1958.0,1958.0,1958.0,1958.0,,,,,,,,,,,,,,,,,,,,,,,,,,,,,,,,,,,,,,,,,,,,,,,,,,,,,,0.8,312.1298,308.2904,305.3593,303.2409,301.8608,301.1633,301.1132,301.7009,302.9511,304.9346,307.7813,311.6931,316.9523,323.9239,333.0519,344.8533,359.9215,378.9571,402.8534,432.8756,316.0,472.0,677.9392,25.001499999999965,46.826799999999935,2.689899999999966
1959,1959,1959.0,1959.0,1959.0,1959.0,1959.0,1959.0,1959.0,1959.0,1959.0,1959.0,1959.0,1959.0,1959.0,1959.0,1959.0,1959.0,1959.0,1959.0,1959.0,1959.0,1959.0,,,,,,,,,,,,,,,,,,,,,,,,,,,,,,,,,,,,,,,,,,,,,,,,,,,,,,0.9,311.3122,307.6244,304.8192,302.8132,301.5532,301.0147,301.2008,302.1423,303.8984,306.5573,310.2384,315.0954,321.3207,329.1539,338.8948,350.9266,365.7517,384.0529,406.7929,435.3851,318.0,472.0,702.9407,21.82529999999997,21.82529999999997,2.689899999999966
1960,1960,1960.0,1960.0,1960.0,1960.0,1960.0,1960.0,1960.0,1960.0,1960.0,1960.0,1960.0,1960.0,1960.0,1960.0,1960.0,1960.0,1960.0,1960.0,1960.0,1960.0,1960.0,,,,,,,,,,,,,,,,,,,,,,,,,,,,,,,,,,,,,,,,,,,,,,,,,,,,,,0.0,273.0,273.0,273.0,273.0,273.0,273.0,273.0,273.0,273.0,273.0,273.0,273.0,273.0,273.0,273.0,273.0,273.0,273.0,273.0,273.0,320.0,462.0,0.0,368.2521,721.8042,2.797300000000007
1961,1961,1961.0,1961.0,1961.0,1961.0,1961.0,1961.0,1961.0,1961.0,1961.0,1961.0,1961.0,1961.0,1961.0,1961.0,1961.0,1961.0,1961.0,1961.0,1961.0,1961.0,1961.0,,,,,,,,,,,,,,,,,,,,,,,,,,,,,,,,,,,,,,,,,,,,,,,,,,,,,,0.1,310.4496,302.157,295.1184,289.321,284.7225,281.2492,278.8115,277.3322,276.7812,277.2101,278.7811,281.7838,286.6356,293.8605,304.0489,317.8061,335.7109,358.3147,386.2199,420.2832,328.0,446.0,368.2521,132.98760000000004,353.55210000000005,2.797300000000007
1962,1962,1962.0,1962.0,1962.0,1962.0,1962.0,1962.0,1962.0,1962.0,1962.0,1962.0,1962.0,1962.0,1962.0,1962.0,1962.0,1962.0,1962.0,1962.0,1962.0,1962.0,1962.0,,,,,,,,,,,,,,,,,,,,,,,,,,,,,,,,,,,,,,,,,,,,,,,,,,,,,,0.2,318.5412,310.4784,303.697,298.1268,293.7284,290.4855,288.4023,287.5032,287.8344,289.4644,292.4841,297.0055,303.1621,311.1118,321.0464,333.2112,347.9375,365.6952,387.1735,413.4089,335.0,473.0,501.2397,58.05529999999993,220.5645,2.797300000000007
1963,1963,1963.0,1963.0,1963.0,1963.0,1963.0,1963.0,1963.0,1963.0,1963.0,1963.0,1963.0,1963.0,1963.0,1963.0,1963.0,1963.0,1963.0,1963.0,1963.0,1963.0,1963.0,,,,,,,,,,,,,,,,,,,,,,,,,,,,,,,,,,,,,,,,,,,,,,,,,,,,,,0.3,325.2798,317.1597,310.4756,305.1177,301.014,298.1204,296.4163,295.9034,296.6074,298.582,301.9127,306.7232,313.1805,321.5037,331.9747,344.9568,360.9271,380.5348,404.7023,434.8057,317.0,473.0,559.295,28.875200000000063,162.50920000000008,2.797300000000007
1964,1964,1964.0,1964.0,1964.0,1964.0,1964.0,1964.0,1964.0,1964.0,1964.0,1964.0,1964.0,1964.0,1964.0,1964.0,1964.0,1964.0,1964.0,1964.0,1964.0,1964.0,1964.0,,,,,,,,,,,,,,,,,,,,,,,,,,,,,,,,,,,,,,,,,,,,,,,,,,,,,,0.4,312.0591,308.1103,305.0063,302.6511,300.9993,300.0517,299.8478,300.458,301.9757,304.5119,308.1943,313.1701,319.613,327.7359,337.8097,350.1909,365.3628,383.9995,407.0675,435.9988,323.0,473.0,588.1702,23.09730000000002,133.634,2.797300000000007
1965,1965,1965.0,1965.0,1965.0,1965.0,1965.0,1965.0,1965.0,1965.0,1965.0,1965.0,1965.0,1965.0,1965.0,1965.0,1965.0,1965.0,1965.0,1965.0,1965.0,1965.0,1965.0,,,,,,,,,,,,,,,,,,,,,,,,,,,,,,,,,,,,,,,,,,,,,,,,,,,,,,0.5,316.7659,311.7582,307.8556,304.9719,303.0479,302.0473,301.9548,302.7766,304.5423,307.307,311.1548,316.2037,322.6125,330.5913,340.4185,352.4652,367.2347,385.4231,408.0188,436.4721,313.0,472.0,611.2675,20.961299999999937,110.5367,2.797300000000007
1966,1966,1966.0,1966.0,1966.0,1966.0,1966.0,1966.0,1966.0,1966.0,1966.0,1966.0,1966.0,1966.0,1966.0,1966.0,1966.0,1966.0,1966.0,1966.0,1966.0,1966.0,1966.0,,,,,,,,,,,,,,,,,,,,,,,,,,,,,,,,,,,,,,,,,,,,,,,,,,,,,,0.6,309.1943,306.2907,304.1713,302.7559,302.0009,301.8964,302.4622,303.7438,305.8088,308.7457,312.6648,317.7035,324.0335,331.8741,341.5097,353.3168,367.8031,385.6679,407.9005,435.9452,312.0,471.0,632.2288,20.61680000000001,89.57540000000006,2.797300000000007
1967,1967,1967.0,1967.0,1967.0,1967.0,1967.0,1967.0,1967.0,1967.0,1967.0,1967.0,1967.0,1967.0,1967.0,1967.0,1967.0,1967.0,1967.0,1967.0,1967.0,1967.0,1967.0,,,,,,,,,,,,,,,,,,,,,,,,,,,,,,,,,,,,,,,,,,,,,,,,,,,,,,0.7,308.2466,305.3927,303.3436,302.033,301.4205,301.4895,302.2461,303.7185,305.9571,309.0357,313.0549,318.1463,324.4805,332.2784,341.8284,353.511,367.8377,385.5094,407.5132,435.2843,312.0,361.0,652.8456,8.18629999999996,68.95860000000005,2.797300000000007
1968,1968,1968.0,1968.0,1968.0,1968.0,1968.0,1968.0,1968.0,1968.0,1968.0,1968.0,1968.0,1968.0,1968.0,1968.0,1968.0,1968.0,1968.0,1968.0,1968.0,1968.0,1968.0,,,,,,,,,,,,,,,,,,,,,,,,,,,,,,,,,,,,,,,,,,,,,,,,,,,,,,0.8,308.1951,305.2946,303.2074,301.8666,301.2252,301.2513,301.9226,303.22,305.1208,307.5903,310.5752,313.9996,317.7677,321.7766,325.9402,330.2247,334.6913,339.5382,345.1346,352.0387,317.0,473.0,661.0319,36.12710000000004,60.77230000000009,2.797300000000007
1969,1969,1969.0,1969.0,1969.0,1969.0,1969.0,1969.0,1969.0,1969.0,1969.0,1969.0,1969.0,1969.0,1969.0,1969.0,1969.0,1969.0,1969.0,1969.0,1969.0,1969.0,1969.0,,,,,,,,,,,,,,,,,,,,,,,,,,,,,,,,,,,,,,,,,,,,,,,,,,,,,,0.9,312.0448,308.1301,305.1417,302.9893,301.5998,300.9159,300.898,301.5311,302.8346,304.8755,307.7823,311.7579,317.088,324.1432,333.3747,345.3077,360.545,379.7984,403.9768,434.3703,316.0,471.0,697.159,24.645200000000045,24.645200000000045,2.797300000000007
1970,1970,1970.0,1970.0,1970.0,1970.0,1970.0,1970.0,1970.0,1970.0,1970.0,1970.0,1970.0,1970.0,1970.0,1970.0,1970.0,1970.0,1970.0,1970.0,1970.0,1970.0,1970.0,,,,,,,,,,,,,,,,,,,,,,,,,,,,,,,,,,,,,,,,,,,,,,,,,,,,,,0.0,273.0,273.0,273.0,273.0,273.0,273.0,273.0,273.0,273.0,273.0,273.0,273.0,273.0,273.0,273.0,273.0,273.0,273.0,273.0,273.0,319.0,461.0,0.0,368.7184,724.6476,2.737799999999993
1971,1971,1971.0,1971.0,1971.0,1971.0,1971.0,1971.0,1971.0,1971.0,1971.0,1971.0,1971.0,1971.0,1971.0,1971.0,1971.0,1971.0,1971.0,1971.0,1971.0,1971.0,1971.0,,,,,,,,,,,,,,,,,,,,,,,,,,,,,,,,,,,,,,,,,,,,,,,,,,,,,,0.1,309.6576,301.5428,294.6536,288.9788,284.4779,281.0794,278.6965,277.255,276.7276,277.1681,278.7398,281.7327,286.5633,293.7542,303.8932,317.5831,335.3997,357.8905,385.6521,419.5303,328.0,448.0,368.7184,134.28090000000003,355.92920000000004,2.737799999999993
1972,1972,1972.0,1972.0,1972.0,1972.0,1972.0,1972.0,1972.0,1972.0,1972.0,1972.0,1972.0,1972.0,1972.0,1972.0,1972.0,1972.0,1972.0,1972.0,1972.0,1972.0,1972.0,,,,,,,,,,,,,,,,,,,,,,,,,,,,,,,,,,,,,,,,,,,,,,,,,,,,,,0.2,318.5076,310.414,303.6075,298.0194,293.6109,290.3651,288.2851,287.3941,287.7374,289.3838,292.426,296.9798,303.184,311.2036,321.2385,333.5425,348.4559,366.4579,388.2495,414.8861,335.0,473.0,502.9993,57.75200000000001,221.6483,2.737799999999993
1973,1973,1973.0,1973.0,1973.0,1973.0,1973.0,1973.0,1973.0,1973.0,1973.0,1973.0,1973.0,1973.0,1973.0,1973.0,1973.0,1973.0,1973.0,1973.0,1973.0,1973.0,1973.0,,,,,,,,,,,,,,,,,,,,,,,,,,,,,,,,,,,,,,,,,,,,,,,,,,,,,,0.3,325.2686,317.1381,310.4452,305.0808,300.9736,298.0806,296.3814,295.8782,296.5968,298.5903,301.9435,306.7781,313.259,321.6023,332.0869,345.0736,361.0379,380.6288,404.7702,434.8411,320.0,473.0,560.7513,28.80189999999993,163.8963,2.737799999999993
1974,1974,1974.0,1974.0,1974.0,1974.0,1974.0,1974.0,1974.0,1974.0,1974.0,1974.0,1974.0,1974.0,1974.0,1974.0,1974.0,1974.0,1974.0,1974.0,1974.0,1974.0,1974.0,,,,,,,,,,,,,,,,,,,,,,,,,,,,,,,,,,,,,,,,,,,,,,,,,,,,,,0.4,314.4234,309.9322,306.3745,303.6498,301.7068,300.5378,300.1728,300.6708,302.1143,304.6043,308.2599,313.2212,319.6566,327.7755,337.8462,350.2239,365.3912,384.022,407.083,436.0066,319.0,471.0,589.5532,22.41100000000005,135.09440000000006,2.737799999999993
1975,1975,1975.0,1975.0,1975.0,1975.0,1975.0,1975.0,1975.0,1975.0,1975.0,1975.0,1975.0,1975.0,1975.0,1975.0,1975.0,1975.0,1975.0,1975.0,1975.0,1975.0,1975.0,,,,,,,,,,,,,,,,,,,,,,,,,,,,,,,,,,,,,,,,,,,,,,,,,,,,,,0.5,313.706,309.5035,306.271,303.9241,302.4103,301.7057,301.8121,302.7548,304.5822,307.3654,311.2007,316.2132,322.5643,330.4632,340.184,352.0915,366.6808,384.6373,406.9343,434.9975,313.0,472.0,611.9642,21.1051,112.6834,2.737799999999993
1976,1976,1976.0,1976.0,1976.0,1976.0,1976.0,1976.0,1976.0,1976.0,1976.0,1976.0,1976.0,1976.0,1976.0,1976.0,1976.0,1976.0,1976.0,1976.0,1976.0,1976.0,1976.0,,,,,,,,,,,,,,,,,,,,,,,,,,,,,,,,,,,,,,,,,,,,,,,,,,,,,,0.6,309.0975,306.1079,303.9218,302.4644,301.6927,301.5936,302.1809,303.4927,305.5894,308.554,312.4937,317.545,323.8811,331.7244,341.3632,353.1777,367.6782,385.5655,407.8278,435.9076,312.0,361.0,633.0693,8.41229999999996,91.5783,2.737799999999993
1977,1977,1977.0,1977.0,1977.0,1977.0,1977.0,1977.0,1977.0,1977.0,1977.0,1977.0,1977.0,1977.0,1977.0,1977.0,1977.0,1977.0,1977.0,1977.0,1977.0,1977.0,1977.0,,,,,,,,,,,,,,,,,,,,,,,,,,,,,,,,,,,,,,,,,,,,,,,,,,,,,,0.7,308.2141,305.3278,303.2457,301.8986,301.2391,301.2367,301.8722,303.1309,304.9943,307.4321,310.394,313.806,317.5729,321.5911,325.7726,330.0814,334.5759,339.4521,345.0778,352.0107,318.0,473.0,641.4816,36.465400000000045,83.16600000000005,2.737799999999993
1978,1978,1978.0,1978.0,1978.0,1978.0,1978.0,1978.0,1978.0,1978.0,1978.0,1978.0,1978.0,1978.0,1978.0,1978.0,1978.0,1978.0,1978.0,1978.0,1978.0,1978.0,1978.0,,,,,,,,,,,,,,,,,,,,,,,,,,,,,,,,,,,,,,,,,,,,,,,,,,,,,,0.8,312.8303,308.7314,305.587,303.3047,301.8096,301.0418,300.959,301.543,302.8105,304.826,307.7161,311.6821,317.0084,324.0648,333.3015,345.2431,360.4913,379.7574,403.9493,434.3567,317.0,472.0,677.947,24.83630000000005,46.70060000000001,2.737799999999993
1979,1979,1979.0,1979.0,1979.0,1979.0,1979.0,1979.0,1979.0,1979.0,1979.0,1979.0,1979.0,1979.0,1979.0,1979.0,1979.0,1979.0,1979.0,1979.0,1979.0,1979.0,1979.0,,,,,,,,,,,,,,,,,,,,,,,,,,,,,,,,,,,,,,,,,,,,,,,,,,,,,,0.9,312.1068,308.243,305.2888,303.1592,301.7998,301.1847,301.3155,302.2213,303.9588,306.6135,310.3016,315.173,321.4159,329.2656,339.0179,351.0526,365.8701,384.1529,406.8649,435.4226,316.0,473.0,702.7833,21.86429999999996,21.86429999999996,2.737799999999993
1980,1980,1980.0,1980.0,1980.0,1980.0,1980.0,1980.0,1980.0,1980.0,1980.0,1980.0,1980.0,1980.0,1980.0,1980.0,1980.0,1980.0,1980.0,1980.0,1980.0,1980.0,,,,,,,,,,,,,,,,,,,,,,,,,,,,,,,,,,,,,,,,,,,,,,,,,,,,,,,0.0,273.0,273.0,273.0,273.0,273.0,273.0,273.0,273.0,273.0,273.0,273.0,273.0,273.0,273.0,273.0,273.0,273.0,273.0,273.0,273.0,242.0,473.0,0.0,397.9887,1171.6898,-20.0
1981,1981,1981.0,1981.0,1981.0,1981.0,1981.0,1981.0,1981.0,1981.0,1981.0,1981.0,1981.0,1981.0,1981.0,1981.0,1981.0,1981.0,1981.0,1981.0,1981.0,1981.0,,,,,,,,,,,,,,,,,,,,,,,,,,,,,,,,,,,,,,,,,,,,,,,,,,,,,,,0.1,248.0776,253.4992,258.19,262.1199,265.315,267.8603,269.8977,271.6245,273.295,275.2286,277.8214,281.5562,287.0036,294.8061,305.6447,320.195,339.0935,362.9482,392.4367,428.542,265.0,473.0,397.9887,217.7404,773.7011000000001,-26.189700000000016
1982,1982,1982.0,1982.0,1982.0,1982.0,1982.0,1982.0,1982.0,1982.0,1982.0,1982.0,1982.0,1982.0,1982.0,1982.0,1982.0,1982.0,1982.0,1982.0,1982.0,1982.0,,,,,,,,,,,,,,,,,,,,,,,,,,,,,,,,,,,,,,,,,,,,,,,,,,,,,,,0.2,265.6649,266.3078,267.0569,268.0224,269.2968,270.9615,273.0984,275.8025,279.1933,283.4219,288.6738,295.1681,303.155,312.9163,324.7722,339.1,356.3721,377.2232,402.5622,433.763,279.0,473.0,615.7291,126.18319999999994,555.9607000000001,-24.238499999999988
1983,1983,1983.0,1983.0,1983.0,1983.0,1983.0,1983.0,1983.0,1983.0,1983.0,1983.0,1983.0,1983.0,1983.0,1983.0,1983.0,1983.0,1983.0,1983.0,1983.0,1983.0,,,,,,,,,,,,,,,,,,,,,,,,,,,,,,,,,,,,,,,,,,,,,,,,,,,,,,,0.3,277.8548,276.9704,276.4687,276.4574,277.0266,278.2504,280.1922,282.913,286.4801,290.975,296.5006,303.1886,311.2062,320.7675,332.1492,345.716,361.9603,381.566,405.5113,435.2448,275.0,472.0,741.9123,79.65640000000008,429.77750000000015,-18.19959999999997
1984,1984,1984.0,1984.0,1984.0,1984.0,1984.0,1984.0,1984.0,1984.0,1984.0,1984.0,1984.0,1984.0,1984.0,1984.0,1984.0,1984.0,1984.0,1984.0,1984.0,1984.0,,,,,,,,,,,,,,,,,,,,,,,,,,,,,,,,,,,,,,,,,,,,,,,,,,,,,,,0.4,275.759,276.6221,277.6537,278.9229,280.5045,282.4797,284.9354,287.9649,291.6685,296.1563,301.5524,308.0014,315.6788,324.8037,335.6587,348.6166,364.1813,383.0502,406.2136,435.1239,273.0,471.0,821.5687,62.141700000000014,350.12110000000007,-15.320300000000032
1985,1985,1985.0,1985.0,1985.0,1985.0,1985.0,1985.0,1985.0,1985.0,1985.0,1985.0,1985.0,1985.0,1985.0,1985.0,1985.0,1985.0,1985.0,1985.0,1985.0,1985.0,,,,,,,,,,,,,,,,,,,,,,,,,,,,,,,,,,,,,,,,,,,,,,,,,,,,,,,0.5,274.5734,276.1989,277.9316,279.8309,281.9619,284.3971,287.2161,290.5077,294.3705,298.9163,304.2737,310.5951,318.0651,326.914,337.4358,350.0145,365.1642,383.5889,406.281,434.6861,264.0,473.0,883.7104,57.592199999999934,287.97940000000006,-14.852899999999975
1986,1986,1986.0,1986.0,1986.0,1986.0,1986.0,1986.0,1986.0,1986.0,1986.0,1986.0,1986.0,1986.0,1986.0,1986.0,1986.0,1986.0,1986.0,1986.0,1986.0,1986.0,,,,,,,,,,,,,,,,,,,,,,,,,,,,,,,,,,,,,,,,,,,,,,,,,,,,,,,0.6,267.55,270.9466,274.2259,277.4373,280.6466,283.937,287.408,291.1729,295.3583,300.1039,305.5651,311.9196,319.3755,328.1852,338.6635,351.2142,366.3699,384.8533,407.677,436.3131,262.0,473.0,941.3026,59.649400000000014,230.3872000000001,-16.863
1987,1987,1987.0,1987.0,1987.0,1987.0,1987.0,1987.0,1987.0,1987.0,1987.0,1987.0,1987.0,1987.0,1987.0,1987.0,1987.0,1987.0,1987.0,1987.0,1987.0,1987.0,,,,,,,,,,,,,,,,,,,,,,,,,,,,,,,,,,,,,,,,,,,,,,,,,,,,,,,0.7,265.7531,269.3394,272.8147,276.2403,279.6848,283.2264,286.9533,290.9658,295.3769,300.3157,305.9305,312.3952,319.9179,328.7527,339.2181,351.7229,366.8053,385.1944,407.9098,436.4305,273.0,471.0,1000.952,57.96160000000009,170.7378000000001,-19.223599999999976
1988,1988,1988.0,1988.0,1988.0,1988.0,1988.0,1988.0,1988.0,1988.0,1988.0,1988.0,1988.0,1988.0,1988.0,1988.0,1988.0,1988.0,1988.0,1988.0,1988.0,1988.0,,,,,,,,,,,,,,,,,,,,,,,,,,,,,,,,,,,,,,,,,,,,,,,,,,,,,,,0.8,274.4683,276.0312,277.7768,279.7822,282.1123,284.8219,287.9612,291.5836,295.753,300.5517,306.0876,312.5015,319.9753,328.744,339.1116,351.4758,366.3659,384.5019,406.8906,434.9893,263.0,473.0,1058.9136,54.83769999999981,112.77620000000002,-19.37809999999996
1989,1989,1989.0,1989.0,1989.0,1989.0,1989.0,1989.0,1989.0,1989.0,1989.0,1989.0,1989.0,1989.0,1989.0,1989.0,1989.0,1989.0,1989.0,1989.0,1989.0,1989.0,,,,,,,,,,,,,,,,,,,,,,,,,,,,,,,,,,,,,,,,,,,,,,,,,,,,,,,0.9,266.8139,270.4561,273.9633,277.3852,280.7878,284.2536,287.8804,291.7796,296.0747,300.9022,306.4152,312.7892,320.2322,328.9976,339.4032,351.8572,366.898,385.2542,407.9445,436.4461,263.0,473.0,1113.7513,57.93850000000021,57.93850000000021,-21.79640000000001
1990,1990,1990.0,1990.0,1990.0,1990.0,1990.0,1990.0,1990.0,1990.0,1990.0,1990.0,1990.0,1990.0,1990.0,1990.0,1990.0,1990.0,1990.0,1990.0,1990.0,1990.0,,,,,,,,,,,,,,,,,,,,,,,,,,,,,,,,,,,,,,,,,,,,,,,,,,,,,,,0.0,273.0,273.0,273.0,273.0,273.0,273.0,273.0,273.0,273.0,273.0,273.0,273.0,273.0,273.0,273.0,273.0,273.0,273.0,273.0,273.0,246.0,473.0,0.0,395.9613,1157.0277,-20.0
1991,1991,1991.0,1991.0,1991.0,1991.0,1991.0,1991.0,1991.0,1991.0,1991.0,1991.0,1991.0,1991.0,1991.0,1991.0,1991.0,1991.0,1991.0,1991.0,1991.0,1991.0,,,,,,,,,,,,,,,,,,,,,,,,,,,,,,,,,,,,,,,,,,,,,,,,,,,,,,,0.1,251.3031,256.0286,260.115,263.5396,266.3282,268.5592,270.3634,271.924,273.4809,275.3399,277.8857,281.592,287.0228,294.816,305.6497,320.1974,339.0946,362.9487,392.4369,428.5421,269.0,473.0,395.9613,210.9374,761.0664000000002,-25.49080000000004
1992,1992,1992.0,1992.0,1992.0,1992.0,1992.0,1992.0,1992.0,1992.0,1992.0,1992.0,1992.0,1992.0,1992.0,1992.0,1992.0,1992.0,1992.0,1992.0,1992.0,1992.0,,,,,,,,,,,,,,,,,,,,,,,,,,,,,,,,,,,,,,,,,,,,,,,,,,,,,,,0.2,269.0248,269.1013,269.3531,269.8861,270.7887,272.1382,274.0119,276.5,279.7167,283.8076,288.9528,295.3659,303.2925,313.0099,324.8345,339.1404,356.3976,377.2386,402.5708,433.7668,279.0,471.0,606.8987,119.87290000000009,550.1290000000001,-23.061800000000005
1993,1993,1993.0,1993.0,1993.0,1993.0,1993.0,1993.0,1993.0,1993.0,1993.0,1993.0,1993.0,1993.0,1993.0,1993.0,1993.0,1993.0,1993.0,1993.0,1993.0,1993.0,,,,,,,,,,,,,,,,,,,,,,,,,,,,,,,,,,,,,,,,,,,,,,,,,,,,,,,0.3,278.0497,277.3424,276.985,277.0754,277.6999,278.9343,280.8486,283.5122,287.0015,291.4055,296.8323,303.4154,311.3209,320.7589,331.9999,345.4006,361.4443,380.8031,404.4391,433.7754,273.0,471.0,726.7716,78.10949999999991,430.25610000000006,-17.51569999999998
1994,1994,1994.0,1994.0,1994.0,1994.0,1994.0,1994.0,1994.0,1994.0,1994.0,1994.0,1994.0,1994.0,1994.0,1994.0,1994.0,1994.0,1994.0,1994.0,1994.0,1994.0,,,,,,,,,,,,,,,,,,,,,,,,,,,,,,,,,,,,,,,,,,,,,,,,,,,,,,,0.4,274.2291,275.5109,276.9025,278.4687,280.2832,282.4296,285.0001,288.0952,291.8233,296.3028,301.6652,308.0618,315.6733,324.7227,335.495,348.3636,363.8306,382.5887,405.6189,434.3584,274.0,473.0,804.8811,62.82990000000007,352.1466000000001,-15.370400000000018
1995,1995,1995.0,1995.0,1995.0,1995.0,1995.0,1995.0,1995.0,1995.0,1995.0,1995.0,1995.0,1995.0,1995.0,1995.0,1995.0,1995.0,1995.0,1995.0,1995.0,1995.0,,,,,,,,,,,,,,,,,,,,,,,,,,,,,,,,,,,,,,,,,,,,,,,,,,,,,,,0.5,275.3329,276.7471,278.3034,280.0642,282.0941,284.4613,287.2395,290.5104,294.3666,298.9155,304.2847,310.6279,318.1344,327.041,337.6501,350.355,365.6792,384.3379,407.3372,436.1455,264.0,472.0,867.711,56.87639999999999,289.3167000000001,-14.788700000000006
1996,1996,1996.0,1996.0,1996.0,1996.0,1996.0,1996.0,1996.0,1996.0,1996.0,1996.0,1996.0,1996.0,1996.0,1996.0,1996.0,1996.0,1996.0,1996.0,1996.0,1996.0,,,,,,,,,,,,,,,,,,,,,,,,,,,,,,,,,,,,,,,,,,,,,,,,,,,,,,,0.6,267.5749,270.9938,274.2907,277.5139,280.7294,284.0214,287.4912,291.254,295.4375,300.1816,305.6412,311.9909,319.4351,328.2209,338.657,351.1412,366.2001,384.551,407.2001,435.6099,262.0,473.0,924.5874,59.42179999999996,232.4403000000001,-16.778599999999983
1997,1997,1997.0,1997.0,1997.0,1997.0,1997.0,1997.0,1997.0,1997.0,1997.0,1997.0,1997.0,1997.0,1997.0,1997.0,1997.0,1997.0,1997.0,1997.0,1997.0,1997.0,,,,,,,,,,,,,,,,,,,,,,,,,,,,,,,,,,,,,,,,,,,,,,,,,,,,,,,0.7,265.7627,269.3579,272.8412,276.2734,279.7228,283.2671,286.9946,291.0052,295.412,300.3441,305.9501,312.4047,319.9166,328.7412,339.1982,351.6975,366.7782,385.1697,407.8912,436.4205,263.0,473.0,984.0092,60.95810000000006,173.01850000000013,-19.18289999999996
1998,1998,1998.0,1998.0,1998.0,1998.0,1998.0,1998.0,1998.0,1998.0,1998.0,1998.0,1998.0,1998.0,1998.0,1998.0,1998.0,1998.0,1998.0,1998.0,1998.0,1998.0,,,,,,,,,,,,,,,,,,,,,,,,,,,,,,,,,,,,,,,,,,,,,,,,,,,,,,,0.8,266.4574,269.7819,273.0416,276.3051,279.6429,283.1293,286.8444,290.8777,295.3304,300.3206,305.9871,312.4969,320.0531,328.9077,339.3785,351.8754,366.9387,385.3003,407.9826,436.4673,273.0,471.0,1044.9673,57.86310000000003,112.06040000000009,-21.070699999999988
1999,1999,1999.0,1999.0,1999.0,1999.0,1999.0,1999.0,1999.0,1999.0,1999.0,1999.0,1999.0,1999.0,1999.0,1999.0,1999.0,1999.0,1999.0,1999.0,1999.0,1999.0,,,,,,,,,,,,,,,,,,,,,,,,,,,,,,,,,,,,,,,,,,,,,,,,,,,,,,,0.9,274.4782,276.0495,277.8011,279.8099,282.141,284.8501,287.9889,291.6115,295.7824,300.5841,306.124,312.542,320.0194,328.79,339.1573,351.5186,366.4032,384.5316,406.9111,434.9997,265.0,473.0,1102.8304,54.19730000000004,54.19730000000004,-21.199900000000014
2000,2000,2000.0,2000.0,2000.0,2000.0,2000.0,2000.0,2000.0,2000.0,2000.0,2000.0,2000.0,2000.0,2000.0,2000.0,2000.0,2000.0,2000.0,2000.0,2000.0,2000.0,,,,,,,,,,,,,,,,,,,,,,,,,,,,,,,,,,,,,,,,,,,,,,,,,,,,,,,0.0,273.0,273.0,273.0,273.0,273.0,273.0,273.0,273.0,273.0,273.0,273.0,273.0,273.0,273.0,273.0,273.0,273.0,273.0,273.0,273.0,243.0,473.0,0.0,397.4776,1162.8103,-20.0
2001,2001,2001.0,2001.0,2001.0,2001.0,2001.0,2001.0,2001.0,2001.0,2001.0,2001.0,2001.0,2001.0,2001.0,2001.0,2001.0,2001.0,2001.0,2001.0,2001.0,2001.0,,,,,,,,,,,,,,,,,,,,,,,,,,,,,,,,,,,,,,,,,,,,,,,,,,,,,,,0.1,248.8842,254.1319,258.6715,262.4751,265.5685,268.0351,270.0142,271.6994,273.3415,275.2564,277.8375,281.5652,287.0084,294.8086,305.646,320.1956,339.0937,362.9483,392.4367,428.542,266.0,473.0,397.4776,216.0184,765.3327000000002,-26.01490000000001
2002,2002,2002.0,2002.0,2002.0,2002.0,2002.0,2002.0,2002.0,2002.0,2002.0,2002.0,2002.0,2002.0,2002.0,2002.0,2002.0,2002.0,2002.0,2002.0,2002.0,2002.0,,,,,,,,,,,,,,,,,,,,,,,,,,,,,,,,,,,,,,,,,,,,,,,,,,,,,,,0.2,266.5053,267.0067,267.6315,268.4889,269.6702,271.256,273.327,275.9771,279.3243,283.5184,288.7436,295.2176,303.1894,312.9398,324.7878,339.1101,356.3785,377.227,402.5644,433.764,283.0,472.0,613.496,123.08220000000006,549.3143000000001,-23.944000000000017
2003,2003,2003.0,2003.0,2003.0,2003.0,2003.0,2003.0,2003.0,2003.0,2003.0,2003.0,2003.0,2003.0,2003.0,2003.0,2003.0,2003.0,2003.0,2003.0,2003.0,2003.0,,,,,,,,,,,,,,,,,,,,,,,,,,,,,,,,,,,,,,,,,,,,,,,,,,,,,,,0.3,281.1032,279.56,278.4926,278.0075,278.1904,279.1078,280.813,283.3553,286.7894,291.1852,296.6351,303.2613,311.2232,320.7279,332.046,345.5366,361.6867,381.1741,404.9689,434.5072,274.0,471.0,736.5782,76.41809999999998,426.23210000000006,-17.34219999999999
2004,2004,2004.0,2004.0,2004.0,2004.0,2004.0,2004.0,2004.0,2004.0,2004.0,2004.0,2004.0,2004.0,2004.0,2004.0,2004.0,2004.0,2004.0,2004.0,2004.0,2004.0,,,,,,,,,,,,,,,,,,,,,,,,,,,,,,,,,,,,,,,,,,,,,,,,,,,,,,,0.4,275.1169,276.2985,277.5946,279.0652,280.7832,282.8339,285.3134,288.3265,291.9855,296.4109,301.7351,308.1081,315.7078,324.7538,335.5269,348.3972,363.8641,382.6184,405.6411,434.3703,272.0,473.0,812.9963,62.06309999999996,349.8140000000001,-14.966099999999985
2005,2005,2005.0,2005.0,2005.0,2005.0,2005.0,2005.0,2005.0,2005.0,2005.0,2005.0,2005.0,2005.0,2005.0,2005.0,2005.0,2005.0,2005.0,2005.0,2005.0,2005.0,,,,,,,,,,,,,,,,,,,,,,,,,,,,,,,,,,,,,,,,,,,,,,,,,,,,,,,0.5,273.7915,275.6119,277.5144,279.557,281.8046,284.3301,287.2151,290.5511,294.4413,299.0026,304.3705,310.7051,318.1996,327.0939,337.6914,350.3863,365.7021,384.3536,407.347,436.1501,261.0,472.0,875.0594,58.36580000000004,287.7509000000001,-14.919899999999984
2006,2006,2006.0,2006.0,2006.0,2006.0,2006.0,2006.0,2006.0,2006.0,2006.0,2006.0,2006.0,2006.0,2006.0,2006.0,2006.0,2006.0,2006.0,2006.0,2006.0,2006.0,,,,,,,,,,,,,,,,,,,,,,,,,,,,,,,,,,,,,,,,,,,,,,,,,,,,,,,0.6,265.1197,269.0235,272.7432,276.3267,279.8417,283.3762,287.037,290.9462,295.2385,300.0611,305.575,311.9608,319.4276,328.2262,338.6686,351.1546,366.2126,384.5611,407.207,435.6134,274.0,471.0,933.4252,58.072599999999966,229.38510000000008,-17.42380000000003
2007,2007,2007.0,2007.0,2007.0,2007.0,2007.0,2007.0,2007.0,2007.0,2007.0,2007.0,2007.0,2007.0,2007.0,2007.0,2007.0,2007.0,2007.0,2007.0,2007.0,2007.0,,,,,,,,,,,,,,,,,,,,,,,,,,,,,,,,,,,,,,,,,,,,,,,,,,,,,,,0.7,275.2608,276.639,278.224,280.0927,282.3086,284.9239,287.9855,291.5434,295.6589,300.4126,305.9119,312.298,319.7537,328.5151,338.887,351.2674,366.1851,384.3583,406.7916,434.939,262.0,473.0,991.4978,54.8818,171.3125000000001,-17.526099999999985
2008,2008,2008.0,2008.0,2008.0,2008.0,2008.0,2008.0,2008.0,2008.0,2008.0,2008.0,2008.0,2008.0,2008.0,2008.0,2008.0,2008.0,2008.0,2008.0,2008.0,2008.0,,,,,,,,,,,,,,,,,,,,,,,,,,,,,,,,,,,,,,,,,,,,,,,,,,,,,,,0.8,266.0369,269.8761,273.5489,277.1022,280.6017,284.133,287.7989,291.7166,296.0161,300.8397,306.3451,312.7117,320.1497,328.9139,339.3227,351.7841,366.8358,385.2058,407.9116,436.4296,265.0,473.0,1046.3796,57.969299999999976,116.43070000000012,-20.067000000000007
2009,2009,2009.0,2009.0,2009.0,2009.0,2009.0,2009.0,2009.0,2009.0,2009.0,2009.0,2009.0,2009.0,2009.0,2009.0,2009.0,2009.0,2009.0,2009.0,2009.0,2009.0,,,,,,,,,,,,,,,,,,,,,,,,,,,,,,,,,,,,,,,,,,,,,,,,,,,,,,,0.9,268.1539,271.2134,274.2463,277.3192,280.4993,283.8561,287.4646,291.4088,295.7855,300.7091,306.3161,312.7721,320.2796,329.0905,339.5225,351.9856,367.0198,385.3566,408.0177,436.484,263.0,473.0,1104.3489,58.46140000000014,58.46140000000014,-22.193899999999985
2010,2010,2010.0,2010.0,2010.0,2010.0,2010.0,2010.0,2010.0,2010.0,2010.0,2010.0,2010.0,2010.0,2010.0,2010.0,2010.0,2010.0,2010.0,2010.0,2010.0,2010.0,,,,,,,,,,,,,,,,,,,,,,,,,,,,,,,,,,,,,,,,,,,,,,,,,,,,,,,0.0,273.0,273.0,273.0,273.0,273.0,273.0,273.0,273.0,273.0,273.0,273.0,273.0,273.0,273.0,273.0,273.0,273.0,273.0,273.0,273.0,246.0,472.0,0.0,396.1123,1159.2186,-20.0
2011,2011,2011.0,2011.0,2011.0,2011.0,2011.0,2011.0,2011.0,2011.0,2011.0,2011.0,2011.0,2011.0,2011.0,2011.0,2011.0,2011.0,2011.0,2011.0,2011.0,2011.0,,,,,,,,,,,,,,,,,,,,,,,,,,,,,,,,,,,,,,,,,,,,,,,,,,,,,,,0.1,251.3031,256.0285,260.1149,263.5393,266.3276,268.558,270.361,271.9195,273.4725,275.3251,277.8602,281.5499,286.9558,294.7129,305.4964,319.9768,338.7863,362.5282,391.8733,427.7928,267.0,473.0,396.1123,212.54690000000005,763.1062999999999,-25.49200000000002
2012,2012,2012.0,2012.0,2012.0,2012.0,2012.0,2012.0,2012.0,2012.0,2012.0,2012.0,2012.0,2012.0,2012.0,2012.0,2012.0,2012.0,2012.0,2012.0,2012.0,2012.0,,,,,,,,,,,,,,,,,,,,,,,,,,,,,,,,,,,,,,,,,,,,,,,,,,,,,,,0.2,267.418,267.8428,268.394,269.1756,270.2767,271.7779,273.7619,276.3256,279.5902,283.7083,288.866,295.2823,303.2072,312.9218,324.7455,339.0545,356.3202,377.1751,402.5259,433.7437,282.0,472.0,608.6592,121.11249999999995,550.5593999999999,-23.4221
2013,2013,2013.0,2013.0,2013.0,2013.0,2013.0,2013.0,2013.0,2013.0,2013.0,2013.0,2013.0,2013.0,2013.0,2013.0,2013.0,2013.0,2013.0,2013.0,2013.0,2013.0,,,,,,,,,,,,,,,,,,,,,,,,,,,,,,,,,,,,,,,,,,,,,,,,,,,,,,,0.3,280.3754,279.0738,278.2115,277.8909,278.1971,279.1987,280.9538,283.5179,286.9529,291.3355,296.7639,303.3652,311.3022,320.7845,332.0839,345.56,361.6999,381.1805,404.9716,434.5081,276.0,471.0,729.7717,75.67110000000002,429.4468999999999,-17.251300000000015
2014,2014,2014.0,2014.0,2014.0,2014.0,2014.0,2014.0,2014.0,2014.0,2014.0,2014.0,2014.0,2014.0,2014.0,2014.0,2014.0,2014.0,2014.0,2014.0,2014.0,2014.0,,,,,,,,,,,,,,,,,,,,,,,,,,,,,,,,,,,,,,,,,,,,,,,,,,,,,,,0.4,276.7098,277.5338,278.5263,279.7495,281.2743,283.1809,285.5577,288.5009,292.1139,296.5096,301.8143,308.1735,315.7625,324.7993,335.5641,348.4266,363.8863,382.6341,405.6511,434.3751,271.0,473.0,805.4428,60.95889999999997,353.7757999999999,-14.619100000000005
2015,2015,2015.0,2015.0,2015.0,2015.0,2015.0,2015.0,2015.0,2015.0,2015.0,2015.0,2015.0,2015.0,2015.0,2015.0,2015.0,2015.0,2015.0,2015.0,2015.0,2015.0,,,,,,,,,,,,,,,,,,,,,,,,,,,,,,,,,,,,,,,,,,,,,,,,,,,,,,,0.5,273.0618,275.1223,277.2269,279.4292,281.7939,284.3971,287.3266,290.6815,294.5726,299.1237,304.4758,310.7927,318.2701,327.1491,337.7337,350.4178,365.7248,384.3692,407.3567,436.1547,265.0,473.0,866.4017,57.38639999999998,292.8168999999999,-14.852899999999975
2016,2016,2016.0,2016.0,2016.0,2016.0,2016.0,2016.0,2016.0,2016.0,2016.0,2016.0,2016.0,2016.0,2016.0,2016.0,2016.0,2016.0,2016.0,2016.0,2016.0,2016.0,,,,,,,,,,,,,,,,,,,,,,,,,,,,,,,,,,,,,,,,,,,,,,,,,,,,,,,0.6,268.3187,271.5121,274.623,277.7044,280.822,284.0554,287.4983,291.2572,295.4514,300.2143,305.6964,312.0711,319.5435,328.3633,338.8432,351.3856,366.5224,384.977,407.7637,436.3576,263.0,473.0,923.7881,58.68299999999999,235.4305,-16.74459999999999
2017,2017,2017.0,2017.0,2017.0,2017.0,2017.0,2017.0,2017.0,2017.0,2017.0,2017.0,2017.0,2017.0,2017.0,2017.0,2017.0,2017.0,2017.0,2017.0,2017.0,2017.0,,,,,,,,,,,,,,,,,,,,,,,,,,,,,,,,,,,,,,,,,,,,,,,,,,,,,,,0.7,266.5876,270.0274,273.3756,276.6931,280.0479,283.5169,287.1869,291.156,295.5351,300.4506,306.0487,312.5009,320.0135,328.839,339.2948,351.7889,366.8595,385.2357,407.9376,436.4443,265.0,473.0,982.4711,59.43599999999992,176.74749999999997,-18.933099999999968
2018,2018,2018.0,2018.0,2018.0,2018.0,2018.0,2018.0,2018.0,2018.0,2018.0,2018.0,2018.0,2018.0,2018.0,2018.0,2018.0,2018.0,2018.0,2018.0,2018.0,2018.0,,,,,,,,,,,,,,,,,,,,,,,,,,,,,,,,,,,,,,,,,,,,,,,,,,,,,,,0.8,268.1067,271.1207,274.1114,277.1472,280.2971,283.6322,287.2286,291.1707,295.5548,300.4941,306.1231,312.6052,320.1406,328.979,339.4366,351.922,366.975,385.3269,408.0,436.4758,264.0,473.0,1041.9071,58.8746000000001,117.31150000000002,-20.567799999999977
2019,2019,2019.0,2019.0,2019.0,2019.0,2019.0,2019.0,2019.0,2019.0,2019.0,2019.0,2019.0,2019.0,2019.0,2019.0,2019.0,2019.0,2019.0,2019.0,2019.0,2019.0,,,,,,,,,,,,,,,,,,,,,,,,,,,,,,,,,,,,,,,,,,,,,,,,,,,,,,,0.9,267.3539,270.5874,273.7633,276.9467,280.2068,283.6183,287.2631,291.2323,295.629,300.5718,306.1994,312.6776,320.208,329.0407,339.4918,351.9699,367.0144,385.3571,408.0203,436.486,265.0,471.0,1100.7817,58.43689999999992,58.43689999999992,-22.431700000000035
2020,2020,2020.0,2020.0,2020.0,2020.0,2020.0,2020.0,2020.0,2020.0,2020.0,2020.0,2020.0,2020.0,2020.0,2020.0,2020.0,2020.0,2020.0,2020.0,2020.0,2020.0,,,,,,,,,,,,,,,,,,,,,,,,,,,,,,,,,,,,,,,,,,,,,,,,,,,,,,,0.0,273.0,273.0,273.0,273.0,273.0,273.0,273.0,273.0,273.0,273.0,273.0,273.0,273.0,273.0,273.0,273.0,273.0,273.0,273.0,273.0,242.0,472.0,0.0,398.1398,1167.7286,-20.0
2021,2021,2021.0,2021.0,2021.0,2021.0,2021.0,2021.0,2021.0,2021.0,2021.0,2021.0,2021.0,2021.0,2021.0,2021.0,2021.0,2021.0,2021.0,2021.0,2021.0,2021.0,,,,,,,,,,,,,,,,,,,,,,,,,,,,,,,,,,,,,,,,,,,,,,,,,,,,,,,0.1,248.0776,253.4992,258.1899,262.1196,265.3145,267.8591,269.8954,271.62,273.2866,275.2137,277.7959,281.5141,286.9365,294.7029,305.4914,319.9744,338.7852,362.5277,391.873,427.7927,268.0,471.0,398.1398,216.9079,769.5888,-26.1909
2022,2022,2022.0,2022.0,2022.0,2022.0,2022.0,2022.0,2022.0,2022.0,2022.0,2022.0,2022.0,2022.0,2022.0,2022.0,2022.0,2022.0,2022.0,2022.0,2022.0,2022.0,,,,,,,,,,,,,,,,,,,,,,,,,,,,,,,,,,,,,,,,,,,,,,,,,,,,,,,0.2,268.0737,268.1916,268.4876,269.0743,270.0426,271.468,273.4234,275.9925,279.2828,283.4336,288.6198,295.0508,302.9687,312.6477,324.401,338.5988,355.7057,376.3458,401.4127,432.2546,279.0,472.0,615.0477,124.09390000000008,552.6809,-23.73199999999997
2023,2023,2023.0,2023.0,2023.0,2023.0,2023.0,2023.0,2023.0,2023.0,2023.0,2023.0,2023.0,2023.0,2023.0,2023.0,2023.0,2023.0,2023.0,2023.0,2023.0,2023.0,,,,,,,,,,,,,,,,,,,,,,,,,,,,,,,,,,,,,,,,,,,,,,,,,,,,,,,0.3,277.9585,277.1663,276.7357,276.7681,277.3514,278.5612,280.4652,283.1304,286.6299,291.0508,296.5001,303.1121,311.0557,320.5451,331.8561,345.3512,361.5188,381.0363,404.8716,434.4571,276.0,473.0,739.1416,78.97539999999992,428.5869999999999,-17.888800000000003
2024,2024,2024.0,2024.0,2024.0,2024.0,2024.0,2024.0,2024.0,2024.0,2024.0,2024.0,2024.0,2024.0,2024.0,2024.0,2024.0,2024.0,2024.0,2024.0,2024.0,2024.0,,,,,,,,,,,,,,,,,,,,,,,,,,,,,,,,,,,,,,,,,,,,,,,,,,,,,,,0.4,276.5892,277.3036,278.2066,279.3661,280.8551,282.7524,285.1423,288.1157,291.7713,296.2188,301.5828,308.0104,315.6801,324.8154,335.7032,348.721,364.3771,383.3731,406.7049,435.8346,273.0,473.0,818.117,61.46770000000004,349.61159999999995,-15.047599999999989
2025,2025,2025.0,2025.0,2025.0,2025.0,2025.0,2025.0,2025.0,2025.0,2025.0,2025.0,2025.0,2025.0,2025.0,2025.0,2025.0,2025.0,2025.0,2025.0,2025.0,2025.0,,,,,,,,,,,,,,,,,,,,,,,,,,,,,,,,,,,,,,,,,,,,,,,,,,,,,,,0.5,274.6185,276.285,278.0509,279.9733,282.1171,284.5556,287.371,290.6552,294.511,299.054,304.4176,310.7583,318.2656,327.1744,337.784,350.4844,365.7968,384.4352,407.4066,436.1814,262.0,473.0,879.5847,57.41780000000006,288.1438999999999,-14.694399999999971
2026,2026,2026.0,2026.0,2026.0,2026.0,2026.0,2026.0,2026.0,2026.0,2026.0,2026.0,2026.0,2026.0,2026.0,2026.0,2026.0,2026.0,2026.0,2026.0,2026.0,2026.0,,,,,,,,,,,,,,,,,,,,,,,,,,,,,,,,,,,,,,,,,,,,,,,,,,,,,,,0.6,265.9642,269.7302,273.329,276.8077,280.233,283.692,287.2906,291.1501,295.4045,300.2005,305.6989,312.0806,319.5554,328.3757,338.8553,351.397,366.5326,384.9853,407.7696,436.3606,263.0,471.0,937.0025,59.89459999999997,230.72609999999983,-17.108000000000004
2027,2027,2027.0,2027.0,2027.0,2027.0,2027.0,2027.0,2027.0,2027.0,2027.0,2027.0,2027.0,2027.0,2027.0,2027.0,2027.0,2027.0,2027.0,2027.0,2027.0,2027.0,,,,,,,,,,,,,,,,,,,,,,,,,,,,,,,,,,,,,,,,,,,,,,,,,,,,,,,0.7,266.4969,269.8562,273.1421,276.4203,279.7599,283.2349,286.9268,290.927,295.3392,300.283,305.8984,312.3516,319.8433,328.6209,338.9963,351.3711,366.2762,384.4313,406.8423,434.9649,271.0,473.0,996.8971,58.758500000000026,170.8314999999999,-19.215100000000007
2028,2028,2028.0,2028.0,2028.0,2028.0,2028.0,2028.0,2028.0,2028.0,2028.0,2028.0,2028.0,2028.0,2028.0,2028.0,2028.0,2028.0,2028.0,2028.0,2028.0,2028.0,,,,,,,,,,,,,,,,,,,,,,,,,,,,,,,,,,,,,,,,,,,,,,,,,,,,,,,0.8,272.8847,274.8146,276.8724,279.1325,281.6609,284.5169,287.7583,291.4473,295.6575,300.4808,306.0348,312.4694,319.9764,328.8005,339.2556,351.7496,366.8218,385.2029,407.9131,436.4313,265.0,471.0,1055.6556,55.00059999999985,112.07299999999988,-19.683099999999968
2029,2029,2029.0,2029.0,2029.0,2029.0,2029.0,2029.0,2029.0,2029.0,2029.0,2029.0,2029.0,2029.0,2029.0,2029.0,2029.0,2029.0,2029.0,2029.0,2029.0,2029.0,,,,,,,,,,,,,,,,,,,,,,,,,,,,,,,,,,,,,,,,,,,,,,,,,,,,,,,0.9,268.3512,271.5824,274.7407,277.8816,281.0708,284.3858,287.9153,291.7592,296.0288,300.8488,306.3609,312.7302,320.1547,328.8778,339.2073,351.5419,366.4099,384.5298,406.9069,434.9967,264.0,473.0,1110.6562,57.072400000000016,57.072400000000016,-21.6642
2030,2030,2030.0,2030.0,2030.0,2030.0,2030.0,2030.0,2030.0,2030.0,2030.0,2030.0,2030.0,2030.0,2030.0,2030.0,2030.0,2030.0,2030.0,2030.0,2030.0,2030.0,,,,,,,,,,,,,,,,,,,,,,,,,,,,,,,,,,,,,,,,,,,,,,,,,,,,,,,0.0,273.0,273.0,273.0,273.0,273.0,273.0,273.0,273.0,273.0,273.0,273.0,273.0,273.0,273.0,273.0,273.0,273.0,273.0,273.0,273.0,245.0,472.0,0.0,396.6149,1153.2849,-20.0
2031,2031,2031.0,2031.0,2031.0,2031.0,2031.0,2031.0,2031.0,2031.0,2031.0,2031.0,2031.0,2031.0,2031.0,2031.0,2031.0,2031.0,2031.0,2031.0,2031.0,2031.0,,,,,,,,,,,,,,,,,,,,,,,,,,,,,,,,,,,,,,,,,,,,,,,,,,,,,,,0.1,250.4969,255.3965,259.6339,263.1846,266.0745,268.3834,270.2447,271.8447,273.4261,275.2972,277.8441,281.541,286.9509,294.7104,305.4952,319.9762,338.7861,362.5281,391.8732,427.7928,268.0,473.0,396.6149,213.28860000000003,756.6700000000001,-25.666600000000017
2032,2032,2032.0,2032.0,2032.0,2032.0,2032.0,2032.0,2032.0,2032.0,2032.0,2032.0,2032.0,2032.0,2032.0,2032.0,2032.0,2032.0,2032.0,2032.0,2032.0,2032.0,,,,,,,,,,,,,,,,,,,,,,,,,,,,,,,,,,,,,,,,,,,,,,,,,,,,,,,0.2,268.1842,268.4013,268.7759,269.4149,270.4073,271.8314,273.7654,276.3004,279.552,283.6673,288.8283,295.2507,303.1824,312.9034,324.7324,339.0456,356.3144,377.1715,402.5239,433.7428,282.0,473.0,609.9035,120.7758,543.3814000000001,-23.36860000000001
2033,2033,2033.0,2033.0,2033.0,2033.0,2033.0,2033.0,2033.0,2033.0,2033.0,2033.0,2033.0,2033.0,2033.0,2033.0,2033.0,2033.0,2033.0,2033.0,2033.0,2033.0,,,,,,,,,,,,,,,,,,,,,,,,,,,,,,,,,,,,,,,,,,,,,,,,,,,,,,,0.3,280.3984,279.117,278.2697,277.9576,278.2655,279.2631,281.0103,283.565,286.9914,291.3686,296.7973,303.4065,311.3616,320.8745,332.2198,345.7602,361.9863,381.5801,405.5183,435.2475,275.0,471.0,730.6793,75.55089999999996,422.6056000000001,-17.18689999999998
2034,2034,2034.0,2034.0,2034.0,2034.0,2034.0,2034.0,2034.0,2034.0,2034.0,2034.0,2034.0,2034.0,2034.0,2034.0,2034.0,2034.0,2034.0,2034.0,2034.0,2034.0,,,,,,,,,,,,,,,,,,,,,,,,,,,,,,,,,,,,,,,,,,,,,,,,,,,,,,,0.4,275.917,276.9242,278.0741,279.4281,281.0581,283.0465,285.485,288.4735,292.1194,296.5393,301.8619,308.2348,315.8338,324.8771,335.6442,348.5043,363.9565,382.6917,405.6918,434.3961,272.0,471.0,806.2302,60.83310000000006,347.05470000000014,-14.753500000000033
2035,2035,2035.0,2035.0,2035.0,2035.0,2035.0,2035.0,2035.0,2035.0,2035.0,2035.0,2035.0,2035.0,2035.0,2035.0,2035.0,2035.0,2035.0,2035.0,2035.0,2035.0,,,,,,,,,,,,,,,,,,,,,,,,,,,,,,,,,,,,,,,,,,,,,,,,,,,,,,,0.5,273.8321,275.6897,277.6228,279.6876,281.9483,284.4781,287.3596,290.6853,294.5591,299.0976,304.4347,310.7276,318.1655,326.9823,337.4753,350.0311,365.165,383.5815,406.2721,434.6804,265.0,471.0,867.0633,56.88979999999992,286.2216000000001,-14.771900000000016
2036,2036,2036.0,2036.0,2036.0,2036.0,2036.0,2036.0,2036.0,2036.0,2036.0,2036.0,2036.0,2036.0,2036.0,2036.0,2036.0,2036.0,2036.0,2036.0,2036.0,2036.0,,,,,,,,,,,,,,,,,,,,,,,,,,,,,,,,,,,,,,,,,,,,,,,,,,,,,,,0.6,268.3433,271.5579,274.6839,277.7725,280.8884,284.1117,287.5363,291.2695,295.4312,300.1547,305.5895,311.9074,319.3111,328.047,338.4237,350.8383,365.8154,384.0675,406.5927,434.8386,261.0,471.0,923.9531,59.11160000000007,229.33180000000016,-16.688300000000027
2037,2037,2037.0,2037.0,2037.0,2037.0,2037.0,2037.0,2037.0,2037.0,2037.0,2037.0,2037.0,2037.0,2037.0,2037.0,2037.0,2037.0,2037.0,2037.0,2037.0,2037.0,,,,,,,,,,,,,,,,,,,,,,,,,,,,,,,,,,,,,,,,,,,,,,,,,,,,,,,0.7,264.9854,268.7781,272.4284,275.9941,279.5433,283.156,286.9241,290.9521,295.3573,300.2723,305.8476,312.2581,319.7113,328.4595,338.8183,351.1914,366.1102,384.2936,406.7443,434.9142,273.0,472.0,983.0647,58.81460000000004,170.2202000000001,-19.293999999999983
2038,2038,2038.0,2038.0,2038.0,2038.0,2038.0,2038.0,2038.0,2038.0,2038.0,2038.0,2038.0,2038.0,2038.0,2038.0,2038.0,2038.0,2038.0,2038.0,2038.0,2038.0,,,,,,,,,,,,,,,,,,,,,,,,,,,,,,,,,,,,,,,,,,,,,,,,,,,,,,,0.8,274.4407,275.9785,277.7033,279.6933,282.013,284.7159,287.8507,291.4689,295.6334,300.4267,305.958,312.3714,319.8537,328.6455,339.0571,351.4928,366.4875,384.7663,407.3416,435.6795,265.0,473.0,1041.8793,54.62819999999988,111.40560000000004,-19.48410000000001
2039,2039,2039.0,2039.0,2039.0,2039.0,2039.0,2039.0,2039.0,2039.0,2039.0,2039.0,2039.0,2039.0,2039.0,2039.0,2039.0,2039.0,2039.0,2039.0,2039.0,2039.0,,,,,,,,,,,,,,,,,,,,,,,,,,,,,,,,,,,,,,,,,,,,,,,,,,,,,,,0.9,268.4054,271.684,274.8777,278.0386,281.2319,284.5367,288.0453,291.8621,296.1036,300.8995,306.3972,312.7672,320.2134,328.9861,339.4001,351.8615,366.9072,385.2651,407.9538,436.4514,262.0,471.0,1096.5075,56.77740000000017,56.77740000000017,-21.51330000000001
2040,2040,2040.0,2040.0,2040.0,2040.0,2040.0,2040.0,2040.0,2040.0,2040.0,2040.0,2040.0,2040.0,2040.0,2040.0,2040.0,2040.0,2040.0,2040.0,2040.0,,,,,,,,,,,,,,,,,,,,,,,,,,,,,,,,,,,,,,,,,,,,,,,,,,,,,,,,0.0,273.0,273.0,273.0,273.0,273.0,273.0,273.0,273.0,273.0,273.0,273.0,273.0,273.0,273.0,273.0,273.0,273.0,273.0,273.0,273.0,402.0,272.0,0.0,415.6508,3007.4233,18.739100000000008
2041,2041,2041.0,2041.0,2041.0,2041.0,2041.0,2041.0,2041.0,2041.0,2041.0,2041.0,2041.0,2041.0,2041.0,2041.0,2041.0,2041.0,2041.0,2041.0,2041.0,,,,,,,,,,,,,,,,,,,,,,,,,,,,,,,,,,,,,,,,,,,,,,,,,,,,,,,,0.1,374.5572,351.5076,332.3102,316.6218,304.1412,294.5297,287.3906,282.2875,278.7809,276.4642,274.9902,274.0825,273.5349,273.2021,272.987,272.8275,272.686,272.541,272.381,272.2011,403.0,272.0,415.6508,352.8949,2591.7725,18.739100000000008
2042,2042,2042.0,2042.0,2042.0,2042.0,2042.0,2042.0,2042.0,2042.0,2042.0,2042.0,2042.0,2042.0,2042.0,2042.0,2042.0,2042.0,2042.0,2042.0,2042.0,,,,,,,,,,,,,,,,,,,,,,,,,,,,,,,,,,,,,,,,,,,,,,,,,,,,,,,,0.2,379.1672,359.4703,343.0408,329.2855,317.7823,308.2132,300.3223,293.8898,288.717,284.6195,281.4251,278.9741,277.1219,275.7403,274.7186,273.9639,273.4001,272.9662,272.6133,272.3022,402.0,275.0,768.5457,322.47979999999995,2238.8776,18.739100000000008
2043,2043,2043.0,2043.0,2043.0,2043.0,2043.0,2043.0,2043.0,2043.0,2043.0,2043.0,2043.0,2043.0,2043.0,2043.0,2043.0,2043.0,2043.0,2043.0,2043.0,,,,,,,,,,,,,,,,,,,,,,,,,,,,,,,,,,,,,,,,,,,,,,,,,,,,,,,,0.3,379.6261,361.2994,346.1075,333.4073,322.7335,313.7404,306.1644,299.7981,294.4737,290.0511,286.4105,283.4482,281.073,279.2044,277.7713,276.7094,275.9602,275.4684,275.18,275.0417,403.0,273.0,1091.0255,297.3914,1916.3978,18.739100000000008
2044,2044,2044.0,2044.0,2044.0,2044.0,2044.0,2044.0,2044.0,2044.0,2044.0,2044.0,2044.0,2044.0,2044.0,2044.0,2044.0,2044.0,2044.0,2044.0,2044.0,,,,,,,,,,,,,,,,,,,,,,,,,,,,,,,,,,,,,,,,,,,,,,,,,,,,,,,,0.4,380.8876,362.8671,348.0034,335.6314,325.2648,316.5391,309.1746,302.9526,297.6979,293.267,289.5402,286.4145,283.7998,281.6157,279.789,278.2531,276.9473,275.8165,274.811,273.8859,399.0,275.0,1388.4169,281.81690000000003,1619.0064,18.739100000000008
2045,2045,2045.0,2045.0,2045.0,2045.0,2045.0,2045.0,2045.0,2045.0,2045.0,2045.0,2045.0,2045.0,2045.0,2045.0,2045.0,2045.0,2045.0,2045.0,2045.0,,,,,,,,,,,,,,,,,,,,,,,,,,,,,,,,,,,,,,,,,,,,,,,,,,,,,,,,0.5,378.1059,361.107,347.1051,335.454,325.6785,317.4229,310.417,304.4525,299.3661,295.0275,291.3304,288.1869,285.5228,283.2745,281.3864,279.8086,278.495,277.4013,276.4837,275.6981,402.0,272.0,1670.2338,271.87979999999993,1337.1895,18.739100000000008
2046,2046,2046.0,2046.0,2046.0,2046.0,2046.0,2046.0,2046.0,2046.0,2046.0,2046.0,2046.0,2046.0,2046.0,2046.0,2046.0,2046.0,2046.0,2046.0,2046.0,,,,,,,,,,,,,,,,,,,,,,,,,,,,,,,,,,,,,,,,,,,,,,,,,,,,,,,,0.6,380.4436,362.9365,348.5548,336.6356,326.6884,318.3409,311.3037,305.3479,300.2893,295.9777,292.2886,289.1171,286.3727,283.9768,281.8592,279.9576,278.217,276.5891,275.0329,273.5132,401.0,275.0,1942.1136,268.8739000000003,1065.3097,18.739100000000008
2047,2047,2047.0,2047.0,2047.0,2047.0,2047.0,2047.0,2047.0,2047.0,2047.0,2047.0,2047.0,2047.0,2047.0,2047.0,2047.0,2047.0,2047.0,2047.0,2047.0,,,,,,,,,,,,,,,,,,,,,,,,,,,,,,,,,,,,,,,,,,,,,,,,,,,,,,,,0.7,379.8045,362.6042,348.4801,336.7705,326.9865,318.7585,311.8017,305.8933,300.8565,296.5491,292.8561,289.6836,286.9547,284.6061,282.5851,280.8463,279.349,278.0547,276.9251,275.9204,402.0,272.0,2210.9875,265.0418999999997,796.4357999999997,18.739100000000008
2048,2048,2048.0,2048.0,2048.0,2048.0,2048.0,2048.0,2048.0,2048.0,2048.0,2048.0,2048.0,2048.0,2048.0,2048.0,2048.0,2048.0,2048.0,2048.0,2048.0,,,,,,,,,,,,,,,,,,,,,,,,,,,,,,,,,,,,,,,,,,,,,,,,,,,,,,,,0.8,380.5976,363.2412,349.002,337.2123,327.3775,319.1229,312.1579,306.2536,301.2264,296.9264,293.2298,290.032,287.2431,284.7849,282.5883,280.5923,278.7432,276.9951,275.3091,273.6531,400.0,271.0,2476.0294,265.8018000000002,531.3939,18.739100000000008
2049,2049,2049.0,2049.0,2049.0,2049.0,2049.0,2049.0,2049.0,2049.0,2049.0,2049.0,2049.0,2049.0,2049.0,2049.0,2049.0,2049.0,2049.0,2049.0,2049.0,,,,,,,,,,,,,,,,,,,,,,,,,,,,,,,,,,,,,,,,,,,,,,,,,,,,,,,,0.9,379.1146,362.1758,348.274,336.7525,327.1247,319.0224,312.1617,306.3202,301.3201,297.0171,293.2914,290.0422,287.1832,284.639,282.3441,280.2404,278.2768,276.4085,274.5959,272.8038,400.0,274.0,2741.8312,265.59209999999985,265.59209999999985,18.739100000000008
2050,2050,2050.0,2050.0,2050.0,2050.0,2050.0,2050.0,2050.0,2050.0,2050.0,2050.0,2050.0,2050.0,2050.0,2050.0,2050.0,2050.0,2050.0,2050.0,2050.0,,,,,,,,,,,,,,,,,,,,,,,,,,,,,,,,,,,,,,,,,,,,,,,,,,,,,,,,0.0,273.0,273.0,273.0,273.0,273.0,273.0,273.0,273.0,273.0,273.0,273.0,273.0,273.0,273.0,273.0,273.0,273.0,273.0,273.0,273.0,401.0,273.0,0.0,415.2388,3005.2788,18.409099999999967
2051,2051,2051.0,2051.0,2051.0,2051.0,2051.0,2051.0,2051.0,2051.0,2051.0,2051.0,2051.0,2051.0,2051.0,2051.0,2051.0,2051.0,2051.0,2051.0,2051.0,,,,,,,,,,,,,,,,,,,,,,,,,,,,,,,,,,,,,,,,,,,,,,,,,,,,,,,,0.1,373.7861,350.9184,331.8677,316.2971,303.9097,294.3701,287.2853,282.2225,278.7462,276.4539,275.0025,274.12,273.6044,273.3148,273.1583,273.0769,273.0361,273.0163,273.007,273.0026,402.0,275.0,415.2388,349.90129999999994,2590.04,18.409099999999967
2052,2052,2052.0,2052.0,2052.0,2052.0,2052.0,2052.0,2052.0,2052.0,2052.0,2052.0,2052.0,2052.0,2052.0,2052.0,2052.0,2052.0,2052.0,2052.0,2052.0,,,,,,,,,,,,,,,,,,,,,,,,,,,,,,,,,,,,,,,,,,,,,,,,,,,,,,,,0.2,378.3741,358.8381,342.5373,328.8875,317.4724,307.9787,300.1542,293.7827,288.6696,284.6353,281.5129,279.15,277.4097,276.1728,275.3379,274.8211,274.5541,274.481,274.5562,274.7406,402.0,272.0,765.1401,318.60900000000004,2240.1387,18.409099999999967
2053,2053,2053.0,2053.0,2053.0,2053.0,2053.0,2053.0,2053.0,2053.0,2053.0,2053.0,2053.0,2053.0,2053.0,2053.0,2053.0,2053.0,2053.0,2053.0,2053.0,,,,,,,,,,,,,,,,,,,,,,,,,,,,,,,,,,,,,,,,,,,,,,,,,,,,,,,,0.3,379.5963,361.2432,346.0314,333.3205,322.6472,313.6663,306.1136,299.7796,294.4926,290.1071,286.4952,283.5421,281.1429,279.2006,277.6262,276.3389,275.2665,274.3459,273.5238,272.7547,401.0,272.0,1083.7491,298.92920000000004,1921.5297,18.409099999999967
2054,2054,2054.0,2054.0,2054.0,2054.0,2054.0,2054.0,2054.0,2054.0,2054.0,2054.0,2054.0,2054.0,2054.0,2054.0,2054.0,2054.0,2054.0,2054.0,2054.0,,,,,,,,,,,,,,,,,,,,,,,,,,,,,,,,,,,,,,,,,,,,,,,,,,,,,,,,0.4,379.3522,361.6993,347.1283,334.9877,324.8004,316.2091,308.9404,302.7809,297.5597,293.1374,289.3968,286.2377,283.5723,281.3227,279.4188,277.7967,276.3978,275.1681,274.0569,273.0163,400.0,272.0,1382.6783,285.2825,1622.6005,18.409099999999967
2055,2055,2055.0,2055.0,2055.0,2055.0,2055.0,2055.0,2055.0,2055.0,2055.0,2055.0,2055.0,2055.0,2055.0,2055.0,2055.0,2055.0,2055.0,2055.0,2055.0,,,,,,,,,,,,,,,,,,,,,,,,,,,,,,,,,,,,,,,,,,,,,,,,,,,,,,,,0.5,378.8151,361.5773,347.3818,335.5782,325.6872,317.3478,310.2829,304.2762,299.1556,294.7817,291.0398,287.8332,285.0794,282.706,280.6492,278.8512,277.2591,275.8237,274.4982,273.2382,399.0,274.0,1667.9608,275.6172999999999,1337.318,18.409099999999967
2056,2056,2056.0,2056.0,2056.0,2056.0,2056.0,2056.0,2056.0,2056.0,2056.0,2056.0,2056.0,2056.0,2056.0,2056.0,2056.0,2056.0,2056.0,2056.0,2056.0,,,,,,,,,,,,,,,,,,,,,,,,,,,,,,,,,,,,,,,,,,,,,,,,,,,,,,,,0.6,378.1495,361.2003,347.2588,335.6804,325.9879,317.821,310.9025,305.016,299.9901,295.6874,291.9965,288.8261,286.1006,283.7566,281.7398,280.0022,278.5,277.191,276.0331,274.984,399.0,273.0,1943.5781,268.3027,1061.7007,18.409099999999967
2057,2057,2057.0,2057.0,2057.0,2057.0,2057.0,2057.0,2057.0,2057.0,2057.0,2057.0,2057.0,2057.0,2057.0,2057.0,2057.0,2057.0,2057.0,2057.0,2057.0,,,,,,,,,,,,,,,,,,,,,,,,,,,,,,,,,,,,,,,,,,,,,,,,,,,,,,,,0.7,378.188,361.2806,347.386,335.8607,326.2274,318.1244,311.2721,305.4509,300.4858,296.2351,292.5828,289.4319,286.7005,284.3182,282.2231,280.361,278.6831,277.1459,275.7098,274.339,403.0,273.0,2211.8808,266.78160000000025,793.3980000000001,18.409099999999967
2058,2058,2058.0,2058.0,2058.0,2058.0,2058.0,2058.0,2058.0,2058.0,2058.0,2058.0,2058.0,2058.0,2058.0,2058.0,2058.0,2058.0,2058.0,2058.0,2058.0,,,,,,,,,,,,,,,,,,,,,,,,,,,,,,,,,,,,,,,,,,,,,,,,,,,,,,,,0.8,381.2807,363.661,349.206,337.2449,327.2806,318.9342,311.9094,305.9706,300.9276,296.6252,292.9363,289.7554,286.995,284.5813,282.4518,280.5522,278.8353,277.2588,275.7841,274.3758,401.0,275.0,2478.6624,265.3278999999998,526.6163999999999,18.409099999999967
2059,2059,2059.0,2059.0,2059.0,2059.0,2059.0,2059.0,2059.0,2059.0,2059.0,2059.0,2059.0,2059.0,2059.0,2059.0,2059.0,2059.0,2059.0,2059.0,2059.0,,,,,,,,,,,,,,,,,,,,,,,,,,,,,,,,,,,,,,,,,,,,,,,,,,,,,,,,0.9,379.8741,362.7418,348.6817,337.03,327.2963,319.1099,312.1864,306.3033,301.2846,296.9886,293.3007,290.1266,287.389,285.0232,282.9752,281.1982,279.6508,278.2944,277.0918,276.006,401.0,275.0,2743.9903,261.2885000000001,261.2885000000001,18.409099999999967
2060,2060,2060.0,2060.0,2060.0,2060.0,2060.0,2060.0,2060.0,2060.0,2060.0,2060.0,2060.0,2060.0,2060.0,2060.0,2060.0,2060.0,2060.0,2060.0,2060.0,,,,,,,,,,,,,,,,,,,,,,,,,,,,,,,,,,,,,,,,,,,,,,,,,,,,,,,,0.0,273.0,273.0,273.0,273.0,273.0,273.0,273.0,273.0,273.0,273.0,273.0,273.0,273.0,273.0,273.0,273.0,273.0,273.0,273.0,273.0,401.0,272.0,0.0,415.7341,3026.7624,18.6361
2061,2061,2061.0,2061.0,2061.0,2061.0,2061.0,2061.0,2061.0,2061.0,2061.0,2061.0,2061.0,2061.0,2061.0,2061.0,2061.0,2061.0,2061.0,2061.0,2061.0,,,,,,,,,,,,,,,,,,,,,,,,,,,,,,,,,,,,,,,,,,,,,,,,,,,,,,,,0.1,373.786,350.9184,331.8676,316.2968,303.9091,294.3689,287.2828,282.2177,278.7373,276.4379,274.9749,274.074,273.5303,273.1997,272.9857,272.8269,272.6857,272.5408,272.381,272.2011,403.0,271.0,415.7341,353.5375,2611.0283,18.6361
2062,2062,2062.0,2062.0,2062.0,2062.0,2062.0,2062.0,2062.0,2062.0,2062.0,2062.0,2062.0,2062.0,2062.0,2062.0,2062.0,2062.0,2062.0,2062.0,2062.0,,,,,,,,,,,,,,,,,,,,,,,,,,,,,,,,,,,,,,,,,,,,,,,,,,,,,,,,0.2,379.1396,359.4173,342.9667,329.1965,317.6851,308.1143,300.2269,293.8011,288.6359,284.5439,281.35,278.8917,277.0208,275.6058,274.5324,273.7046,273.0436,272.4867,271.9848,271.4996,402.0,273.0,769.2716,325.0083,2257.4908,18.6361
2063,2063,2063.0,2063.0,2063.0,2063.0,2063.0,2063.0,2063.0,2063.0,2063.0,2063.0,2063.0,2063.0,2063.0,2063.0,2063.0,2063.0,2063.0,2063.0,2063.0,,,,,,,,,,,,,,,,,,,,,,,,,,,,,,,,,,,,,,,,,,,,,,,,,,,,,,,,0.3,379.6165,361.2803,346.079,333.3696,322.6865,313.6838,306.0969,299.7174,294.3754,289.9284,286.2536,283.2432,280.8016,278.8433,277.292,276.0785,275.1401,274.4179,273.8565,273.4017,402.0,274.0,1094.2799,300.36030000000005,1932.4825,18.6361
2064,2064,2064.0,2064.0,2064.0,2064.0,2064.0,2064.0,2064.0,2064.0,2064.0,2064.0,2064.0,2064.0,2064.0,2064.0,2064.0,2064.0,2064.0,2064.0,2064.0,,,,,,,,,,,,,,,,,,,,,,,,,,,,,,,,,,,,,,,,,,,,,,,,,,,,,,,,0.4,380.1147,362.272,347.5472,335.2817,324.9934,316.3214,308.9896,302.7828,297.5297,293.0915,289.3535,286.2191,283.6057,281.4411,279.6611,278.2075,277.0258,276.0643,275.2726,274.601,403.0,271.0,1394.6402,284.9677999999999,1632.1222,18.6361
2065,2065,2065.0,2065.0,2065.0,2065.0,2065.0,2065.0,2065.0,2065.0,2065.0,2065.0,2065.0,2065.0,2065.0,2065.0,2065.0,2065.0,2065.0,2065.0,2065.0,,,,,,,,,,,,,,,,,,,,,,,,,,,,,,,,,,,,,,,,,,,,,,,,,,,,,,,,0.5,381.1327,363.3567,348.7323,336.5881,326.4302,317.8861,310.6693,304.5542,299.3604,294.9402,291.1704,287.9456,285.1739,282.7733,280.6699,278.7966,277.093,275.5056,273.9875,272.4978,400.0,273.0,1679.608,277.5018,1347.1544,18.6361
2066,2066,2066.0,2066.0,2066.0,2066.0,2066.0,2066.0,2066.0,2066.0,2066.0,2066.0,2066.0,2066.0,2066.0,2066.0,2066.0,2066.0,2066.0,2066.0,2066.0,,,,,,,,,,,,,,,,,,,,,,,,,,,,,,,,,,,,,,,,,,,,,,,,,,,,,,,,0.6,379.0001,361.9432,347.9183,336.2691,326.5112,318.2803,311.2978,305.347,300.257,295.8905,292.1355,288.8993,286.1042,283.684,281.5815,279.7461,278.1312,276.6928,275.3875,274.1713,402.0,273.0,1957.1098,270.92960000000016,1069.6526,18.6361
2067,2067,2067.0,2067.0,2067.0,2067.0,2067.0,2067.0,2067.0,2067.0,2067.0,2067.0,2067.0,2067.0,2067.0,2067.0,2067.0,2067.0,2067.0,2067.0,2067.0,,,,,,,,,,,,,,,,,,,,,,,,,,,,,,,,,,,,,,,,,,,,,,,,,,,,,,,,0.7,380.5349,363.1164,348.8172,336.9705,327.0828,318.7792,311.7691,305.8234,300.7586,296.4266,292.7063,289.4979,286.718,284.296,282.1713,280.2906,278.6063,277.0747,275.6553,274.3095,402.0,273.0,2228.0394,267.8874999999998,798.723,18.6361
2068,2068,2068.0,2068.0,2068.0,2068.0,2068.0,2068.0,2068.0,2068.0,2068.0,2068.0,2068.0,2068.0,2068.0,2068.0,2068.0,2068.0,2068.0,2068.0,2068.0,,,,,,,,,,,,,,,,,,,,,,,,,,,,,,,,,,,,,,,,,,,,,,,,,,,,,,,,0.8,380.6096,363.2627,349.0287,337.2378,327.395,319.1253,312.1391,306.2088,301.1525,296.8233,293.1005,289.8842,287.0903,284.6473,282.494,280.5764,278.847,277.2629,275.7846,274.3753,401.0,272.0,2495.9269,266.1014,530.8355000000001,18.6361
2069,2069,2069.0,2069.0,2069.0,2069.0,2069.0,2069.0,2069.0,2069.0,2069.0,2069.0,2069.0,2069.0,2069.0,2069.0,2069.0,2069.0,2069.0,2069.0,2069.0,,,,,,,,,,,,,,,,,,,,,,,,,,,,,,,,,,,,,,,,,,,,,,,,,,,,,,,,0.9,379.878,362.7507,348.6975,337.0548,327.3314,319.1553,312.2399,306.3599,301.336,297.0226,293.2999,290.0674,287.24,284.7438,282.5148,280.4964,278.6388,276.8977,275.2339,273.6122,400.0,274.0,2762.0283,264.7341000000001,264.7341000000001,18.6361
2070,2070,2070.0,2070.0,2070.0,2070.0,2070.0,2070.0,2070.0,2070.0,2070.0,2070.0,2070.0,2070.0,2070.0,2070.0,2070.0,2070.0,2070.0,2070.0,2070.0,,,,,,,,,,,,,,,,,,,,,,,,,,,,,,,,,,,,,,,,,,,,,,,,,,,,,,,,0.0,273.0,273.0,273.0,273.0,273.0,273.0,273.0,273.0,273.0,273.0,273.0,273.0,273.0,273.0,273.0,273.0,273.0,273.0,273.0,273.0,403.0,273.0,0.0,415.0748,2998.1016,18.713799999999992
2071,2071,2071.0,2071.0,2071.0,2071.0,2071.0,2071.0,2071.0,2071.0,2071.0,2071.0,2071.0,2071.0,2071.0,2071.0,2071.0,2071.0,2071.0,2071.0,2071.0,,,,,,,,,,,,,,,,,,,,,,,,,,,,,,,,,,,,,,,,,,,,,,,,,,,,,,,,0.1,375.3281,352.0964,332.7526,316.9468,304.3738,294.6917,287.5009,282.3621,278.8334,276.5065,275.0331,274.1371,273.6137,273.3196,273.1607,273.0781,273.0366,273.0166,273.0071,273.0026,401.0,272.0,415.0748,350.8509,2583.0268,18.713799999999992
2072,2072,2072.0,2072.0,2072.0,2072.0,2072.0,2072.0,2072.0,2072.0,2072.0,2072.0,2072.0,2072.0,2072.0,2072.0,2072.0,2072.0,2072.0,2072.0,2072.0,,,,,,,,,,,,,,,,,,,,,,,,,,,,,,,,,,,,,,,,,,,,,,,,,,,,,,,,0.2,377.6624,358.3621,342.251,328.7479,317.4392,308.0154,300.2291,293.8693,288.7459,284.6819,281.5109,279.0771,277.2378,275.8651,274.8473,274.0901,273.5161,273.0633,272.6835,272.3391,402.0,276.0,765.9257,320.80729999999994,2232.1759,18.713799999999992
2073,2073,2073.0,2073.0,2073.0,2073.0,2073.0,2073.0,2073.0,2073.0,2073.0,2073.0,2073.0,2073.0,2073.0,2073.0,2073.0,2073.0,2073.0,2073.0,2073.0,,,,,,,,,,,,,,,,,,,,,,,,,,,,,,,,,,,,,,,,,,,,,,,,,,,,,,,,0.3,379.5843,361.2201,345.999,333.2809,322.602,313.616,306.0575,299.7166,294.4229,290.0342,286.43,283.507,281.1758,279.3589,277.9886,277.0047,276.3521,275.978,275.8301,275.8555,403.0,274.0,1086.733,295.23860000000013,1911.3686,18.713799999999992
2074,2074,2074.0,2074.0,2074.0,2074.0,2074.0,2074.0,2074.0,2074.0,2074.0,2074.0,2074.0,2074.0,2074.0,2074.0,2074.0,2074.0,2074.0,2074.0,2074.0,,,,,,,,,,,,,,,,,,,,,,,,,,,,,,,,,,,,,,,,,,,,,,,,,,,,,,,,0.4,380.8784,362.8496,347.9792,335.6032,325.236,316.5138,309.1579,302.9498,297.7148,293.3101,289.6163,286.5313,283.9657,281.8399,280.082,278.6267,277.4143,276.3913,275.5095,274.7255,400.0,273.0,1381.9716,280.85439999999994,1616.13,18.713799999999992
2075,2075,2075.0,2075.0,2075.0,2075.0,2075.0,2075.0,2075.0,2075.0,2075.0,2075.0,2075.0,2075.0,2075.0,2075.0,2075.0,2075.0,2075.0,2075.0,2075.0,,,,,,,,,,,,,,,,,,,,,,,,,,,,,,,,,,,,,,,,,,,,,,,,,,,,,,,,0.5,378.8712,361.6863,347.5371,335.7712,325.9089,317.5906,310.5421,304.5508,299.4485,295.0991,291.3898,288.2247,285.5207,283.2039,281.2083,279.4742,277.9475,276.5793,275.3252,274.1446,403.0,274.0,1662.826,273.2809,1335.2756,18.713799999999992
2076,2076,2076.0,2076.0,2076.0,2076.0,2076.0,2076.0,2076.0,2076.0,2076.0,2076.0,2076.0,2076.0,2076.0,2076.0,2076.0,2076.0,2076.0,2076.0,2076.0,,,,,,,,,,,,,,,,,,,,,,,,,,,,,,,,,,,,,,,,,,,,,,,,,,,,,,,,0.6,381.2352,363.5665,349.0567,337.0341,327.0025,318.5851,311.4896,305.4851,300.3863,296.0435,292.3344,289.1584,286.4319,284.0852,282.0584,280.2998,278.7627,277.4044,276.184,275.0622,403.0,271.0,1936.1069,269.8248000000001,1061.9947,18.713799999999992
2077,2077,2077.0,2077.0,2077.0,2077.0,2077.0,2077.0,2077.0,2077.0,2077.0,2077.0,2077.0,2077.0,2077.0,2077.0,2077.0,2077.0,2077.0,2077.0,2077.0,,,,,,,,,,,,,,,,,,,,,,,,,,,,,,,,,,,,,,,,,,,,,,,,,,,,,,,,0.7,381.3674,363.8256,349.4311,337.5071,327.5539,319.1937,312.1346,306.1471,301.0467,296.6829,292.9304,289.6824,286.8468,284.3422,282.0966,280.0459,278.1335,276.3109,274.5366,272.7761,399.0,275.0,2205.9317,267.54320000000007,792.1698999999999,18.713799999999992
2078,2078,2078.0,2078.0,2078.0,2078.0,2078.0,2078.0,2078.0,2078.0,2078.0,2078.0,2078.0,2078.0,2078.0,2078.0,2078.0,2078.0,2078.0,2078.0,2078.0,,,,,,,,,,,,,,,,,,,,,,,,,,,,,,,,,,,,,,,,,,,,,,,,,,,,,,,,0.8,378.3636,361.6224,347.8749,336.4688,326.9217,318.8703,312.0367,306.2057,301.2083,296.9101,293.2032,290.0001,287.2299,284.8343,282.7651,280.9809,279.4438,278.1168,276.9615,275.937,402.0,274.0,2473.4749,262.54050000000007,524.6266999999998,18.713799999999992
2079,2079,2079.0,2079.0,2079.0,2079.0,2079.0,2079.0,2079.0,2079.0,2079.0,2079.0,2079.0,2079.0,2079.0,2079.0,2079.0,2079.0,2079.0,2079.0,2079.0,,,,,,,,,,,,,,,,,,,,,,,,,,,,,,,,,,,,,,,,,,,,,,,,,,,,,,,,0.9,380.5842,363.2182,348.9763,337.1927,327.3733,319.1421,312.2064,306.3347,301.3414,297.0763,293.4171,290.2628,287.5293,285.1457,283.0513,281.1935,279.5259,278.0075,276.6019,275.2761,400.0,272.0,2736.0154,262.08619999999974,262.08619999999974,18.713799999999992
2080,2080,2080.0,2080.0,2080.0,2080.0,2080.0,2080.0,2080.0,2080.0,2080.0,2080.0,2080.0,2080.0,2080.0,2080.0,2080.0,2080.0,2080.0,2080.0,2080.0,,,,,,,,,,,,,,,,,,,,,,,,,,,,,,,,,,,,,,,,,,,,,,,,,,,,,,,,0.0,273.0,273.0,273.0,273.0,273.0,273.0,273.0,273.0,273.0,273.0,273.0,273.0,273.0,273.0,273.0,273.0,273.0,273.0,273.0,273.0,403.0,272.0,0.0,415.5701,3011.4854,18.81279999999998
2081,2081,2081.0,2081.0,2081.0,2081.0,2081.0,2081.0,2081.0,2081.0,2081.0,2081.0,2081.0,2081.0,2081.0,2081.0,2081.0,2081.0,2081.0,2081.0,2081.0,,,,,,,,,,,,,,,,,,,,,,,,,,,,,,,,,,,,,,,,,,,,,,,,,,,,,,,,0.1,375.3281,352.0964,332.7525,316.9465,304.3732,294.6905,287.4984,282.3573,278.8245,276.4905,275.0055,274.0911,273.5396,273.2045,272.9882,272.8281,272.6863,272.5411,272.3811,272.2012,403.0,273.0,415.5701,352.2594,2595.9153,18.81279999999998
2082,2082,2082.0,2082.0,2082.0,2082.0,2082.0,2082.0,2082.0,2082.0,2082.0,2082.0,2082.0,2082.0,2082.0,2082.0,2082.0,2082.0,2082.0,2082.0,2082.0,,,,,,,,,,,,,,,,,,,,,,,,,,,,,,,,,,,,,,,,,,,,,,,,,,,,,,,,0.2,379.1949,359.5235,343.115,329.3747,317.8795,308.312,300.4175,293.9782,288.7979,284.695,281.4999,279.0564,277.223,275.8747,274.9047,274.2231,273.7565,273.4455,273.2416,273.1047,403.0,271.0,767.8295,322.9033999999999,2243.6559,18.81279999999998
2083,2083,2083.0,2083.0,2083.0,2083.0,2083.0,2083.0,2083.0,2083.0,2083.0,2083.0,2083.0,2083.0,2083.0,2083.0,2083.0,2083.0,2083.0,2083.0,2083.0,,,,,,,,,,,,,,,,,,,,,,,,,,,,,,,,,,,,,,,,,,,,,,,,,,,,,,,,0.3,380.4009,361.8977,346.5665,333.7573,322.9993,313.9427,306.3192,299.9164,294.5603,290.1037,286.4177,283.3871,280.9067,278.8805,277.22,275.8449,274.6829,273.6703,272.7509,271.8756,403.0,273.0,1090.7329,302.26070000000004,1920.7525,18.81279999999998
2084,2084,2084.0,2084.0,2084.0,2084.0,2084.0,2084.0,2084.0,2084.0,2084.0,2084.0,2084.0,2084.0,2084.0,2084.0,2084.0,2084.0,2084.0,2084.0,2084.0,,,,,,,,,,,,,,,,,,,,,,,,,,,,,,,,,,,,,,,,,,,,,,,,,,,,,,,,0.4,380.9157,362.9205,348.0763,335.7155,325.3496,316.6128,309.2252,302.9679,297.6663,293.1784,289.387,286.193,283.5122,281.2712,279.4053,277.8561,276.569,275.4918,274.5728,273.7597,401.0,274.0,1392.9936,285.2583,1618.4918,18.81279999999998
2085,2085,2085.0,2085.0,2085.0,2085.0,2085.0,2085.0,2085.0,2085.0,2085.0,2085.0,2085.0,2085.0,2085.0,2085.0,2085.0,2085.0,2085.0,2085.0,2085.0,,,,,,,,,,,,,,,,,,,,,,,,,,,,,,,,,,,,,,,,,,,,,,,,,,,,,,,,0.5,379.6393,362.2694,347.97,336.0807,326.1157,317.7108,310.5881,304.5319,299.3723,294.973,291.2229,288.0298,285.3157,283.0137,281.0646,279.4154,278.0167,276.8216,275.7841,274.8587,401.0,274.0,1678.2519,273.6587999999999,1333.2335,18.81279999999998
2086,2086,2086.0,2086.0,2086.0,2086.0,2086.0,2086.0,2086.0,2086.0,2086.0,2086.0,2086.0,2086.0,2086.0,2086.0,2086.0,2086.0,2086.0,2086.0,2086.0,,,,,,,,,,,,,,,,,,,,,,,,,,,,,,,,,,,,,,,,,,,,,,,,,,,,,,,,0.6,379.7261,362.448,348.2482,336.467,326.617,318.3303,311.3235,305.3753,300.3096,295.9849,292.2859,289.1167,286.3971,284.0583,282.0406,280.2908,278.7611,277.4074,276.1885,275.0653,401.0,273.0,1951.9107,267.87490000000025,1059.5747,18.81279999999998
2087,2087,2087.0,2087.0,2087.0,2087.0,2087.0,2087.0,2087.0,2087.0,2087.0,2087.0,2087.0,2087.0,2087.0,2087.0,2087.0,2087.0,2087.0,2087.0,2087.0,,,,,,,,,,,,,,,,,,,,,,,,,,,,,,,,,,,,,,,,,,,,,,,,,,,,,,,,0.7,379.7906,362.5782,348.4453,336.7315,326.9483,318.7257,311.7783,305.882,300.8576,296.5603,292.8709,289.6897,286.9323,284.5259,282.407,280.5198,278.8147,277.2476,275.7793,274.3742,402.0,274.0,2219.7856,265.7662999999998,791.6997999999999,18.81279999999998
2088,2088,2088.0,2088.0,2088.0,2088.0,2088.0,2088.0,2088.0,2088.0,2088.0,2088.0,2088.0,2088.0,2088.0,2088.0,2088.0,2088.0,2088.0,2088.0,2088.0,,,,,,,,,,,,,,,,,,,,,,,,,,,,,,,,,,,,,,,,,,,,,,,,,,,,,,,,0.8,380.5948,363.2356,348.9936,337.2009,327.363,319.1049,312.136,306.2274,301.1961,296.8943,293.2012,290.0178,287.2618,284.8644,282.7675,280.9208,279.28,277.8046,276.4568,275.2004,401.0,273.0,2485.5519,263.7800000000002,525.9335000000001,18.81279999999998
2089,2089,2089.0,2089.0,2089.0,2089.0,2089.0,2089.0,2089.0,2089.0,2089.0,2089.0,2089.0,2089.0,2089.0,2089.0,2089.0,2089.0,2089.0,2089.0,2089.0,,,,,,,,,,,,,,,,,,,,,,,,,,,,,,,,,,,,,,,,,,,,,,,,,,,,,,,,0.9,379.8784,362.7521,348.701,337.0623,327.3452,319.1783,312.2753,306.4116,301.4084,297.1206,293.4291,290.2345,287.4523,285.01,282.8448,280.9014,279.1313,277.492,275.9456,274.4585,400.0,275.0,2749.3319,262.1534999999999,262.1534999999999,18.81279999999998
2090,2090,2090.0,2090.0,2090.0,2090.0,2090.0,2090.0,2090.0,2090.0,2090.0,2090.0,2090.0,2090.0,2090.0,2090.0,2090.0,2090.0,2090.0,2090.0,2090.0,,,,,,,,,,,,,,,,,,,,,,,,,,,,,,,,,,,,,,,,,,,,,,,,,,,,,,,,0.0,273.0,273.0,273.0,273.0,273.0,273.0,273.0,273.0,273.0,273.0,273.0,273.0,273.0,273.0,273.0,273.0,273.0,273.0,273.0,273.0,403.0,273.0,0.0,415.0748,3020.9897,18.490999999999985
2091,2091,2091.0,2091.0,2091.0,2091.0,2091.0,2091.0,2091.0,2091.0,2091.0,2091.0,2091.0,2091.0,2091.0,2091.0,2091.0,2091.0,2091.0,2091.0,2091.0,,,,,,,,,,,,,,,,,,,,,,,,,,,,,,,,,,,,,,,,,,,,,,,,,,,,,,,,0.1,375.3281,352.0964,332.7526,316.9468,304.3738,294.6917,287.5009,282.3621,278.8334,276.5065,275.0331,274.1371,273.6137,273.3196,273.1607,273.0781,273.0366,273.0166,273.0071,273.0026,403.0,272.0,415.0748,351.1641,2605.9149,18.490999999999985
2092,2092,2092.0,2092.0,2092.0,2092.0,2092.0,2092.0,2092.0,2092.0,2092.0,2092.0,2092.0,2092.0,2092.0,2092.0,2092.0,2092.0,2092.0,2092.0,2092.0,,,,,,,,,,,,,,,,,,,,,,,,,,,,,,,,,,,,,,,,,,,,,,,,,,,,,,,,0.2,379.1959,359.5256,343.1187,329.3806,317.8886,308.3252,300.4359,294.0029,288.8292,284.7321,281.54,279.0935,277.2467,275.8698,274.8497,274.0913,273.5166,273.0635,272.6835,272.3391,401.0,272.0,766.2389,322.5893,2254.7508000000003,18.490999999999985
2093,2093,2093.0,2093.0,2093.0,2093.0,2093.0,2093.0,2093.0,2093.0,2093.0,2093.0,2093.0,2093.0,2093.0,2093.0,2093.0,2093.0,2093.0,2093.0,2093.0,,,,,,,,,,,,,,,,,,,,,,,,,,,,,,,,,,,,,,,,,,,,,,,,,,,,,,,,0.3,378.8712,360.7412,345.708,333.135,322.5611,313.6437,306.1221,299.7911,294.4837,290.0595,286.3963,283.3853,280.9283,278.9357,277.3259,276.0249,274.9655,274.0867,273.3332,272.6537,402.0,275.0,1088.8282,299.6508000000001,1932.1615,18.490999999999985
2094,2094,2094.0,2094.0,2094.0,2094.0,2094.0,2094.0,2094.0,2094.0,2094.0,2094.0,2094.0,2094.0,2094.0,2094.0,2094.0,2094.0,2094.0,2094.0,2094.0,,,,,,,,,,,,,,,,,,,,,,,,,,,,,,,,,,,,,,,,,,,,,,,,,,,,,,,,0.4,380.0998,362.2443,347.5108,335.2419,324.9558,316.291,308.97,302.7761,297.5365,293.1116,289.3873,286.2689,283.677,281.5444,279.8123,278.4282,277.3428,276.5076,275.8732,275.3883,399.0,272.0,1388.479,282.05669999999986,1632.5107,18.490999999999985
2095,2095,2095.0,2095.0,2095.0,2095.0,2095.0,2095.0,2095.0,2095.0,2095.0,2095.0,2095.0,2095.0,2095.0,2095.0,2095.0,2095.0,2095.0,2095.0,2095.0,,,,,,,,,,,,,,,,,,,,,,,,,,,,,,,,,,,,,,,,,,,,,,,,,,,,,,,,0.5,378.0705,361.0384,347.0079,335.3348,325.5449,317.2824,310.2763,304.3162,299.2359,294.9004,291.1977,288.0313,285.3166,282.9771,280.943,279.1506,277.542,276.0653,274.6752,273.3318,403.0,273.0,1670.5357,275.2191,1350.4540000000002,18.490999999999985
2096,2096,2096.0,2096.0,2096.0,2096.0,2096.0,2096.0,2096.0,2096.0,2096.0,2096.0,2096.0,2096.0,2096.0,2096.0,2096.0,2096.0,2096.0,2096.0,2096.0,,,,,,,,,,,,,,,,,,,,,,,,,,,,,,,,,,,,,,,,,,,,,,,,,,,,,,,,0.6,381.1941,363.4863,348.9417,336.8904,326.8368,318.4039,311.2981,305.2864,300.1812,295.8302,292.1085,288.9132,286.1587,283.7734,281.6958,279.8726,278.2558,276.8015,275.4678,274.214,404.0,271.0,1945.7548,272.51469999999995,1075.2349000000002,18.490999999999985
2097,2097,2097.0,2097.0,2097.0,2097.0,2097.0,2097.0,2097.0,2097.0,2097.0,2097.0,2097.0,2097.0,2097.0,2097.0,2097.0,2097.0,2097.0,2097.0,2097.0,,,,,,,,,,,,,,,,,,,,,,,,,,,,,,,,,,,,,,,,,,,,,,,,,,,,,,,,0.7,382.1134,364.3666,349.8053,337.7456,327.6831,319.2361,312.1089,306.0681,300.926,296.5292,292.7505,289.4822,286.6321,284.1199,281.875,279.835,277.9447,276.1558,274.4261,272.7186,399.0,274.0,2218.2695,269.61889999999994,802.7202000000002,18.490999999999985
2098,2098,2098.0,2098.0,2098.0,2098.0,2098.0,2098.0,2098.0,2098.0,2098.0,2098.0,2098.0,2098.0,2098.0,2098.0,2098.0,2098.0,2098.0,2098.0,2098.0,,,,,,,,,,,,,,,,,,,,,,,,,,,,,,,,,,,,,,,,,,,,,,,,,,,,,,,,0.8,378.3775,361.6479,347.9073,336.5022,326.9493,318.8856,312.0343,306.1815,301.1595,296.8346,293.099,289.8643,287.0574,284.6176,282.4931,280.6388,279.0136,277.5778,276.2915,275.1132,403.0,271.0,2487.8884,265.9683,533.1013000000003,18.490999999999985
2099,2099,2099.0,2099.0,2099.0,2099.0,2099.0,2099.0,2099.0,2099.0,2099.0,2099.0,2099.0,2099.0,2099.0,2099.0,2099.0,2099.0,2099.0,2099.0,2099.0,,,,,,,,,,,,,,,,,,,,,,,,,,,,,,,,,,,,,,,,,,,,,,,,,,,,,,,,0.9,381.3479,363.7938,349.4006,337.4949,327.5772,319.2664,312.265,306.3365,301.2901,296.9697,293.2463,290.0119,287.1743,284.6538,282.3805,280.2929,278.337,276.4664,274.6414,272.8288,400.0,272.0,2753.8567,267.13300000000027,267.13300000000027,18.490999999999985
2100,2100,2100.0,2100.0,2100.0,2100.0,2100.0,2100.0,2100.0,2100.0,2100.0,2100.0,2100.0,2100.0,2100.0,2100.0,2100.0,2100.0,2100.0,2100.0,,,,,,,,,,,,,,,,,,,,,,,,,,,,,,,,,,,,,,,,,,,,,,,,,,,,,,,,,0.0,273.0,273.0,273.0,273.0,273.0,273.0,273.0,273.0,273.0,273.0,273.0,273.0,273.0,273.0,273.0,273.0,273.0,273.0,273.0,273.0,236.0,473.0,0.0,401.1147,1692.7258000000002,-20.0
2101,2101,2101.0,2101.0,2101.0,2101.0,2101.0,2101.0,2101.0,2101.0,2101.0,2101.0,2101.0,2101.0,2101.0,2101.0,2101.0,2101.0,2101.0,2101.0,,,,,,,,,,,,,,,,,,,,,,,,,,,,,,,,,,,,,,,,,,,,,,,,,,,,,,,,,0.1,243.2347,249.6991,255.2966,259.9858,263.7921,266.8098,269.1978,271.1744,273.0157,275.0614,277.7248,281.5024,286.9747,294.7911,305.6372,320.1914,339.0918,362.9474,392.4364,428.5419,236.0,471.0,401.1147,240.9654,1291.6111,-27.240200000000016
2102,2102,2102.0,2102.0,2102.0,2102.0,2102.0,2102.0,2102.0,2102.0,2102.0,2102.0,2102.0,2102.0,2102.0,2102.0,2102.0,2102.0,2102.0,2102.0,,,,,,,,,,,,,,,,,,,,,,,,,,,,,,,,,,,,,,,,,,,,,,,,,,,,,,,,,0.2,242.0657,247.5469,252.5077,257.0256,261.198,265.1478,269.0257,273.012,277.3155,282.1712,287.8362,294.5862,302.7129,312.5259,324.3621,338.6077,355.7376,376.383,401.4434,432.2716,231.0,472.0,642.0801,187.2155,1050.6457,-30.05219999999997
2103,2103,2103.0,2103.0,2103.0,2103.0,2103.0,2103.0,2103.0,2103.0,2103.0,2103.0,2103.0,2103.0,2103.0,2103.0,2103.0,2103.0,2103.0,2103.0,,,,,,,,,,,,,,,,,,,,,,,,,,,,,,,,,,,,,,,,,,,,,,,,,,,,,,,,,0.3,238.0609,244.499,250.406,255.8845,261.0509,266.0366,270.9878,276.0641,281.4368,287.2882,293.8132,301.222,309.7474,319.6555,331.2631,344.9651,361.2748,380.8885,404.7891,434.4206,239.0,473.0,829.2956,161.07439999999997,863.4301999999999,-30.413399999999967
2104,2104,2104.0,2104.0,2104.0,2104.0,2104.0,2104.0,2104.0,2104.0,2104.0,2104.0,2104.0,2104.0,2104.0,2104.0,2104.0,2104.0,2104.0,2104.0,,,,,,,,,,,,,,,,,,,,,,,,,,,,,,,,,,,,,,,,,,,,,,,,,,,,,,,,,0.4,244.6272,249.8067,254.6826,259.3875,264.0414,268.7546,273.6315,278.7772,284.3039,290.337,297.0217,304.5297,313.0676,322.8887,334.3094,347.7356,363.7014,382.9312,406.4415,435.7126,251.0,472.0,990.37,132.13530000000003,702.3557999999999,-29.04540000000003
2105,2105,2105.0,2105.0,2105.0,2105.0,2105.0,2105.0,2105.0,2105.0,2105.0,2105.0,2105.0,2105.0,2105.0,2105.0,2105.0,2105.0,2105.0,2105.0,,,,,,,,,,,,,,,,,,,,,,,,,,,,,,,,,,,,,,,,,,,,,,,,,,,,,,,,,0.5,254.7933,258.3424,261.8044,265.3165,268.9929,272.928,277.2018,281.8891,287.0688,292.833,299.296,306.6022,314.936,324.5338,335.7003,348.8348,364.4686,383.3263,406.4236,435.2357,260.0,473.0,1122.5053,104.22360000000003,570.2204999999999,-26.322000000000003
2106,2106,2106.0,2106.0,2106.0,2106.0,2106.0,2106.0,2106.0,2106.0,2106.0,2106.0,2106.0,2106.0,2106.0,2106.0,2106.0,2106.0,2106.0,2106.0,,,,,,,,,,,,,,,,,,,,,,,,,,,,,,,,,,,,,,,,,,,,,,,,,,,,,,,,,0.6,262.7214,265.3302,267.9611,270.7327,273.7456,277.0847,280.8237,285.0331,289.7879,295.1766,301.3096,308.3277,316.4126,325.7988,336.7909,349.7892,365.3275,384.1341,407.2304,436.1009,265.0,473.0,1226.7289,82.9695999999999,465.9968999999999,-23.715300000000013
2107,2107,2107.0,2107.0,2107.0,2107.0,2107.0,2107.0,2107.0,2107.0,2107.0,2107.0,2107.0,2107.0,2107.0,2107.0,2107.0,2107.0,2107.0,2107.0,,,,,,,,,,,,,,,,,,,,,,,,,,,,,,,,,,,,,,,,,,,,,,,,,,,,,,,,,0.7,267.3508,269.6498,272.0027,274.5059,277.2464,280.3033,283.7507,287.6639,292.1247,297.2283,303.0907,309.8564,317.7087,326.8819,337.6795,350.4998,365.8744,384.5299,407.486,436.2256,172.0,472.0,1309.6985,110.7265,383.0273,-22.14670000000001
2108,2108,2108.0,2108.0,2108.0,2108.0,2108.0,2108.0,2108.0,2108.0,2108.0,2108.0,2108.0,2108.0,2108.0,2108.0,2108.0,2108.0,2108.0,2108.0,,,,,,,,,,,,,,,,,,,,,,,,,,,,,,,,,,,,,,,,,,,,,,,,,,,,,,,,,0.8,192.5069,211.331,228.1342,242.7554,255.2283,265.7621,274.6966,282.4478,289.4573,296.1555,302.9421,310.1842,318.2273,327.4167,338.1266,350.7975,365.9836,384.4206,407.1279,435.5782,256.0,472.0,1420.425,161.22090000000003,272.3008,-38.43790000000001
2109,2109,2109.0,2109.0,2109.0,2109.0,2109.0,2109.0,2109.0,2109.0,2109.0,2109.0,2109.0,2109.0,2109.0,2109.0,2109.0,2109.0,2109.0,2109.0,,,,,,,,,,,,,,,,,,,,,,,,,,,,,,,,,,,,,,,,,,,,,,,,,,,,,,,,,0.9,257.2894,258.6565,260.4469,262.9036,266.1506,270.2044,275.0062,280.4644,286.4969,293.0639,300.189,307.9691,316.5775,326.2659,337.3709,350.3293,365.7104,384.2713,407.0532,435.548,258.0,472.0,1581.6459,111.07989999999997,111.07989999999997,-35.84559999999999
2110,2110,2110.0,2110.0,2110.0,2110.0,2110.0,2110.0,2110.0,2110.0,2110.0,2110.0,2110.0,2110.0,2110.0,2110.0,2110.0,2110.0,2110.0,2110.0,,,,,,,,,,,,,,,,,,,,,,,,,,,,,,,,,,,,,,,,,,,,,,,,,,,,,,,,,0.0,273.0,273.0,273.0,273.0,273.0,273.0,273.0,273.0,273.0,273.0,273.0,273.0,273.0,273.0,273.0,273.0,273.0,273.0,273.0,273.0,238.0,472.0,0.0,400.2125,1652.4218,-20.0
2111,2111,2111.0,2111.0,2111.0,2111.0,2111.0,2111.0,2111.0,2111.0,2111.0,2111.0,2111.0,2111.0,2111.0,2111.0,2111.0,2111.0,2111.0,2111.0,,,,,,,,,,,,,,,,,,,,,,,,,,,,,,,,,,,,,,,,,,,,,,,,,,,,,,,,,0.1,244.8496,250.9665,256.2617,260.6975,264.2996,267.159,269.4289,271.32,273.1005,275.1023,277.7316,281.4783,286.9173,294.6929,305.4864,319.972,338.7841,362.5272,391.8728,427.7926,240.0,473.0,400.2125,236.72360000000003,1252.2093,-26.89100000000002
2112,2112,2112.0,2112.0,2112.0,2112.0,2112.0,2112.0,2112.0,2112.0,2112.0,2112.0,2112.0,2112.0,2112.0,2112.0,2112.0,2112.0,2112.0,2112.0,,,,,,,,,,,,,,,,,,,,,,,,,,,,,,,,,,,,,,,,,,,,,,,,,,,,,,,,,0.2,245.3727,250.2278,254.6368,258.6812,262.4582,266.0863,269.7093,273.4988,277.6551,282.4054,288.0015,294.7161,302.8408,312.6874,324.5974,338.9624,356.264,377.142,402.5078,433.7358,233.0,473.0,636.9361,179.06079999999997,1015.4857,-29.113699999999994
2113,2113,2113.0,2113.0,2113.0,2113.0,2113.0,2113.0,2113.0,2113.0,2113.0,2113.0,2113.0,2113.0,2113.0,2113.0,2113.0,2113.0,2113.0,2113.0,,,,,,,,,,,,,,,,,,,,,,,,,,,,,,,,,,,,,,,,,,,,,,,,,,,,,,,,,0.3,239.8578,246.1112,251.8454,257.1588,262.1661,267.0,271.8094,276.7575,282.0194,287.7803,294.2368,301.5998,310.1013,320.0062,331.6301,345.3667,361.7302,381.42,405.4261,435.2058,243.0,471.0,815.9969,152.40690000000006,836.4249000000001,-29.44999999999999
2114,2114,2114.0,2114.0,2114.0,2114.0,2114.0,2114.0,2114.0,2114.0,2114.0,2114.0,2114.0,2114.0,2114.0,2114.0,2114.0,2114.0,2114.0,2114.0,,,,,,,,,,,,,,,,,,,,,,,,,,,,,,,,,,,,,,,,,,,,,,,,,,,,,,,,,0.4,248.0033,252.6233,257.008,261.291,265.5905,270.0116,274.6517,279.6071,284.9804,290.8873,297.4634,304.8704,313.305,323.0104,334.293,347.5484,363.3003,382.2621,405.4354,434.2772,254.0,473.0,968.4038,123.89189999999984,684.018,-27.788400000000024
2115,2115,2115.0,2115.0,2115.0,2115.0,2115.0,2115.0,2115.0,2115.0,2115.0,2115.0,2115.0,2115.0,2115.0,2115.0,2115.0,2115.0,2115.0,2115.0,,,,,,,,,,,,,,,,,,,,,,,,,,,,,,,,,,,,,,,,,,,,,,,,,,,,,,,,,0.5,257.42,260.6381,263.804,267.0489,270.4828,274.1972,278.2706,282.7768,287.7945,293.4161,299.7564,306.9617,315.2185,324.7663,335.9139,349.0644,364.7532,383.7083,406.9505,435.9628,261.0,472.0,1092.2957,97.58410000000003,560.1261000000002,-25.05279999999999
2116,2116,2116.0,2116.0,2116.0,2116.0,2116.0,2116.0,2116.0,2116.0,2116.0,2116.0,2116.0,2116.0,2116.0,2116.0,2116.0,2116.0,2116.0,2116.0,,,,,,,,,,,,,,,,,,,,,,,,,,,,,,,,,,,,,,,,,,,,,,,,,,,,,,,,,0.6,263.7156,266.3241,268.9493,271.702,274.6788,277.9641,281.6342,285.7634,290.4316,295.7311,301.775,308.7051,316.7018,325.9969,336.891,349.7791,365.1895,383.8439,406.7558,435.3971,263.0,471.0,1189.8798,79.94040000000018,462.54200000000014,-22.83590000000004
2117,2117,2117.0,2117.0,2117.0,2117.0,2117.0,2117.0,2117.0,2117.0,2117.0,2117.0,2117.0,2117.0,2117.0,2117.0,2117.0,2117.0,2117.0,2117.0,,,,,,,,,,,,,,,,,,,,,,,,,,,,,,,,,,,,,,,,,,,,,,,,,,,,,,,,,0.7,265.8576,268.6114,271.3557,274.18,277.1693,280.4054,283.9694,287.9454,292.4249,297.5119,303.3293,310.0264,317.7886,326.8501,337.5118,350.1677,365.3428,383.7534,406.4039,434.751,171.0,471.0,1269.8202,111.4210999999998,382.6016,-22.044600000000003
2118,2118,2118.0,2118.0,2118.0,2118.0,2118.0,2118.0,2118.0,2118.0,2118.0,2118.0,2118.0,2118.0,2118.0,2118.0,2118.0,2118.0,2118.0,2118.0,,,,,,,,,,,,,,,,,,,,,,,,,,,,,,,,,,,,,,,,,,,,,,,,,,,,,,,,,0.8,191.6645,210.6384,227.5812,242.3296,254.9146,265.5434,274.5541,282.3612,289.4059,296.1186,302.9004,310.12,318.1252,327.2634,337.9107,350.5082,365.6087,383.9437,406.5244,434.8087,259.0,472.0,1381.2413,161.39560000000006,271.18050000000017,-38.65659999999997
2119,2119,2119.0,2119.0,2119.0,2119.0,2119.0,2119.0,2119.0,2119.0,2119.0,2119.0,2119.0,2119.0,2119.0,2119.0,2119.0,2119.0,2119.0,2119.0,,,,,,,,,,,,,,,,,,,,,,,,,,,,,,,,,,,,,,,,,,,,,,,,,,,,,,,,,0.9,259.6622,260.4687,261.7757,263.832,266.7619,270.5759,275.205,280.5448,286.4997,293.0177,300.1127,307.8744,316.4722,326.1557,337.2611,350.2255,365.6185,384.1969,407.0011,435.5213,256.0,473.0,1542.6369,109.7849000000001,109.7849000000001,-35.47410000000002
2120,2120,2120.0,2120.0,2120.0,2120.0,2120.0,2120.0,2120.0,2120.0,2120.0,2120.0,2120.0,2120.0,2120.0,2120.0,2120.0,2120.0,2120.0,2120.0,,,,,,,,,,,,,,,,,,,,,,,,,,,,,,,,,,,,,,,,,,,,,,,,,,,,,,,,,0.0,273.0,273.0,273.0,273.0,273.0,273.0,273.0,273.0,273.0,273.0,273.0,273.0,273.0,273.0,273.0,273.0,273.0,273.0,273.0,273.0,237.0,473.0,0.0,400.5866,1664.5010000000002,-20.0
2121,2121,2121.0,2121.0,2121.0,2121.0,2121.0,2121.0,2121.0,2121.0,2121.0,2121.0,2121.0,2121.0,2121.0,2121.0,2121.0,2121.0,2121.0,2121.0,,,,,,,,,,,,,,,,,,,,,,,,,,,,,,,,,,,,,,,,,,,,,,,,,,,,,,,,,0.1,244.0422,250.3329,255.7793,260.3419,264.0462,266.985,269.3146,271.2495,273.0623,275.0893,277.7409,281.5114,286.9795,294.7936,305.6385,320.192,339.0921,362.9476,392.4364,428.5419,237.0,473.0,400.5866,239.0938,1263.9144,-27.065
2122,2122,2122.0,2122.0,2122.0,2122.0,2122.0,2122.0,2122.0,2122.0,2122.0,2122.0,2122.0,2122.0,2122.0,2122.0,2122.0,2122.0,2122.0,2122.0,,,,,,,,,,,,,,,,,,,,,,,,,,,,,,,,,,,,,,,,,,,,,,,,,,,,,,,,,0.2,242.9119,248.254,253.0907,257.4995,261.5781,265.4487,269.2617,273.197,277.4634,282.2962,287.954,294.7144,302.8724,312.7421,324.6658,339.0356,356.3338,377.201,402.5502,433.7578,231.0,473.0,639.6804,184.50710000000004,1024.8206,-29.75130000000001
2123,2123,2123.0,2123.0,2123.0,2123.0,2123.0,2123.0,2123.0,2123.0,2123.0,2123.0,2123.0,2123.0,2123.0,2123.0,2123.0,2123.0,2123.0,2123.0,,,,,,,,,,,,,,,,,,,,,,,,,,,,,,,,,,,,,,,,,,,,,,,,,,,,,,,,,0.3,238.1146,244.6018,250.5496,256.0585,261.2446,266.2407,271.1958,276.2726,281.6456,287.5005,294.0344,301.4594,310.0089,319.9495,331.5988,345.3523,361.7259,381.4207,405.4284,435.2075,242.0,473.0,824.1875,157.7577,840.3135,-30.209299999999985
2124,2124,2124.0,2124.0,2124.0,2124.0,2124.0,2124.0,2124.0,2124.0,2124.0,2124.0,2124.0,2124.0,2124.0,2124.0,2124.0,2124.0,2124.0,2124.0,,,,,,,,,,,,,,,,,,,,,,,,,,,,,,,,,,,,,,,,,,,,,,,,,,,,,,,,,0.4,247.0757,251.7598,256.206,260.5521,264.9185,269.4108,274.1255,279.1578,284.6091,290.5946,297.2508,304.7418,313.2683,323.0789,334.4868,347.8955,363.838,383.0388,406.5155,435.7501,252.0,473.0,981.9452,127.53460000000008,682.5558,-28.389200000000017
2125,2125,2125.0,2125.0,2125.0,2125.0,2125.0,2125.0,2125.0,2125.0,2125.0,2125.0,2125.0,2125.0,2125.0,2125.0,2125.0,2125.0,2125.0,2125.0,,,,,,,,,,,,,,,,,,,,,,,,,,,,,,,,,,,,,,,,,,,,,,,,,,,,,,,,,0.5,255.727,259.2179,262.6228,266.0743,269.6848,273.5491,277.75,282.3657,287.4788,293.1848,299.6005,306.8726,315.1874,324.7828,335.9659,349.138,364.8339,383.7824,407.0064,435.9927,260.0,473.0,1109.4798,101.1196,555.0211999999999,-25.70089999999999
2126,2126,2126.0,2126.0,2126.0,2126.0,2126.0,2126.0,2126.0,2126.0,2126.0,2126.0,2126.0,2126.0,2126.0,2126.0,2126.0,2126.0,2126.0,2126.0,,,,,,,,,,,,,,,,,,,,,,,,,,,,,,,,,,,,,,,,,,,,,,,,,,,,,,,,,0.6,262.8077,265.4965,268.1956,271.0201,274.069,277.4275,281.1714,285.3742,290.1142,295.4832,301.594,308.5891,316.6508,326.0134,336.981,349.9529,365.4624,384.2375,407.3002,436.1359,266.0,473.0,1210.5994,81.20249999999987,453.9015999999999,-23.3725
2127,2127,2127.0,2127.0,2127.0,2127.0,2127.0,2127.0,2127.0,2127.0,2127.0,2127.0,2127.0,2127.0,2127.0,2127.0,2127.0,2127.0,2127.0,2127.0,,,,,,,,,,,,,,,,,,,,,,,,,,,,,,,,,,,,,,,,,,,,,,,,,,,,,,,,,0.7,268.1913,270.3515,272.5868,274.9933,277.6566,280.6532,284.0543,287.9318,292.3643,297.4444,303.2857,310.0316,317.8642,327.0175,337.795,350.5948,365.9493,384.5849,407.522,436.2432,173.0,471.0,1291.8019,108.2215000000001,372.6991,-21.79679999999996
2128,2128,2128.0,2128.0,2128.0,2128.0,2128.0,2128.0,2128.0,2128.0,2128.0,2128.0,2128.0,2128.0,2128.0,2128.0,2128.0,2128.0,2128.0,2128.0,,,,,,,,,,,,,,,,,,,,,,,,,,,,,,,,,,,,,,,,,,,,,,,,,,,,,,,,,0.8,193.3813,212.0875,228.783,243.3078,255.6961,266.1567,275.0286,282.7261,289.6888,296.3447,303.0909,310.2915,318.2888,327.4245,338.0693,350.6594,365.7447,384.0555,406.6036,434.8497,259.0,472.0,1400.0234,157.23090000000002,264.47759999999994,-38.04329999999999
2129,2129,2129.0,2129.0,2129.0,2129.0,2129.0,2129.0,2129.0,2129.0,2129.0,2129.0,2129.0,2129.0,2129.0,2129.0,2129.0,2129.0,2129.0,2129.0,,,,,,,,,,,,,,,,,,,,,,,,,,,,,,,,,,,,,,,,,,,,,,,,,,,,,,,,,0.9,259.7691,260.6727,262.059,264.1717,267.1329,270.955,275.5727,280.8869,286.8074,293.2873,300.3441,308.07,316.6354,326.2904,337.3705,350.3126,365.6854,384.2454,407.0325,435.5366,258.0,473.0,1557.2543,107.24669999999992,107.24669999999992,-35.09500000000003
2130,2130,2130.0,2130.0,2130.0,2130.0,2130.0,2130.0,2130.0,2130.0,2130.0,2130.0,2130.0,2130.0,2130.0,2130.0,2130.0,2130.0,2130.0,2130.0,,,,,,,,,,,,,,,,,,,,,,,,,,,,,,,,,,,,,,,,,,,,,,,,,,,,,,,,,0.0,273.0,273.0,273.0,273.0,273.0,273.0,273.0,273.0,273.0,273.0,273.0,273.0,273.0,273.0,273.0,273.0,273.0,273.0,273.0,273.0,239.0,472.0,0.0,399.6901,1674.4402,-20.0
2131,2131,2131.0,2131.0,2131.0,2131.0,2131.0,2131.0,2131.0,2131.0,2131.0,2131.0,2131.0,2131.0,2131.0,2131.0,2131.0,2131.0,2131.0,2131.0,,,,,,,,,,,,,,,,,,,,,,,,,,,,,,,,,,,,,,,,,,,,,,,,,,,,,,,,,0.1,245.6568,251.6,256.744,261.0533,264.5535,267.3342,269.5456,271.395,273.147,275.1302,277.7477,281.4873,286.9221,294.6954,305.4877,319.9726,338.7844,362.5273,391.8729,427.7927,239.0,471.0,399.6901,235.90800000000007,1274.7501,-26.7158
2132,2132,2132.0,2132.0,2132.0,2132.0,2132.0,2132.0,2132.0,2132.0,2132.0,2132.0,2132.0,2132.0,2132.0,2132.0,2132.0,2132.0,2132.0,2132.0,,,,,,,,,,,,,,,,,,,,,,,,,,,,,,,,,,,,,,,,,,,,,,,,,,,,,,,,,0.2,244.6025,249.6646,254.2508,258.4388,262.325,266.0299,269.7013,273.5158,277.6781,282.4192,287.9923,294.6699,302.7409,312.5131,324.3222,338.553,355.6794,376.3311,401.4049,432.2513,231.0,473.0,635.5981,181.56779999999992,1038.8420999999998,-29.17009999999999
2133,2133,2133.0,2133.0,2133.0,2133.0,2133.0,2133.0,2133.0,2133.0,2133.0,2133.0,2133.0,2133.0,2133.0,2133.0,2133.0,2133.0,2133.0,2133.0,,,,,,,,,,,,,,,,,,,,,,,,,,,,,,,,,,,,,,,,,,,,,,,,,,,,,,,,,0.3,238.2135,244.7893,250.807,256.3616,261.5669,266.5568,271.4835,276.5148,281.8309,287.6227,294.0925,301.4569,309.9533,319.8521,331.4733,345.2146,361.5923,381.3063,405.3455,435.1642,239.0,471.0,817.1659,157.73770000000002,857.2743,-29.89319999999998
2134,2134,2134.0,2134.0,2134.0,2134.0,2134.0,2134.0,2134.0,2134.0,2134.0,2134.0,2134.0,2134.0,2134.0,2134.0,2134.0,2134.0,2134.0,2134.0,,,,,,,,,,,,,,,,,,,,,,,,,,,,,,,,,,,,,,,,,,,,,,,,,,,,,,,,,0.4,244.6854,249.9197,254.8442,259.5891,264.2731,269.0056,273.8912,279.0353,284.5506,290.5623,297.2147,304.6771,313.1524,322.8884,334.195,347.4704,363.2399,382.218,405.4066,434.2631,252.0,473.0,974.9036,130.7604,699.5366,-28.7944
2135,2135,2135.0,2135.0,2135.0,2135.0,2135.0,2135.0,2135.0,2135.0,2135.0,2135.0,2135.0,2135.0,2135.0,2135.0,2135.0,2135.0,2135.0,2135.0,,,,,,,,,,,,,,,,,,,,,,,,,,,,,,,,,,,,,,,,,,,,,,,,,,,,,,,,,0.5,255.6265,259.0274,262.3617,265.7666,269.3553,273.2196,277.4366,282.0775,287.2183,292.9494,299.3845,306.6697,314.9926,324.5941,335.7847,348.9694,364.6853,383.6622,406.9221,435.9494,260.0,473.0,1105.664,102.65350000000012,568.7762,-26.030399999999982
2136,2136,2136.0,2136.0,2136.0,2136.0,2136.0,2136.0,2136.0,2136.0,2136.0,2136.0,2136.0,2136.0,2136.0,2136.0,2136.0,2136.0,2136.0,2136.0,,,,,,,,,,,,,,,,,,,,,,,,,,,,,,,,,,,,,,,,,,,,,,,,,,,,,,,,,0.6,262.7707,265.4244,268.0922,270.8902,273.9186,277.2628,280.9986,285.1987,289.941,295.3161,301.4362,308.4431,316.5184,325.896,336.8796,349.8683,365.395,384.1874,407.2672,436.1196,263.0,471.0,1208.3175,82.62069999999994,466.1226999999999,-23.537199999999984
2137,2137,2137.0,2137.0,2137.0,2137.0,2137.0,2137.0,2137.0,2137.0,2137.0,2137.0,2137.0,2137.0,2137.0,2137.0,2137.0,2137.0,2137.0,2137.0,,,,,,,,,,,,,,,,,,,,,,,,,,,,,,,,,,,,,,,,,,,,,,,,,,,,,,,,,0.7,265.7651,268.4333,271.1048,273.8734,276.8263,280.0456,283.6112,287.6043,292.1133,297.2387,303.1,309.8432,317.6505,326.7535,337.451,350.1352,365.3302,383.7525,406.4076,434.7541,173.0,473.0,1290.9382,112.08989999999994,383.502,-22.40440000000001
2138,2138,2138.0,2138.0,2138.0,2138.0,2138.0,2138.0,2138.0,2138.0,2138.0,2138.0,2138.0,2138.0,2138.0,2138.0,2138.0,2138.0,2138.0,2138.0,,,,,,,,,,,,,,,,,,,,,,,,,,,,,,,,,,,,,,,,,,,,,,,,,,,,,,,,,0.8,193.2555,211.8489,228.4545,242.9179,255.2743,265.7293,274.6162,282.3428,289.343,296.0409,302.8331,310.0858,318.1466,327.365,338.1212,350.8617,366.147,384.7184,407.6019,436.28,257.0,473.0,1403.0281,160.6461999999999,271.4121,-38.470699999999965
2139,2139,2139.0,2139.0,2139.0,2139.0,2139.0,2139.0,2139.0,2139.0,2139.0,2139.0,2139.0,2139.0,2139.0,2139.0,2139.0,2139.0,2139.0,2139.0,,,,,,,,,,,,,,,,,,,,,,,,,,,,,,,,,,,,,,,,,,,,,,,,,,,,,,,,,0.9,258.11,259.3158,260.9633,263.296,266.4381,270.406,275.1404,280.5489,286.5482,293.0976,300.2197,308.0106,316.6433,326.3698,337.5273,350.5543,366.0226,384.6939,407.6169,436.2964,256.0,473.0,1563.6743,110.7659000000001,110.7659000000001,-35.644000000000005
2140,2140,2140.0,2140.0,2140.0,2140.0,2140.0,2140.0,2140.0,2140.0,2140.0,2140.0,2140.0,2140.0,2140.0,2140.0,2140.0,2140.0,2140.0,2140.0,,,,,,,,,,,,,,,,,,,,,,,,,,,,,,,,,,,,,,,,,,,,,,,,,,,,,,,,,0.0,273.0,273.0,273.0,273.0,273.0,273.0,273.0,273.0,273.0,273.0,273.0,273.0,273.0,273.0,273.0,273.0,273.0,273.0,273.0,273.0,239.0,472.0,0.0,399.6901,1676.3052000000002,-20.0
2141,2141,2141.0,2141.0,2141.0,2141.0,2141.0,2141.0,2141.0,2141.0,2141.0,2141.0,2141.0,2141.0,2141.0,2141.0,2141.0,2141.0,2141.0,2141.0,,,,,,,,,,,,,,,,,,,,,,,,,,,,,,,,,,,,,,,,,,,,,,,,,,,,,,,,,0.1,245.6568,251.6,256.744,261.0533,264.5535,267.3342,269.5456,271.395,273.147,275.1302,277.7477,281.4873,286.9221,294.6954,305.4877,319.9726,338.7844,362.5273,391.8729,427.7927,237.0,473.0,399.6901,237.1058,1276.6151000000002,-26.7158
2142,2142,2142.0,2142.0,2142.0,2142.0,2142.0,2142.0,2142.0,2142.0,2142.0,2142.0,2142.0,2142.0,2142.0,2142.0,2142.0,2142.0,2142.0,2142.0,,,,,,,,,,,,,,,,,,,,,,,,,,,,,,,,,,,,,,,,,,,,,,,,,,,,,,,,,0.2,242.9865,248.395,253.2832,257.7246,261.8156,265.6798,269.471,273.3732,277.6,282.3907,288.0073,294.7301,302.8561,312.701,324.6081,338.9702,356.2693,377.1453,402.5097,433.7367,230.0,471.0,636.7959,183.7958,1039.5093000000002,-29.52019999999999
2143,2143,2143.0,2143.0,2143.0,2143.0,2143.0,2143.0,2143.0,2143.0,2143.0,2143.0,2143.0,2143.0,2143.0,2143.0,2143.0,2143.0,2143.0,2143.0,,,,,,,,,,,,,,,,,,,,,,,,,,,,,,,,,,,,,,,,,,,,,,,,,,,,,,,,,0.3,237.3299,244.0127,250.1308,255.7812,261.0787,266.157,271.1675,276.2762,281.6613,287.511,294.0239,301.4121,309.9073,319.7726,331.3203,344.9398,361.139,380.6087,404.3254,433.7233,240.0,472.0,820.5917,159.99130000000002,855.7135000000001,-30.293000000000006
2144,2144,2144.0,2144.0,2144.0,2144.0,2144.0,2144.0,2144.0,2144.0,2144.0,2144.0,2144.0,2144.0,2144.0,2144.0,2144.0,2144.0,2144.0,2144.0,,,,,,,,,,,,,,,,,,,,,,,,,,,,,,,,,,,,,,,,,,,,,,,,,,,,,,,,,0.4,245.431,250.4354,255.1624,259.7472,264.3096,268.9565,273.7876,278.9019,284.4052,290.4174,297.0788,304.5577,313.0577,322.83,334.1892,347.5389,363.4103,382.5235,405.8871,434.9686,253.0,473.0,980.583,130.2346000000001,695.7222,-28.84350000000001
2145,2145,2145.0,2145.0,2145.0,2145.0,2145.0,2145.0,2145.0,2145.0,2145.0,2145.0,2145.0,2145.0,2145.0,2145.0,2145.0,2145.0,2145.0,2145.0,,,,,,,,,,,,,,,,,,,,,,,,,,,,,,,,,,,,,,,,,,,,,,,,,,,,,,,,,0.5,256.4443,259.6811,262.8698,266.1486,269.6307,273.4076,277.5556,282.1447,287.2492,292.9575,299.3812,306.6637,314.99,324.5981,335.7962,348.987,364.706,383.6822,406.9377,435.9579,258.0,473.0,1110.8176,102.44039999999995,565.4875999999999,-25.8424
2146,2146,2146.0,2146.0,2146.0,2146.0,2146.0,2146.0,2146.0,2146.0,2146.0,2146.0,2146.0,2146.0,2146.0,2146.0,2146.0,2146.0,2146.0,2146.0,,,,,,,,,,,,,,,,,,,,,,,,,,,,,,,,,,,,,,,,,,,,,,,,,,,,,,,,,0.6,261.201,264.2382,267.2343,270.3013,273.5392,277.0379,280.8806,285.1496,289.9322,295.328,301.4563,308.4644,316.5375,325.9117,336.8919,349.8775,365.4017,384.1921,407.2702,436.1211,265.0,473.0,1213.258,83.4819,463.0472,-23.762100000000032
2147,2147,2147.0,2147.0,2147.0,2147.0,2147.0,2147.0,2147.0,2147.0,2147.0,2147.0,2147.0,2147.0,2147.0,2147.0,2147.0,2147.0,2147.0,2147.0,,,,,,,,,,,,,,,,,,,,,,,,,,,,,,,,,,,,,,,,,,,,,,,,,,,,,,,,,0.7,267.3112,269.5765,271.906,274.3988,277.142,280.2125,283.6817,287.6204,292.107,297.2337,303.1146,309.8934,317.7532,326.9289,337.725,350.5406,365.9086,384.556,407.5035,436.2343,173.0,470.0,1296.7399,110.10289999999986,379.5653,-22.23750000000001
2148,2148,2148.0,2148.0,2148.0,2148.0,2148.0,2148.0,2148.0,2148.0,2148.0,2148.0,2148.0,2148.0,2148.0,2148.0,2148.0,2148.0,2148.0,2148.0,,,,,,,,,,,,,,,,,,,,,,,,,,,,,,,,,,,,,,,,,,,,,,,,,,,,,,,,,0.8,193.3131,211.9574,228.6018,243.0896,255.4559,265.9086,274.7841,282.4938,289.4734,296.1474,302.9094,310.1199,318.1179,327.2417,337.8585,350.4009,365.4148,383.6255,406.0379,434.1009,257.0,471.0,1406.8428,159.68140000000017,269.4624000000001,-38.29140000000001
2149,2149,2149.0,2149.0,2149.0,2149.0,2149.0,2149.0,2149.0,2149.0,2149.0,2149.0,2149.0,2149.0,2149.0,2149.0,2149.0,2149.0,2149.0,2149.0,,,,,,,,,,,,,,,,,,,,,,,,,,,,,,,,,,,,,,,,,,,,,,,,,,,,,,,,,0.9,258.1291,259.3524,261.0144,263.3571,266.5036,270.4691,275.1934,280.5831,286.5539,293.0642,300.1353,307.8623,316.4169,326.0493,337.0944,349.9869,365.2924,383.7624,406.4288,434.7683,259.0,473.0,1566.5242,109.78099999999996,109.78099999999996,-35.580899999999986
2150,2150,2150.0,2150.0,2150.0,2150.0,2150.0,2150.0,2150.0,2150.0,2150.0,2150.0,2150.0,2150.0,2150.0,2150.0,2150.0,2150.0,2150.0,2150.0,,,,,,,,,,,,,,,,,,,,,,,,,,,,,,,,,,,,,,,,,,,,,,,,,,,,,,,,,0.0,273.0,273.0,273.0,273.0,273.0,273.0,273.0,273.0,273.0,273.0,273.0,273.0,273.0,273.0,273.0,273.0,273.0,273.0,273.0,273.0,239.0,473.0,0.0,399.5389,1679.1288,-20.0
2151,2151,2151.0,2151.0,2151.0,2151.0,2151.0,2151.0,2151.0,2151.0,2151.0,2151.0,2151.0,2151.0,2151.0,2151.0,2151.0,2151.0,2151.0,2151.0,,,,,,,,,,,,,,,,,,,,,,,,,,,,,,,,,,,,,,,,,,,,,,,,,,,,,,,,,0.1,245.6569,251.6001,256.7442,261.0536,264.554,267.3354,269.548,271.3996,273.1554,275.145,277.7731,281.5293,286.9891,294.7986,305.641,320.1932,339.0926,362.9478,392.4365,428.542,238.0,471.0,399.5389,235.7968,1279.5899,-26.71460000000002
2152,2152,2152.0,2152.0,2152.0,2152.0,2152.0,2152.0,2152.0,2152.0,2152.0,2152.0,2152.0,2152.0,2152.0,2152.0,2152.0,2152.0,2152.0,2152.0,,,,,,,,,,,,,,,,,,,,,,,,,,,,,,,,,,,,,,,,,,,,,,,,,,,,,,,,,0.2,243.7956,249.032,253.7707,258.0875,262.0788,265.8668,269.6025,273.4658,277.6654,282.4352,288.0311,294.7268,302.8119,312.5939,324.4076,338.6373,355.7562,376.3943,401.4498,432.2744,230.0,473.0,635.3357,183.13830000000007,1043.7931,-29.333199999999977
2153,2153,2153.0,2153.0,2153.0,2153.0,2153.0,2153.0,2153.0,2153.0,2153.0,2153.0,2153.0,2153.0,2153.0,2153.0,2153.0,2153.0,2153.0,2153.0,,,,,,,,,,,,,,,,,,,,,,,,,,,,,,,,,,,,,,,,,,,,,,,,,,,,,,,,,0.3,237.3687,244.0858,250.2306,255.8977,261.201,266.2751,271.2729,276.3632,281.7273,287.5573,294.0568,301.4433,309.9556,319.8646,331.4915,345.2347,361.6113,381.3222,405.3567,435.17,240.0,473.0,818.474,159.19169999999997,860.6547999999999,-30.17489999999998
2154,2154,2154.0,2154.0,2154.0,2154.0,2154.0,2154.0,2154.0,2154.0,2154.0,2154.0,2154.0,2154.0,2154.0,2154.0,2154.0,2154.0,2154.0,2154.0,,,,,,,,,,,,,,,,,,,,,,,,,,,,,,,,,,,,,,,,,,,,,,,,,,,,,,,,,0.4,245.4442,250.4611,255.1994,259.7939,264.3645,269.0186,273.8567,278.9789,284.4925,290.5187,297.1994,304.7039,313.2369,323.0502,334.4596,347.87,363.8152,383.0203,406.5025,435.7434,250.0,473.0,977.6657,130.9094,701.4630999999999,-28.78140000000002
2155,2155,2155.0,2155.0,2155.0,2155.0,2155.0,2155.0,2155.0,2155.0,2155.0,2155.0,2155.0,2155.0,2155.0,2155.0,2155.0,2155.0,2155.0,2155.0,,,,,,,,,,,,,,,,,,,,,,,,,,,,,,,,,,,,,,,,,,,,,,,,,,,,,,,,,0.5,254.0362,257.8039,261.4541,265.1204,268.9166,272.939,277.2724,281.9973,287.1987,292.9747,299.445,306.7588,315.105,324.7236,335.9237,349.1083,364.8134,383.7688,406.9982,435.9888,258.0,471.0,1108.5751,104.6377,570.5536999999999,-26.31099999999998
2156,2156,2156.0,2156.0,2156.0,2156.0,2156.0,2156.0,2156.0,2156.0,2156.0,2156.0,2156.0,2156.0,2156.0,2156.0,2156.0,2156.0,2156.0,2156.0,,,,,,,,,,,,,,,,,,,,,,,,,,,,,,,,,,,,,,,,,,,,,,,,,,,,,,,,,0.6,261.0983,264.0443,266.9702,269.9934,273.2153,276.723,280.5941,284.903,289.7291,295.1639,301.3197,308.3372,316.3957,325.7256,336.6262,349.4908,364.8455,383.409,406.1894,434.6489,266.0,473.0,1213.2128,84.50839999999994,465.916,-24.077
2157,2157,2157.0,2157.0,2157.0,2157.0,2157.0,2157.0,2157.0,2157.0,2157.0,2157.0,2157.0,2157.0,2157.0,2157.0,2157.0,2157.0,2157.0,2157.0,,,,,,,,,,,,,,,,,,,,,,,,,,,,,,,,,,,,,,,,,,,,,,,,,,,,,,,,,0.7,268.0795,270.1371,272.2867,274.6297,277.2531,280.2321,283.634,287.5255,291.9796,297.0842,302.9498,309.7181,317.5714,326.7453,337.5454,350.3725,365.7605,384.4366,407.42,436.1916,172.0,471.0,1297.7212,110.69920000000002,381.4076,-22.217899999999982
2158,2158,2158.0,2158.0,2158.0,2158.0,2158.0,2158.0,2158.0,2158.0,2158.0,2158.0,2158.0,2158.0,2158.0,2158.0,2158.0,2158.0,2158.0,2158.0,,,,,,,,,,,,,,,,,,,,,,,,,,,,,,,,,,,,,,,,,,,,,,,,,,,,,,,,,0.8,192.5165,211.3476,228.1534,242.7718,255.2366,265.758,274.6773,282.4121,289.4048,296.0861,302.8555,310.0785,318.0983,327.2571,337.9257,350.5401,365.6501,383.9855,406.5577,434.827,257.0,473.0,1408.4204,161.13840000000005,270.7084,-38.44200000000001
2159,2159,2159.0,2159.0,2159.0,2159.0,2159.0,2159.0,2159.0,2159.0,2159.0,2159.0,2159.0,2159.0,2159.0,2159.0,2159.0,2159.0,2159.0,2159.0,,,,,,,,,,,,,,,,,,,,,,,,,,,,,,,,,,,,,,,,,,,,,,,,,,,,,,,,,0.9,258.0934,259.2848,260.9218,263.2484,266.3884,270.3569,275.0925,280.5009,286.4972,293.0396,300.1508,307.928,316.5462,326.26,337.4097,350.4362,365.913,384.6021,407.5511,436.2623,259.0,471.0,1569.5588,109.56999999999994,109.56999999999994,-35.693100000000015
2160,2160,2160.0,2160.0,2160.0,2160.0,2160.0,2160.0,2160.0,2160.0,2160.0,2160.0,2160.0,2160.0,2160.0,2160.0,2160.0,2160.0,2160.0,,,,,,,,,,,,,,,,,,,,,,,,,,,,,,,,,,,,,,,,,,,,,,,,,,,,,,,,,,0.0,273.0,273.0,273.0,273.0,273.0,273.0,273.0,273.0,273.0,273.0,273.0,273.0,273.0,273.0,273.0,273.0,273.0,273.0,273.0,273.0,359.0,355.0,0.0,386.4154,1348.0324,-20.0
2161,2161,2161.0,2161.0,2161.0,2161.0,2161.0,2161.0,2161.0,2161.0,2161.0,2161.0,2161.0,2161.0,2161.0,2161.0,2161.0,2161.0,2161.0,,,,,,,,,,,,,,,,,,,,,,,,,,,,,,,,,,,,,,,,,,,,,,,,,,,,,,,,,,0.1,341.1516,325.8836,313.0315,302.4747,294.0704,287.6258,282.903,279.6459,277.6166,276.6311,276.5861,277.4733,279.3791,282.4707,286.9698,293.1174,301.1377,311.2116,323.4702,338.0194,326.0,338.0,386.4154,225.31510000000003,961.617,-6.424199999999985
2162,2162,2162.0,2162.0,2162.0,2162.0,2162.0,2162.0,2162.0,2162.0,2162.0,2162.0,2162.0,2162.0,2162.0,2162.0,2162.0,2162.0,2162.0,,,,,,,,,,,,,,,,,,,,,,,,,,,,,,,,,,,,,,,,,,,,,,,,,,,,,,,,,,0.2,318.1086,311.4071,305.6576,300.6952,296.4233,292.8035,289.8417,287.5719,286.0406,285.2951,285.375,286.309,288.115,290.804,294.387,298.8838,304.3356,310.8174,318.4522,327.4254,259.0,473.0,611.7305,164.55290000000002,736.3019,-2.396500000000003
2163,2163,2163.0,2163.0,2163.0,2163.0,2163.0,2163.0,2163.0,2163.0,2163.0,2163.0,2163.0,2163.0,2163.0,2163.0,2163.0,2163.0,2163.0,,,,,,,,,,,,,,,,,,,,,,,,,,,,,,,,,,,,,,,,,,,,,,,,,,,,,,,,,,0.3,264.9225,270.3058,274.9413,278.714,281.6197,283.7636,285.3435,286.6275,287.9335,289.6173,292.0691,295.7164,301.0271,308.5074,318.6929,332.1369,349.4101,371.1354,398.0885,431.4104,261.0,473.0,776.2834,98.72749999999996,571.749,-12.686399999999992
2164,2164,2164.0,2164.0,2164.0,2164.0,2164.0,2164.0,2164.0,2164.0,2164.0,2164.0,2164.0,2164.0,2164.0,2164.0,2164.0,2164.0,2164.0,,,,,,,,,,,,,,,,,,,,,,,,,,,,,,,,,,,,,,,,,,,,,,,,,,,,,,,,,,0.4,264.6009,267.9761,271.146,274.145,277.0286,279.8781,282.8039,285.9469,289.4781,293.5965,298.5265,304.5155,311.8344,320.7809,331.6919,344.9659,361.1024,380.7689,404.9085,434.9236,256.0,472.0,875.0109,84.40120000000002,473.02150000000006,-17.921899999999994
2165,2165,2165.0,2165.0,2165.0,2165.0,2165.0,2165.0,2165.0,2165.0,2165.0,2165.0,2165.0,2165.0,2165.0,2165.0,2165.0,2165.0,2165.0,,,,,,,,,,,,,,,,,,,,,,,,,,,,,,,,,,,,,,,,,,,,,,,,,,,,,,,,,,0.5,260.3621,264.4425,268.2948,271.9829,275.5854,279.1972,282.9296,286.9098,291.2798,296.1962,301.8322,308.3808,316.0617,325.1333,335.9094,348.786,364.2818,383.101,406.2343,435.1302,254.0,472.0,959.4121,81.59999999999991,388.6203,-20.05279999999999
2166,2166,2166.0,2166.0,2166.0,2166.0,2166.0,2166.0,2166.0,2166.0,2166.0,2166.0,2166.0,2166.0,2166.0,2166.0,2166.0,2166.0,2166.0,,,,,,,,,,,,,,,,,,,,,,,,,,,,,,,,,,,,,,,,,,,,,,,,,,,,,,,,,,0.6,258.6509,263.0081,267.1439,271.1352,275.0653,279.0261,283.1188,287.4552,292.1589,297.3676,303.2369,309.946,317.7057,326.7711,337.4589,350.1739,365.4478,384.0012,406.8422,435.4345,255.0,473.0,1041.0121,80.18780000000015,307.02030000000013,-21.773900000000022
2167,2167,2167.0,2167.0,2167.0,2167.0,2167.0,2167.0,2167.0,2167.0,2167.0,2167.0,2167.0,2167.0,2167.0,2167.0,2167.0,2167.0,2167.0,,,,,,,,,,,,,,,,,,,,,,,,,,,,,,,,,,,,,,,,,,,,,,,,,,,,,,,,,,0.7,259.4224,263.5837,267.5686,271.461,275.3458,279.3098,283.4447,287.85,292.6358,297.9275,303.8707,310.6375,318.4357,327.5205,338.2124,350.9226,366.1922,384.7525,407.6253,436.292,255.0,472.0,1121.1999,77.89539999999988,226.8325,-23.1402
2168,2168,2168.0,2168.0,2168.0,2168.0,2168.0,2168.0,2168.0,2168.0,2168.0,2168.0,2168.0,2168.0,2168.0,2168.0,2168.0,2168.0,2168.0,,,,,,,,,,,,,,,,,,,,,,,,,,,,,,,,,,,,,,,,,,,,,,,,,,,,,,,,,,0.8,259.4793,263.6953,267.7307,271.6685,275.593,279.5913,283.7554,288.1848,292.9891,298.2924,304.2377,310.994,318.765,327.8018,338.4206,351.0287,366.1635,384.5533,407.2151,435.6212,257.0,472.0,1199.0953,75.99620000000004,148.9371000000001,-24.6087
2169,2169,2169.0,2169.0,2169.0,2169.0,2169.0,2169.0,2169.0,2169.0,2169.0,2169.0,2169.0,2169.0,2169.0,2169.0,2169.0,2169.0,2169.0,,,,,,,,,,,,,,,,,,,,,,,,,,,,,,,,,,,,,,,,,,,,,,,,,,,,,,,,,,0.9,261.1207,265.0192,268.7827,272.4959,276.2417,280.103,284.1653,288.5204,293.2705,298.5325,304.4442,311.1705,318.9131,327.9224,338.5148,351.0987,366.2126,384.5853,407.2337,435.6297,260.0,473.0,1275.0915,72.94090000000006,72.94090000000006,-25.947000000000003
2170,2170,2170.0,2170.0,2170.0,2170.0,2170.0,2170.0,2170.0,2170.0,2170.0,2170.0,2170.0,2170.0,2170.0,2170.0,2170.0,2170.0,2170.0,,,,,,,,,,,,,,,,,,,,,,,,,,,,,,,,,,,,,,,,,,,,,,,,,,,,,,,,,,0.0,273.0,273.0,273.0,273.0,273.0,273.0,273.0,273.0,273.0,273.0,273.0,273.0,273.0,273.0,273.0,273.0,273.0,273.0,273.0,273.0,361.0,355.0,0.0,386.0341,1339.0477,-20.0
2171,2171,2171.0,2171.0,2171.0,2171.0,2171.0,2171.0,2171.0,2171.0,2171.0,2171.0,2171.0,2171.0,2171.0,2171.0,2171.0,2171.0,2171.0,,,,,,,,,,,,,,,,,,,,,,,,,,,,,,,,,,,,,,,,,,,,,,,,,,,,,,,,,,0.1,342.7162,327.0886,313.9402,303.1425,294.5472,287.9556,283.1237,279.7885,277.7056,276.6847,276.6172,277.4907,279.3884,282.4755,286.9722,293.1186,301.1383,311.212,323.4704,338.0195,328.0,338.0,386.0341,224.21339999999992,953.0136,-6.094400000000007
2172,2172,2172.0,2172.0,2172.0,2172.0,2172.0,2172.0,2172.0,2172.0,2172.0,2172.0,2172.0,2172.0,2172.0,2172.0,2172.0,2172.0,2172.0,,,,,,,,,,,,,,,,,,,,,,,,,,,,,,,,,,,,,,,,,,,,,,,,,,,,,,,,,,0.2,319.7466,312.7418,306.7375,301.5614,297.1109,293.3429,290.2594,287.8907,286.2804,285.4725,285.5041,286.4012,288.1797,290.8486,294.417,298.9036,304.3483,310.8253,318.4567,327.4274,261.0,473.0,610.2475,162.44870000000003,728.8002000000001,-1.8571000000000024
2173,2173,2173.0,2173.0,2173.0,2173.0,2173.0,2173.0,2173.0,2173.0,2173.0,2173.0,2173.0,2173.0,2173.0,2173.0,2173.0,2173.0,2173.0,,,,,,,,,,,,,,,,,,,,,,,,,,,,,,,,,,,,,,,,,,,,,,,,,,,,,,,,,,0.3,266.614,271.7246,276.1218,279.6884,282.4179,284.4126,285.8673,287.0469,288.2666,289.8794,292.2733,295.8738,301.1468,308.5971,318.759,332.1845,349.4433,371.1574,398.1018,431.4166,259.0,473.0,772.6962,96.70550000000004,566.3515000000001,-12.037399999999993
2174,2174,2174.0,2174.0,2174.0,2174.0,2174.0,2174.0,2174.0,2174.0,2174.0,2174.0,2174.0,2174.0,2174.0,2174.0,2174.0,2174.0,2174.0,,,,,,,,,,,,,,,,,,,,,,,,,,,,,,,,,,,,,,,,,,,,,,,,,,,,,,,,,,0.4,263.099,266.9195,270.4694,273.7758,276.893,279.9071,282.9378,286.1378,289.6903,293.8059,298.7182,304.6822,311.9734,320.893,331.7795,345.032,361.1505,380.8018,404.9289,434.9333,255.0,473.0,869.4017,85.07600000000002,469.6460000000001,-17.892899999999997
2175,2175,2175.0,2175.0,2175.0,2175.0,2175.0,2175.0,2175.0,2175.0,2175.0,2175.0,2175.0,2175.0,2175.0,2175.0,2175.0,2175.0,2175.0,,,,,,,,,,,,,,,,,,,,,,,,,,,,,,,,,,,,,,,,,,,,,,,,,,,,,,,,,,0.5,259.5264,263.7556,267.7424,271.5518,275.2624,278.9692,282.783,286.8312,291.2564,296.2169,301.8884,308.4674,316.178,325.2832,336.102,349.0356,364.6083,383.5302,406.8001,435.8789,255.0,473.0,954.4777,82.13880000000006,384.5700000000001,-20.2808
2176,2176,2176.0,2176.0,2176.0,2176.0,2176.0,2176.0,2176.0,2176.0,2176.0,2176.0,2176.0,2176.0,2176.0,2176.0,2176.0,2176.0,2176.0,,,,,,,,,,,,,,,,,,,,,,,,,,,,,,,,,,,,,,,,,,,,,,,,,,,,,,,,,,0.6,259.4145,263.5609,267.5182,271.3672,275.192,279.0823,283.1347,287.4554,292.1622,297.3877,303.2838,310.0269,317.827,326.9392,337.6817,350.4616,365.8146,384.467,407.4355,436.1979,256.0,473.0,1036.6165,79.17669999999998,302.4312,-21.71770000000004
2177,2177,2177.0,2177.0,2177.0,2177.0,2177.0,2177.0,2177.0,2177.0,2177.0,2177.0,2177.0,2177.0,2177.0,2177.0,2177.0,2177.0,2177.0,,,,,,,,,,,,,,,,,,,,,,,,,,,,,,,,,,,,,,,,,,,,,,,,,,,,,,,,,,0.7,260.2522,264.2616,268.1137,271.8926,275.6831,279.5714,283.6482,288.0112,292.7687,298.0436,303.9788,310.7436,318.5428,327.6287,338.3194,351.024,366.2823,384.8256,407.6766,436.3183,256.0,471.0,1115.7932,76.19359999999983,223.2545,-22.87860000000001
2178,2178,2178.0,2178.0,2178.0,2178.0,2178.0,2178.0,2178.0,2178.0,2178.0,2178.0,2178.0,2178.0,2178.0,2178.0,2178.0,2178.0,2178.0,,,,,,,,,,,,,,,,,,,,,,,,,,,,,,,,,,,,,,,,,,,,,,,,,,,,,,,,,,0.8,260.3302,264.4138,268.3329,272.1695,276.0069,279.9311,284.0328,288.4097,293.1695,298.434,304.3433,311.0634,318.7945,327.7836,338.3429,350.8754,365.914,384.1813,406.6868,434.8909,257.0,471.0,1191.9868,74.57020000000011,147.06090000000015,-24.268899999999974
2179,2179,2179.0,2179.0,2179.0,2179.0,2179.0,2179.0,2179.0,2179.0,2179.0,2179.0,2179.0,2179.0,2179.0,2179.0,2179.0,2179.0,2179.0,,,,,,,,,,,,,,,,,,,,,,,,,,,,,,,,,,,,,,,,,,,,,,,,,,,,,,,,,,0.9,261.1744,265.1217,268.9248,272.6657,276.4261,280.289,284.3413,288.6767,293.3991,298.6272,304.4995,311.1816,318.8745,327.8276,338.3556,350.8642,365.8882,384.1509,406.661,434.8763,260.0,473.0,1266.557,72.49070000000006,72.49070000000006,-25.761000000000024
2180,2180,2180.0,2180.0,2180.0,2180.0,2180.0,2180.0,2180.0,2180.0,2180.0,2180.0,2180.0,2180.0,2180.0,2180.0,2180.0,2180.0,2180.0,,,,,,,,,,,,,,,,,,,,,,,,,,,,,,,,,,,,,,,,,,,,,,,,,,,,,,,,,,0.0,273.0,273.0,273.0,273.0,273.0,273.0,273.0,273.0,273.0,273.0,273.0,273.0,273.0,273.0,273.0,273.0,273.0,273.0,273.0,273.0,361.0,350.0,0.0,387.8107,1367.5344,-20.0
2181,2181,2181.0,2181.0,2181.0,2181.0,2181.0,2181.0,2181.0,2181.0,2181.0,2181.0,2181.0,2181.0,2181.0,2181.0,2181.0,2181.0,2181.0,,,,,,,,,,,,,,,,,,,,,,,,,,,,,,,,,,,,,,,,,,,,,,,,,,,,,,,,,,0.1,342.7161,327.0883,313.9394,303.1411,294.5442,287.9495,283.1115,279.7651,277.6621,276.6068,276.4831,277.2676,279.0306,281.9217,286.1441,291.9212,299.4611,308.9304,320.4466,334.0985,324.0,337.0,387.8107,230.7441,979.7237,-6.100500000000011
2182,2182,2182.0,2182.0,2182.0,2182.0,2182.0,2182.0,2182.0,2182.0,2182.0,2182.0,2182.0,2182.0,2182.0,2182.0,2182.0,2182.0,2182.0,,,,,,,,,,,,,,,,,,,,,,,,,,,,,,,,,,,,,,,,,,,,,,,,,,,,,,,,,,0.2,316.5902,310.2992,304.8876,300.1895,296.11,292.6156,289.7196,287.465,285.9078,285.1044,285.1032,285.9411,287.6439,290.2305,293.7189,298.1351,303.5231,309.9568,317.5531,326.4854,260.0,473.0,618.5548,168.25419999999997,748.9796,-2.5844000000000165
2183,2183,2183.0,2183.0,2183.0,2183.0,2183.0,2183.0,2183.0,2183.0,2183.0,2183.0,2183.0,2183.0,2183.0,2183.0,2183.0,2183.0,2183.0,,,,,,,,,,,,,,,,,,,,,,,,,,,,,,,,,,,,,,,,,,,,,,,,,,,,,,,,,,0.3,265.6652,270.818,275.2565,278.8685,281.649,283.6992,285.2107,286.4447,287.7131,289.3669,291.7941,295.4217,300.7192,308.1954,318.3887,331.8545,349.1642,370.9394,397.953,431.3416,260.0,473.0,786.809,99.93580000000009,580.7254,-12.75079999999997
2184,2184,2184.0,2184.0,2184.0,2184.0,2184.0,2184.0,2184.0,2184.0,2184.0,2184.0,2184.0,2184.0,2184.0,2184.0,2184.0,2184.0,2184.0,,,,,,,,,,,,,,,,,,,,,,,,,,,,,,,,,,,,,,,,,,,,,,,,,,,,,,,,,,0.4,263.805,267.3597,270.6797,273.7972,276.768,279.6762,282.637,285.7973,289.3339,293.4512,298.378,304.3652,311.6856,320.6383,331.5604,344.8501,361.0064,380.6953,404.8591,434.899,253.0,472.0,886.7448,86.64479999999992,480.7896,-18.123800000000017
2185,2185,2185.0,2185.0,2185.0,2185.0,2185.0,2185.0,2185.0,2185.0,2185.0,2185.0,2185.0,2185.0,2185.0,2185.0,2185.0,2185.0,2185.0,,,,,,,,,,,,,,,,,,,,,,,,,,,,,,,,,,,,,,,,,,,,,,,,,,,,,,,,,,0.5,257.9086,262.4764,266.7512,270.7946,274.6865,278.5264,282.4329,286.5419,291.0047,295.9867,301.6685,308.2494,315.9539,325.0438,335.8352,348.7256,364.2343,383.066,406.2114,435.1188,253.0,472.0,973.3896,85.07140000000004,394.1448,-20.723599999999976
2186,2186,2186.0,2186.0,2186.0,2186.0,2186.0,2186.0,2186.0,2186.0,2186.0,2186.0,2186.0,2186.0,2186.0,2186.0,2186.0,2186.0,2186.0,,,,,,,,,,,,,,,,,,,,,,,,,,,,,,,,,,,,,,,,,,,,,,,,,,,,,,,,,,0.6,257.7205,262.1388,266.3347,270.3896,274.3893,278.4249,282.5954,287.0094,291.7872,297.0638,302.9931,309.7535,317.5559,326.6562,337.3722,350.1096,365.4015,383.9696,406.8226,435.4251,256.0,472.0,1058.461,82.03939999999989,309.0734,-22.37510000000003
2187,2187,2187.0,2187.0,2187.0,2187.0,2187.0,2187.0,2187.0,2187.0,2187.0,2187.0,2187.0,2187.0,2187.0,2187.0,2187.0,2187.0,2187.0,,,,,,,,,,,,,,,,,,,,,,,,,,,,,,,,,,,,,,,,,,,,,,,,,,,,,,,,,,0.7,260.144,264.0544,267.8243,271.5425,275.2953,279.1673,283.2453,287.6219,292.3997,297.6964,303.6505,310.4278,318.2303,327.3085,337.9781,350.6462,365.8493,384.3138,407.0545,435.5411,255.0,473.0,1140.5004,78.54640000000018,227.0340000000001,-23.282699999999977
2188,2188,2188.0,2188.0,2188.0,2188.0,2188.0,2188.0,2188.0,2188.0,2188.0,2188.0,2188.0,2188.0,2188.0,2188.0,2188.0,2188.0,2188.0,,,,,,,,,,,,,,,,,,,,,,,,,,,,,,,,,,,,,,,,,,,,,,,,,,,,,,,,,,0.8,259.4804,263.6952,267.7257,271.6539,275.5643,279.5454,283.6909,288.1023,292.8915,298.1846,304.1268,310.8895,318.6791,327.7499,338.4218,351.106,366.344,384.8687,407.7034,436.3309,258.0,473.0,1219.0468,76.00810000000001,148.48759999999993,-24.654600000000016
2189,2189,2189.0,2189.0,2189.0,2189.0,2189.0,2189.0,2189.0,2189.0,2189.0,2189.0,2189.0,2189.0,2189.0,2189.0,2189.0,2189.0,2189.0,,,,,,,,,,,,,,,,,,,,,,,,,,,,,,,,,,,,,,,,,,,,,,,,,,,,,,,,,,0.9,261.9188,265.6366,269.2435,272.8254,276.4654,280.2451,284.248,288.5632,293.2901,298.5437,304.4599,311.203,318.9743,328.0246,338.6714,351.3249,366.5263,385.0093,407.7985,436.3787,259.0,473.0,1295.0549,72.47949999999992,72.47949999999992,-25.804900000000032
2190,2190,2190.0,2190.0,2190.0,2190.0,2190.0,2190.0,2190.0,2190.0,2190.0,2190.0,2190.0,2190.0,2190.0,2190.0,2190.0,2190.0,2190.0,,,,,,,,,,,,,,,,,,,,,,,,,,,,,,,,,,,,,,,,,,,,,,,,,,,,,,,,,,0.0,273.0,273.0,273.0,273.0,273.0,273.0,273.0,273.0,273.0,273.0,273.0,273.0,273.0,273.0,273.0,273.0,273.0,273.0,273.0,273.0,360.0,351.0,0.0,387.6411,1365.2101,-20.0
2191,2191,2191.0,2191.0,2191.0,2191.0,2191.0,2191.0,2191.0,2191.0,2191.0,2191.0,2191.0,2191.0,2191.0,2191.0,2191.0,2191.0,2191.0,,,,,,,,,,,,,,,,,,,,,,,,,,,,,,,,,,,,,,,,,,,,,,,,,,,,,,,,,,0.1,341.9339,326.486,313.4854,302.8076,294.3065,287.7859,283.0036,279.6985,277.6263,276.5957,276.4944,277.3036,279.0976,282.0301,286.3087,292.1603,299.7966,309.3871,321.0519,334.8831,325.0,337.0,387.6411,229.9247,977.569,-6.264099999999985
2192,2192,2192.0,2192.0,2192.0,2192.0,2192.0,2192.0,2192.0,2192.0,2192.0,2192.0,2192.0,2192.0,2192.0,2192.0,2192.0,2192.0,2192.0,,,,,,,,,,,,,,,,,,,,,,,,,,,,,,,,,,,,,,,,,,,,,,,,,,,,,,,,,,0.2,317.348,310.8499,305.2669,300.4331,296.2524,292.6882,289.7496,287.4743,285.9133,285.1179,285.132,285.9886,287.7103,290.3131,293.8125,298.2324,303.6157,310.0359,317.6108,326.5158,261.0,473.0,617.5658,167.31240000000005,747.6443,-2.511799999999994
2193,2193,2193.0,2193.0,2193.0,2193.0,2193.0,2193.0,2193.0,2193.0,2193.0,2193.0,2193.0,2193.0,2193.0,2193.0,2193.0,2193.0,2193.0,,,,,,,,,,,,,,,,,,,,,,,,,,,,,,,,,,,,,,,,,,,,,,,,,,,,,,,,,,0.3,266.4917,271.4905,275.7949,279.2924,281.9777,283.9506,285.4012,286.5887,287.8226,289.4521,291.8625,295.4791,300.7691,308.2399,318.4284,331.8892,349.1933,370.962,397.9683,431.3493,261.0,473.0,784.8782,98.48490000000004,580.3319,-12.49939999999998
2194,2194,2194.0,2194.0,2194.0,2194.0,2194.0,2194.0,2194.0,2194.0,2194.0,2194.0,2194.0,2194.0,2194.0,2194.0,2194.0,2194.0,2194.0,,,,,,,,,,,,,,,,,,,,,,,,,,,,,,,,,,,,,,,,,,,,,,,,,,,,,,,,,,0.4,264.6524,268.0721,271.2736,274.2881,277.1703,280.0032,282.9007,286.0083,289.5017,293.5839,298.4826,304.4472,311.7497,320.6882,331.5989,344.8793,361.0279,380.7104,404.8686,434.9036,253.0,471.0,883.3631,85.10059999999999,481.847,-17.79680000000002
2195,2195,2195.0,2195.0,2195.0,2195.0,2195.0,2195.0,2195.0,2195.0,2195.0,2195.0,2195.0,2195.0,2195.0,2195.0,2195.0,2195.0,2195.0,,,,,,,,,,,,,,,,,,,,,,,,,,,,,,,,,,,,,,,,,,,,,,,,,,,,,,,,,,0.5,257.9614,262.5772,266.8914,270.9629,274.8706,278.7144,282.6145,286.7089,291.1507,296.1069,301.7588,308.305,315.969,325.0099,335.7409,348.5557,363.9693,382.6809,405.6737,434.3836,253.0,473.0,968.4637,84.6721,396.7464,-20.535599999999988
2196,2196,2196.0,2196.0,2196.0,2196.0,2196.0,2196.0,2196.0,2196.0,2196.0,2196.0,2196.0,2196.0,2196.0,2196.0,2196.0,2196.0,2196.0,,,,,,,,,,,,,,,,,,,,,,,,,,,,,,,,,,,,,,,,,,,,,,,,,,,,,,,,,,0.6,257.7402,262.1771,266.3889,270.4565,274.4645,278.5041,282.6742,287.0838,291.8543,297.1223,303.044,309.801,317.608,326.7254,337.4758,350.2703,365.6467,384.3319,407.3412,436.1496,254.0,472.0,1053.1358,82.37490000000003,312.0743,-22.295900000000017
2197,2197,2197.0,2197.0,2197.0,2197.0,2197.0,2197.0,2197.0,2197.0,2197.0,2197.0,2197.0,2197.0,2197.0,2197.0,2197.0,2197.0,2197.0,,,,,,,,,,,,,,,,,,,,,,,,,,,,,,,,,,,,,,,,,,,,,,,,,,,,,,,,,,0.7,258.5443,262.8127,266.8924,270.8696,274.8308,278.8642,283.0626,287.5258,292.3639,297.7018,303.6835,310.4793,318.2938,327.3788,338.0507,350.7165,365.9124,384.3654,407.0909,435.5598,256.0,473.0,1135.5107,79.58690000000001,229.6994,-23.58580000000001
2198,2198,2198.0,2198.0,2198.0,2198.0,2198.0,2198.0,2198.0,2198.0,2198.0,2198.0,2198.0,2198.0,2198.0,2198.0,2198.0,2198.0,2198.0,,,,,,,,,,,,,,,,,,,,,,,,,,,,,,,,,,,,,,,,,,,,,,,,,,,,,,,,,,0.8,260.2174,264.1979,268.0313,271.8049,275.6039,279.5132,283.6203,288.0187,292.812,298.1191,304.0795,310.8604,318.6657,327.7486,338.4286,351.1171,366.3563,384.8798,407.7115,436.3352,256.0,472.0,1215.0976,76.38400000000001,150.11249999999995,-24.686800000000005
2199,2199,2199.0,2199.0,2199.0,2199.0,2199.0,2199.0,2199.0,2199.0,2199.0,2199.0,2199.0,2199.0,2199.0,2199.0,2199.0,2199.0,2199.0,,,,,,,,,,,,,,,,,,,,,,,,,,,,,,,,,,,,,,,,,,,,,,,,,,,,,,,,,,0.9,260.3258,264.4059,268.3231,272.16,276.0003,279.9298,284.0392,288.4258,293.1972,298.4751,304.4005,311.1403,318.8965,327.9189,338.5229,351.1153,366.2335,384.606,407.2501,435.6386,259.0,471.0,1291.4816,73.72849999999994,73.72849999999994,-26.12020000000001
2200,2200,2200.0,2200.0,2200.0,2200.0,2200.0,2200.0,2200.0,2200.0,2200.0,2200.0,2200.0,2200.0,2200.0,2200.0,2200.0,2200.0,2200.0,,,,,,,,,,,,,,,,,,,,,,,,,,,,,,,,,,,,,,,,,,,,,,,,,,,,,,,,,,0.0,273.0,273.0,273.0,273.0,273.0,273.0,273.0,273.0,273.0,273.0,273.0,273.0,273.0,273.0,273.0,273.0,273.0,273.0,273.0,273.0,357.0,354.0,0.0,387.1586,1355.4515,-20.0
2201,2201,2201.0,2201.0,2201.0,2201.0,2201.0,2201.0,2201.0,2201.0,2201.0,2201.0,2201.0,2201.0,2201.0,2201.0,2201.0,2201.0,2201.0,,,,,,,,,,,,,,,,,,,,,,,,,,,,,,,,,,,,,,,,,,,,,,,,,,,,,,,,,,0.1,339.5859,324.6773,312.1217,301.8058,293.5924,287.2943,282.6797,279.4985,277.5189,276.562,276.5283,277.4113,279.2982,282.3552,286.802,292.877,300.8021,310.7556,322.866,337.2356,327.0,337.0,387.1586,227.60940000000005,968.2929,-6.75569999999999
2202,2202,2202.0,2202.0,2202.0,2202.0,2202.0,2202.0,2202.0,2202.0,2202.0,2202.0,2202.0,2202.0,2202.0,2202.0,2202.0,2202.0,2202.0,,,,,,,,,,,,,,,,,,,,,,,,,,,,,,,,,,,,,,,,,,,,,,,,,,,,,,,,,,0.2,318.8325,311.8929,305.9458,300.8277,296.4403,292.741,289.7294,287.4314,285.8856,285.1316,285.2025,286.1221,287.9045,290.558,294.0913,298.5231,303.8924,310.2725,317.7835,326.6068,260.0,471.0,614.768,166.00670000000002,740.6834999999999,-2.459000000000003
2203,2203,2203.0,2203.0,2203.0,2203.0,2203.0,2203.0,2203.0,2203.0,2203.0,2203.0,2203.0,2203.0,2203.0,2203.0,2203.0,2203.0,2203.0,,,,,,,,,,,,,,,,,,,,,,,,,,,,,,,,,,,,,,,,,,,,,,,,,,,,,,,,,,0.3,265.7321,270.9443,275.4289,279.0705,281.8643,283.9138,285.4144,286.6311,287.8786,289.5087,291.9076,295.4981,300.7433,308.1444,318.2316,331.5523,348.67,370.1976,396.8957,429.8793,260.0,473.0,780.7747,99.6599,574.6767999999998,-12.536200000000008
2204,2204,2204.0,2204.0,2204.0,2204.0,2204.0,2204.0,2204.0,2204.0,2204.0,2204.0,2204.0,2204.0,2204.0,2204.0,2204.0,2204.0,2204.0,,,,,,,,,,,,,,,,,,,,,,,,,,,,,,,,,,,,,,,,,,,,,,,,,,,,,,,,,,0.4,263.8278,267.4037,270.7419,273.8734,276.8528,279.7638,282.7211,285.8714,289.3918,293.4875,298.3885,304.3477,311.6403,320.5685,331.4726,344.7533,360.9113,380.6129,404.7987,434.8673,256.0,473.0,880.4346,85.52749999999992,475.0168999999999,-18.036200000000008
2205,2205,2205.0,2205.0,2205.0,2205.0,2205.0,2205.0,2205.0,2205.0,2205.0,2205.0,2205.0,2205.0,2205.0,2205.0,2205.0,2205.0,2205.0,,,,,,,,,,,,,,,,,,,,,,,,,,,,,,,,,,,,,,,,,,,,,,,,,,,,,,,,,,0.5,260.3295,264.3804,268.2082,271.8783,275.4695,279.0759,282.8079,286.7914,291.1676,296.0933,301.7425,308.3102,316.0189,325.1302,335.9617,348.9133,364.5076,383.4537,406.749,435.8535,253.0,472.0,965.9621,82.32979999999998,389.48939999999993,-20.17410000000001
2206,2206,2206.0,2206.0,2206.0,2206.0,2206.0,2206.0,2206.0,2206.0,2206.0,2206.0,2206.0,2206.0,2206.0,2206.0,2206.0,2206.0,2206.0,,,,,,,,,,,,,,,,,,,,,,,,,,,,,,,,,,,,,,,,,,,,,,,,,,,,,,,,,,0.6,257.8332,262.3528,266.6288,270.7373,274.7624,278.7982,282.9489,287.33,292.0686,297.3056,303.1988,309.9287,317.7066,326.7872,337.4865,350.2083,365.4839,384.0337,406.8665,435.4474,254.0,472.0,1048.2919,81.36980000000017,307.15959999999995,-22.001800000000003
2207,2207,2207.0,2207.0,2207.0,2207.0,2207.0,2207.0,2207.0,2207.0,2207.0,2207.0,2207.0,2207.0,2207.0,2207.0,2207.0,2207.0,2207.0,,,,,,,,,,,,,,,,,,,,,,,,,,,,,,,,,,,,,,,,,,,,,,,,,,,,,,,,,,0.7,258.5763,262.8747,266.9806,270.9789,274.9548,278.9965,283.1965,287.655,292.483,297.806,303.7695,310.545,318.3388,327.4043,338.0594,350.7125,365.9008,384.3512,407.0787,435.5529,258.0,473.0,1129.6617,78.42149999999992,225.7897999999998,-23.453499999999963
2208,2208,2208.0,2208.0,2208.0,2208.0,2208.0,2208.0,2208.0,2208.0,2208.0,2208.0,2208.0,2208.0,2208.0,2208.0,2208.0,2208.0,2208.0,,,,,,,,,,,,,,,,,,,,,,,,,,,,,,,,,,,,,,,,,,,,,,,,,,,,,,,,,,0.8,261.8393,265.4832,269.0264,272.5581,276.1625,279.9207,283.9144,288.2301,292.9646,298.2304,304.1617,310.9217,318.7117,327.7829,338.4537,351.135,366.3686,384.8878,407.7162,436.3374,257.0,473.0,1208.0832,74.41100000000006,147.36829999999986,-24.27929999999997
2209,2209,2209.0,2209.0,2209.0,2209.0,2209.0,2209.0,2209.0,2209.0,2209.0,2209.0,2209.0,2209.0,2209.0,2209.0,2209.0,2209.0,2209.0,,,,,,,,,,,,,,,,,,,,,,,,,,,,,,,,,,,,,,,,,,,,,,,,,,,,,,,,,,0.9,261.2087,265.1849,269.0077,272.757,276.5151,280.3677,284.4061,288.729,293.4454,298.6786,304.5708,311.2903,319.041,328.0743,338.7078,351.351,366.5447,385.0217,407.8061,436.3823,257.0,473.0,1282.4942,72.9572999999998,72.9572999999998,-25.6823
2210,2210,2210.0,2210.0,2210.0,2210.0,2210.0,2210.0,2210.0,2210.0,2210.0,2210.0,2210.0,2210.0,2210.0,2210.0,2210.0,2210.0,2210.0,,,,,,,,,,,,,,,,,,,,,,,,,,,,,,,,,,,,,,,,,,,,,,,,,,,,,,,,,,0.0,273.0,273.0,273.0,273.0,273.0,273.0,273.0,273.0,273.0,273.0,273.0,273.0,273.0,273.0,273.0,273.0,273.0,273.0,273.0,273.0,358.0,353.0,0.0,387.3151,1373.9489,-20.0
2211,2211,2211.0,2211.0,2211.0,2211.0,2211.0,2211.0,2211.0,2211.0,2211.0,2211.0,2211.0,2211.0,2211.0,2211.0,2211.0,2211.0,2211.0,,,,,,,,,,,,,,,,,,,,,,,,,,,,,,,,,,,,,,,,,,,,,,,,,,,,,,,,,,0.1,340.3688,325.2805,312.5766,302.1399,293.8306,287.4583,282.7877,279.5652,277.5547,276.5733,276.517,277.3754,279.2313,282.2469,286.6376,292.6383,300.4672,310.2997,322.2616,336.4517,326.0,336.0,387.3151,228.6908,986.6338,-6.591700000000003
2212,2212,2212.0,2212.0,2212.0,2212.0,2212.0,2212.0,2212.0,2212.0,2212.0,2212.0,2212.0,2212.0,2212.0,2212.0,2212.0,2212.0,2212.0,,,,,,,,,,,,,,,,,,,,,,,,,,,,,,,,,,,,,,,,,,,,,,,,,,,,,,,,,,0.2,318.0752,311.3427,305.5669,300.5842,296.2977,292.6676,289.6974,287.4178,285.8719,285.1032,285.1478,286.0312,287.7681,290.3667,293.8346,298.1888,303.4666,309.7383,317.1208,325.791,262.0,472.0,616.0059,167.09270000000004,757.9430000000001,-2.5323999999999955
2213,2213,2213.0,2213.0,2213.0,2213.0,2213.0,2213.0,2213.0,2213.0,2213.0,2213.0,2213.0,2213.0,2213.0,2213.0,2213.0,2213.0,2213.0,,,,,,,,,,,,,,,,,,,,,,,,,,,,,,,,,,,,,,,,,,,,,,,,,,,,,,,,,,0.3,267.3087,272.1446,276.3069,279.6836,282.2684,284.1599,285.5457,286.6821,287.8754,289.4708,291.85,295.4343,300.6875,308.1134,318.2462,331.6377,348.8556,370.5168,397.3874,430.5913,259.0,471.0,783.0986,98.57959999999991,590.8503000000001,-12.290099999999995
2214,2214,2214.0,2214.0,2214.0,2214.0,2214.0,2214.0,2214.0,2214.0,2214.0,2214.0,2214.0,2214.0,2214.0,2214.0,2214.0,2214.0,2214.0,,,,,,,,,,,,,,,,,,,,,,,,,,,,,,,,,,,,,,,,,,,,,,,,,,,,,,,,,,0.4,263.085,266.8896,270.4198,273.702,276.7907,279.7728,282.7692,285.9339,289.4508,293.5301,298.4046,304.3267,311.5686,320.427,331.2348,344.3842,360.3664,379.8371,403.7222,433.3969,252.0,473.0,881.6782,87.56020000000001,492.27070000000015,-18.0272
2215,2215,2215.0,2215.0,2215.0,2215.0,2215.0,2215.0,2215.0,2215.0,2215.0,2215.0,2215.0,2215.0,2215.0,2215.0,2215.0,2215.0,2215.0,,,,,,,,,,,,,,,,,,,,,,,,,,,,,,,,,,,,,,,,,,,,,,,,,,,,,,,,,,0.5,257.0943,261.8288,266.2493,270.4164,274.4091,278.3275,282.2913,286.4384,290.9228,295.9139,301.5974,308.1781,315.8877,324.9951,335.8238,348.7783,364.3842,383.3513,406.676,435.8157,253.0,471.0,969.2384,85.86730000000011,404.71050000000014,-20.922500000000014
2216,2216,2216.0,2216.0,2216.0,2216.0,2216.0,2216.0,2216.0,2216.0,2216.0,2216.0,2216.0,2216.0,2216.0,2216.0,2216.0,2216.0,2216.0,,,,,,,,,,,,,,,,,,,,,,,,,,,,,,,,,,,,,,,,,,,,,,,,,,,,,,,,,,0.6,257.6804,262.0628,266.2298,270.265,274.2548,278.2895,282.4664,286.8918,291.6833,296.9734,302.9133,309.6782,317.4761,326.559,337.2405,349.9223,365.1327,383.588,406.2905,434.6936,254.0,473.0,1055.1057,83.52399999999989,318.8432,-22.51050000000004
2217,2217,2217.0,2217.0,2217.0,2217.0,2217.0,2217.0,2217.0,2217.0,2217.0,2217.0,2217.0,2217.0,2217.0,2217.0,2217.0,2217.0,2217.0,,,,,,,,,,,,,,,,,,,,,,,,,,,,,,,,,,,,,,,,,,,,,,,,,,,,,,,,,,0.7,258.5204,262.7662,266.8253,270.7847,274.7311,278.7528,282.9423,287.3991,292.2331,297.5695,303.5534,310.357,318.1886,327.3042,338.0255,350.7648,366.0641,384.6554,407.5603,436.2595,254.0,472.0,1138.6297,80.56140000000005,235.3192000000001,-23.69720000000001
2218,2218,2218.0,2218.0,2218.0,2218.0,2218.0,2218.0,2218.0,2218.0,2218.0,2218.0,2218.0,2218.0,2218.0,2218.0,2218.0,2218.0,2218.0,,,,,,,,,,,,,,,,,,,,,,,,,,,,,,,,,,,,,,,,,,,,,,,,,,,,,,,,,,0.8,258.5961,262.9138,267.038,271.0538,275.047,279.1063,283.325,287.8037,292.6528,297.997,303.98,310.7712,318.5745,327.6415,338.2883,350.9226,366.0818,384.4942,407.177,435.6027,256.0,473.0,1219.1911,78.4851000000001,154.7578000000001,-25.093700000000013
2219,2219,2219.0,2219.0,2219.0,2219.0,2219.0,2219.0,2219.0,2219.0,2219.0,2219.0,2219.0,2219.0,2219.0,2219.0,2219.0,2219.0,2219.0,,,,,,,,,,,,,,,,,,,,,,,,,,,,,,,,,,,,,,,,,,,,,,,,,,,,,,,,,,0.9,260.2461,264.2544,268.1139,271.9112,275.7309,279.6574,283.7779,288.1856,292.9842,298.2923,304.2495,311.0234,318.8181,327.887,338.5503,351.2201,366.4391,384.9416,407.7524,436.3554,255.0,473.0,1297.6762,76.27269999999999,76.27269999999999,-26.392600000000016
2220,2220,2220.0,2220.0,2220.0,2220.0,2220.0,2220.0,2220.0,2220.0,2220.0,2220.0,2220.0,2220.0,2220.0,2220.0,2220.0,2220.0,,,,,,,,,,,,,,,,,,,,,,,,,,,,,,,,,,,,,,,,,,,,,,,,,,,,,,,,,,,0.0,273.0,273.0,273.0,273.0,273.0,273.0,273.0,273.0,273.0,273.0,273.0,273.0,273.0,273.0,273.0,273.0,273.0,273.0,273.0,273.0,181.0,473.0,0.0,434.5579,5853.411099999999,-20.0
2221,2221,2221.0,2221.0,2221.0,2221.0,2221.0,2221.0,2221.0,2221.0,2221.0,2221.0,2221.0,2221.0,2221.0,2221.0,2221.0,2221.0,,,,,,,,,,,,,,,,,,,,,,,,,,,,,,,,,,,,,,,,,,,,,,,,,,,,,,,,,,,0.1,198.6002,214.5488,228.4772,240.1844,249.6584,257.0641,262.7095,267.0052,270.4308,273.5153,276.8328,281.006,286.7082,294.6531,305.5683,320.1582,339.0764,362.9407,392.4336,428.541,319.0,174.0,434.5579,341.61,5418.8532,-36.985900000000015
2222,2222,2222.0,2222.0,2222.0,2222.0,2222.0,2222.0,2222.0,2222.0,2222.0,2222.0,2222.0,2222.0,2222.0,2222.0,2222.0,2222.0,,,,,,,,,,,,,,,,,,,,,,,,,,,,,,,,,,,,,,,,,,,,,,,,,,,,,,,,,,,0.2,306.5514,295.6831,286.708,279.8387,275.1342,272.4889,271.6559,272.2869,273.9685,276.2421,278.6009,280.4738,281.2077,280.0692,276.2809,269.1,257.9376,242.4957,222.8906,199.7145,172.0,471.0,776.1679,422.9135,5077.2432,-22.711099999999988
2223,2223,2223.0,2223.0,2223.0,2223.0,2223.0,2223.0,2223.0,2223.0,2223.0,2223.0,2223.0,2223.0,2223.0,2223.0,2223.0,2223.0,,,,,,,,,,,,,,,,,,,,,,,,,,,,,,,,,,,,,,,,,,,,,,,,,,,,,,,,,,,0.3,192.1997,210.5213,226.4612,239.7422,250.337,258.4425,264.4234,268.7495,271.9473,274.5776,277.2392,280.5889,285.3596,292.3594,302.439,316.4334,335.1,359.0976,389.0638,425.8515,254.0,271.0,1199.0814,349.1114,4654.3297,-38.00749999999999
2224,2224,2224.0,2224.0,2224.0,2224.0,2224.0,2224.0,2224.0,2224.0,2224.0,2224.0,2224.0,2224.0,2224.0,2224.0,2224.0,2224.0,,,,,,,,,,,,,,,,,,,,,,,,,,,,,,,,,,,,,,,,,,,,,,,,,,,,,,,,,,,0.4,254.4462,254.887,255.6259,256.8747,258.7396,261.2299,264.2828,267.7926,271.6323,275.6623,279.723,283.6188,287.1032,289.8765,291.606,291.9715,290.7303,287.7887,283.2593,277.4826,299.0,175.0,1548.1928,418.9007999999999,4305.2183,-36.570100000000025
2225,2225,2225.0,2225.0,2225.0,2225.0,2225.0,2225.0,2225.0,2225.0,2225.0,2225.0,2225.0,2225.0,2225.0,2225.0,2225.0,2225.0,,,,,,,,,,,,,,,,,,,,,,,,,,,,,,,,,,,,,,,,,,,,,,,,,,,,,,,,,,,0.5,292.4135,286.6369,281.8276,278.0894,275.4473,273.8383,273.1153,273.0587,273.3904,273.7843,273.8725,273.2488,271.4739,268.0897,262.6467,254.7478,244.1042,230.5957,214.319,195.6059,278.0,207.0,1967.0936,593.1812000000002,3886.3175,-25.4117
2226,2226,2226.0,2226.0,2226.0,2226.0,2226.0,2226.0,2226.0,2226.0,2226.0,2226.0,2226.0,2226.0,2226.0,2226.0,2226.0,2226.0,,,,,,,,,,,,,,,,,,,,,,,,,,,,,,,,,,,,,,,,,,,,,,,,,,,,,,,,,,,0.6,277.5397,277.1204,276.6824,276.1775,275.5686,274.8234,273.9068,272.7731,271.3607,269.5919,267.3781,264.628,261.2583,257.2016,252.4115,246.8605,240.5334,233.4158,225.4836,216.6969,278.0,204.0,2560.2748,689.4795999999997,3293.1363,-25.97660000000002
2227,2227,2227.0,2227.0,2227.0,2227.0,2227.0,2227.0,2227.0,2227.0,2227.0,2227.0,2227.0,2227.0,2227.0,2227.0,2227.0,2227.0,,,,,,,,,,,,,,,,,,,,,,,,,,,,,,,,,,,,,,,,,,,,,,,,,,,,,,,,,,,0.7,277.1243,276.3088,275.5059,274.6691,273.752,272.7077,271.488,270.0429,268.32,266.2642,263.8173,260.9183,257.5036,253.5076,248.8637,243.5064,237.3723,230.4032,222.5467,213.7582,286.0,172.0,3249.7544,769.7966000000001,2603.6567000000005,-29.7423
2228,2228,2228.0,2228.0,2228.0,2228.0,2228.0,2228.0,2228.0,2228.0,2228.0,2228.0,2228.0,2228.0,2228.0,2228.0,2228.0,2228.0,,,,,,,,,,,,,,,,,,,,,,,,,,,,,,,,,,,,,,,,,,,,,,,,,,,,,,,,,,,0.8,283.2477,280.7535,278.4795,276.382,274.4077,272.4916,270.5562,268.5125,266.2594,263.6829,260.6535,257.0246,252.6322,247.2987,240.842,233.0905,223.903,213.1885,200.9228,187.1548,285.0,174.0,4019.551,879.2581999999998,1833.8601000000003,-31.708399999999983
2229,2229,2229.0,2229.0,2229.0,2229.0,2229.0,2229.0,2229.0,2229.0,2229.0,2229.0,2229.0,2229.0,2229.0,2229.0,2229.0,2229.0,,,,,,,,,,,,,,,,,,,,,,,,,,,,,,,,,,,,,,,,,,,,,,,,,,,,,,,,,,,0.9,282.503,280.2054,278.0391,275.9386,273.8391,271.6735,269.3712,266.8558,264.045,260.8499,257.176,252.9251,247.9975,242.2946,235.7225,228.1949,219.6351,209.9792,199.1766,187.1909,283.0,171.0,4898.8092,954.6019000000006,954.6019000000006,-34.37650000000002
2230,2230,2230.0,2230.0,2230.0,2230.0,2230.0,2230.0,2230.0,2230.0,2230.0,2230.0,2230.0,2230.0,2230.0,2230.0,2230.0,2230.0,,,,,,,,,,,,,,,,,,,,,,,,,,,,,,,,,,,,,,,,,,,,,,,,,,,,,,,,,,,0.0,273.0,273.0,273.0,273.0,273.0,273.0,273.0,273.0,273.0,273.0,273.0,273.0,273.0,273.0,273.0,273.0,273.0,273.0,273.0,273.0,181.0,471.0,0.0,434.8635,5825.849300000001,-20.0
2231,2231,2231.0,2231.0,2231.0,2231.0,2231.0,2231.0,2231.0,2231.0,2231.0,2231.0,2231.0,2231.0,2231.0,2231.0,2231.0,2231.0,,,,,,,,,,,,,,,,,,,,,,,,,,,,,,,,,,,,,,,,,,,,,,,,,,,,,,,,,,,0.1,198.6003,214.5487,228.477,240.1839,249.6572,257.0617,262.7047,266.9961,270.4141,273.4856,276.7818,280.9218,286.574,294.4467,305.2616,319.717,338.4597,362.0993,391.3058,427.0419,318.0,172.0,434.8635,344.9501,5390.9858,-36.98830000000004
2232,2232,2232.0,2232.0,2232.0,2232.0,2232.0,2232.0,2232.0,2232.0,2232.0,2232.0,2232.0,2232.0,2232.0,2232.0,2232.0,2232.0,,,,,,,,,,,,,,,,,,,,,,,,,,,,,,,,,,,,,,,,,,,,,,,,,,,,,,,,,,,0.2,305.7547,295.0598,286.2301,279.479,274.8663,272.2878,271.4982,272.1511,273.8348,276.0917,278.4155,280.234,280.892,279.6533,275.7367,268.3958,257.0386,241.3665,221.4972,198.0282,172.0,472.0,779.8136,428.6005,5046.0357,-22.912199999999984
2233,2233,2233.0,2233.0,2233.0,2233.0,2233.0,2233.0,2233.0,2233.0,2233.0,2233.0,2233.0,2233.0,2233.0,2233.0,2233.0,2233.0,,,,,,,,,,,,,,,,,,,,,,,,,,,,,,,,,,,,,,,,,,,,,,,,,,,,,,,,,,,0.3,192.1548,210.4351,226.3398,239.5929,250.1668,258.2568,264.2254,268.5402,271.7265,274.3447,276.9956,280.3396,285.1157,292.139,302.2683,316.3459,335.1347,359.2971,389.4734,426.5224,256.0,270.0,1208.4141,350.3892000000001,4617.4352,-38.19319999999999
2234,2234,2234.0,2234.0,2234.0,2234.0,2234.0,2234.0,2234.0,2234.0,2234.0,2234.0,2234.0,2234.0,2234.0,2234.0,2234.0,2234.0,,,,,,,,,,,,,,,,,,,,,,,,,,,,,,,,,,,,,,,,,,,,,,,,,,,,,,,,,,,0.4,256.0361,256.1082,256.5253,257.5028,259.1471,261.4652,264.3892,267.8067,271.5832,275.5716,279.6049,283.4805,286.9448,289.6914,291.3808,291.6865,290.3605,287.3052,282.6317,276.6817,298.0,176.0,1558.8033,418.7656,4267.045999999999,-36.33480000000003
2235,2235,2235.0,2235.0,2235.0,2235.0,2235.0,2235.0,2235.0,2235.0,2235.0,2235.0,2235.0,2235.0,2235.0,2235.0,2235.0,2235.0,,,,,,,,,,,,,,,,,,,,,,,,,,,,,,,,,,,,,,,,,,,,,,,,,,,,,,,,,,,0.5,291.6745,286.1254,281.5044,277.9119,275.373,273.8283,273.1367,273.0867,273.4088,273.7852,273.8557,273.2208,271.448,268.0853,262.6893,254.8679,244.3365,230.9762,214.8815,196.3782,280.0,204.0,1977.5689,594.0337000000002,3848.2804,-25.421699999999987
2236,2236,2236.0,2236.0,2236.0,2236.0,2236.0,2236.0,2236.0,2236.0,2236.0,2236.0,2236.0,2236.0,2236.0,2236.0,2236.0,2236.0,,,,,,,,,,,,,,,,,,,,,,,,,,,,,,,,,,,,,,,,,,,,,,,,,,,,,,,,,,,0.6,279.1203,278.3323,277.5807,276.8191,276.0085,275.1116,274.0856,272.8751,271.4079,269.5956,267.3381,264.5322,261.0815,256.905,251.9424,246.1535,239.5134,232.0036,223.6026,214.2809,276.0,214.0,2571.6026,687.0438999999997,3254.2467,-25.6884
2237,2237,2237.0,2237.0,2237.0,2237.0,2237.0,2237.0,2237.0,2237.0,2237.0,2237.0,2237.0,2237.0,2237.0,2237.0,2237.0,2237.0,,,,,,,,,,,,,,,,,,,,,,,,,,,,,,,,,,,,,,,,,,,,,,,,,,,,,,,,,,,0.7,275.5864,275.178,274.7187,274.157,273.4474,272.5487,271.4235,270.0366,268.3538,266.342,263.9695,261.2071,258.0289,254.4117,250.3332,245.7686,240.6852,235.0375,228.7633,221.7824,284.0,173.0,3258.6465,750.9714000000004,2567.2028,-29.901299999999992
2238,2238,2238.0,2238.0,2238.0,2238.0,2238.0,2238.0,2238.0,2238.0,2238.0,2238.0,2238.0,2238.0,2238.0,2238.0,2238.0,2238.0,,,,,,,,,,,,,,,,,,,,,,,,,,,,,,,,,,,,,,,,,,,,,,,,,,,,,,,,,,,0.8,281.6045,279.4249,277.4286,275.5772,273.823,272.1071,270.3595,268.4983,266.4296,264.0445,261.2158,257.7944,253.6086,248.4674,242.1711,234.5296,225.3856,214.6399,202.271,188.3434,284.0,173.0,4009.6179,866.6432999999997,1816.2314,-32.092899999999986
2239,2239,2239.0,2239.0,2239.0,2239.0,2239.0,2239.0,2239.0,2239.0,2239.0,2239.0,2239.0,2239.0,2239.0,2239.0,2239.0,2239.0,,,,,,,,,,,,,,,,,,,,,,,,,,,,,,,,,,,,,,,,,,,,,,,,,,,,,,,,,,,0.9,281.6425,279.4694,277.4205,275.4362,273.4554,271.4129,269.2375,266.8511,264.1673,261.092,257.5242,253.3574,248.4824,242.7908,236.1789,228.5522,219.8297,209.9473,198.8608,186.5465,285.0,171.0,4876.2612,949.5881,949.5881,-34.63710000000003
2240,2240,2240.0,2240.0,2240.0,2240.0,2240.0,2240.0,2240.0,2240.0,2240.0,2240.0,2240.0,2240.0,2240.0,2240.0,2240.0,2240.0,,,,,,,,,,,,,,,,,,,,,,,,,,,,,,,,,,,,,,,,,,,,,,,,,,,,,,,,,,,0.0,273.0,273.0,273.0,273.0,273.0,273.0,273.0,273.0,273.0,273.0,273.0,273.0,273.0,273.0,273.0,273.0,273.0,273.0,273.0,273.0,182.0,471.0,0.0,434.1777,5830.9295,-20.0
2241,2241,2241.0,2241.0,2241.0,2241.0,2241.0,2241.0,2241.0,2241.0,2241.0,2241.0,2241.0,2241.0,2241.0,2241.0,2241.0,2241.0,,,,,,,,,,,,,,,,,,,,,,,,,,,,,,,,,,,,,,,,,,,,,,,,,,,,,,,,,,,0.1,199.4153,215.1925,228.969,240.5475,249.9168,257.2406,262.8238,267.0726,270.4614,273.5139,276.7982,280.9309,286.5789,294.4493,305.2629,319.7176,338.4599,362.0994,391.3059,427.042,319.0,172.0,434.1777,342.8826,5396.7518,-36.80940000000004
2242,2242,2242.0,2242.0,2242.0,2242.0,2242.0,2242.0,2242.0,2242.0,2242.0,2242.0,2242.0,2242.0,2242.0,2242.0,2242.0,2242.0,,,,,,,,,,,,,,,,,,,,,,,,,,,,,,,,,,,,,,,,,,,,,,,,,,,,,,,,,,,0.2,306.5867,295.7497,286.7983,279.9425,275.2398,272.5844,271.73,272.3291,273.969,276.1911,278.4877,280.2854,280.928,279.678,275.7533,268.4067,257.0457,241.3709,221.4997,198.0293,172.0,471.0,777.0603,426.7044,5053.8692,-22.61559999999997
2243,2243,2243.0,2243.0,2243.0,2243.0,2243.0,2243.0,2243.0,2243.0,2243.0,2243.0,2243.0,2243.0,2243.0,2243.0,2243.0,2243.0,,,,,,,,,,,,,,,,,,,,,,,,,,,,,,,,,,,,,,,,,,,,,,,,,,,,,,,,,,,0.3,192.2061,210.5326,226.4744,239.7532,250.3405,258.4323,264.3929,268.6919,271.8565,274.4483,277.0686,280.377,285.1109,292.0831,302.1496,316.1493,334.8419,358.8856,388.9141,425.7746,253.0,271.0,1203.7647,351.4682,4627.1648000000005,-38.01769999999999
2244,2244,2244.0,2244.0,2244.0,2244.0,2244.0,2244.0,2244.0,2244.0,2244.0,2244.0,2244.0,2244.0,2244.0,2244.0,2244.0,2244.0,,,,,,,,,,,,,,,,,,,,,,,,,,,,,,,,,,,,,,,,,,,,,,,,,,,,,,,,,,,0.4,253.6346,254.243,255.1257,256.4926,258.4498,261.008,264.1073,267.6457,271.5005,275.5363,279.5975,283.4917,286.9751,289.7499,291.4848,291.8602,290.6337,287.7114,283.2051,277.4547,299.0,176.0,1555.2329,420.9448,4275.6966,-36.79200000000003
2245,2245,2245.0,2245.0,2245.0,2245.0,2245.0,2245.0,2245.0,2245.0,2245.0,2245.0,2245.0,2245.0,2245.0,2245.0,2245.0,2245.0,,,,,,,,,,,,,,,,,,,,,,,,,,,,,,,,,,,,,,,,,,,,,,,,,,,,,,,,,,,0.5,292.3707,286.5549,281.7129,277.9504,275.2935,273.6789,272.9579,272.9098,273.2552,273.6674,273.7792,273.1857,271.4505,268.1192,262.7465,254.939,244.4111,231.0439,214.9329,196.4059,281.0,198.0,1976.1777,598.1032000000002,3854.7518,-25.5711
2246,2246,2246.0,2246.0,2246.0,2246.0,2246.0,2246.0,2246.0,2246.0,2246.0,2246.0,2246.0,2246.0,2246.0,2246.0,2246.0,2246.0,,,,,,,,,,,,,,,,,,,,,,,,,,,,,,,,,,,,,,,,,,,,,,,,,,,,,,,,,,,0.6,279.9219,278.9586,278.0544,277.1627,276.2438,275.2583,274.1603,272.8891,271.3657,269.4913,267.1527,264.2298,260.606,256.1773,250.8596,244.5914,237.3318,229.0559,219.7485,209.399,277.0,216.0,2574.2809,697.9690999999998,3256.6486,-25.54169999999999
2247,2247,2247.0,2247.0,2247.0,2247.0,2247.0,2247.0,2247.0,2247.0,2247.0,2247.0,2247.0,2247.0,2247.0,2247.0,2247.0,2247.0,,,,,,,,,,,,,,,,,,,,,,,,,,,,,,,,,,,,,,,,,,,,,,,,,,,,,,,,,,,0.7,276.4137,275.8514,275.254,274.5671,273.7418,272.7341,271.5035,270.0123,268.2253,266.1107,263.6413,260.7971,257.5658,253.9424,249.9254,245.5104,240.6803,235.3965,229.5917,223.1678,282.0,171.0,3272.25,756.1116999999999,2558.6795,-29.715899999999976
2248,2248,2248.0,2248.0,2248.0,2248.0,2248.0,2248.0,2248.0,2248.0,2248.0,2248.0,2248.0,2248.0,2248.0,2248.0,2248.0,2248.0,,,,,,,,,,,,,,,,,,,,,,,,,,,,,,,,,,,,,,,,,,,,,,,,,,,,,,,,,,,0.8,280.0357,278.2333,276.5541,274.9568,273.3943,271.8128,270.1499,268.3337,266.2799,263.8878,261.036,257.5773,253.3381,248.122,241.7213,233.9367,224.6034,213.6178,200.9599,186.7019,282.0,180.0,4028.3617,870.1834000000003,1802.5678000000005,-32.38720000000001
2249,2249,2249.0,2249.0,2249.0,2249.0,2249.0,2249.0,2249.0,2249.0,2249.0,2249.0,2249.0,2249.0,2249.0,2249.0,2249.0,2249.0,,,,,,,,,,,,,,,,,,,,,,,,,,,,,,,,,,,,,,,,,,,,,,,,,,,,,,,,,,,0.9,279.9743,278.0897,276.289,274.5154,272.7106,270.8124,268.7542,266.4638,263.8635,260.8714,257.4032,253.3739,248.7014,243.3082,237.1227,230.0798,222.1197,213.1857,203.2231,192.1783,284.0,179.0,4898.5451,932.3844,932.3844,-35.237599999999986
2250,2250,2250.0,2250.0,2250.0,2250.0,2250.0,2250.0,2250.0,2250.0,2250.0,2250.0,2250.0,2250.0,2250.0,2250.0,2250.0,2250.0,,,,,,,,,,,,,,,,,,,,,,,,,,,,,,,,,,,,,,,,,,,,,,,,,,,,,,,,,,,0.0,273.0,273.0,273.0,273.0,273.0,273.0,273.0,273.0,273.0,273.0,273.0,273.0,273.0,273.0,273.0,273.0,273.0,273.0,273.0,273.0,182.0,472.0,0.0,434.0242,5911.076299999999,-20.0
2251,2251,2251.0,2251.0,2251.0,2251.0,2251.0,2251.0,2251.0,2251.0,2251.0,2251.0,2251.0,2251.0,2251.0,2251.0,2251.0,2251.0,,,,,,,,,,,,,,,,,,,,,,,,,,,,,,,,,,,,,,,,,,,,,,,,,,,,,,,,,,,0.1,199.4153,215.1925,228.9691,240.5477,249.9174,257.2418,262.8262,267.0771,270.4698,273.5287,276.8236,280.973,286.646,294.5525,305.4163,319.9383,338.7684,362.5202,391.8699,427.7916,319.0,172.0,434.0242,341.9193,5477.052099999999,-36.8082
2252,2252,2252.0,2252.0,2252.0,2252.0,2252.0,2252.0,2252.0,2252.0,2252.0,2252.0,2252.0,2252.0,2252.0,2252.0,2252.0,2252.0,,,,,,,,,,,,,,,,,,,,,,,,,,,,,,,,,,,,,,,,,,,,,,,,,,,,,,,,,,,0.2,306.5877,295.7518,286.8021,279.9484,275.2488,272.5976,271.7488,272.3552,274.0041,276.2368,278.5454,280.3557,281.0104,279.7705,275.8522,268.5066,257.1396,241.451,221.5584,198.0604,174.0,472.0,775.9435,424.3807000000001,5135.132799999999,-22.60239999999999
2253,2253,2253.0,2253.0,2253.0,2253.0,2253.0,2253.0,2253.0,2253.0,2253.0,2253.0,2253.0,2253.0,2253.0,2253.0,2253.0,2253.0,,,,,,,,,,,,,,,,,,,,,,,,,,,,,,,,,,,,,,,,,,,,,,,,,,,,,,,,,,,0.3,193.8396,211.8262,227.4671,240.4917,250.8745,258.8095,264.6559,268.8766,271.9916,274.5565,277.1676,280.4815,285.2342,292.2384,302.3513,316.4138,335.1883,359.3368,389.4994,426.5352,252.0,270.0,1200.3242,347.6831,4710.7521,-37.640499999999975
2254,2254,2254.0,2254.0,2254.0,2254.0,2254.0,2254.0,2254.0,2254.0,2254.0,2254.0,2254.0,2254.0,2254.0,2254.0,2254.0,2254.0,,,,,,,,,,,,,,,,,,,,,,,,,,,,,,,,,,,,,,,,,,,,,,,,,,,,,,,,,,,0.4,252.9091,253.7642,254.8565,256.3906,258.4712,261.1125,264.2606,267.8212,271.6795,275.7062,279.7496,283.6185,287.0678,289.796,291.4667,291.7548,290.4128,287.343,282.6562,276.6937,296.0,175.0,1548.0073,422.7499,4363.069,-36.6875
2255,2255,2255.0,2255.0,2255.0,2255.0,2255.0,2255.0,2255.0,2255.0,2255.0,2255.0,2255.0,2255.0,2255.0,2255.0,2255.0,2255.0,,,,,,,,,,,,,,,,,,,,,,,,,,,,,,,,,,,,,,,,,,,,,,,,,,,,,,,,,,,0.5,289.9716,284.6793,280.2857,276.8986,274.5469,273.1717,272.631,272.7112,273.141,273.6011,273.7302,273.1285,271.3628,267.9806,262.5375,254.6406,244.0043,230.5107,214.2567,195.5729,281.0,196.0,1970.7572,604.9814999999999,3940.3191,-26.078300000000013
2256,2256,2256.0,2256.0,2256.0,2256.0,2256.0,2256.0,2256.0,2256.0,2256.0,2256.0,2256.0,2256.0,2256.0,2256.0,2256.0,2256.0,,,,,,,,,,,,,,,,,,,,,,,,,,,,,,,,,,,,,,,,,,,,,,,,,,,,,,,,,,,0.6,279.8162,278.7576,277.7771,276.8335,275.8878,274.8982,273.8128,272.5634,271.0624,269.2034,266.8657,263.9232,260.2535,255.7481,250.3187,243.9006,236.4513,227.9459,218.3717,207.723,281.0,202.0,2575.7387,715.5563000000002,3335.3376,-25.90180000000004
2257,2257,2257.0,2257.0,2257.0,2257.0,2257.0,2257.0,2257.0,2257.0,2257.0,2257.0,2257.0,2257.0,2257.0,2257.0,2257.0,2257.0,,,,,,,,,,,,,,,,,,,,,,,,,,,,,,,,,,,,,,,,,,,,,,,,,,,,,,,,,,,0.7,279.5718,278.2654,277.0272,275.8045,274.5441,273.1912,271.6887,269.9771,267.9947,265.679,262.9678,259.8006,256.1201,251.8727,247.0083,241.4783,235.234,228.2234,220.3898,211.6707,286.0,174.0,3291.295,787.0331000000001,2619.7813,-29.258800000000008
2258,2258,2258.0,2258.0,2258.0,2258.0,2258.0,2258.0,2258.0,2258.0,2258.0,2258.0,2258.0,2258.0,2258.0,2258.0,2258.0,2258.0,,,,,,,,,,,,,,,,,,,,,,,,,,,,,,,,,,,,,,,,,,,,,,,,,,,,,,,,,,,0.8,283.3316,280.907,278.6759,276.5864,274.5813,272.5964,270.5597,268.3904,265.9985,263.2825,260.1271,256.4016,251.9587,246.6386,240.2762,232.7143,223.8204,213.5048,201.7341,188.5371,284.0,177.0,4078.3281,883.3034999999995,1832.7481999999995,-31.60359999999997
2259,2259,2259.0,2259.0,2259.0,2259.0,2259.0,2259.0,2259.0,2259.0,2259.0,2259.0,2259.0,2259.0,2259.0,2259.0,2259.0,2259.0,,,,,,,,,,,,,,,,,,,,,,,,,,,,,,,,,,,,,,,,,,,,,,,,,,,,,,,,,,,0.9,281.7051,279.5821,277.5598,275.5712,273.552,271.4383,269.165,266.6636,263.8609,260.6788,257.0344,252.8413,248.0115,242.4576,236.0952,228.8447,220.6332,211.3952,201.0739,189.6215,284.0,172.0,4961.6316,949.4447,949.4447,-34.611699999999985
2260,2260,2260.0,2260.0,2260.0,2260.0,2260.0,2260.0,2260.0,2260.0,2260.0,2260.0,2260.0,2260.0,2260.0,2260.0,2260.0,2260.0,,,,,,,,,,,,,,,,,,,,,,,,,,,,,,,,,,,,,,,,,,,,,,,,,,,,,,,,,,,0.0,273.0,273.0,273.0,273.0,273.0,273.0,273.0,273.0,273.0,273.0,273.0,273.0,273.0,273.0,273.0,273.0,273.0,273.0,273.0,273.0,181.0,472.0,0.0,434.7097,5136.6306,-20.0
2261,2261,2261.0,2261.0,2261.0,2261.0,2261.0,2261.0,2261.0,2261.0,2261.0,2261.0,2261.0,2261.0,2261.0,2261.0,2261.0,2261.0,,,,,,,,,,,,,,,,,,,,,,,,,,,,,,,,,,,,,,,,,,,,,,,,,,,,,,,,,,,0.1,198.6002,214.5487,228.477,240.1841,249.6578,257.0629,262.7071,267.0007,270.4224,273.5004,276.8073,280.9639,286.6411,294.5499,305.415,319.9376,338.7682,362.5202,391.87,427.7917,319.0,173.0,434.7097,343.0362,4701.920899999999,-36.9871
2262,2262,2262.0,2262.0,2262.0,2262.0,2262.0,2262.0,2262.0,2262.0,2262.0,2262.0,2262.0,2262.0,2262.0,2262.0,2262.0,2262.0,,,,,,,,,,,,,,,,,,,,,,,,,,,,,,,,,,,,,,,,,,,,,,,,,,,,,,,,,,,0.2,306.5504,295.6809,286.7042,279.8325,275.1246,272.4745,271.6347,272.2562,273.9249,276.1808,278.5163,280.3584,281.0524,279.8626,276.0095,268.7484,257.4884,241.9313,222.194,198.8714,288.0,173.0,777.7459,498.2380999999999,4358.8847,-22.72550000000001
2263,2263,2263.0,2263.0,2263.0,2263.0,2263.0,2263.0,2263.0,2263.0,2263.0,2263.0,2263.0,2263.0,2263.0,2263.0,2263.0,2263.0,,,,,,,,,,,,,,,,,,,,,,,,,,,,,,,,,,,,,,,,,,,,,,,,,,,,,,,,,,,0.3,285.8627,283.9982,282.3477,280.8681,279.5278,278.2949,277.1221,275.9318,274.6038,272.9701,270.8175,267.8971,263.9407,258.6808,251.874,243.3236,232.9009,220.5621,206.357,190.4284,195.0,472.0,1275.984,585.9302,3860.6466,-18.155100000000004
2264,2264,2264.0,2264.0,2264.0,2264.0,2264.0,2264.0,2264.0,2264.0,2264.0,2264.0,2264.0,2264.0,2264.0,2264.0,2264.0,2264.0,,,,,,,,,,,,,,,,,,,,,,,,,,,,,,,,,,,,,,,,,,,,,,,,,,,,,,,,,,,0.4,210.7353,224.9099,237.1413,247.2049,255.0543,260.812,264.7405,267.2104,268.6786,269.6827,270.8506,272.9141,276.7126,283.1692,293.2332,307.7972,327.6166,353.283,385.3119,424.4108,316.0,172.0,1861.9142,389.4133,3274.7164,-36.988
2265,2265,2265.0,2265.0,2265.0,2265.0,2265.0,2265.0,2265.0,2265.0,2265.0,2265.0,2265.0,2265.0,2265.0,2265.0,2265.0,2265.0,,,,,,,,,,,,,,,,,,,,,,,,,,,,,,,,,,,,,,,,,,,,,,,,,,,,,,,,,,,0.5,304.6778,294.7646,286.5049,280.0607,275.4688,272.6332,271.3464,271.3214,272.2198,273.6619,275.2168,276.3799,276.5523,275.0405,271.0922,263.9763,253.1017,238.155,219.2218,196.8473,283.0,173.0,2251.3275,548.1336000000001,2885.3031000000005,-26.61680000000001
2266,2266,2266.0,2266.0,2266.0,2266.0,2266.0,2266.0,2266.0,2266.0,2266.0,2266.0,2266.0,2266.0,2266.0,2266.0,2266.0,2266.0,,,,,,,,,,,,,,,,,,,,,,,,,,,,,,,,,,,,,,,,,,,,,,,,,,,,,,,,,,,0.6,281.7721,280.6837,279.6648,278.6655,277.654,276.6066,275.4925,274.257,272.8083,271.0097,268.6802,265.6022,261.5361,256.2393,249.4877,241.0974,230.9449,218.9821,205.2453,189.854,184.0,471.0,2799.4611,629.8753999999999,2337.1695000000004,-24.1934
2267,2267,2267.0,2267.0,2267.0,2267.0,2267.0,2267.0,2267.0,2267.0,2267.0,2267.0,2267.0,2267.0,2267.0,2267.0,2267.0,2267.0,,,,,,,,,,,,,,,,,,,,,,,,,,,,,,,,,,,,,,,,,,,,,,,,,,,,,,,,,,,0.7,201.4744,217.2493,230.8948,242.1567,250.9796,257.4948,261.9874,264.8593,266.6021,267.788,269.0761,271.2251,275.0955,281.6256,291.7738,306.4353,326.3625,352.1375,384.2606,423.4178,319.0,174.0,3429.3365,424.7266,1707.2941000000003,-44.95519999999999
2268,2268,2268.0,2268.0,2268.0,2268.0,2268.0,2268.0,2268.0,2268.0,2268.0,2268.0,2268.0,2268.0,2268.0,2268.0,2268.0,2268.0,,,,,,,,,,,,,,,,,,,,,,,,,,,,,,,,,,,,,,,,,,,,,,,,,,,,,,,,,,,0.8,306.4923,295.5236,286.3705,279.2183,274.1116,270.9449,269.487,269.4185,270.3671,271.9229,273.6327,274.9785,275.3571,274.0779,270.3967,263.5924,253.0838,238.5634,220.1159,198.2775,284.0,174.0,3854.0631,563.2453,1282.5675000000006,-33.25509999999997
2269,2269,2269.0,2269.0,2269.0,2269.0,2269.0,2269.0,2269.0,2269.0,2269.0,2269.0,2269.0,2269.0,2269.0,2269.0,2269.0,2269.0,,,,,,,,,,,,,,,,,,,,,,,,,,,,,,,,,,,,,,,,,,,,,,,,,,,,,,,,,,,0.9,282.4357,281.0359,279.7323,278.4783,277.246,276.0161,274.7614,273.4302,271.9319,270.1292,267.8388,264.8397,260.8876,255.7352,249.1533,240.9533,231.0078,219.2653,205.7593,190.6074,275.0,219.0,4417.3084,719.3222000000005,719.3222000000005,-30.033900000000017
2270,2270,2270.0,2270.0,2270.0,2270.0,2270.0,2270.0,2270.0,2270.0,2270.0,2270.0,2270.0,2270.0,2270.0,2270.0,2270.0,2270.0,,,,,,,,,,,,,,,,,,,,,,,,,,,,,,,,,,,,,,,,,,,,,,,,,,,,,,,,,,,0.0,273.0,273.0,273.0,273.0,273.0,273.0,273.0,273.0,273.0,273.0,273.0,273.0,273.0,273.0,273.0,273.0,273.0,273.0,273.0,273.0,183.0,473.0,0.0,433.1893,4654.6129,-20.0
2271,2271,2271.0,2271.0,2271.0,2271.0,2271.0,2271.0,2271.0,2271.0,2271.0,2271.0,2271.0,2271.0,2271.0,2271.0,2271.0,2271.0,,,,,,,,,,,,,,,,,,,,,,,,,,,,,,,,,,,,,,,,,,,,,,,,,,,,,,,,,,,0.1,200.2301,215.8361,229.4611,240.9115,250.1775,257.422,262.9476,267.1581,270.5255,273.5719,276.8654,281.0242,286.7179,294.6581,305.5708,320.1594,339.077,362.9409,392.4337,428.541,319.0,174.0,433.1893,338.4461,4221.4236,-36.62799999999999
2272,2272,2272.0,2272.0,2272.0,2272.0,2272.0,2272.0,2272.0,2272.0,2272.0,2272.0,2272.0,2272.0,2272.0,2272.0,2272.0,2272.0,,,,,,,,,,,,,,,,,,,,,,,,,,,,,,,,,,,,,,,,,,,,,,,,,,,,,,,,,,,0.2,306.6259,295.825,286.9039,280.071,275.3836,272.7375,271.8889,272.494,274.1443,276.3851,278.713,280.5586,281.2698,280.1135,276.3115,269.1207,257.9511,242.5043,222.8955,199.7168,173.0,472.0,771.6354,420.4077000000001,3882.9775,-22.462499999999977
2273,2273,2273.0,2273.0,2273.0,2273.0,2273.0,2273.0,2273.0,2273.0,2273.0,2273.0,2273.0,2273.0,2273.0,2273.0,2273.0,2273.0,,,,,,,,,,,,,,,,,,,,,,,,,,,,,,,,,,,,,,,,,,,,,,,,,,,,,,,,,,,0.3,193.043,211.2191,227.0296,240.2001,250.7039,258.737,264.6619,268.9458,272.1129,274.7222,277.3722,280.72,285.4999,292.5222,302.6403,316.6919,335.4374,359.5396,389.6418,426.6081,314.0,174.0,1192.0431,348.9855,3462.5698,-37.712999999999965
2274,2274,2274.0,2274.0,2274.0,2274.0,2274.0,2274.0,2274.0,2274.0,2274.0,2274.0,2274.0,2274.0,2274.0,2274.0,2274.0,2274.0,,,,,,,,,,,,,,,,,,,,,,,,,,,,,,,,,,,,,,,,,,,,,,,,,,,,,,,,,,,0.4,302.5914,292.6249,284.4275,278.2161,274.0482,271.8154,271.2698,272.0671,273.8048,276.0415,278.2944,280.0198,280.5944,279.3135,275.4253,268.2076,257.0845,241.7625,222.352,199.4291,286.0,173.0,1541.0286,507.2595000000001,3113.5843,-25.9846
2275,2275,2275.0,2275.0,2275.0,2275.0,2275.0,2275.0,2275.0,2275.0,2275.0,2275.0,2275.0,2275.0,2275.0,2275.0,2275.0,2275.0,,,,,,,,,,,,,,,,,,,,,,,,,,,,,,,,,,,,,,,,,,,,,,,,,,,,,,,,,,,0.5,284.1051,282.4483,280.9822,279.6717,278.4887,277.4019,276.3622,275.2892,274.0607,272.5084,270.4201,267.55,263.6337,258.4081,251.6333,243.1158,232.7288,220.4289,206.266,190.3823,190.0,473.0,2048.2881,596.8831,2606.3248,-21.848099999999988
2276,2276,2276.0,2276.0,2276.0,2276.0,2276.0,2276.0,2276.0,2276.0,2276.0,2276.0,2276.0,2276.0,2276.0,2276.0,2276.0,2276.0,,,,,,,,,,,,,,,,,,,,,,,,,,,,,,,,,,,,,,,,,,,,,,,,,,,,,,,,,,,0.6,206.5309,221.4395,234.3247,244.9507,253.2686,259.4053,263.6333,266.3363,267.985,269.1306,270.4132,272.5754,276.4656,283.0144,293.1778,307.8533,327.8007,353.616,385.8209,425.1343,319.0,172.0,2645.1712,399.6597999999999,2009.4417,-41.3947
2277,2277,2277.0,2277.0,2277.0,2277.0,2277.0,2277.0,2277.0,2277.0,2277.0,2277.0,2277.0,2277.0,2277.0,2277.0,2277.0,2277.0,,,,,,,,,,,,,,,,,,,,,,,,,,,,,,,,,,,,,,,,,,,,,,,,,,,,,,,,,,,0.7,306.8204,296.1579,287.2687,280.3236,275.3606,272.2762,270.8465,270.764,271.6676,273.1563,274.7815,276.0249,276.2778,274.8402,270.9558,263.8913,253.0548,238.1335,219.2144,196.8458,285.0,172.0,3044.831,551.3964000000001,1609.7819,-30.17379999999997
2278,2278,2278.0,2278.0,2278.0,2278.0,2278.0,2278.0,2278.0,2278.0,2278.0,2278.0,2278.0,2278.0,2278.0,2278.0,2278.0,2278.0,,,,,,,,,,,,,,,,,,,,,,,,,,,,,,,,,,,,,,,,,,,,,,,,,,,,,,,,,,,0.8,283.3816,281.9468,280.6229,279.3584,278.1203,276.8839,275.6167,274.2618,272.7239,270.8614,268.4874,265.3773,261.2838,255.9564,249.1634,240.7147,230.4821,218.4154,204.5515,189.0137,183.0,472.0,3596.2274,632.0234999999998,1058.3855,-27.31610000000001
2279,2279,2279.0,2279.0,2279.0,2279.0,2279.0,2279.0,2279.0,2279.0,2279.0,2279.0,2279.0,2279.0,2279.0,2279.0,2279.0,2279.0,,,,,,,,,,,,,,,,,,,,,,,,,,,,,,,,,,,,,,,,,,,,,,,,,,,,,,,,,,,0.9,200.7246,216.7271,230.5646,241.9755,250.9024,257.4794,261.9985,264.8703,266.5958,267.7559,269.0184,271.1494,275.0162,281.5631,291.754,306.4884,326.5216,352.4383,384.7418,424.1257,319.0,172.0,4228.2509,426.3620000000001,426.3620000000001,-48.57060000000001
2280,2280,2280.0,2280.0,2280.0,2280.0,2280.0,2280.0,2280.0,2280.0,2280.0,2280.0,2280.0,2280.0,2280.0,2280.0,2280.0,,,,,,,,,,,,,,,,,,,,,,,,,,,,,,,,,,,,,,,,,,,,,,,,,,,,,,,,,,,,0.0,273.0,273.0,273.0,273.0,273.0,273.0,273.0,273.0,273.0,273.0,273.0,273.0,273.0,273.0,273.0,273.0,273.0,273.0,273.0,273.0,303.0,463.0,0.0,373.5154,1868.2166,-20.0
2281,2281,2281.0,2281.0,2281.0,2281.0,2281.0,2281.0,2281.0,2281.0,2281.0,2281.0,2281.0,2281.0,2281.0,2281.0,2281.0,,,,,,,,,,,,,,,,,,,,,,,,,,,,,,,,,,,,,,,,,,,,,,,,,,,,,,,,,,,,0.1,296.9575,291.6796,287.1858,283.483,280.5563,278.372,276.8919,276.0975,276.0185,276.7622,278.5388,281.6766,286.6226,293.9226,304.1824,318.0183,336.0169,358.7363,386.7865,421.0354,315.0,471.0,373.5154,146.54190000000006,1494.7012,-15.677999999999995
2282,2282,2282.0,2282.0,2282.0,2282.0,2282.0,2282.0,2282.0,2282.0,2282.0,2282.0,2282.0,2282.0,2282.0,2282.0,2282.0,,,,,,,,,,,,,,,,,,,,,,,,,,,,,,,,,,,,,,,,,,,,,,,,,,,,,,,,,,,,0.2,307.7059,301.4591,296.2208,291.9756,288.7229,286.4752,285.2594,285.1228,286.1381,288.4083,292.0694,297.2908,304.2759,313.2633,324.5343,338.4302,355.3876,376.0016,401.1346,432.102,235.0,408.0,520.0573,73.39159999999993,1348.1592999999998,-8.724800000000016
2283,2283,2283.0,2283.0,2283.0,2283.0,2283.0,2283.0,2283.0,2283.0,2283.0,2283.0,2283.0,2283.0,2283.0,2283.0,2283.0,,,,,,,,,,,,,,,,,,,,,,,,,,,,,,,,,,,,,,,,,,,,,,,,,,,,,,,,,,,,0.3,245.0054,254.0958,262.0831,268.8927,274.5801,279.3204,283.377,287.0605,290.6874,294.5469,298.8794,303.8694,309.6518,316.3309,324.0111,332.8356,343.0331,354.9667,369.1864,386.4892,221.0,440.0,593.4489,120.59490000000004,1274.7677,-17.129599999999982
2284,2284,2284.0,2284.0,2284.0,2284.0,2284.0,2284.0,2284.0,2284.0,2284.0,2284.0,2284.0,2284.0,2284.0,2284.0,2284.0,,,,,,,,,,,,,,,,,,,,,,,,,,,,,,,,,,,,,,,,,,,,,,,,,,,,,,,,,,,,0.4,231.5563,241.2288,249.9905,257.8545,264.8801,271.1724,276.8764,282.1683,287.2476,292.3315,297.653,303.4626,310.0327,317.6648,326.6981,337.5221,350.5966,366.4877,385.9304,409.9389,231.0,275.0,714.0438,158.03139999999996,1154.1727999999998,-26.62760000000003
2285,2285,2285.0,2285.0,2285.0,2285.0,2285.0,2285.0,2285.0,2285.0,2285.0,2285.0,2285.0,2285.0,2285.0,2285.0,2285.0,,,,,,,,,,,,,,,,,,,,,,,,,,,,,,,,,,,,,,,,,,,,,,,,,,,,,,,,,,,,0.5,238.5093,245.4164,251.8223,257.8185,263.4833,268.8809,274.0594,279.047,283.844,288.4123,292.6622,296.4412,299.5317,301.6613,302.5323,301.8703,299.4856,295.3388,289.5904,282.62,247.0,275.0,872.0752,275.8836000000001,996.1414,-30.369100000000003
2286,2286,2286.0,2286.0,2286.0,2286.0,2286.0,2286.0,2286.0,2286.0,2286.0,2286.0,2286.0,2286.0,2286.0,2286.0,2286.0,,,,,,,,,,,,,,,,,,,,,,,,,,,,,,,,,,,,,,,,,,,,,,,,,,,,,,,,,,,,0.6,251.2473,255.1523,258.8328,262.3746,265.8251,269.1927,272.4517,275.549,278.4138,280.9654,283.1208,284.8011,285.9379,286.4788,286.3938,285.6806,284.37,282.5286,280.2588,277.6958,312.0,472.0,1147.9588,293.2574,720.2577999999999,-31.60730000000001
2287,2287,2287.0,2287.0,2287.0,2287.0,2287.0,2287.0,2287.0,2287.0,2287.0,2287.0,2287.0,2287.0,2287.0,2287.0,2287.0,,,,,,,,,,,,,,,,,,,,,,,,,,,,,,,,,,,,,,,,,,,,,,,,,,,,,,,,,,,,0.7,303.4403,296.027,289.8791,285.0684,281.5937,279.381,278.3062,278.2348,279.0685,280.7912,283.5069,287.4628,293.0537,300.8032,311.3247,325.2711,343.2944,366.0469,394.2665,428.9952,305.0,472.0,1441.2162,114.52009999999996,427.0003999999999,-23.069000000000017
2288,2288,2288.0,2288.0,2288.0,2288.0,2288.0,2288.0,2288.0,2288.0,2288.0,2288.0,2288.0,2288.0,2288.0,2288.0,2288.0,,,,,,,,,,,,,,,,,,,,,,,,,,,,,,,,,,,,,,,,,,,,,,,,,,,,,,,,,,,,0.8,300.1137,295.9777,292.5599,289.8548,287.8811,286.6801,286.3143,286.8663,288.4389,291.1553,295.1606,300.6236,307.7403,316.7403,327.8989,341.5595,358.1722,378.3582,403.0186,433.5162,188.0,272.0,1555.7363,94.8831,312.48029999999994,-17.519900000000007
2289,2289,2289.0,2289.0,2289.0,2289.0,2289.0,2289.0,2289.0,2289.0,2289.0,2289.0,2289.0,2289.0,2289.0,2289.0,2289.0,,,,,,,,,,,,,,,,,,,,,,,,,,,,,,,,,,,,,,,,,,,,,,,,,,,,,,,,,,,,0.9,206.8321,224.0039,239.1163,251.9707,262.5879,271.1802,278.0918,283.7214,288.4463,292.5579,296.2164,299.4275,302.0438,303.7909,304.3184,303.273,300.3848,295.5525,288.9097,280.8505,279.0,471.0,1650.6194,217.5972,217.5972,-34.8698
2290,2290,2290.0,2290.0,2290.0,2290.0,2290.0,2290.0,2290.0,2290.0,2290.0,2290.0,2290.0,2290.0,2290.0,2290.0,2290.0,,,,,,,,,,,,,,,,,,,,,,,,,,,,,,,,,,,,,,,,,,,,,,,,,,,,,,,,,,,,0.0,273.0,273.0,273.0,273.0,273.0,273.0,273.0,273.0,273.0,273.0,273.0,273.0,273.0,273.0,273.0,273.0,273.0,273.0,273.0,273.0,304.0,466.0,0.0,372.6828,1647.7491,-20.0
2291,2291,2291.0,2291.0,2291.0,2291.0,2291.0,2291.0,2291.0,2291.0,2291.0,2291.0,2291.0,2291.0,2291.0,2291.0,2291.0,,,,,,,,,,,,,,,,,,,,,,,,,,,,,,,,,,,,,,,,,,,,,,,,,,,,,,,,,,,,0.1,297.753,292.2982,287.6547,283.8287,280.8042,278.5456,277.0125,276.1843,276.0891,276.8342,278.6312,281.8122,286.8295,294.2362,304.6462,318.6846,336.9478,360.0057,388.4865,423.2912,314.0,471.0,372.6828,144.02069999999998,1275.0663,-15.504400000000032
2292,2292,2292.0,2292.0,2292.0,2292.0,2292.0,2292.0,2292.0,2292.0,2292.0,2292.0,2292.0,2292.0,2292.0,2292.0,2292.0,,,,,,,,,,,,,,,,,,,,,,,,,,,,,,,,,,,,,,,,,,,,,,,,,,,,,,,,,,,,0.2,306.9504,300.9156,295.8562,291.7568,288.6188,286.4584,285.308,285.2208,286.2753,288.5789,292.2704,297.5197,304.5287,313.5327,324.8091,338.6956,355.6265,376.1972,401.2726,432.173,231.0,398.0,516.7035,74.18220000000008,1131.0456,-8.741600000000005
2293,2293,2293.0,2293.0,2293.0,2293.0,2293.0,2293.0,2293.0,2293.0,2293.0,2293.0,2293.0,2293.0,2293.0,2293.0,2293.0,,,,,,,,,,,,,,,,,,,,,,,,,,,,,,,,,,,,,,,,,,,,,,,,,,,,,,,,,,,,0.3,241.763,251.5393,260.1268,267.4433,273.5435,278.6069,282.9044,286.7548,290.481,294.3739,298.6699,303.5421,309.1067,315.4426,322.6229,330.7561,340.0328,350.7748,363.4829,378.8858,223.0,456.0,590.8857,128.21989999999994,1056.8634,-17.843099999999993
2294,2294,2294.0,2294.0,2294.0,2294.0,2294.0,2294.0,2294.0,2294.0,2294.0,2294.0,2294.0,2294.0,2294.0,2294.0,2294.0,,,,,,,,,,,,,,,,,,,,,,,,,,,,,,,,,,,,,,,,,,,,,,,,,,,,,,,,,,,,0.4,233.0175,242.2008,250.5436,258.0703,264.8418,270.9566,276.5477,281.7792,286.8429,291.9575,297.3698,303.3592,310.242,318.3764,328.1679,340.0765,354.6342,372.4834,394.4541,421.7082,232.0,273.0,719.1056,153.46280000000002,928.6435,-26.84340000000003
2295,2295,2295.0,2295.0,2295.0,2295.0,2295.0,2295.0,2295.0,2295.0,2295.0,2295.0,2295.0,2295.0,2295.0,2295.0,2295.0,,,,,,,,,,,,,,,,,,,,,,,,,,,,,,,,,,,,,,,,,,,,,,,,,,,,,,,,,,,,0.5,239.3355,246.0838,252.3485,258.224,263.7928,269.1235,274.2688,279.2601,284.0992,288.745,293.0994,296.9952,300.1923,302.3897,303.2565,302.485,299.8576,295.3182,289.0276,281.3849,290.0,473.0,872.5684,215.4069000000001,775.1807,-30.12650000000002
2296,2296,2296.0,2296.0,2296.0,2296.0,2296.0,2296.0,2296.0,2296.0,2296.0,2296.0,2296.0,2296.0,2296.0,2296.0,2296.0,,,,,,,,,,,,,,,,,,,,,,,,,,,,,,,,,,,,,,,,,,,,,,,,,,,,,,,,,,,,0.6,285.8273,282.2785,279.5493,277.7678,276.9769,277.1386,278.1583,279.9225,282.3438,285.4055,289.199,293.9498,300.0267,307.9311,318.2666,331.6969,348.9112,370.6265,397.6674,431.1726,287.0,471.0,1087.9753,106.35130000000004,559.7737999999999,-23.66140000000001
2297,2297,2297.0,2297.0,2297.0,2297.0,2297.0,2297.0,2297.0,2297.0,2297.0,2297.0,2297.0,2297.0,2297.0,2297.0,2297.0,,,,,,,,,,,,,,,,,,,,,,,,,,,,,,,,,,,,,,,,,,,,,,,,,,,,,,,,,,,,0.7,285.278,283.9113,282.9412,282.4158,282.3902,282.9271,284.0982,285.9869,288.6917,292.3296,297.0402,302.9898,310.3763,319.4369,330.4611,343.8129,359.9682,379.5776,403.5698,433.3275,246.0,473.0,1194.3266,75.6380999999999,453.4224999999999,-19.5229
2298,2298,2298.0,2298.0,2298.0,2298.0,2298.0,2298.0,2298.0,2298.0,2298.0,2298.0,2298.0,2298.0,2298.0,2298.0,2298.0,,,,,,,,,,,,,,,,,,,,,,,,,,,,,,,,,,,,,,,,,,,,,,,,,,,,,,,,,,,,0.8,253.088,259.5928,265.4608,270.6965,275.3717,279.6233,283.6397,287.6428,291.8704,296.5636,301.9616,308.303,315.8349,324.8283,335.5998,348.5427,364.1696,383.1788,406.5574,435.7559,173.0,316.0,1269.9647,116.40460000000007,377.7844,-24.576700000000017
2299,2299,2299.0,2299.0,2299.0,2299.0,2299.0,2299.0,2299.0,2299.0,2299.0,2299.0,2299.0,2299.0,2299.0,2299.0,2299.0,,,,,,,,,,,,,,,,,,,,,,,,,,,,,,,,,,,,,,,,,,,,,,,,,,,,,,,,,,,,0.9,192.8548,211.091,227.4138,241.6798,253.9111,264.2761,273.0468,280.5434,287.0797,292.9156,298.2243,303.0749,307.4343,311.1866,314.1729,316.2461,317.335,317.5066,317.0117,316.3005,243.0,271.0,1386.3693,261.37979999999993,261.37979999999993,-41.773900000000026
2300,2300,2300.0,2300.0,2300.0,2300.0,2300.0,2300.0,2300.0,2300.0,2300.0,2300.0,2300.0,2300.0,2300.0,2300.0,2300.0,,,,,,,,,,,,,,,,,,,,,,,,,,,,,,,,,,,,,,,,,,,,,,,,,,,,,,,,,,,,0.0,273.0,273.0,273.0,273.0,273.0,273.0,273.0,273.0,273.0,273.0,273.0,273.0,273.0,273.0,273.0,273.0,273.0,273.0,273.0,273.0,304.0,465.0,0.0,372.8449,1920.7104,-20.0
2301,2301,2301.0,2301.0,2301.0,2301.0,2301.0,2301.0,2301.0,2301.0,2301.0,2301.0,2301.0,2301.0,2301.0,2301.0,2301.0,,,,,,,,,,,,,,,,,,,,,,,,,,,,,,,,,,,,,,,,,,,,,,,,,,,,,,,,,,,,0.1,297.7529,292.2981,287.6545,283.8284,280.8036,278.5444,277.0101,276.1797,276.0808,276.8193,278.6057,281.7699,286.7621,294.1325,304.4921,318.4629,336.6379,359.5829,387.9202,422.5396,311.0,471.0,372.8449,145.35219999999998,1547.8655,-15.505600000000015
2302,2302,2302.0,2302.0,2302.0,2302.0,2302.0,2302.0,2302.0,2302.0,2302.0,2302.0,2302.0,2302.0,2302.0,2302.0,2302.0,,,,,,,,,,,,,,,,,,,,,,,,,,,,,,,,,,,,,,,,,,,,,,,,,,,,,,,,,,,,0.2,304.5722,299.0706,294.4598,290.7277,287.8809,285.9426,284.9544,284.9797,286.1073,288.4546,292.169,297.4277,304.4385,313.4417,324.7182,338.6084,355.5481,376.133,401.2274,432.1497,236.0,427.0,518.1971,75.30849999999998,1402.5133,-9.25739999999996
2303,2303,2303.0,2303.0,2303.0,2303.0,2303.0,2303.0,2303.0,2303.0,2303.0,2303.0,2303.0,2303.0,2303.0,2303.0,2303.0,,,,,,,,,,,,,,,,,,,,,,,,,,,,,,,,,,,,,,,,,,,,,,,,,,,,,,,,,,,,0.3,245.6889,254.4966,262.2508,268.8864,274.4617,279.1492,283.2071,286.9416,290.6692,294.6867,299.2524,304.5808,310.8492,318.2164,326.8502,336.9653,348.8672,363.0053,380.0365,400.9101,217.0,437.0,593.5056,115.7686,1327.2048,-17.30079999999998
2304,2304,2304.0,2304.0,2304.0,2304.0,2304.0,2304.0,2304.0,2304.0,2304.0,2304.0,2304.0,2304.0,2304.0,2304.0,2304.0,,,,,,,,,,,,,,,,,,,,,,,,,,,,,,,,,,,,,,,,,,,,,,,,,,,,,,,,,,,,0.4,228.3316,238.7139,248.1042,256.5088,263.9897,270.663,276.6897,282.2636,287.5994,292.923,298.4669,304.47,311.1823,318.8739,327.8479,338.4593,351.141,366.4444,385.1017,408.1286,231.0,274.0,709.2742,158.7898,1211.4362,-27.137
2305,2305,2305.0,2305.0,2305.0,2305.0,2305.0,2305.0,2305.0,2305.0,2305.0,2305.0,2305.0,2305.0,2305.0,2305.0,2305.0,,,,,,,,,,,,,,,,,,,,,,,,,,,,,,,,,,,,,,,,,,,,,,,,,,,,,,,,,,,,0.5,238.394,245.2033,251.5432,257.5137,263.1948,268.6464,273.9072,278.9929,283.8909,288.5503,292.8706,296.6912,299.7885,301.8871,302.6882,301.9177,299.3876,295.0604,289.0995,281.8874,250.0,274.0,868.064,274.90150000000006,1052.6464,-30.60359999999997
2306,2306,2306.0,2306.0,2306.0,2306.0,2306.0,2306.0,2306.0,2306.0,2306.0,2306.0,2306.0,2306.0,2306.0,2306.0,2306.0,,,,,,,,,,,,,,,,,,,,,,,,,,,,,,,,,,,,,,,,,,,,,,,,,,,,,,,,,,,,0.6,253.6448,257.0099,260.2242,263.3801,266.5255,269.6636,272.7585,275.7445,278.5367,281.0406,283.161,284.8088,285.9072,286.3977,286.2456,285.4459,284.0274,282.0556,279.6327,276.8938,312.0,473.0,1142.9655,291.06770000000006,777.7448999999999,-31.13640000000004
2307,2307,2307.0,2307.0,2307.0,2307.0,2307.0,2307.0,2307.0,2307.0,2307.0,2307.0,2307.0,2307.0,2307.0,2307.0,2307.0,,,,,,,,,,,,,,,,,,,,,,,,,,,,,,,,,,,,,,,,,,,,,,,,,,,,,,,,,,,,0.7,303.5411,296.2184,290.1423,285.3787,281.9243,279.7067,278.6063,278.4949,279.2809,280.9549,283.6268,287.5491,293.1215,300.8723,311.4193,325.4196,343.5284,366.4015,394.7813,429.7186,302.0,472.0,1434.0332,113.77969999999982,486.6771999999999,-22.743299999999977
2308,2308,2308.0,2308.0,2308.0,2308.0,2308.0,2308.0,2308.0,2308.0,2308.0,2308.0,2308.0,2308.0,2308.0,2308.0,2308.0,,,,,,,,,,,,,,,,,,,,,,,,,,,,,,,,,,,,,,,,,,,,,,,,,,,,,,,,,,,,0.8,297.7644,294.1932,291.2542,288.9429,287.2819,286.3193,286.1273,286.7999,288.4515,291.2164,295.249,300.7253,307.8465,316.8451,327.9982,341.6495,358.2493,378.4192,403.0606,433.5375,187.0,273.0,1547.8129,96.61930000000008,372.8975,-17.88069999999999
2309,2309,2309.0,2309.0,2309.0,2309.0,2309.0,2309.0,2309.0,2309.0,2309.0,2309.0,2309.0,2309.0,2309.0,2309.0,2309.0,,,,,,,,,,,,,,,,,,,,,,,,,,,,,,,,,,,,,,,,,,,,,,,,,,,,,,,,,,,,0.9,205.9272,223.191,238.3953,251.343,262.0544,270.7403,277.7424,283.4569,288.2592,292.4402,296.1605,299.4283,302.0997,303.9048,304.4988,303.5338,300.7449,296.0349,289.5396,281.6534,235.0,273.0,1644.4322,276.2782,276.2782,-35.30970000000002
2310,2310,2310.0,2310.0,2310.0,2310.0,2310.0,2310.0,2310.0,2310.0,2310.0,2310.0,2310.0,2310.0,2310.0,2310.0,2310.0,,,,,,,,,,,,,,,,,,,,,,,,,,,,,,,,,,,,,,,,,,,,,,,,,,,,,,,,,,,,0.0,273.0,273.0,273.0,273.0,273.0,273.0,273.0,273.0,273.0,273.0,273.0,273.0,273.0,273.0,273.0,273.0,273.0,273.0,273.0,273.0,302.0,466.0,0.0,373.3681,1926.2598000000005,-20.0
2311,2311,2311.0,2311.0,2311.0,2311.0,2311.0,2311.0,2311.0,2311.0,2311.0,2311.0,2311.0,2311.0,2311.0,2311.0,2311.0,,,,,,,,,,,,,,,,,,,,,,,,,,,,,,,,,,,,,,,,,,,,,,,,,,,,,,,,,,,,0.1,296.162,291.0611,286.7174,283.1387,280.3118,278.2055,276.7854,276.0379,275.9981,276.7796,278.5996,281.7945,286.82,294.2312,304.6437,318.6834,336.9473,360.0054,388.4864,423.2912,316.0,472.0,373.3681,145.1019,1552.8917,-15.84450000000004
2312,2312,2312.0,2312.0,2312.0,2312.0,2312.0,2312.0,2312.0,2312.0,2312.0,2312.0,2312.0,2312.0,2312.0,2312.0,2312.0,,,,,,,,,,,,,,,,,,,,,,,,,,,,,,,,,,,,,,,,,,,,,,,,,,,,,,,,,,,,0.2,308.467,302.0151,296.6072,292.2291,288.88,286.57,285.3228,285.181,286.2125,288.5157,292.2225,297.4984,304.5436,313.5937,324.9282,338.8877,355.9108,376.5979,401.8216,432.9142,234.0,410.0,518.47,72.37239999999997,1407.7898,-8.629999999999995
2313,2313,2313.0,2313.0,2313.0,2313.0,2313.0,2313.0,2313.0,2313.0,2313.0,2313.0,2313.0,2313.0,2313.0,2313.0,2313.0,,,,,,,,,,,,,,,,,,,,,,,,,,,,,,,,,,,,,,,,,,,,,,,,,,,,,,,,,,,,0.3,244.2299,253.5236,261.6868,268.6421,274.4454,279.2747,283.3986,287.1336,290.8028,294.7011,299.0745,304.1122,309.9539,316.7089,324.4868,333.4372,343.7958,355.9349,370.4166,388.0544,220.0,439.0,590.8424,120.23569999999997,1335.4174,-17.175299999999993
2314,2314,2314.0,2314.0,2314.0,2314.0,2314.0,2314.0,2314.0,2314.0,2314.0,2314.0,2314.0,2314.0,2314.0,2314.0,2314.0,,,,,,,,,,,,,,,,,,,,,,,,,,,,,,,,,,,,,,,,,,,,,,,,,,,,,,,,,,,,0.4,230.7266,240.5563,249.4606,257.4521,264.5902,270.9807,276.7696,282.1343,287.2752,292.4097,297.77,303.6044,310.182,317.7997,326.7913,337.5409,350.5039,366.2424,385.4877,409.2487,229.0,272.0,711.0781,160.6916,1215.1817,-26.8193
2315,2315,2315.0,2315.0,2315.0,2315.0,2315.0,2315.0,2315.0,2315.0,2315.0,2315.0,2315.0,2315.0,2315.0,2315.0,2315.0,,,,,,,,,,,,,,,,,,,,,,,,,,,,,,,,,,,,,,,,,,,,,,,,,,,,,,,,,,,,0.5,236.8531,244.0728,250.7561,256.9917,262.8576,268.4191,273.7265,278.8103,283.6732,288.2778,292.5334,296.2849,299.3096,301.3281,302.0345,301.145,298.4618,293.939,287.7342,280.2285,250.0,274.0,871.7697,280.96500000000003,1054.4901,-30.830899999999986
2316,2316,2316.0,2316.0,2316.0,2316.0,2316.0,2316.0,2316.0,2316.0,2316.0,2316.0,2316.0,2316.0,2316.0,2316.0,2316.0,,,,,,,,,,,,,,,,,,,,,,,,,,,,,,,,,,,,,,,,,,,,,,,,,,,,,,,,,,,,0.6,253.5767,256.879,260.0401,263.1546,266.2702,269.3881,272.469,275.4437,278.224,280.7137,282.8173,284.4473,285.5301,286.0113,285.8613,285.0796,283.6985,281.7848,279.4393,276.793,315.0,472.0,1152.7347,294.01250000000005,773.5251000000001,-31.411900000000003
2317,2317,2317.0,2317.0,2317.0,2317.0,2317.0,2317.0,2317.0,2317.0,2317.0,2317.0,2317.0,2317.0,2317.0,2317.0,2317.0,,,,,,,,,,,,,,,,,,,,,,,,,,,,,,,,,,,,,,,,,,,,,,,,,,,,,,,,,,,,0.7,305.8894,298.0032,291.4476,286.2855,282.5094,280.0403,278.7498,278.4993,279.1865,280.7914,283.4147,287.301,292.8433,300.5642,311.0764,325.0323,343.0821,365.8758,394.1474,428.9345,302.0,473.0,1446.7472,113.63650000000008,479.5126,-22.409699999999987
2318,2318,2318.0,2318.0,2318.0,2318.0,2318.0,2318.0,2318.0,2318.0,2318.0,2318.0,2318.0,2318.0,2318.0,2318.0,2318.0,,,,,,,,,,,,,,,,,,,,,,,,,,,,,,,,,,,,,,,,,,,,,,,,,,,,,,,,,,,,0.8,297.8443,294.3432,291.4565,289.174,287.5169,286.5354,286.3064,286.9304,288.529,291.2432,295.2336,300.6814,307.7925,316.8035,327.9951,341.7145,358.4148,378.7209,403.539,434.2423,188.0,275.0,1560.3837,95.09609999999998,365.8761,-17.664600000000007
2319,2319,2319.0,2319.0,2319.0,2319.0,2319.0,2319.0,2319.0,2319.0,2319.0,2319.0,2319.0,2319.0,2319.0,2319.0,2319.0,,,,,,,,,,,,,,,,,,,,,,,,,,,,,,,,,,,,,,,,,,,,,,,,,,,,,,,,,,,,0.9,206.7626,223.8741,238.9428,251.7742,262.3895,270.9989,277.9422,283.6142,288.3893,292.5582,296.283,299.5742,302.2919,304.1714,304.8734,304.0565,301.4614,296.9953,290.7962,283.2577,237.0,274.0,1655.4798,270.78,270.78,-35.05110000000002
2320,2320,2320.0,2320.0,2320.0,2320.0,2320.0,2320.0,2320.0,2320.0,2320.0,2320.0,2320.0,2320.0,2320.0,2320.0,2320.0,,,,,,,,,,,,,,,,,,,,,,,,,,,,,,,,,,,,,,,,,,,,,,,,,,,,,,,,,,,,0.0,273.0,273.0,273.0,273.0,273.0,273.0,273.0,273.0,273.0,273.0,273.0,273.0,273.0,273.0,273.0,273.0,273.0,273.0,273.0,273.0,300.0,464.0,0.0,374.3903,1870.1075,-20.0
2321,2321,2321.0,2321.0,2321.0,2321.0,2321.0,2321.0,2321.0,2321.0,2321.0,2321.0,2321.0,2321.0,2321.0,2321.0,2321.0,,,,,,,,,,,,,,,,,,,,,,,,,,,,,,,,,,,,,,,,,,,,,,,,,,,,,,,,,,,,0.1,294.5703,289.8228,285.7789,282.4474,279.8177,277.8626,276.5535,275.8824,275.8903,276.6952,278.5169,281.6924,286.6758,294.019,304.333,318.2386,336.3266,359.1593,387.3534,421.7876,318.0,471.0,374.3903,147.46989999999994,1495.7172,-16.187400000000025
2322,2322,2322.0,2322.0,2322.0,2322.0,2322.0,2322.0,2322.0,2322.0,2322.0,2322.0,2322.0,2322.0,2322.0,2322.0,2322.0,,,,,,,,,,,,,,,,,,,,,,,,,,,,,,,,,,,,,,,,,,,,,,,,,,,,,,,,,,,,0.2,309.9808,303.1092,297.35,292.6888,289.1221,286.6533,285.2962,285.0817,286.066,288.3368,292.0171,297.2664,304.2808,313.2939,324.5838,338.49,355.4485,376.0552,401.1741,432.1227,236.0,414.0,521.8602,72.12760000000003,1348.2473000000002,-8.546699999999987
2323,2323,2323.0,2323.0,2323.0,2323.0,2323.0,2323.0,2323.0,2323.0,2323.0,2323.0,2323.0,2323.0,2323.0,2323.0,2323.0,,,,,,,,,,,,,,,,,,,,,,,,,,,,,,,,,,,,,,,,,,,,,,,,,,,,,,,,,,,,0.3,245.8827,254.8607,262.7429,269.4532,275.0475,279.7026,283.6852,287.31,290.8988,294.7471,299.1032,304.1618,310.0705,316.9492,324.9206,334.1485,344.8841,357.5158,372.6253,391.0541,221.0,436.0,593.9878,116.28020000000004,1276.1197000000002,-16.74739999999997
2324,2324,2324.0,2324.0,2324.0,2324.0,2324.0,2324.0,2324.0,2324.0,2324.0,2324.0,2324.0,2324.0,2324.0,2324.0,2324.0,,,,,,,,,,,,,,,,,,,,,,,,,,,,,,,,,,,,,,,,,,,,,,,,,,,,,,,,,,,,0.4,231.6213,241.3542,250.1681,258.074,265.1318,271.4482,277.1708,282.4783,287.5712,292.665,297.9871,303.7773,310.2931,317.8163,326.6641,337.2033,349.8728,365.2192,383.9575,407.0736,226.0,272.0,710.268,160.14779999999996,1159.8395,-26.351800000000026
2325,2325,2325.0,2325.0,2325.0,2325.0,2325.0,2325.0,2325.0,2325.0,2325.0,2325.0,2325.0,2325.0,2325.0,2325.0,2325.0,,,,,,,,,,,,,,,,,,,,,,,,,,,,,,,,,,,,,,,,,,,,,,,,,,,,,,,,,,,,0.5,234.4954,242.2984,249.4884,256.1436,262.3389,268.1437,273.6175,278.8031,283.7166,288.3335,292.5747,296.2949,299.2801,301.2585,301.9308,301.0188,298.329,293.8174,287.6413,280.1782,251.0,274.0,870.4158,283.3008,999.6917,-31.106299999999976
2326,2326,2326.0,2326.0,2326.0,2326.0,2326.0,2326.0,2326.0,2326.0,2326.0,2326.0,2326.0,2326.0,2326.0,2326.0,2326.0,,,,,,,,,,,,,,,,,,,,,,,,,,,,,,,,,,,,,,,,,,,,,,,,,,,,,,,,,,,,0.6,254.2963,257.3484,260.3006,263.2535,266.2556,269.3034,272.3497,275.3153,278.1026,280.6071,282.7275,284.3725,285.4672,285.9573,285.814,285.0381,283.663,281.7563,279.4192,276.7826,316.0,473.0,1153.7166,294.0688,716.3909000000001,-31.4966
2327,2327,2327.0,2327.0,2327.0,2327.0,2327.0,2327.0,2327.0,2327.0,2327.0,2327.0,2327.0,2327.0,2327.0,2327.0,2327.0,,,,,,,,,,,,,,,,,,,,,,,,,,,,,,,,,,,,,,,,,,,,,,,,,,,,,,,,,,,,0.7,306.6909,298.6337,291.9315,286.645,282.7653,280.2123,278.8563,278.5572,279.2112,280.7972,283.4151,287.3092,292.8729,300.6299,311.1949,325.2222,343.365,366.2767,394.6978,429.677,303.0,473.0,1447.7854,112.35100000000013,422.3221000000001,-22.23769999999996
2328,2328,2328.0,2328.0,2328.0,2328.0,2328.0,2328.0,2328.0,2328.0,2328.0,2328.0,2328.0,2328.0,2328.0,2328.0,2328.0,,,,,,,,,,,,,,,,,,,,,,,,,,,,,,,,,,,,,,,,,,,,,,,,,,,,,,,,,,,,0.8,298.6729,295.0249,292.0125,289.6233,287.8763,286.8205,286.5313,287.1083,288.6717,291.3612,295.3356,300.7744,307.881,316.8897,328.0787,341.7932,358.4848,378.778,403.5793,434.2629,189.0,273.0,1560.1364,93.65379999999982,309.9711,-17.379500000000007
2329,2329,2329.0,2329.0,2329.0,2329.0,2329.0,2329.0,2329.0,2329.0,2329.0,2329.0,2329.0,2329.0,2329.0,2329.0,2329.0,,,,,,,,,,,,,,,,,,,,,,,,,,,,,,,,,,,,,,,,,,,,,,,,,,,,,,,,,,,,0.9,207.625,224.6087,239.5615,252.2898,262.8152,271.3473,278.2246,283.8397,288.5644,292.6857,296.3611,299.5958,302.2432,304.0306,304.6106,303.6327,300.8298,296.1031,289.5877,281.6784,276.0,473.0,1653.7902,216.31730000000016,216.31730000000016,-34.70269999999999
2330,2330,2330.0,2330.0,2330.0,2330.0,2330.0,2330.0,2330.0,2330.0,2330.0,2330.0,2330.0,2330.0,2330.0,2330.0,2330.0,,,,,,,,,,,,,,,,,,,,,,,,,,,,,,,,,,,,,,,,,,,,,,,,,,,,,,,,,,,,0.0,273.0,273.0,273.0,273.0,273.0,273.0,273.0,273.0,273.0,273.0,273.0,273.0,273.0,273.0,273.0,273.0,273.0,273.0,273.0,273.0,304.0,464.0,0.0,373.0087,1937.2717,-20.0
2331,2331,2331.0,2331.0,2331.0,2331.0,2331.0,2331.0,2331.0,2331.0,2331.0,2331.0,2331.0,2331.0,2331.0,2331.0,2331.0,,,,,,,,,,,,,,,,,,,,,,,,,,,,,,,,,,,,,,,,,,,,,,,,,,,,,,,,,,,,0.1,297.7529,292.2981,287.6544,283.8282,280.8031,278.5432,277.0077,276.1752,276.0724,276.8044,278.5801,281.7277,286.6947,294.0288,304.3379,318.241,336.3277,359.1598,387.3536,421.7877,315.0,473.0,373.0087,145.19310000000007,1564.2629999999997,-15.506799999999998
2332,2332,2332.0,2332.0,2332.0,2332.0,2332.0,2332.0,2332.0,2332.0,2332.0,2332.0,2332.0,2332.0,2332.0,2332.0,2332.0,,,,,,,,,,,,,,,,,,,,,,,,,,,,,,,,,,,,,,,,,,,,,,,,,,,,,,,,,,,,0.2,307.7405,301.5253,296.3129,292.0865,288.8452,286.6024,285.3874,285.2504,286.2675,288.5451,292.2229,297.4741,304.5058,313.5606,324.9245,338.944,356.0625,376.8846,402.2877,433.6121,230.0,394.0,518.2018,73.64469999999994,1419.0698999999995,-8.5976
2333,2333,2333.0,2333.0,2333.0,2333.0,2333.0,2333.0,2333.0,2333.0,2333.0,2333.0,2333.0,2333.0,2333.0,2333.0,2333.0,,,,,,,,,,,,,,,,,,,,,,,,,,,,,,,,,,,,,,,,,,,,,,,,,,,,,,,,,,,,0.3,240.9879,250.9671,259.7282,267.1853,273.3925,278.5316,282.8779,286.755,290.4893,294.3734,298.642,303.4627,308.9422,315.1465,322.1326,329.9917,338.8966,349.1513,361.2377,375.8608,224.0,455.0,591.8465,129.6254,1345.4251999999997,-17.918399999999963
2334,2334,2334.0,2334.0,2334.0,2334.0,2334.0,2334.0,2334.0,2334.0,2334.0,2334.0,2334.0,2334.0,2334.0,2334.0,2334.0,,,,,,,,,,,,,,,,,,,,,,,,,,,,,,,,,,,,,,,,,,,,,,,,,,,,,,,,,,,,0.4,233.7981,242.7821,250.952,258.3353,264.9927,271.0191,276.5419,281.7183,286.7335,291.8004,297.162,303.0958,309.9182,317.9892,327.7164,339.5617,354.0566,371.8392,393.73,420.8744,230.0,271.0,721.4719,155.59659999999997,1215.7997999999998,-26.78090000000003
2335,2335,2335.0,2335.0,2335.0,2335.0,2335.0,2335.0,2335.0,2335.0,2335.0,2335.0,2335.0,2335.0,2335.0,2335.0,2335.0,,,,,,,,,,,,,,,,,,,,,,,,,,,,,,,,,,,,,,,,,,,,,,,,,,,,,,,,,,,,0.5,237.7388,244.8504,251.4273,257.5573,263.3213,268.7913,274.0263,279.0662,283.921,288.5569,292.881,296.7284,299.859,301.9692,302.7241,301.8103,299.0046,294.2458,287.6914,279.7391,246.0,272.0,877.0685,278.10800000000006,1060.2032,-30.45870000000002
2336,2336,2336.0,2336.0,2336.0,2336.0,2336.0,2336.0,2336.0,2336.0,2336.0,2336.0,2336.0,2336.0,2336.0,2336.0,2336.0,,,,,,,,,,,,,,,,,,,,,,,,,,,,,,,,,,,,,,,,,,,,,,,,,,,,,,,,,,,,0.6,250.4171,254.4759,258.2937,261.9561,265.5101,268.964,272.291,275.4369,278.3284,280.8818,283.0101,284.6296,285.6665,286.0631,285.7841,284.8231,283.2072,281.0002,278.303,275.2497,315.0,473.0,1155.1765,297.44259999999986,782.0952,-31.836000000000013
2337,2337,2337.0,2337.0,2337.0,2337.0,2337.0,2337.0,2337.0,2337.0,2337.0,2337.0,2337.0,2337.0,2337.0,2337.0,2337.0,,,,,,,,,,,,,,,,,,,,,,,,,,,,,,,,,,,,,,,,,,,,,,,,,,,,,,,,,,,,0.7,305.7776,297.7921,291.1604,285.9519,282.1608,279.7046,278.4481,278.2438,278.9808,280.6329,283.2972,287.2186,292.7934,300.5506,311.1107,325.1343,343.2793,366.2018,394.6423,429.6477,303.0,473.0,1452.6191,114.2619000000002,484.6526000000001,-22.74539999999996
2338,2338,2338.0,2338.0,2338.0,2338.0,2338.0,2338.0,2338.0,2338.0,2338.0,2338.0,2338.0,2338.0,2338.0,2338.0,2338.0,,,,,,,,,,,,,,,,,,,,,,,,,,,,,,,,,,,,,,,,,,,,,,,,,,,,,,,,,,,,0.8,298.6047,294.8939,291.8289,289.4007,287.63,286.5652,286.2803,286.8718,288.4566,291.1713,295.1722,300.6366,307.7668,316.7966,328.0041,341.7347,358.4405,378.7463,403.5589,434.2531,187.0,273.0,1566.881,95.65539999999989,370.3906999999999,-17.634799999999984
2339,2339,2339.0,2339.0,2339.0,2339.0,2339.0,2339.0,2339.0,2339.0,2339.0,2339.0,2339.0,2339.0,2339.0,2339.0,2339.0,,,,,,,,,,,,,,,,,,,,,,,,,,,,,,,,,,,,,,,,,,,,,,,,,,,,,,,,,,,,0.9,205.9706,223.2728,238.5065,251.4724,262.1903,270.8725,277.8632,283.5617,288.3468,292.5119,296.2197,299.4792,302.1464,303.9504,304.5449,303.5799,300.7888,296.0729,289.5679,281.6686,236.0,273.0,1662.5364,274.73530000000005,274.73530000000005,-35.17750000000001
2340,2340,2340.0,2340.0,2340.0,2340.0,2340.0,2340.0,2340.0,2340.0,2340.0,2340.0,2340.0,2340.0,2340.0,2340.0,,,,,,,,,,,,,,,,,,,,,,,,,,,,,,,,,,,,,,,,,,,,,,,,,,,,,,,,,,,,,0.0,273.0,273.0,273.0,273.0,273.0,273.0,273.0,273.0,273.0,273.0,273.0,273.0,273.0,273.0,273.0,273.0,273.0,273.0,273.0,273.0,245.0,472.0,0.0,396.6149,1551.6168,-20.0
2341,2341,2341.0,2341.0,2341.0,2341.0,2341.0,2341.0,2341.0,2341.0,2341.0,2341.0,2341.0,2341.0,2341.0,2341.0,,,,,,,,,,,,,,,,,,,,,,,,,,,,,,,,,,,,,,,,,,,,,,,,,,,,,,,,,,,,,0.1,250.4969,255.3965,259.6339,263.1846,266.0745,268.3834,270.2447,271.8447,273.4261,275.2972,277.8441,281.541,286.9509,294.7104,305.4952,319.9762,338.7861,362.5281,391.8732,427.7928,244.0,471.0,396.6149,225.35870000000008,1155.0019,-25.666600000000017
2342,2342,2342.0,2342.0,2342.0,2342.0,2342.0,2342.0,2342.0,2342.0,2342.0,2342.0,2342.0,2342.0,2342.0,2342.0,,,,,,,,,,,,,,,,,,,,,,,,,,,,,,,,,,,,,,,,,,,,,,,,,,,,,,,,,,,,,0.2,248.8651,253.2616,257.2521,260.9117,264.3345,267.6382,270.9675,274.4953,278.4219,282.9731,288.3966,294.9588,302.943,312.6513,324.4145,338.6132,355.7174,376.354,401.4178,432.257,246.0,471.0,621.9736,162.99609999999996,929.6432,-27.561800000000005
2343,2343,2343.0,2343.0,2343.0,2343.0,2343.0,2343.0,2343.0,2343.0,2343.0,2343.0,2343.0,2343.0,2343.0,2343.0,,,,,,,,,,,,,,,,,,,,,,,,,,,,,,,,,,,,,,,,,,,,,,,,,,,,,,,,,,,,,0.3,250.601,254.8213,258.7732,262.5678,266.317,270.1357,274.1444,278.4713,283.2548,288.6459,294.811,301.9362,310.2339,319.9533,331.3972,344.9482,361.1086,380.5641,404.2855,433.7004,245.0,473.0,784.9697,132.79430000000002,766.6471,-26.314300000000003
2344,2344,2344.0,2344.0,2344.0,2344.0,2344.0,2344.0,2344.0,2344.0,2344.0,2344.0,2344.0,2344.0,2344.0,2344.0,,,,,,,,,,,,,,,,,,,,,,,,,,,,,,,,,,,,,,,,,,,,,,,,,,,,,,,,,,,,,0.4,250.1963,254.9906,259.4902,263.8027,268.0369,272.3042,276.72,281.4052,286.4887,292.1106,298.4264,305.6139,313.8815,323.4811,334.7259,348.0169,363.8824,383.0409,406.502,435.7389,244.0,471.0,917.764,116.8429,633.8528,-25.49580000000003
2345,2345,2345.0,2345.0,2345.0,2345.0,2345.0,2345.0,2345.0,2345.0,2345.0,2345.0,2345.0,2345.0,2345.0,2345.0,,,,,,,,,,,,,,,,,,,,,,,,,,,,,,,,,,,,,,,,,,,,,,,,,,,,,,,,,,,,,0.5,249.6473,254.8712,259.7739,264.458,269.0276,273.5895,278.2546,283.1393,288.3681,294.0765,300.4155,307.5583,315.7095,325.1173,336.0927,349.0356,364.4745,383.1279,406.0017,434.5554,243.0,471.0,1034.6069,109.5978,517.0099,-25.660500000000013
2346,2346,2346.0,2346.0,2346.0,2346.0,2346.0,2346.0,2346.0,2346.0,2346.0,2346.0,2346.0,2346.0,2346.0,2346.0,,,,,,,,,,,,,,,,,,,,,,,,,,,,,,,,,,,,,,,,,,,,,,,,,,,,,,,,,,,,,0.6,248.9802,254.5169,259.7077,264.6511,269.4478,274.2014,279.0203,284.0195,289.3224,295.0649,301.3997,308.5033,316.585,325.8995,336.7649,349.5886,364.9062,383.4414,406.2038,434.6537,243.0,471.0,1144.2047,106.1938,407.4121,-26.59860000000004
2347,2347,2347.0,2347.0,2347.0,2347.0,2347.0,2347.0,2347.0,2347.0,2347.0,2347.0,2347.0,2347.0,2347.0,2347.0,,,,,,,,,,,,,,,,,,,,,,,,,,,,,,,,,,,,,,,,,,,,,,,,,,,,,,,,,,,,,0.7,249.0367,254.631,259.8813,264.8858,269.7434,274.5554,279.4268,284.4691,289.8027,295.5615,301.8973,308.9866,317.0398,326.3136,337.1287,349.8952,365.1514,383.6237,406.3236,434.7127,244.0,471.0,1250.3985,103.7342000000001,301.2183,-27.89459999999997
2348,2348,2348.0,2348.0,2348.0,2348.0,2348.0,2348.0,2348.0,2348.0,2348.0,2348.0,2348.0,2348.0,2348.0,2348.0,,,,,,,,,,,,,,,,,,,,,,,,,,,,,,,,,,,,,,,,,,,,,,,,,,,,,,,,,,,,,0.8,249.886,255.3481,260.487,265.4017,270.1905,274.9521,279.788,284.8054,290.1207,295.8639,302.1838,309.2552,317.2872,326.5362,337.323,350.0585,365.2821,383.7209,406.3875,434.7442,247.0,472.0,1354.1327,100.46929999999998,197.4840999999999,-29.247900000000016
2349,2349,2349.0,2349.0,2349.0,2349.0,2349.0,2349.0,2349.0,2349.0,2349.0,2349.0,2349.0,2349.0,2349.0,2349.0,,,,,,,,,,,,,,,,,,,,,,,,,,,,,,,,,,,,,,,,,,,,,,,,,,,,,,,,,,,,,0.9,252.368,257.3665,262.102,266.6762,271.1864,275.7269,280.3925,285.2824,290.5048,296.1823,302.4582,309.503,317.5241,326.7776,337.5857,350.3618,365.6487,384.1788,406.9719,435.5021,245.0,471.0,1454.602,97.01479999999992,97.01479999999992,-30.32310000000001
2350,2350,2350.0,2350.0,2350.0,2350.0,2350.0,2350.0,2350.0,2350.0,2350.0,2350.0,2350.0,2350.0,2350.0,2350.0,,,,,,,,,,,,,,,,,,,,,,,,,,,,,,,,,,,,,,,,,,,,,,,,,,,,,,,,,,,,,0.0,273.0,273.0,273.0,273.0,273.0,273.0,273.0,273.0,273.0,273.0,273.0,273.0,273.0,273.0,273.0,273.0,273.0,273.0,273.0,273.0,243.0,472.0,0.0,397.6286,1545.7635,-20.0
2351,2351,2351.0,2351.0,2351.0,2351.0,2351.0,2351.0,2351.0,2351.0,2351.0,2351.0,2351.0,2351.0,2351.0,2351.0,,,,,,,,,,,,,,,,,,,,,,,,,,,,,,,,,,,,,,,,,,,,,,,,,,,,,,,,,,,,,0.1,248.8842,254.1318,258.6714,262.4748,265.5679,268.0339,270.0118,271.6949,273.3331,275.2416,277.812,281.5231,286.9413,294.7054,305.4927,319.975,338.7855,362.5278,391.8731,427.7927,243.0,471.0,397.6286,228.4592,1148.1349,-26.016099999999994
2352,2352,2352.0,2352.0,2352.0,2352.0,2352.0,2352.0,2352.0,2352.0,2352.0,2352.0,2352.0,2352.0,2352.0,2352.0,,,,,,,,,,,,,,,,,,,,,,,,,,,,,,,,,,,,,,,,,,,,,,,,,,,,,,,,,,,,,0.2,247.9831,252.4861,256.5748,260.3262,263.8354,267.2201,270.6242,274.2195,278.2055,282.8073,288.2728,294.8686,302.8789,312.607,324.3846,338.5935,355.7049,376.3465,401.4135,432.2551,245.0,473.0,626.0878,166.2251,919.6757,-27.979899999999983
2353,2353,2353.0,2353.0,2353.0,2353.0,2353.0,2353.0,2353.0,2353.0,2353.0,2353.0,2353.0,2353.0,2353.0,2353.0,,,,,,,,,,,,,,,,,,,,,,,,,,,,,,,,,,,,,,,,,,,,,,,,,,,,,,,,,,,,,0.3,249.7301,254.0657,258.1204,262.0068,265.8381,269.7305,273.8058,278.1936,283.034,288.4805,294.7025,301.8902,310.2607,320.0694,331.626,345.3205,361.664,381.3529,405.3731,435.177,245.0,473.0,792.3129,134.5761,753.4506,-26.719499999999982
2354,2354,2354.0,2354.0,2354.0,2354.0,2354.0,2354.0,2354.0,2354.0,2354.0,2354.0,2354.0,2354.0,2354.0,2354.0,,,,,,,,,,,,,,,,,,,,,,,,,,,,,,,,,,,,,,,,,,,,,,,,,,,,,,,,,,,,,0.4,250.1352,254.8739,259.3286,263.6099,267.8285,272.0956,276.5252,281.2361,286.3544,292.0172,298.3769,305.6081,313.9161,323.5494,334.8183,348.1214,363.9861,383.1311,406.568,435.7736,246.0,473.0,926.889,116.98819999999988,618.8745,-25.70440000000002
2355,2355,2355.0,2355.0,2355.0,2355.0,2355.0,2355.0,2355.0,2355.0,2355.0,2355.0,2355.0,2355.0,2355.0,2355.0,,,,,,,,,,,,,,,,,,,,,,,,,,,,,,,,,,,,,,,,,,,,,,,,,,,,,,,,,,,,,0.5,251.2389,256.0952,260.6791,265.0977,269.4561,273.8586,278.4107,283.2224,288.4109,294.1059,300.4539,307.626,315.8267,325.3067,336.3811,349.4557,365.0669,383.9434,407.1064,436.0402,246.0,473.0,1043.8772,106.5689,501.8863000000001,-25.391399999999976
2356,2356,2356.0,2356.0,2356.0,2356.0,2356.0,2356.0,2356.0,2356.0,2356.0,2356.0,2356.0,2356.0,2356.0,2356.0,,,,,,,,,,,,,,,,,,,,,,,,,,,,,,,,,,,,,,,,,,,,,,,,,,,,,,,,,,,,,0.6,251.4669,256.542,261.3273,265.9235,270.4311,274.9519,279.5903,284.4559,289.6672,295.3548,301.6671,308.7774,316.8928,326.2673,337.2198,350.1605,365.6303,384.3625,407.3821,436.1761,246.0,472.0,1150.4461,100.71150000000011,395.3174000000001,-25.848099999999988
2357,2357,2357.0,2357.0,2357.0,2357.0,2357.0,2357.0,2357.0,2357.0,2357.0,2357.0,2357.0,2357.0,2357.0,2357.0,,,,,,,,,,,,,,,,,,,,,,,,,,,,,,,,,,,,,,,,,,,,,,,,,,,,,,,,,,,,,0.7,251.5948,256.7932,261.6932,266.392,270.9872,275.5782,280.2677,285.1644,290.3858,296.0624,302.3426,309.3994,317.4399,326.7178,337.5516,350.3506,365.6542,384.1931,406.9867,435.5112,244.0,473.0,1251.1576,98.70370000000004,294.6059,-26.871800000000007
2358,2358,2358.0,2358.0,2358.0,2358.0,2358.0,2358.0,2358.0,2358.0,2358.0,2358.0,2358.0,2358.0,2358.0,2358.0,,,,,,,,,,,,,,,,,,,,,,,,,,,,,,,,,,,,,,,,,,,,,,,,,,,,,,,,,,,,,0.8,250.0546,255.6708,260.9375,265.9463,270.793,275.5787,280.411,285.4053,290.6869,296.3945,302.6846,309.7382,317.7705,327.0427,337.881,350.7021,366.0523,384.6691,407.58,436.2724,244.0,473.0,1349.8613,98.79039999999986,195.9022,-28.62129999999996
2359,2359,2359.0,2359.0,2359.0,2359.0,2359.0,2359.0,2359.0,2359.0,2359.0,2359.0,2359.0,2359.0,2359.0,2359.0,,,,,,,,,,,,,,,,,,,,,,,,,,,,,,,,,,,,,,,,,,,,,,,,,,,,,,,,,,,,,0.9,250.0214,255.6108,260.8624,265.8704,270.731,275.5431,280.4105,285.444,290.7648,296.5079,302.8271,309.9019,317.9464,327.2217,338.054,350.8603,366.1881,384.7759,407.6533,436.3095,247.0,471.0,1448.6517,97.11180000000012,97.11180000000012,-30.50690000000003
2360,2360,2360.0,2360.0,2360.0,2360.0,2360.0,2360.0,2360.0,2360.0,2360.0,2360.0,2360.0,2360.0,2360.0,2360.0,,,,,,,,,,,,,,,,,,,,,,,,,,,,,,,,,,,,,,,,,,,,,,,,,,,,,,,,,,,,,0.0,273.0,273.0,273.0,273.0,273.0,273.0,273.0,273.0,273.0,273.0,273.0,273.0,273.0,273.0,273.0,273.0,273.0,273.0,273.0,273.0,243.0,473.0,0.0,397.4776,1549.3338,-20.0
2361,2361,2361.0,2361.0,2361.0,2361.0,2361.0,2361.0,2361.0,2361.0,2361.0,2361.0,2361.0,2361.0,2361.0,2361.0,,,,,,,,,,,,,,,,,,,,,,,,,,,,,,,,,,,,,,,,,,,,,,,,,,,,,,,,,,,,,0.1,248.8842,254.1319,258.6715,262.4751,265.5685,268.0351,270.0142,271.6994,273.3415,275.2564,277.8375,281.5652,287.0084,294.8086,305.646,320.1956,339.0937,362.9483,392.4367,428.542,244.0,472.0,397.4776,227.2663000000001,1151.8562000000002,-26.01490000000001
2362,2362,2362.0,2362.0,2362.0,2362.0,2362.0,2362.0,2362.0,2362.0,2362.0,2362.0,2362.0,2362.0,2362.0,2362.0,,,,,,,,,,,,,,,,,,,,,,,,,,,,,,,,,,,,,,,,,,,,,,,,,,,,,,,,,,,,,0.2,248.7913,253.122,257.0614,260.6887,264.0993,267.4098,270.7619,274.3244,278.2938,282.8928,288.3671,294.9823,303.0218,312.7891,324.6168,338.8884,356.0778,376.8176,402.0112,433.0212,244.0,473.0,624.7439,164.83949999999993,924.5899,-27.79019999999997
2363,2363,2363.0,2363.0,2363.0,2363.0,2363.0,2363.0,2363.0,2363.0,2363.0,2363.0,2363.0,2363.0,2363.0,2363.0,,,,,,,,,,,,,,,,,,,,,,,,,,,,,,,,,,,,,,,,,,,,,,,,,,,,,,,,,,,,,0.3,248.9642,253.5105,257.7466,261.7816,265.7284,269.7057,273.84,278.2667,283.1317,288.5933,294.8247,302.0181,310.3916,320.2001,331.7524,345.4376,361.7663,381.4349,405.4303,435.2062,245.0,473.0,789.5834,134.75020000000006,759.7504000000001,-26.74430000000001
2364,2364,2364.0,2364.0,2364.0,2364.0,2364.0,2364.0,2364.0,2364.0,2364.0,2364.0,2364.0,2364.0,2364.0,2364.0,,,,,,,,,,,,,,,,,,,,,,,,,,,,,,,,,,,,,,,,,,,,,,,,,,,,,,,,,,,,,0.4,250.1156,254.8379,259.2819,263.5597,267.7821,272.0592,276.5033,281.2308,286.3659,292.0438,298.4158,305.6556,313.9683,323.6026,334.8691,348.1671,364.0245,383.1607,406.588,435.7836,246.0,471.0,924.3336,116.75559999999984,625.0002000000001,-25.74080000000004
2365,2365,2365.0,2365.0,2365.0,2365.0,2365.0,2365.0,2365.0,2365.0,2365.0,2365.0,2365.0,2365.0,2365.0,2365.0,,,,,,,,,,,,,,,,,,,,,,,,,,,,,,,,,,,,,,,,,,,,,,,,,,,,,,,,,,,,,0.5,251.2356,256.0891,260.671,265.0886,269.4471,273.8504,278.4034,283.2149,288.4008,294.0882,300.4209,307.566,315.7232,325.1377,336.118,349.0631,364.501,383.1503,406.0178,434.5638,244.0,472.0,1041.0892,107.63550000000008,508.2446000000002,-25.39960000000002
2366,2366,2366.0,2366.0,2366.0,2366.0,2366.0,2366.0,2366.0,2366.0,2366.0,2366.0,2366.0,2366.0,2366.0,2366.0,,,,,,,,,,,,,,,,,,,,,,,,,,,,,,,,,,,,,,,,,,,,,,,,,,,,,,,,,,,,,0.6,249.8521,255.2727,260.3572,265.2025,269.9085,274.5795,279.3249,284.2605,289.5112,295.2137,301.5217,308.6124,316.6961,326.0289,336.9305,349.8108,365.2085,383.8518,406.757,435.3963,245.0,473.0,1148.7247,103.65390000000002,400.6091000000001,-26.22050000000001
2367,2367,2367.0,2367.0,2367.0,2367.0,2367.0,2367.0,2367.0,2367.0,2367.0,2367.0,2367.0,2367.0,2367.0,2367.0,,,,,,,,,,,,,,,,,,,,,,,,,,,,,,,,,,,,,,,,,,,,,,,,,,,,,,,,,,,,,0.7,250.7097,256.0109,261.0043,265.7891,270.4636,275.1272,279.8818,284.8356,290.1062,295.8247,302.1418,309.2339,317.3127,326.6372,337.5319,350.4117,365.822,384.4987,407.4683,436.2175,245.0,472.0,1252.3786,100.18910000000004,296.9552000000001,-27.32279999999997
2368,2368,2368.0,2368.0,2368.0,2368.0,2368.0,2368.0,2368.0,2368.0,2368.0,2368.0,2368.0,2368.0,2368.0,2368.0,,,,,,,,,,,,,,,,,,,,,,,,,,,,,,,,,,,,,,,,,,,,,,,,,,,,,,,,,,,,,0.8,250.7932,256.1733,261.2372,266.0815,270.8033,275.5017,280.2796,285.2463,290.52,296.2324,302.5334,309.5979,317.6349,326.9004,337.7147,350.4895,365.766,384.2763,407.0415,435.5382,245.0,473.0,1352.5677,98.59220000000003,196.76610000000005,-28.69829999999996
2369,2369,2369.0,2369.0,2369.0,2369.0,2369.0,2369.0,2369.0,2369.0,2369.0,2369.0,2369.0,2369.0,2369.0,2369.0,,,,,,,,,,,,,,,,,,,,,,,,,,,,,,,,,,,,,,,,,,,,,,,,,,,,,,,,,,,,,0.9,250.8366,256.2583,261.3605,266.2385,270.9882,275.7081,280.5006,285.4749,290.75,296.4588,302.7532,309.8109,317.8449,327.1157,337.9492,350.7625,366.1025,384.7076,407.6058,436.2853,243.0,472.0,1451.1599,98.1739,98.1739,-30.34190000000001
2370,2370,2370.0,2370.0,2370.0,2370.0,2370.0,2370.0,2370.0,2370.0,2370.0,2370.0,2370.0,2370.0,2370.0,2370.0,,,,,,,,,,,,,,,,,,,,,,,,,,,,,,,,,,,,,,,,,,,,,,,,,,,,,,,,,,,,,0.0,273.0,273.0,273.0,273.0,273.0,273.0,273.0,273.0,273.0,273.0,273.0,273.0,273.0,273.0,273.0,273.0,273.0,273.0,273.0,273.0,244.0,472.0,0.0,397.1204,1550.5913,-20.0
2371,2371,2371.0,2371.0,2371.0,2371.0,2371.0,2371.0,2371.0,2371.0,2371.0,2371.0,2371.0,2371.0,2371.0,2371.0,,,,,,,,,,,,,,,,,,,,,,,,,,,,,,,,,,,,,,,,,,,,,,,,,,,,,,,,,,,,,0.1,249.6907,254.7643,259.1528,262.8298,265.8212,268.2087,270.1283,271.7698,273.3796,275.2694,277.8281,281.532,286.9461,294.7079,305.4939,319.9756,338.7858,362.528,391.8732,427.7928,243.0,473.0,397.1204,227.23400000000004,1153.4709,-25.84129999999999
2372,2372,2372.0,2372.0,2372.0,2372.0,2372.0,2372.0,2372.0,2372.0,2372.0,2372.0,2372.0,2372.0,2372.0,2372.0,,,,,,,,,,,,,,,,,,,,,,,,,,,,,,,,,,,,,,,,,,,,,,,,,,,,,,,,,,,,,0.2,248.0206,252.5573,256.6724,260.4414,263.9589,267.3437,270.7418,274.3282,278.3059,282.9038,288.3738,294.9874,303.0334,312.8208,324.6873,339.0213,356.3014,377.1647,402.5204,433.7414,245.0,471.0,624.3544,164.6182,926.2369,-27.856299999999976
2373,2373,2373.0,2373.0,2373.0,2373.0,2373.0,2373.0,2373.0,2373.0,2373.0,2373.0,2373.0,2373.0,2373.0,2373.0,,,,,,,,,,,,,,,,,,,,,,,,,,,,,,,,,,,,,,,,,,,,,,,,,,,,,,,,,,,,,0.3,249.7453,254.0954,258.1638,262.0627,265.9053,269.8079,273.8922,278.2878,283.1341,288.5827,294.8002,301.9719,310.309,320.0589,331.5223,345.0801,361.234,380.6703,404.362,433.7403,244.0,471.0,788.9726,134.6006,761.6187,-26.64209999999997
2374,2374,2374.0,2374.0,2374.0,2374.0,2374.0,2374.0,2374.0,2374.0,2374.0,2374.0,2374.0,2374.0,2374.0,2374.0,,,,,,,,,,,,,,,,,,,,,,,,,,,,,,,,,,,,,,,,,,,,,,,,,,,,,,,,,,,,,0.4,249.3373,254.2582,258.8712,263.2848,267.6088,271.9551,276.4396,281.183,286.3136,291.97,298.3056,305.4947,313.7415,323.2927,334.4557,347.6249,363.3212,382.2537,405.4182,434.2652,245.0,472.0,923.5732,118.71000000000004,627.0181,-25.8449
2375,2375,2375.0,2375.0,2375.0,2375.0,2375.0,2375.0,2375.0,2375.0,2375.0,2375.0,2375.0,2375.0,2375.0,2375.0,,,,,,,,,,,,,,,,,,,,,,,,,,,,,,,,,,,,,,,,,,,,,,,,,,,,,,,,,,,,,0.5,250.3967,255.3944,260.1026,264.6279,269.0752,273.5489,278.1549,283.0037,288.2135,293.9149,300.256,307.4093,315.5809,325.0227,336.0506,349.07,364.6152,383.4097,406.4658,435.2526,245.0,473.0,1042.2832,108.97619999999984,508.3081,-25.7011
2376,2376,2376.0,2376.0,2376.0,2376.0,2376.0,2376.0,2376.0,2376.0,2376.0,2376.0,2376.0,2376.0,2376.0,2376.0,,,,,,,,,,,,,,,,,,,,,,,,,,,,,,,,,,,,,,,,,,,,,,,,,,,,,,,,,,,,,0.6,250.6061,255.8051,260.699,265.3892,269.9767,274.5638,279.2558,284.1636,289.4067,295.1175,301.4465,308.5689,316.6943,326.0793,337.045,350.0034,365.4964,384.2572,407.3099,436.1395,245.0,472.0,1151.2594,103.17430000000012,399.3319000000001,-26.2362
2377,2377,2377.0,2377.0,2377.0,2377.0,2377.0,2377.0,2377.0,2377.0,2377.0,2377.0,2377.0,2377.0,2377.0,2377.0,,,,,,,,,,,,,,,,,,,,,,,,,,,,,,,,,,,,,,,,,,,,,,,,,,,,,,,,,,,,,0.7,250.7266,256.0422,261.0454,265.8344,270.508,275.1664,279.9135,284.8593,290.1224,295.8346,302.1453,309.2288,317.293,326.5926,337.4466,350.2648,365.5869,384.1436,406.9544,435.4953,245.0,473.0,1254.4337,100.29579999999989,296.1576,-27.28359999999998
2378,2378,2378.0,2378.0,2378.0,2378.0,2378.0,2378.0,2378.0,2378.0,2378.0,2378.0,2378.0,2378.0,2378.0,2378.0,,,,,,,,,,,,,,,,,,,,,,,,,,,,,,,,,,,,,,,,,,,,,,,,,,,,,,,,,,,,,0.8,250.7972,256.181,261.2477,266.0937,270.8158,275.5133,280.2889,285.2523,290.5226,296.2323,302.5333,309.6026,317.6528,326.9434,337.7995,350.6373,366.003,384.6338,407.5575,436.2615,245.0,473.0,1354.7295,98.4652000000001,195.86180000000013,-28.686699999999973
2379,2379,2379.0,2379.0,2379.0,2379.0,2379.0,2379.0,2379.0,2379.0,2379.0,2379.0,2379.0,2379.0,2379.0,2379.0,,,,,,,,,,,,,,,,,,,,,,,,,,,,,,,,,,,,,,,,,,,,,,,,,,,,,,,,,,,,,0.9,250.838,256.2611,261.3648,266.2442,270.9957,275.7176,280.5129,285.4909,290.7709,296.4857,302.7871,309.8524,317.8938,327.1707,338.0077,350.8208,366.1563,384.7523,407.6378,436.3019,245.0,473.0,1453.1947,97.39660000000003,97.39660000000003,-30.332400000000007
2380,2380,2380.0,2380.0,2380.0,2380.0,2380.0,2380.0,2380.0,2380.0,2380.0,2380.0,2380.0,2380.0,2380.0,2380.0,,,,,,,,,,,,,,,,,,,,,,,,,,,,,,,,,,,,,,,,,,,,,,,,,,,,,,,,,,,,,0.0,273.0,273.0,273.0,273.0,273.0,273.0,273.0,273.0,273.0,273.0,273.0,273.0,273.0,273.0,273.0,273.0,273.0,273.0,273.0,273.0,244.0,473.0,0.0,396.9693,1559.6697,-20.0
2381,2381,2381.0,2381.0,2381.0,2381.0,2381.0,2381.0,2381.0,2381.0,2381.0,2381.0,2381.0,2381.0,2381.0,2381.0,,,,,,,,,,,,,,,,,,,,,,,,,,,,,,,,,,,,,,,,,,,,,,,,,,,,,,,,,,,,,0.1,249.6907,254.7643,259.1529,262.8301,265.8218,268.2099,270.1307,271.7743,273.388,275.2843,277.8535,281.5741,287.0132,294.8111,305.6472,320.1962,339.094,362.9484,392.4368,428.5421,242.0,473.0,396.9693,227.10450000000003,1162.7004,-25.840100000000007
2382,2382,2382.0,2382.0,2382.0,2382.0,2382.0,2382.0,2382.0,2382.0,2382.0,2382.0,2382.0,2382.0,2382.0,2382.0,,,,,,,,,,,,,,,,,,,,,,,,,,,,,,,,,,,,,,,,,,,,,,,,,,,,,,,,,,,,,0.2,247.2144,251.9257,256.1933,260.0909,263.7133,267.181,270.6432,274.2784,278.2932,282.9199,288.4126,295.0443,303.1044,312.9015,324.7726,339.1054,356.378,377.2279,402.5652,433.7645,243.0,473.0,624.0738,166.78509999999994,935.5959,-28.019000000000005
2383,2383,2383.0,2383.0,2383.0,2383.0,2383.0,2383.0,2383.0,2383.0,2383.0,2383.0,2383.0,2383.0,2383.0,2383.0,,,,,,,,,,,,,,,,,,,,,,,,,,,,,,,,,,,,,,,,,,,,,,,,,,,,,,,,,,,,,0.3,248.0962,252.7625,257.109,261.2466,265.2891,269.3551,273.5707,278.0704,282.9998,288.5169,294.7949,302.026,310.4288,320.258,331.8225,345.5116,361.8361,381.4935,405.4721,435.2279,245.0,472.0,790.8589,136.413,768.8108,-27.0949
2384,2384,2384.0,2384.0,2384.0,2384.0,2384.0,2384.0,2384.0,2384.0,2384.0,2384.0,2384.0,2384.0,2384.0,2384.0,,,,,,,,,,,,,,,,,,,,,,,,,,,,,,,,,,,,,,,,,,,,,,,,,,,,,,,,,,,,,0.4,250.0601,254.7324,259.1362,263.3866,267.5951,271.8714,276.3254,281.0703,286.2264,291.9251,298.3137,305.5625,313.8728,323.4901,334.7217,347.9633,363.7393,382.7646,406.045,435.0464,243.0,471.0,927.2719,119.1368,632.3978,-25.928600000000017
2385,2385,2385.0,2385.0,2385.0,2385.0,2385.0,2385.0,2385.0,2385.0,2385.0,2385.0,2385.0,2385.0,2385.0,2385.0,,,,,,,,,,,,,,,,,,,,,,,,,,,,,,,,,,,,,,,,,,,,,,,,,,,,,,,,,,,,,0.5,248.7951,254.1504,259.1676,263.9496,268.6015,273.2321,277.9543,282.8868,288.1555,293.8973,300.2643,307.4302,315.6003,325.0237,336.0124,348.9676,364.4187,383.0849,405.9725,434.5407,245.0,472.0,1046.4087,110.74850000000016,513.261,-26.0179
2386,2386,2386.0,2386.0,2386.0,2386.0,2386.0,2386.0,2386.0,2386.0,2386.0,2386.0,2386.0,2386.0,2386.0,2386.0,,,,,,,,,,,,,,,,,,,,,,,,,,,,,,,,,,,,,,,,,,,,,,,,,,,,,,,,,,,,,0.6,250.5359,255.6722,260.5174,265.176,269.75,274.3396,279.0461,283.9753,289.2415,294.9722,301.3138,308.4388,316.5543,325.9151,336.8409,349.7417,365.1569,383.8153,406.7338,435.3851,244.0,471.0,1157.1572,104.5714999999998,402.5124999999998,-26.4604
2387,2387,2387.0,2387.0,2387.0,2387.0,2387.0,2387.0,2387.0,2387.0,2387.0,2387.0,2387.0,2387.0,2387.0,2387.0,,,,,,,,,,,,,,,,,,,,,,,,,,,,,,,,,,,,,,,,,,,,,,,,,,,,,,,,,,,,,0.7,249.8947,255.3601,260.4928,265.39,270.1504,274.876,279.6727,284.653,289.9378,295.6608,301.9727,309.0481,317.0949,326.367,337.182,349.9474,365.1996,383.6643,406.3528,434.7279,246.0,473.0,1261.7287,101.6056000000001,297.94100000000003,-27.57400000000001
2388,2388,2388.0,2388.0,2388.0,2388.0,2388.0,2388.0,2388.0,2388.0,2388.0,2388.0,2388.0,2388.0,2388.0,2388.0,,,,,,,,,,,,,,,,,,,,,,,,,,,,,,,,,,,,,,,,,,,,,,,,,,,,,,,,,,,,,0.8,251.5519,256.7141,261.59,266.2796,270.8803,275.4887,280.2032,285.1274,290.3745,296.072,302.3676,309.4361,317.4886,326.7849,337.6507,350.5027,365.8877,384.5428,407.4948,436.2297,245.0,471.0,1363.3343,98.16219999999998,196.3354,-28.711299999999994
2389,2389,2389.0,2389.0,2389.0,2389.0,2389.0,2389.0,2389.0,2389.0,2389.0,2389.0,2389.0,2389.0,2389.0,2389.0,,,,,,,,,,,,,,,,,,,,,,,,,,,,,,,,,,,,,,,,,,,,,,,,,,,,,,,,,,,,,0.9,250.8518,256.2859,261.3951,266.2736,271.0173,275.7258,280.503,285.46,290.7167,296.4059,302.6778,309.7069,317.7009,326.9134,337.6621,350.3551,365.5298,383.9131,406.5184,434.8102,244.0,473.0,1461.4965,98.17319999999997,98.17319999999997,-30.32420000000002
2390,2390,2390.0,2390.0,2390.0,2390.0,2390.0,2390.0,2390.0,2390.0,2390.0,2390.0,2390.0,2390.0,2390.0,2390.0,,,,,,,,,,,,,,,,,,,,,,,,,,,,,,,,,,,,,,,,,,,,,,,,,,,,,,,,,,,,,0.0,273.0,273.0,273.0,273.0,273.0,273.0,273.0,273.0,273.0,273.0,273.0,273.0,273.0,273.0,273.0,273.0,273.0,273.0,273.0,273.0,242.0,473.0,0.0,397.9887,1557.4314,-20.0
2391,2391,2391.0,2391.0,2391.0,2391.0,2391.0,2391.0,2391.0,2391.0,2391.0,2391.0,2391.0,2391.0,2391.0,2391.0,,,,,,,,,,,,,,,,,,,,,,,,,,,,,,,,,,,,,,,,,,,,,,,,,,,,,,,,,,,,,0.1,248.0776,253.4992,258.19,262.1199,265.315,267.8603,269.8977,271.6245,273.295,275.2286,277.8214,281.5562,287.0036,294.8061,305.6447,320.195,339.0935,362.9482,392.4367,428.542,244.0,472.0,397.9887,228.5526,1159.4427,-26.189700000000016
2392,2392,2392.0,2392.0,2392.0,2392.0,2392.0,2392.0,2392.0,2392.0,2392.0,2392.0,2392.0,2392.0,2392.0,2392.0,,,,,,,,,,,,,,,,,,,,,,,,,,,,,,,,,,,,,,,,,,,,,,,,,,,,,,,,,,,,,0.2,248.7537,253.0509,256.9639,260.574,263.9769,267.2885,270.6486,274.224,278.2089,282.824,288.3134,294.9418,302.9923,312.7681,324.6023,338.8786,356.0714,376.8136,402.0089,433.0202,244.0,472.0,626.5413,165.39780000000007,930.8901,-27.91149999999999
2393,2393,2393.0,2393.0,2393.0,2393.0,2393.0,2393.0,2393.0,2393.0,2393.0,2393.0,2393.0,2393.0,2393.0,2393.0,,,,,,,,,,,,,,,,,,,,,,,,,,,,,,,,,,,,,,,,,,,,,,,,,,,,,,,,,,,,,0.3,248.9508,253.4846,257.7097,261.7357,265.6759,269.649,273.7811,278.207,283.0716,288.5319,294.7591,301.9434,310.3,320.0809,331.5914,345.217,361.464,381.0239,404.8763,434.4631,244.0,473.0,791.9391,135.79779999999994,765.4922999999999,-26.800999999999988
2394,2394,2394.0,2394.0,2394.0,2394.0,2394.0,2394.0,2394.0,2394.0,2394.0,2394.0,2394.0,2394.0,2394.0,2394.0,,,,,,,,,,,,,,,,,,,,,,,,,,,,,,,,,,,,,,,,,,,,,,,,,,,,,,,,,,,,,0.4,249.3017,254.1909,258.7791,263.1768,267.4946,271.8442,276.3404,281.1029,286.2593,291.9483,298.3243,305.5638,313.8745,323.5073,334.775,348.0782,363.9456,383.0967,406.5431,435.7606,243.0,472.0,927.7369,119.63620000000004,629.6945,-25.95580000000001
2395,2395,2395.0,2395.0,2395.0,2395.0,2395.0,2395.0,2395.0,2395.0,2395.0,2395.0,2395.0,2395.0,2395.0,2395.0,,,,,,,,,,,,,,,,,,,,,,,,,,,,,,,,,,,,,,,,,,,,,,,,,,,,,,,,,,,,,0.5,248.7733,254.1099,259.1136,263.8886,268.5405,273.1772,277.9106,282.858,288.1447,293.9072,300.2979,307.4919,315.6958,325.161,336.2018,349.2223,364.7558,383.5266,406.5491,435.2957,244.0,473.0,1047.3731,111.31529999999998,510.0582999999999,-26.07279999999997
2396,2396,2396.0,2396.0,2396.0,2396.0,2396.0,2396.0,2396.0,2396.0,2396.0,2396.0,2396.0,2396.0,2396.0,2396.0,,,,,,,,,,,,,,,,,,,,,,,,,,,,,,,,,,,,,,,,,,,,,,,,,,,,,,,,,,,,,0.6,249.7248,255.0312,260.0248,264.8093,269.4869,274.1599,278.9326,283.9146,289.2242,294.9926,301.3695,308.5302,316.6847,326.0899,337.068,350.0321,365.5253,384.282,407.3276,436.1487,247.0,471.0,1158.6884,104.0073,398.743,-26.64010000000001
2397,2397,2397.0,2397.0,2397.0,2397.0,2397.0,2397.0,2397.0,2397.0,2397.0,2397.0,2397.0,2397.0,2397.0,2397.0,,,,,,,,,,,,,,,,,,,,,,,,,,,,,,,,,,,,,,,,,,,,,,,,,,,,,,,,,,,,,0.7,252.2776,257.1893,261.8451,266.3496,270.8024,275.2999,279.9382,284.8168,290.0435,295.7392,302.0439,309.1234,317.179,326.4595,337.279,350.043,365.2869,383.7363,406.4039,434.7543,246.0,473.0,1262.6957,99.0064,294.73569999999995,-27.15010000000001
2398,2398,2398.0,2398.0,2398.0,2398.0,2398.0,2398.0,2398.0,2398.0,2398.0,2398.0,2398.0,2398.0,2398.0,2398.0,,,,,,,,,,,,,,,,,,,,,,,,,,,,,,,,,,,,,,,,,,,,,,,,,,,,,,,,,,,,,0.8,251.6532,256.906,261.8529,266.5887,271.2098,275.8154,280.5089,285.4004,290.609,296.2674,302.5268,309.5639,317.5905,326.8658,337.7145,350.5526,365.9257,384.5703,407.5125,436.2384,244.0,473.0,1361.7021,97.57639999999992,195.7293,-28.384599999999978
2399,2399,2399.0,2399.0,2399.0,2399.0,2399.0,2399.0,2399.0,2399.0,2399.0,2399.0,2399.0,2399.0,2399.0,2399.0,,,,,,,,,,,,,,,,,,,,,,,,,,,,,,,,,,,,,,,,,,,,,,,,,,,,,,,,,,,,,0.9,250.0813,255.723,261.0129,266.0419,270.9052,275.7037,280.5451,285.5452,290.8298,296.5381,302.8271,309.878,317.9058,327.1716,338.0007,350.8093,366.1435,384.7406,407.6291,436.2973,244.0,473.0,1459.2785,98.15290000000005,98.15290000000005,-30.346299999999985
2400,2400,2400.0,2400.0,2400.0,2400.0,2400.0,2400.0,2400.0,2400.0,2400.0,2400.0,2400.0,2400.0,2400.0,,,,,,,,,,,,,,,,,,,,,,,,,,,,,,,,,,,,,,,,,,,,,,,,,,,,,,,,,,,,,,0.0,273.0,273.0,273.0,273.0,273.0,273.0,273.0,273.0,273.0,273.0,273.0,273.0,273.0,273.0,273.0,273.0,273.0,273.0,273.0,273.0,299.0,271.0,0.0,438.5523,2172.8668,-20.0
2401,2401,2401.0,2401.0,2401.0,2401.0,2401.0,2401.0,2401.0,2401.0,2401.0,2401.0,2401.0,2401.0,2401.0,,,,,,,,,,,,,,,,,,,,,,,,,,,,,,,,,,,,,,,,,,,,,,,,,,,,,,,,,,,,,,0.1,293.7702,289.1929,285.285,282.0479,279.4562,277.4558,275.9695,274.9067,274.1736,273.6828,273.3584,273.1388,272.9762,272.8345,272.6873,272.5156,272.3066,272.0522,271.7491,271.3975,308.0,274.0,438.5523,411.6569,1734.3144999999995,-16.5942
2402,2402,2402.0,2402.0,2402.0,2402.0,2402.0,2402.0,2402.0,2402.0,2402.0,2402.0,2402.0,2402.0,2402.0,,,,,,,,,,,,,,,,,,,,,,,,,,,,,,,,,,,,,,,,,,,,,,,,,,,,,,,,,,,,,,0.2,301.8219,296.458,291.8439,287.9245,284.645,281.9456,279.7613,278.0234,276.6634,275.6165,274.8247,274.2388,273.8194,273.5361,273.3669,273.2958,273.3104,273.4002,273.5538,273.7586,323.0,273.0,850.2092,381.9160999999999,1322.6575999999998,-13.254399999999976
2403,2403,2403.0,2403.0,2403.0,2403.0,2403.0,2403.0,2403.0,2403.0,2403.0,2403.0,2403.0,2403.0,2403.0,,,,,,,,,,,,,,,,,,,,,,,,,,,,,,,,,,,,,,,,,,,,,,,,,,,,,,,,,,,,,,0.3,314.303,306.8251,300.4374,295.0351,290.5216,286.8004,283.7731,281.3412,279.4099,277.8916,276.7086,275.7943,275.0926,274.5572,274.1498,273.8394,273.6003,273.4118,273.2575,273.1239,296.0,404.0,1232.1253,313.84590000000003,940.7415,-9.649599999999964
2404,2404,2404.0,2404.0,2404.0,2404.0,2404.0,2404.0,2404.0,2404.0,2404.0,2404.0,2404.0,2404.0,2404.0,,,,,,,,,,,,,,,,,,,,,,,,,,,,,,,,,,,,,,,,,,,,,,,,,,,,,,,,,,,,,,0.4,293.6473,291.6704,289.9212,288.2945,286.7351,285.2376,283.8434,282.6379,281.7488,281.3508,281.6721,283.0017,285.6905,290.1413,296.7854,306.0482,318.3142,333.9107,353.1299,376.3109,303.0,361.0,1545.9712,171.1259,626.8955999999998,-12.562400000000023
2405,2405,2405.0,2405.0,2405.0,2405.0,2405.0,2405.0,2405.0,2405.0,2405.0,2405.0,2405.0,2405.0,2405.0,,,,,,,,,,,,,,,,,,,,,,,,,,,,,,,,,,,,,,,,,,,,,,,,,,,,,,,,,,,,,,0.5,298.7355,295.1423,292.1613,289.7515,287.8883,286.5632,285.7843,285.5762,285.9782,287.0405,288.8181,291.3647,294.7284,298.9515,304.0772,310.1639,317.3054,325.657,335.4613,347.0755,309.0,348.0,1717.0971,136.59590000000003,455.76969999999983,-12.686800000000003
2406,2406,2406.0,2406.0,2406.0,2406.0,2406.0,2406.0,2406.0,2406.0,2406.0,2406.0,2406.0,2406.0,2406.0,,,,,,,,,,,,,,,,,,,,,,,,,,,,,,,,,,,,,,,,,,,,,,,,,,,,,,,,,,,,,,0.6,303.8635,299.5676,296.0466,293.2517,291.1445,289.6935,288.8725,288.6603,289.0407,290.0032,291.5426,293.6601,296.3649,299.6778,303.6374,308.3089,313.7952,320.2494,327.8886,337.0082,281.0,471.0,1853.693,123.15509999999996,319.1737999999998,-11.10650000000004
2407,2407,2407.0,2407.0,2407.0,2407.0,2407.0,2407.0,2407.0,2407.0,2407.0,2407.0,2407.0,2407.0,2407.0,,,,,,,,,,,,,,,,,,,,,,,,,,,,,,,,,,,,,,,,,,,,,,,,,,,,,,,,,,,,,,0.7,282.0285,283.1194,284.1811,285.1618,286.0577,286.9144,287.8236,288.9186,290.3724,292.3999,295.2649,299.2873,304.8489,312.3913,322.4077,335.4314,352.0357,372.8658,398.7326,430.8095,304.0,366.0,1976.8481,62.24580000000015,196.01869999999985,-15.535599999999988
2408,2408,2408.0,2408.0,2408.0,2408.0,2408.0,2408.0,2408.0,2408.0,2408.0,2408.0,2408.0,2408.0,2408.0,,,,,,,,,,,,,,,,,,,,,,,,,,,,,,,,,,,,,,,,,,,,,,,,,,,,,,,,,,,,,,0.8,299.6881,296.1545,293.4077,291.4553,290.296,289.9193,290.3078,291.4412,293.2984,295.8554,299.0807,302.9296,307.3427,312.2525,317.6025,323.3779,329.646,336.5977,344.5843,354.141,291.0,423.0,2039.0939,71.18729999999982,133.7728999999997,-14.280699999999968
2409,2409,2409.0,2409.0,2409.0,2409.0,2409.0,2409.0,2409.0,2409.0,2409.0,2409.0,2409.0,2409.0,2409.0,,,,,,,,,,,,,,,,,,,,,,,,,,,,,,,,,,,,,,,,,,,,,,,,,,,,,,,,,,,,,,0.9,290.0767,289.5103,289.2515,289.2724,289.5681,290.1553,291.0707,292.368,294.1176,296.4103,299.3621,303.1226,307.8826,313.879,321.3984,330.7773,342.4075,356.753,374.3918,396.0995,285.0,473.0,2110.2812,62.585599999999886,62.585599999999886,-15.8947
2410,2410,2410.0,2410.0,2410.0,2410.0,2410.0,2410.0,2410.0,2410.0,2410.0,2410.0,2410.0,2410.0,2410.0,,,,,,,,,,,,,,,,,,,,,,,,,,,,,,,,,,,,,,,,,,,,,,,,,,,,,,,,,,,,,,0.0,273.0,273.0,273.0,273.0,273.0,273.0,273.0,273.0,273.0,273.0,273.0,273.0,273.0,273.0,273.0,273.0,273.0,273.0,273.0,273.0,298.0,276.0,0.0,436.4353,2119.515,-20.0
2411,2411,2411.0,2411.0,2411.0,2411.0,2411.0,2411.0,2411.0,2411.0,2411.0,2411.0,2411.0,2411.0,2411.0,,,,,,,,,,,,,,,,,,,,,,,,,,,,,,,,,,,,,,,,,,,,,,,,,,,,,,,,,,,,,,0.1,292.974,288.5734,284.816,281.7035,279.2124,277.2916,275.8682,274.8573,274.1725,273.7352,273.4805,273.3601,273.3418,273.4072,273.5485,273.7645,274.0571,274.4283,274.8781,275.4037,309.0,273.0,436.4353,404.6022,1683.0797,-16.758399999999995
2412,2412,2412.0,2412.0,2412.0,2412.0,2412.0,2412.0,2412.0,2412.0,2412.0,2412.0,2412.0,2412.0,2412.0,,,,,,,,,,,,,,,,,,,,,,,,,,,,,,,,,,,,,,,,,,,,,,,,,,,,,,,,,,,,,,0.2,302.5869,297.021,292.2409,288.1937,284.8249,282.0736,279.8714,278.1455,276.8216,275.8286,275.1005,274.5782,274.2104,273.9529,273.7685,273.6272,273.5057,273.3881,273.2655,273.1353,322.0,274.0,841.0375,378.08900000000006,1278.4775,-13.12639999999999
2413,2413,2413.0,2413.0,2413.0,2413.0,2413.0,2413.0,2413.0,2413.0,2413.0,2413.0,2413.0,2413.0,2413.0,,,,,,,,,,,,,,,,,,,,,,,,,,,,,,,,,,,,,,,,,,,,,,,,,,,,,,,,,,,,,,0.3,313.5473,306.2805,300.0714,294.8158,290.4191,286.788,283.8283,281.4463,279.552,278.062,276.9025,276.0105,275.3335,274.8294,274.4643,274.2116,274.0502,273.9624,273.9335,273.9502,294.0,416.0,1219.1265,308.94679999999994,900.3884999999998,-9.661999999999978
2414,2414,2414.0,2414.0,2414.0,2414.0,2414.0,2414.0,2414.0,2414.0,2414.0,2414.0,2414.0,2414.0,2414.0,,,,,,,,,,,,,,,,,,,,,,,,,,,,,,,,,,,,,,,,,,,,,,,,,,,,,,,,,,,,,,0.4,292.0423,290.4099,288.9571,287.582,286.2332,284.9113,283.6662,282.5933,281.8342,281.5808,282.0829,283.6561,286.6828,291.6016,298.8817,308.9869,322.3408,339.3128,360.25,385.579,309.0,344.0,1528.0733,162.73569999999995,591.4416999999999,-12.888700000000028
2415,2415,2415.0,2415.0,2415.0,2415.0,2415.0,2415.0,2415.0,2415.0,2415.0,2415.0,2415.0,2415.0,2415.0,,,,,,,,,,,,,,,,,,,,,,,,,,,,,,,,,,,,,,,,,,,,,,,,,,,,,,,,,,,,,,0.5,303.4429,298.7371,294.8271,291.6725,289.2424,287.5135,286.4709,286.1094,286.432,287.4459,289.1556,291.5548,294.6214,298.3188,302.6056,307.457,312.8923,319.0065,325.9964,334.1795,300.0,382.0,1690.809,137.83069999999998,428.7059999999999,-11.736499999999978
2416,2416,2416.0,2416.0,2416.0,2416.0,2416.0,2416.0,2416.0,2416.0,2416.0,2416.0,2416.0,2416.0,2416.0,,,,,,,,,,,,,,,,,,,,,,,,,,,,,,,,,,,,,,,,,,,,,,,,,,,,,,,,,,,,,,0.6,296.9158,294.3975,292.3679,290.7748,289.5898,288.8073,288.4412,288.5222,289.0965,290.2264,291.9929,294.4996,297.8769,302.2842,307.91,314.9707,323.7094,334.4026,347.3775,363.0513,290.0,440.0,1828.6397,105.56709999999998,290.8752999999999,-11.992700000000012
2417,2417,2417.0,2417.0,2417.0,2417.0,2417.0,2417.0,2417.0,2417.0,2417.0,2417.0,2417.0,2417.0,2417.0,,,,,,,,,,,,,,,,,,,,,,,,,,,,,,,,,,,,,,,,,,,,,,,,,,,,,,,,,,,,,,0.7,288.9809,288.2846,287.8543,287.6571,287.6873,287.9686,288.5532,289.5216,290.983,293.0774,295.9792,299.9011,305.0972,311.864,320.5388,331.4999,345.1752,362.0688,382.8243,408.3436,301.0,384.0,1934.2068,64.56600000000003,185.3082,-14.481400000000008
2418,2418,2418.0,2418.0,2418.0,2418.0,2418.0,2418.0,2418.0,2418.0,2418.0,2418.0,2418.0,2418.0,2418.0,,,,,,,,,,,,,,,,,,,,,,,,,,,,,,,,,,,,,,,,,,,,,,,,,,,,,,,,,,,,,,0.8,297.567,294.8011,292.6887,291.2233,290.4009,290.2191,290.6785,291.7835,293.5437,295.9726,299.0859,302.8994,307.4305,312.7049,318.7703,325.7191,333.7174,343.038,354.0947,367.4783,286.0,447.0,1998.7728,67.8266000000001,120.74219999999993,-13.980899999999965
2419,2419,2419.0,2419.0,2419.0,2419.0,2419.0,2419.0,2419.0,2419.0,2419.0,2419.0,2419.0,2419.0,2419.0,,,,,,,,,,,,,,,,,,,,,,,,,,,,,,,,,,,,,,,,,,,,,,,,,,,,,,,,,,,,,,0.9,286.0738,286.3815,286.8762,287.5349,288.3625,289.3917,290.681,292.3126,294.3913,297.0471,300.4406,304.7698,310.2772,317.2552,326.0488,337.0594,350.7556,367.7025,388.628,414.549,286.0,456.0,2066.5994,52.91559999999981,52.91559999999981,-16.658299999999997
2420,2420,2420.0,2420.0,2420.0,2420.0,2420.0,2420.0,2420.0,2420.0,2420.0,2420.0,2420.0,2420.0,2420.0,,,,,,,,,,,,,,,,,,,,,,,,,,,,,,,,,,,,,,,,,,,,,,,,,,,,,,,,,,,,,,0.0,273.0,273.0,273.0,273.0,273.0,273.0,273.0,273.0,273.0,273.0,273.0,273.0,273.0,273.0,273.0,273.0,273.0,273.0,273.0,273.0,299.0,273.0,0.0,437.5572,2136.5886,-20.0
2421,2421,2421.0,2421.0,2421.0,2421.0,2421.0,2421.0,2421.0,2421.0,2421.0,2421.0,2421.0,2421.0,2421.0,,,,,,,,,,,,,,,,,,,,,,,,,,,,,,,,,,,,,,,,,,,,,,,,,,,,,,,,,,,,,,0.1,293.7703,289.193,285.2853,282.0485,279.4574,277.4583,275.9745,274.9163,274.1914,273.7147,273.4136,273.2309,273.1244,273.0647,273.0325,273.0158,273.0074,273.0033,273.0014,273.0005,308.0,272.0,437.5572,409.3586,1699.0314,-16.591700000000003
2422,2422,2422.0,2422.0,2422.0,2422.0,2422.0,2422.0,2422.0,2422.0,2422.0,2422.0,2422.0,2422.0,2422.0,,,,,,,,,,,,,,,,,,,,,,,,,,,,,,,,,,,,,,,,,,,,,,,,,,,,,,,,,,,,,,0.2,301.8241,296.4628,291.8519,287.9371,284.6638,281.9728,279.799,278.0737,276.727,275.6917,274.9057,274.3137,273.8674,273.5265,273.2572,273.0325,272.8309,272.6366,272.4381,272.2276,324.0,273.0,846.9158,382.9392,1289.6728,-13.227199999999982
2423,2423,2423.0,2423.0,2423.0,2423.0,2423.0,2423.0,2423.0,2423.0,2423.0,2423.0,2423.0,2423.0,2423.0,,,,,,,,,,,,,,,,,,,,,,,,,,,,,,,,,,,,,,,,,,,,,,,,,,,,,,,,,,,,,,0.3,315.0961,307.4426,300.9082,295.3859,290.7764,286.9802,283.8948,281.4174,279.4489,277.898,276.6845,275.7406,275.0105,274.4499,274.0234,273.7032,273.4667,273.2948,273.1704,273.0774,300.0,402.0,1229.855,313.6941999999999,906.7336,-9.469799999999964
2424,2424,2424.0,2424.0,2424.0,2424.0,2424.0,2424.0,2424.0,2424.0,2424.0,2424.0,2424.0,2424.0,2424.0,,,,,,,,,,,,,,,,,,,,,,,,,,,,,,,,,,,,,,,,,,,,,,,,,,,,,,,,,,,,,,0.4,296.8592,294.2,291.8709,289.7628,287.8135,286.0083,284.3768,282.9911,281.9657,281.4621,281.6963,282.946,285.5519,289.9073,296.4344,305.5502,317.6317,332.9982,351.9323,374.7589,297.0,397.0,1543.5492,166.00250000000003,593.0394000000001,-11.791699999999992
2425,2425,2425.0,2425.0,2425.0,2425.0,2425.0,2425.0,2425.0,2425.0,2425.0,2425.0,2425.0,2425.0,2425.0,,,,,,,,,,,,,,,,,,,,,,,,,,,,,,,,,,,,,,,,,,,,,,,,,,,,,,,,,,,,,,0.5,294.11,291.7121,289.7372,288.1415,286.9086,286.051,285.61,285.6543,286.2774,287.5937,289.7349,292.8453,297.0788,302.5975,309.5743,318.2005,328.7014,341.3614,356.5633,374.8471,313.0,321.0,1709.5517,116.16260000000013,427.03690000000006,-13.199000000000012
2426,2426,2426.0,2426.0,2426.0,2426.0,2426.0,2426.0,2426.0,2426.0,2426.0,2426.0,2426.0,2426.0,2426.0,,,,,,,,,,,,,,,,,,,,,,,,,,,,,,,,,,,,,,,,,,,,,,,,,,,,,,,,,,,,,,0.6,306.9106,301.8024,297.6255,294.3421,291.9162,290.3084,289.4745,289.3653,289.9256,291.0915,292.7859,294.9143,297.3645,300.0122,302.7366,305.4448,308.102,310.762,313.5904,316.8717,281.0,473.0,1825.7143,126.99069999999983,310.87429999999995,-10.491600000000004
2427,2427,2427.0,2427.0,2427.0,2427.0,2427.0,2427.0,2427.0,2427.0,2427.0,2427.0,2427.0,2427.0,2427.0,,,,,,,,,,,,,,,,,,,,,,,,,,,,,,,,,,,,,,,,,,,,,,,,,,,,,,,,,,,,,,0.7,282.1715,283.3937,284.5647,285.6247,286.5641,287.4244,288.2942,289.3039,290.625,292.4741,295.1223,298.9067,304.237,311.5935,321.5144,334.577,351.3891,372.6131,399.0583,431.8865,297.0,398.0,1952.705,63.21340000000009,183.8836000000001,-15.025599999999995
2428,2428,2428.0,2428.0,2428.0,2428.0,2428.0,2428.0,2428.0,2428.0,2428.0,2428.0,2428.0,2428.0,2428.0,,,,,,,,,,,,,,,,,,,,,,,,,,,,,,,,,,,,,,,,,,,,,,,,,,,,,,,,,,,,,,0.8,294.1687,291.9188,290.2583,289.1969,288.7436,288.9075,289.7009,291.1432,293.2618,296.0918,299.6715,304.0385,309.2293,315.2848,322.2663,330.2825,339.5255,350.3133,363.1349,378.6996,297.0,406.0,2015.9184,59.114500000000135,120.67020000000002,-15.29249999999996
2429,2429,2429.0,2429.0,2429.0,2429.0,2429.0,2429.0,2429.0,2429.0,2429.0,2429.0,2429.0,2429.0,2429.0,,,,,,,,,,,,,,,,,,,,,,,,,,,,,,,,,,,,,,,,,,,,,,,,,,,,,,,,,,,,,,0.9,294.6543,292.8539,291.5754,290.8066,290.5444,290.7931,291.5644,292.8769,294.7586,297.2487,300.4014,304.2911,309.0184,314.7168,321.5619,329.7825,339.6754,351.6285,366.1558,383.9548,280.0,472.0,2075.0329,61.55569999999989,61.55569999999989,-15.25690000000003
2430,2430,2430.0,2430.0,2430.0,2430.0,2430.0,2430.0,2430.0,2430.0,2430.0,2430.0,2430.0,2430.0,2430.0,,,,,,,,,,,,,,,,,,,,,,,,,,,,,,,,,,,,,,,,,,,,,,,,,,,,,,,,,,,,,,0.0,273.0,273.0,273.0,273.0,273.0,273.0,273.0,273.0,273.0,273.0,273.0,273.0,273.0,273.0,273.0,273.0,273.0,273.0,273.0,273.0,300.0,275.0,0.0,436.2144,2147.3717,-20.0
2431,2431,2431.0,2431.0,2431.0,2431.0,2431.0,2431.0,2431.0,2431.0,2431.0,2431.0,2431.0,2431.0,2431.0,,,,,,,,,,,,,,,,,,,,,,,,,,,,,,,,,,,,,,,,,,,,,,,,,,,,,,,,,,,,,,0.1,294.5666,289.8127,285.7551,282.3947,279.7052,277.6311,276.0932,274.9992,274.2548,273.774,273.4847,273.3318,273.2773,273.2972,273.3786,273.516,273.7079,273.9538,274.2529,274.6029,308.0,274.0,436.2144,404.2139,1711.1573,-16.418900000000008
2432,2432,2432.0,2432.0,2432.0,2432.0,2432.0,2432.0,2432.0,2432.0,2432.0,2432.0,2432.0,2432.0,2432.0,,,,,,,,,,,,,,,,,,,,,,,,,,,,,,,,,,,,,,,,,,,,,,,,,,,,,,,,,,,,,,0.2,301.8603,296.5322,291.9495,288.0564,284.7986,282.1183,279.9533,278.2382,276.9072,275.897,275.1493,274.6122,274.2409,273.9977,273.8518,273.7783,273.7584,273.778,273.828,273.9029,324.0,272.0,840.4283,377.6318999999999,1306.9434,-13.081700000000012
2433,2433,2433.0,2433.0,2433.0,2433.0,2433.0,2433.0,2433.0,2433.0,2433.0,2433.0,2433.0,2433.0,2433.0,,,,,,,,,,,,,,,,,,,,,,,,,,,,,,,,,,,,,,,,,,,,,,,,,,,,,,,,,,,,,,0.3,315.1151,307.4809,300.966,295.4638,290.8754,287.1014,284.0399,281.5879,279.6459,278.121,276.9303,276.0013,275.2722,274.6909,274.2139,273.8054,273.4364,273.0849,272.7349,272.3755,291.0,433.0,1218.0602,306.9348,929.3115000000004,-9.348599999999976
2434,2434,2434.0,2434.0,2434.0,2434.0,2434.0,2434.0,2434.0,2434.0,2434.0,2434.0,2434.0,2434.0,2434.0,,,,,,,,,,,,,,,,,,,,,,,,,,,,,,,,,,,,,,,,,,,,,,,,,,,,,,,,,,,,,,0.4,289.7186,288.6765,287.7217,286.7497,285.7132,284.6229,283.5443,282.5944,281.9407,281.8058,282.4763,284.3113,287.7436,293.2675,301.4116,312.6986,327.6101,346.5771,370.0274,398.5199,310.0,332.0,1524.995,152.43450000000007,622.3767000000003,-13.177099999999996
2435,2435,2435.0,2435.0,2435.0,2435.0,2435.0,2435.0,2435.0,2435.0,2435.0,2435.0,2435.0,2435.0,2435.0,,,,,,,,,,,,,,,,,,,,,,,,,,,,,,,,,,,,,,,,,,,,,,,,,,,,,,,,,,,,,,0.5,304.1697,299.2314,295.1386,291.8578,289.3607,287.6227,286.6232,286.3466,286.7807,287.911,289.711,292.1329,295.1008,298.5135,302.2589,306.2414,310.4192,314.8424,319.6844,325.256,303.0,369.0,1677.4295,141.73160000000007,469.9422000000002,-11.627299999999993
2436,2436,2436.0,2436.0,2436.0,2436.0,2436.0,2436.0,2436.0,2436.0,2436.0,2436.0,2436.0,2436.0,2436.0,,,,,,,,,,,,,,,,,,,,,,,,,,,,,,,,,,,,,,,,,,,,,,,,,,,,,,,,,,,,,,0.6,299.3318,296.3108,293.8566,291.9119,290.441,289.4265,288.8665,288.7721,289.1668,290.0875,291.588,293.7439,296.6568,300.4577,305.3064,311.3901,318.9203,328.1345,339.3074,352.7781,282.0,458.0,1819.1611,115.61570000000006,328.2106000000001,-11.373500000000035
2437,2437,2437.0,2437.0,2437.0,2437.0,2437.0,2437.0,2437.0,2437.0,2437.0,2437.0,2437.0,2437.0,2437.0,,,,,,,,,,,,,,,,,,,,,,,,,,,,,,,,,,,,,,,,,,,,,,,,,,,,,,,,,,,,,,0.7,282.7008,283.5065,284.3414,285.1634,285.9715,286.8073,287.7532,288.9291,290.4907,292.6304,295.5823,299.6265,305.093,312.361,321.8541,334.0354,349.4127,368.5695,392.2458,421.4994,308.0,342.0,1934.7768,65.49559999999997,212.59490000000005,-15.64269999999999
2438,2438,2438.0,2438.0,2438.0,2438.0,2438.0,2438.0,2438.0,2438.0,2438.0,2438.0,2438.0,2438.0,2438.0,,,,,,,,,,,,,,,,,,,,,,,,,,,,,,,,,,,,,,,,,,,,,,,,,,,,,,,,,,,,,,0.8,302.8714,298.6332,295.2892,292.8407,291.277,290.5724,290.6887,291.5787,293.1883,295.4546,298.3005,301.629,305.3214,309.2437,313.2673,317.3007,321.3319,325.4701,329.979,335.2912,286.0,446.0,2000.2724,84.75809999999979,147.09930000000008,-13.627599999999973
2439,2439,2439.0,2439.0,2439.0,2439.0,2439.0,2439.0,2439.0,2439.0,2439.0,2439.0,2439.0,2439.0,2439.0,,,,,,,,,,,,,,,,,,,,,,,,,,,,,,,,,,,,,,,,,,,,,,,,,,,,,,,,,,,,,,0.9,286.2015,286.6115,287.1611,287.8103,288.5531,289.4169,290.4589,291.7632,293.4402,295.6309,298.515,302.3221,307.3393,313.915,322.4544,333.4124,347.2893,364.6494,386.1793,412.8184,281.0,469.0,2085.0305,62.3412000000003,62.3412000000003,-16.633100000000013
2440,2440,2440.0,2440.0,2440.0,2440.0,2440.0,2440.0,2440.0,2440.0,2440.0,2440.0,2440.0,2440.0,2440.0,,,,,,,,,,,,,,,,,,,,,,,,,,,,,,,,,,,,,,,,,,,,,,,,,,,,,,,,,,,,,,0.0,273.0,273.0,273.0,273.0,273.0,273.0,273.0,273.0,273.0,273.0,273.0,273.0,273.0,273.0,273.0,273.0,273.0,273.0,273.0,273.0,297.0,274.0,0.0,437.78,2154.6129,-20.0
2441,2441,2441.0,2441.0,2441.0,2441.0,2441.0,2441.0,2441.0,2441.0,2441.0,2441.0,2441.0,2441.0,2441.0,,,,,,,,,,,,,,,,,,,,,,,,,,,,,,,,,,,,,,,,,,,,,,,,,,,,,,,,,,,,,,0.1,292.1773,287.9534,284.3458,281.357,278.9643,277.1186,275.7494,274.7744,274.1091,273.6759,273.4095,273.2593,273.189,273.1748,273.2025,273.2645,273.357,273.4783,273.6271,273.8017,307.0,274.0,437.78,408.83850000000007,1716.8329,-16.931399999999996
2442,2442,2442.0,2442.0,2442.0,2442.0,2442.0,2442.0,2442.0,2442.0,2442.0,2442.0,2442.0,2442.0,2442.0,,,,,,,,,,,,,,,,,,,,,,,,,,,,,,,,,,,,,,,,,,,,,,,,,,,,,,,,,,,,,,0.2,300.9633,295.7195,291.2114,287.3897,284.2031,281.5944,279.4994,277.8501,276.5778,275.617,274.9083,274.4002,274.0497,273.8218,273.689,273.6298,273.6283,273.6723,273.753,273.8639,323.0,271.0,846.6185,381.8109999999999,1307.9944,-13.60559999999998
2443,2443,2443.0,2443.0,2443.0,2443.0,2443.0,2443.0,2443.0,2443.0,2443.0,2443.0,2443.0,2443.0,2443.0,,,,,,,,,,,,,,,,,,,,,,,,,,,,,,,,,,,,,,,,,,,,,,,,,,,,,,,,,,,,,,0.3,314.2552,306.7343,300.3127,294.8887,290.3669,286.6506,283.6394,281.2311,279.3262,277.8314,276.6625,275.7454,275.0159,274.4192,273.9085,273.4453,272.9981,272.5434,272.0646,271.5519,297.0,401.0,1228.4295,316.99209999999994,926.1834,-9.799399999999991
2444,2444,2444.0,2444.0,2444.0,2444.0,2444.0,2444.0,2444.0,2444.0,2444.0,2444.0,2444.0,2444.0,2444.0,,,,,,,,,,,,,,,,,,,,,,,,,,,,,,,,,,,,,,,,,,,,,,,,,,,,,,,,,,,,,,0.4,294.4267,292.257,290.3432,288.58,286.9102,285.3253,283.8621,282.5999,281.6599,281.2097,281.4701,282.7227,285.3112,289.6315,296.1081,305.1595,317.1629,332.4363,351.2576,373.9432,305.0,362.0,1545.4216,173.8968000000002,609.1913000000002,-12.474699999999984
2445,2445,2445.0,2445.0,2445.0,2445.0,2445.0,2445.0,2445.0,2445.0,2445.0,2445.0,2445.0,2445.0,2445.0,,,,,,,,,,,,,,,,,,,,,,,,,,,,,,,,,,,,,,,,,,,,,,,,,,,,,,,,,,,,,,0.5,300.3441,296.4118,293.1396,290.4824,288.4112,286.9127,285.9897,285.6617,285.9636,286.9426,288.6527,291.1493,294.4845,298.7067,303.8665,310.0297,317.2959,325.8238,335.8565,347.7492,307.0,355.0,1719.3184,135.4321,435.2945,-12.337300000000027
2446,2446,2446.0,2446.0,2446.0,2446.0,2446.0,2446.0,2446.0,2446.0,2446.0,2446.0,2446.0,2446.0,2446.0,,,,,,,,,,,,,,,,,,,,,,,,,,,,,,,,,,,,,,,,,,,,,,,,,,,,,,,,,,,,,,0.6,302.3424,298.4605,295.2842,292.7631,290.8615,289.5552,288.8296,288.6785,289.1029,290.1106,291.7162,293.9421,296.8198,300.3939,304.7275,309.9101,316.0674,323.3739,332.0672,342.4671,283.0,462.0,1854.7505,118.44179999999984,299.8624,-11.244799999999998
2447,2447,2447.0,2447.0,2447.0,2447.0,2447.0,2447.0,2447.0,2447.0,2447.0,2447.0,2447.0,2447.0,2447.0,,,,,,,,,,,,,,,,,,,,,,,,,,,,,,,,,,,,,,,,,,,,,,,,,,,,,,,,,,,,,,0.7,283.582,284.2831,285.0197,285.7442,286.4524,287.1847,288.0236,289.0898,290.5405,292.5719,295.4246,299.3909,304.819,312.1127,321.7245,334.1468,349.9138,369.6298,394.0529,424.2671,300.0,393.0,1973.1923,63.2319,181.4206000000001,-15.265299999999968
2448,2448,2448.0,2448.0,2448.0,2448.0,2448.0,2448.0,2448.0,2448.0,2448.0,2448.0,2448.0,2448.0,2448.0,,,,,,,,,,,,,,,,,,,,,,,,,,,,,,,,,,,,,,,,,,,,,,,,,,,,,,,,,,,,,,0.8,296.572,293.8047,291.7033,290.2749,289.5236,289.4511,290.0593,291.3541,293.3478,296.0586,299.5082,303.719,308.714,314.5231,321.1985,328.8401,337.6294,347.8681,360.0199,374.7539,290.0,433.0,2036.4242,61.95839999999998,118.18870000000015,-14.748899999999992
2449,2449,2449.0,2449.0,2449.0,2449.0,2449.0,2449.0,2449.0,2449.0,2449.0,2449.0,2449.0,2449.0,2449.0,,,,,,,,,,,,,,,,,,,,,,,,,,,,,,,,,,,,,,,,,,,,,,,,,,,,,,,,,,,,,,0.9,289.1836,288.7145,288.5581,288.6983,289.1399,289.9075,291.0442,292.61,294.6815,297.354,300.7463,305.0071,310.322,316.9201,325.0804,335.1385,347.5007,362.671,381.3046,404.3056,279.0,470.0,2098.3826,56.23030000000017,56.23030000000017,-16.142499999999984
2450,2450,2450.0,2450.0,2450.0,2450.0,2450.0,2450.0,2450.0,2450.0,2450.0,2450.0,2450.0,2450.0,2450.0,,,,,,,,,,,,,,,,,,,,,,,,,,,,,,,,,,,,,,,,,,,,,,,,,,,,,,,,,,,,,,0.0,273.0,273.0,273.0,273.0,273.0,273.0,273.0,273.0,273.0,273.0,273.0,273.0,273.0,273.0,273.0,273.0,273.0,273.0,273.0,273.0,300.0,274.0,0.0,436.7075,2111.3411,-20.0
2451,2451,2451.0,2451.0,2451.0,2451.0,2451.0,2451.0,2451.0,2451.0,2451.0,2451.0,2451.0,2451.0,2451.0,,,,,,,,,,,,,,,,,,,,,,,,,,,,,,,,,,,,,,,,,,,,,,,,,,,,,,,,,,,,,,0.1,294.5666,289.8127,285.755,282.3944,279.7046,277.6298,276.0907,274.9943,274.2459,273.758,273.4571,273.2858,273.2033,273.1822,273.2062,273.2663,273.3578,273.4787,273.6273,273.8018,308.0,273.0,436.7075,406.3321,1674.6336,-16.420200000000023
2452,2452,2452.0,2452.0,2452.0,2452.0,2452.0,2452.0,2452.0,2452.0,2452.0,2452.0,2452.0,2452.0,2452.0,,,,,,,,,,,,,,,,,,,,,,,,,,,,,,,,,,,,,,,,,,,,,,,,,,,,,,,,,,,,,,0.2,301.8592,296.5298,291.9453,288.0496,284.788,282.1022,279.9295,278.2036,276.8577,275.8276,275.0538,274.4829,274.069,273.7728,273.562,273.4105,273.2981,273.2096,273.1344,273.0659,324.0,274.0,843.0396,379.26250000000016,1268.3015,-13.097800000000008
2453,2453,2453.0,2453.0,2453.0,2453.0,2453.0,2453.0,2453.0,2453.0,2453.0,2453.0,2453.0,2453.0,2453.0,,,,,,,,,,,,,,,,,,,,,,,,,,,,,,,,,,,,,,,,,,,,,,,,,,,,,,,,,,,,,,0.3,315.1114,307.473,300.9533,295.4453,290.85,287.0678,283.9971,281.5357,279.5855,278.0565,276.8696,275.9583,275.2681,274.7559,274.3879,274.1374,273.9831,273.9072,273.8942,273.9297,296.0,416.0,1222.3021,308.0146,889.039,-9.382200000000012
2454,2454,2454.0,2454.0,2454.0,2454.0,2454.0,2454.0,2454.0,2454.0,2454.0,2454.0,2454.0,2454.0,2454.0,,,,,,,,,,,,,,,,,,,,,,,,,,,,,,,,,,,,,,,,,,,,,,,,,,,,,,,,,,,,,,0.4,293.6928,291.7581,290.0454,288.4483,286.9119,285.4333,284.0588,282.8807,282.0376,281.718,282.1693,283.7045,286.7038,291.604,298.8725,308.9718,322.3241,339.2978,360.239,385.5731,302.0,372.0,1530.3167,157.45640000000003,581.0244,-12.366700000000035
2455,2455,2455.0,2455.0,2455.0,2455.0,2455.0,2455.0,2455.0,2455.0,2455.0,2455.0,2455.0,2455.0,2455.0,,,,,,,,,,,,,,,,,,,,,,,,,,,,,,,,,,,,,,,,,,,,,,,,,,,,,,,,,,,,,,0.5,297.9736,294.5924,291.7999,289.5587,287.8491,286.6698,286.038,285.9892,286.575,287.8587,289.9092,292.7948,296.5786,301.3189,307.0769,313.9322,322.0052,331.4861,342.6658,355.9702,313.0,338.0,1687.7731,123.39419999999996,423.568,-12.58019999999999
2456,2456,2456.0,2456.0,2456.0,2456.0,2456.0,2456.0,2456.0,2456.0,2456.0,2456.0,2456.0,2456.0,2456.0,,,,,,,,,,,,,,,,,,,,,,,,,,,,,,,,,,,,,,,,,,,,,,,,,,,,,,,,,,,,,,0.6,307.0493,302.0632,297.977,294.7419,292.3156,290.6575,289.727,289.4835,289.8869,290.8971,292.4737,294.5752,297.1606,300.1941,303.6549,307.5508,311.9363,316.9301,322.7305,329.6258,281.0,473.0,1811.1673,120.94179999999984,300.1738,-10.142499999999984
2457,2457,2457.0,2457.0,2457.0,2457.0,2457.0,2457.0,2457.0,2457.0,2457.0,2457.0,2457.0,2457.0,2457.0,,,,,,,,,,,,,,,,,,,,,,,,,,,,,,,,,,,,,,,,,,,,,,,,,,,,,,,,,,,,,,0.7,282.2027,283.454,284.6506,285.7326,286.6923,287.575,288.4748,289.5289,290.9151,292.8542,295.6175,299.5356,305.0045,312.4842,322.4882,335.5705,352.322,373.4006,399.6258,432.1819,298.0,390.0,1932.1091,60.4530000000002,179.2320000000002,-14.875
2458,2458,2458.0,2458.0,2458.0,2458.0,2458.0,2458.0,2458.0,2458.0,2458.0,2458.0,2458.0,2458.0,2458.0,,,,,,,,,,,,,,,,,,,,,,,,,,,,,,,,,,,,,,,,,,,,,,,,,,,,,,,,,,,,,,0.8,294.9884,292.5861,290.8013,289.6435,289.1202,289.2373,290.0019,291.4256,293.5261,296.325,299.844,304.1002,309.1057,314.8734,321.4346,328.8669,337.3311,347.1137,358.6684,372.6576,292.0,425.0,1992.5621,61.58339999999998,118.779,-14.962699999999984
2459,2459,2459.0,2459.0,2459.0,2459.0,2459.0,2459.0,2459.0,2459.0,2459.0,2459.0,2459.0,2459.0,2459.0,,,,,,,,,,,,,,,,,,,,,,,,,,,,,,,,,,,,,,,,,,,,,,,,,,,,,,,,,,,,,,0.9,290.7255,289.8579,289.3689,289.2453,289.4893,290.1175,291.1608,292.663,294.6827,297.2961,300.6017,304.7274,309.8371,316.1371,323.8827,333.3846,345.0219,359.2659,376.7265,398.2367,284.0,471.0,2054.1455,57.19560000000001,57.19560000000001,-15.932500000000005
2460,2460,2460.0,2460.0,2460.0,2460.0,2460.0,2460.0,2460.0,2460.0,2460.0,2460.0,2460.0,2460.0,,,,,,,,,,,,,,,,,,,,,,,,,,,,,,,,,,,,,,,,,,,,,,,,,,,,,,,,,,,,,,,0.0,273.0,273.0,273.0,273.0,273.0,273.0,273.0,273.0,273.0,273.0,273.0,273.0,273.0,273.0,273.0,273.0,273.0,273.0,273.0,273.0,284.0,473.0,0.0,378.9414,1341.6634,-20.0
2461,2461,2461.0,2461.0,2461.0,2461.0,2461.0,2461.0,2461.0,2461.0,2461.0,2461.0,2461.0,2461.0,,,,,,,,,,,,,,,,,,,,,,,,,,,,,,,,,,,,,,,,,,,,,,,,,,,,,,,,,,,,,,,0.1,281.8074,279.8818,278.2412,276.8984,275.8612,275.1379,274.7495,274.7472,275.2344,276.3905,278.4928,281.9304,287.2047,294.9103,305.6968,320.2201,339.1051,362.9534,392.4389,428.5428,252.0,471.0,378.9414,176.74600000000004,962.722,-18.91210000000001
2462,2462,2462.0,2462.0,2462.0,2462.0,2462.0,2462.0,2462.0,2462.0,2462.0,2462.0,2462.0,2462.0,,,,,,,,,,,,,,,,,,,,,,,,,,,,,,,,,,,,,,,,,,,,,,,,,,,,,,,,,,,,,,,0.2,256.7437,261.0287,264.8214,268.1358,271.046,273.6874,276.2489,278.961,282.0816,285.884,290.6486,296.6581,304.1976,313.5609,325.0639,339.0698,356.0318,376.5622,401.5439,432.3162,271.0,473.0,555.6874,120.38189999999996,785.9759999999999,-21.512599999999964
2463,2463,2463.0,2463.0,2463.0,2463.0,2463.0,2463.0,2463.0,2463.0,2463.0,2463.0,2463.0,2463.0,,,,,,,,,,,,,,,,,,,,,,,,,,,,,,,,,,,,,,,,,,,,,,,,,,,,,,,,,,,,,,,0.3,271.5069,272.1032,272.9105,274.0336,275.5598,277.562,280.1069,283.264,287.1155,291.763,297.3341,303.9868,311.9149,321.3567,332.6095,346.0537,362.1921,381.7132,405.5951,435.282,244.0,473.0,676.0693,93.51110000000006,665.5940999999999,-18.887999999999977
2464,2464,2464.0,2464.0,2464.0,2464.0,2464.0,2464.0,2464.0,2464.0,2464.0,2464.0,2464.0,2464.0,,,,,,,,,,,,,,,,,,,,,,,,,,,,,,,,,,,,,,,,,,,,,,,,,,,,,,,,,,,,,,,0.4,250.6518,256.7665,262.3543,267.461,272.1754,276.6266,280.9764,285.4082,290.1167,295.3013,301.1648,307.9175,315.7869,325.0327,335.9681,348.9894,364.6184,383.567,406.8389,435.9026,246.0,473.0,769.5804,97.1448999999999,572.0829999999999,-21.17340000000001
2465,2465,2465.0,2465.0,2465.0,2465.0,2465.0,2465.0,2465.0,2465.0,2465.0,2465.0,2465.0,2465.0,,,,,,,,,,,,,,,,,,,,,,,,,,,,,,,,,,,,,,,,,,,,,,,,,,,,,,,,,,,,,,,0.5,251.7195,257.0313,262.0229,266.7834,271.4047,275.9843,280.6268,285.4465,290.5703,296.1402,302.3172,309.2873,317.2689,326.5248,337.3798,350.247,365.6671,384.3705,407.3781,436.1713,248.0,472.0,866.7253,95.6313,474.9381,-23.26569999999998
2466,2466,2466.0,2466.0,2466.0,2466.0,2466.0,2466.0,2466.0,2466.0,2466.0,2466.0,2466.0,2466.0,,,,,,,,,,,,,,,,,,,,,,,,,,,,,,,,,,,,,,,,,,,,,,,,,,,,,,,,,,,,,,,0.6,253.318,258.2734,262.9653,267.4899,271.9416,276.4148,281.0065,285.8193,290.9658,296.5726,302.786,309.7783,317.7568,326.9764,337.7565,350.5075,365.7694,384.2725,407.036,435.5346,245.0,472.0,962.3566,94.11289999999995,379.3068,-24.3852
2467,2467,2467.0,2467.0,2467.0,2467.0,2467.0,2467.0,2467.0,2467.0,2467.0,2467.0,2467.0,2467.0,,,,,,,,,,,,,,,,,,,,,,,,,,,,,,,,,,,,,,,,,,,,,,,,,,,,,,,,,,,,,,,0.7,250.9895,256.5498,261.7644,266.721,271.5131,276.2411,281.0126,285.9439,291.161,296.8031,303.0266,310.0115,317.9711,327.1645,337.9146,350.6342,365.8657,384.3406,407.0789,435.5551,245.0,472.0,1056.4695,95.3293000000001,285.1939,-26.20889999999997
2468,2468,2468.0,2468.0,2468.0,2468.0,2468.0,2468.0,2468.0,2468.0,2468.0,2468.0,2468.0,2468.0,,,,,,,,,,,,,,,,,,,,,,,,,,,,,,,,,,,,,,,,,,,,,,,,,,,,,,,,,,,,,,,0.8,250.9182,256.4172,261.5884,266.524,271.3177,276.0667,280.8734,285.8473,291.1084,296.7908,303.0472,310.0563,318.0308,327.2308,337.9803,350.6942,365.9162,384.3794,407.1049,435.5681,247.0,473.0,1151.7988,95.20429999999988,189.86459999999988,-28.133299999999963
2469,2469,2469.0,2469.0,2469.0,2469.0,2469.0,2469.0,2469.0,2469.0,2469.0,2469.0,2469.0,2469.0,,,,,,,,,,,,,,,,,,,,,,,,,,,,,,,,,,,,,,,,,,,,,,,,,,,,,,,,,,,,,,,0.9,252.5124,257.6469,262.5027,267.1765,271.7626,276.3552,281.0505,285.951,291.1686,296.8304,303.0838,310.1035,318.1007,327.3352,338.1328,350.9111,366.2175,384.7908,407.6595,436.3114,244.0,473.0,1247.0031,94.6603,94.6603,-29.694799999999987
2470,2470,2470.0,2470.0,2470.0,2470.0,2470.0,2470.0,2470.0,2470.0,2470.0,2470.0,2470.0,2470.0,,,,,,,,,,,,,,,,,,,,,,,,,,,,,,,,,,,,,,,,,,,,,,,,,,,,,,,,,,,,,,,0.0,273.0,273.0,273.0,273.0,273.0,273.0,273.0,273.0,273.0,273.0,273.0,273.0,273.0,273.0,273.0,273.0,273.0,273.0,273.0,273.0,286.0,473.0,0.0,378.1571,1342.7809,-20.0
2471,2471,2471.0,2471.0,2471.0,2471.0,2471.0,2471.0,2471.0,2471.0,2471.0,2471.0,2471.0,2471.0,,,,,,,,,,,,,,,,,,,,,,,,,,,,,,,,,,,,,,,,,,,,,,,,,,,,,,,,,,,,,,,0.1,283.4056,281.128,279.1867,277.5948,276.3582,275.481,274.9784,274.8946,275.326,276.4455,278.5246,281.9481,287.2142,294.9153,305.6993,320.2213,339.1057,362.9537,392.439,428.5428,250.0,473.0,378.1571,175.69989999999996,964.6238,-18.569000000000017
2472,2472,2472.0,2472.0,2472.0,2472.0,2472.0,2472.0,2472.0,2472.0,2472.0,2472.0,2472.0,2472.0,,,,,,,,,,,,,,,,,,,,,,,,,,,,,,,,,,,,,,,,,,,,,,,,,,,,,,,,,,,,,,,0.2,255.206,259.9049,264.0506,267.6507,270.779,273.5761,276.2405,279.0146,282.1691,285.9899,290.7685,296.7974,304.3706,313.7895,325.3775,339.5052,356.6333,377.3835,402.6526,433.8033,271.0,473.0,553.857,120.6187,788.9239,-21.623899999999992
2473,2473,2473.0,2473.0,2473.0,2473.0,2473.0,2473.0,2473.0,2473.0,2473.0,2473.0,2473.0,2473.0,,,,,,,,,,,,,,,,,,,,,,,,,,,,,,,,,,,,,,,,,,,,,,,,,,,,,,,,,,,,,,,0.3,271.4612,272.0183,272.7977,273.9077,275.4363,277.4551,280.028,283.2211,287.1126,291.8012,297.4115,304.0991,312.0556,321.5171,332.7791,346.2205,362.3435,381.8376,405.6831,435.3273,244.0,473.0,674.4757,93.5979000000001,668.3052,-18.994899999999973
2474,2474,2474.0,2474.0,2474.0,2474.0,2474.0,2474.0,2474.0,2474.0,2474.0,2474.0,2474.0,2474.0,,,,,,,,,,,,,,,,,,,,,,,,,,,,,,,,,,,,,,,,,,,,,,,,,,,,,,,,,,,,,,,0.4,250.6424,256.749,262.3308,267.4348,272.1498,276.6051,280.9623,285.404,290.1239,295.3205,301.1953,307.9577,315.8343,325.084,336.0199,349.0382,364.661,383.6009,406.8623,435.9144,247.0,473.0,768.0736,96.73749999999995,574.7072999999999,-21.19490000000002
2475,2475,2475.0,2475.0,2475.0,2475.0,2475.0,2475.0,2475.0,2475.0,2475.0,2475.0,2475.0,2475.0,,,,,,,,,,,,,,,,,,,,,,,,,,,,,,,,,,,,,,,,,,,,,,,,,,,,,,,,,,,,,,,0.5,252.5237,257.6599,262.4997,267.1339,271.6546,276.1573,280.7439,285.525,290.6235,296.1779,302.3461,309.3114,317.2904,326.5447,337.3981,350.2633,365.6808,384.3812,407.3854,436.175,244.0,473.0,864.8111,96.48119999999994,477.9698,-23.09269999999998
2476,2476,2476.0,2476.0,2476.0,2476.0,2476.0,2476.0,2476.0,2476.0,2476.0,2476.0,2476.0,2476.0,,,,,,,,,,,,,,,,,,,,,,,,,,,,,,,,,,,,,,,,,,,,,,,,,,,,,,,,,,,,,,,0.6,250.1311,255.8166,261.1392,266.1867,271.0532,275.8405,280.6589,285.6276,290.8764,296.5483,302.8036,309.8265,317.8335,327.0866,337.9115,350.7237,366.068,384.6804,407.5875,436.2762,247.0,473.0,961.2923,96.5200000000001,381.4886,-24.95949999999999
2477,2477,2477.0,2477.0,2477.0,2477.0,2477.0,2477.0,2477.0,2477.0,2477.0,2477.0,2477.0,2477.0,,,,,,,,,,,,,,,,,,,,,,,,,,,,,,,,,,,,,,,,,,,,,,,,,,,,,,,,,,,,,,,0.7,252.4676,257.5609,262.3821,267.0296,271.5986,276.1829,280.8779,285.7847,291.0141,296.692,302.9648,310.006,318.0256,327.282,338.0995,350.8941,366.2124,384.7926,407.6635,436.3143,245.0,471.0,1057.8123,94.64020000000004,284.9685999999999,-26.26709999999997
2478,2478,2478.0,2478.0,2478.0,2478.0,2478.0,2478.0,2478.0,2478.0,2478.0,2478.0,2478.0,2478.0,,,,,,,,,,,,,,,,,,,,,,,,,,,,,,,,,,,,,,,,,,,,,,,,,,,,,,,,,,,,,,,0.8,250.9497,256.4755,261.6655,266.6099,271.4032,276.1446,280.9394,285.9004,291.1498,296.8226,303.0709,310.0706,318.0306,327.2055,337.9139,350.5648,365.6964,384.0365,406.5993,434.85,246.0,472.0,1152.4525,95.23889999999984,190.32839999999987,-28.055399999999963
2479,2479,2479.0,2479.0,2479.0,2479.0,2479.0,2479.0,2479.0,2479.0,2479.0,2479.0,2479.0,2479.0,,,,,,,,,,,,,,,,,,,,,,,,,,,,,,,,,,,,,,,,,,,,,,,,,,,,,,,,,,,,,,,0.9,251.715,257.0314,262.0447,266.8491,271.5389,276.2093,280.9592,285.894,291.1291,296.7944,303.0392,310.0397,318.0074,327.2017,337.9473,350.6595,365.8829,384.3509,407.0841,435.5572,245.0,472.0,1247.6914,95.08950000000004,95.08950000000004,-29.840700000000027
2480,2480,2480.0,2480.0,2480.0,2480.0,2480.0,2480.0,2480.0,2480.0,2480.0,2480.0,2480.0,2480.0,,,,,,,,,,,,,,,,,,,,,,,,,,,,,,,,,,,,,,,,,,,,,,,,,,,,,,,,,,,,,,,0.0,273.0,273.0,273.0,273.0,273.0,273.0,273.0,273.0,273.0,273.0,273.0,273.0,273.0,273.0,273.0,273.0,273.0,273.0,273.0,273.0,287.0,473.0,0.0,377.7691,1349.7372,-20.0
2481,2481,2481.0,2481.0,2481.0,2481.0,2481.0,2481.0,2481.0,2481.0,2481.0,2481.0,2481.0,2481.0,,,,,,,,,,,,,,,,,,,,,,,,,,,,,,,,,,,,,,,,,,,,,,,,,,,,,,,,,,,,,,,0.1,284.2043,281.7507,279.6591,277.9428,276.6065,275.6524,275.0927,274.9683,275.3718,276.4729,278.5405,281.957,287.219,294.9177,305.7005,320.2219,339.1059,362.9538,392.439,428.5429,248.0,471.0,377.7691,175.51170000000002,971.9681,-18.39760000000001
2482,2482,2482.0,2482.0,2482.0,2482.0,2482.0,2482.0,2482.0,2482.0,2482.0,2482.0,2482.0,2482.0,,,,,,,,,,,,,,,,,,,,,,,,,,,,,,,,,,,,,,,,,,,,,,,,,,,,,,,,,,,,,,,0.2,253.6317,258.7119,263.1851,267.054,270.392,273.3435,276.114,278.9544,282.1436,285.9741,290.7419,296.7413,304.2653,313.6124,325.101,339.0953,356.0486,376.5727,401.5498,432.3188,273.0,471.0,553.2808,121.78629999999998,796.4564,-21.856499999999983
2483,2483,2483.0,2483.0,2483.0,2483.0,2483.0,2483.0,2483.0,2483.0,2483.0,2483.0,2483.0,2483.0,,,,,,,,,,,,,,,,,,,,,,,,,,,,,,,,,,,,,,,,,,,,,,,,,,,,,,,,,,,,,,,0.3,273.0028,273.1538,273.588,274.4178,275.7302,277.5907,280.0532,283.1716,287.0117,291.6604,297.2326,303.876,311.7759,321.1638,332.3304,345.6498,361.6178,380.9137,404.502,433.8031,244.0,473.0,675.0671,93.33659999999998,674.6701,-18.85929999999996
2484,2484,2484.0,2484.0,2484.0,2484.0,2484.0,2484.0,2484.0,2484.0,2484.0,2484.0,2484.0,2484.0,,,,,,,,,,,,,,,,,,,,,,,,,,,,,,,,,,,,,,,,,,,,,,,,,,,,,,,,,,,,,,,0.4,250.6893,256.8359,262.4453,267.5609,272.2708,276.7058,281.0301,285.4303,290.104,295.2535,301.0836,307.8066,315.6519,324.881,335.8088,348.8332,364.4767,383.4505,406.7566,435.8601,241.0,473.0,768.4037,99.1658,581.3335000000001,-21.0942
2485,2485,2485.0,2485.0,2485.0,2485.0,2485.0,2485.0,2485.0,2485.0,2485.0,2485.0,2485.0,2485.0,,,,,,,,,,,,,,,,,,,,,,,,,,,,,,,,,,,,,,,,,,,,,,,,,,,,,,,,,,,,,,,0.5,247.6943,253.8822,259.6335,265.0277,270.1563,275.1246,280.0517,285.07,290.3253,295.9775,302.2033,309.2005,317.1969,326.4614,337.3229,350.1968,365.6247,384.3374,407.3555,436.1599,249.0,472.0,867.5695,99.9452,482.1677000000001,-24.125400000000013
2486,2486,2486.0,2486.0,2486.0,2486.0,2486.0,2486.0,2486.0,2486.0,2486.0,2486.0,2486.0,2486.0,,,,,,,,,,,,,,,,,,,,,,,,,,,,,,,,,,,,,,,,,,,,,,,,,,,,,,,,,,,,,,,0.6,253.9396,258.5563,262.9676,267.2809,271.5929,275.9923,280.5643,285.3972,290.5888,296.253,302.5261,309.5741,317.601,326.8602,337.6716,350.4467,365.727,384.2443,407.0189,435.5265,245.0,471.0,967.5147,95.3578,382.2225000000001,-24.80770000000001
2487,2487,2487.0,2487.0,2487.0,2487.0,2487.0,2487.0,2487.0,2487.0,2487.0,2487.0,2487.0,2487.0,,,,,,,,,,,,,,,,,,,,,,,,,,,,,,,,,,,,,,,,,,,,,,,,,,,,,,,,,,,,,,,0.7,250.9614,256.4938,261.6811,266.6119,271.3807,276.0889,280.8455,285.7672,290.9799,296.6216,302.8465,309.8317,317.7866,326.9661,337.6886,350.3626,365.5253,383.9032,406.5086,434.8043,244.0,472.0,1062.8725,96.59810000000016,286.8647000000001,-26.361099999999965
2488,2488,2488.0,2488.0,2488.0,2488.0,2488.0,2488.0,2488.0,2488.0,2488.0,2488.0,2488.0,2488.0,,,,,,,,,,,,,,,,,,,,,,,,,,,,,,,,,,,,,,,,,,,,,,,,,,,,,,,,,,,,,,,0.8,250.0938,255.7493,261.055,266.1015,270.9829,275.798,280.652,285.6578,290.9389,296.6329,302.8956,309.9081,317.8858,327.0902,337.8475,350.5733,365.8122,384.2971,407.0481,435.5392,249.0,473.0,1159.4706,95.84529999999997,190.26659999999995,-28.401999999999987
2489,2489,2489.0,2489.0,2489.0,2489.0,2489.0,2489.0,2489.0,2489.0,2489.0,2489.0,2489.0,2489.0,,,,,,,,,,,,,,,,,,,,,,,,,,,,,,,,,,,,,,,,,,,,,,,,,,,,,,,,,,,,,,,0.9,254.0753,258.817,263.3339,267.728,272.0944,276.5232,281.1035,285.9286,291.1012,296.7397,302.9843,310.0045,318.0078,327.2516,338.0603,350.8504,366.1692,384.755,407.6359,436.2998,242.0,473.0,1255.3159,94.42129999999996,94.42129999999996,-29.52680000000004
2490,2490,2490.0,2490.0,2490.0,2490.0,2490.0,2490.0,2490.0,2490.0,2490.0,2490.0,2490.0,2490.0,,,,,,,,,,,,,,,,,,,,,,,,,,,,,,,,,,,,,,,,,,,,,,,,,,,,,,,,,,,,,,,0.0,273.0,273.0,273.0,273.0,273.0,273.0,273.0,273.0,273.0,273.0,273.0,273.0,273.0,273.0,273.0,273.0,273.0,273.0,273.0,273.0,285.0,473.0,0.0,378.5479,1344.2855,-20.0
2491,2491,2491.0,2491.0,2491.0,2491.0,2491.0,2491.0,2491.0,2491.0,2491.0,2491.0,2491.0,2491.0,,,,,,,,,,,,,,,,,,,,,,,,,,,,,,,,,,,,,,,,,,,,,,,,,,,,,,,,,,,,,,,0.1,282.6066,280.505,278.7141,277.2467,276.1097,275.3095,274.8639,274.8209,275.2802,276.418,278.5087,281.9393,287.2095,294.9128,305.698,320.2207,339.1054,362.9535,392.4389,428.5428,252.0,473.0,378.5479,175.82659999999998,965.7376,-18.7405
2492,2492,2492.0,2492.0,2492.0,2492.0,2492.0,2492.0,2492.0,2492.0,2492.0,2492.0,2492.0,2492.0,,,,,,,,,,,,,,,,,,,,,,,,,,,,,,,,,,,,,,,,,,,,,,,,,,,,,,,,,,,,,,,0.2,256.7797,261.0971,264.9152,268.2464,271.1647,273.8063,276.3624,279.0662,282.1791,285.9782,290.748,296.7756,304.3512,313.774,325.366,339.497,356.6279,377.3801,402.6506,433.8024,269.0,473.0,554.3745,119.94299999999998,789.911,-21.393699999999967
2493,2493,2493.0,2493.0,2493.0,2493.0,2493.0,2493.0,2493.0,2493.0,2493.0,2493.0,2493.0,2493.0,,,,,,,,,,,,,,,,,,,,,,,,,,,,,,,,,,,,,,,,,,,,,,,,,,,,,,,,,,,,,,,0.3,269.9173,270.878,271.9997,273.3857,275.1245,277.2932,279.9645,283.2156,287.1361,291.8346,297.4439,304.1253,312.0742,321.5288,332.7854,346.2232,362.3441,381.8372,405.6825,435.3269,247.0,473.0,674.3175,93.4918,669.968,-19.156799999999976
2494,2494,2494.0,2494.0,2494.0,2494.0,2494.0,2494.0,2494.0,2494.0,2494.0,2494.0,2494.0,2494.0,,,,,,,,,,,,,,,,,,,,,,,,,,,,,,,,,,,,,,,,,,,,,,,,,,,,,,,,,,,,,,,0.4,253.0065,258.543,263.6358,268.3397,272.7438,276.9708,281.1702,285.5103,290.1702,295.3349,301.1954,307.9534,315.8301,325.0816,336.0193,349.0388,364.6623,383.6022,406.8633,435.9149,243.0,472.0,767.8093,96.04909999999995,576.4762,-20.82920000000001
2495,2495,2495.0,2495.0,2495.0,2495.0,2495.0,2495.0,2495.0,2495.0,2495.0,2495.0,2495.0,2495.0,,,,,,,,,,,,,,,,,,,,,,,,,,,,,,,,,,,,,,,,,,,,,,,,,,,,,,,,,,,,,,,0.5,249.3931,255.3093,260.8177,265.9975,270.9396,275.7488,280.5427,285.4522,290.62,296.2024,302.371,309.3186,317.2667,326.4784,337.2768,350.0715,365.3989,383.9841,406.8402,435.4362,247.0,471.0,863.8584,97.70550000000004,480.4271,-23.501199999999983
2496,2496,2496.0,2496.0,2496.0,2496.0,2496.0,2496.0,2496.0,2496.0,2496.0,2496.0,2496.0,2496.0,,,,,,,,,,,,,,,,,,,,,,,,,,,,,,,,,,,,,,,,,,,,,,,,,,,,,,,,,,,,,,,0.6,252.4319,257.4909,262.2803,266.8991,271.4419,276.0018,280.6729,285.5548,290.7573,296.4048,302.6426,309.6425,317.6122,326.8065,337.5449,350.2371,365.4209,383.8226,406.454,434.7769,245.0,472.0,961.5639,96.1318,382.7216,-24.79820000000001
2497,2497,2497.0,2497.0,2497.0,2497.0,2497.0,2497.0,2497.0,2497.0,2497.0,2497.0,2497.0,2497.0,,,,,,,,,,,,,,,,,,,,,,,,,,,,,,,,,,,,,,,,,,,,,,,,,,,,,,,,,,,,,,,0.7,250.9253,256.4269,261.593,266.5139,271.284,276.0026,280.7751,285.7147,290.9444,296.6008,302.8383,309.8362,317.8079,327.0131,337.776,350.5111,365.7613,384.2587,407.0227,435.5266,245.0,473.0,1057.6957,96.55690000000004,286.5898,-26.447400000000016
2498,2498,2498.0,2498.0,2498.0,2498.0,2498.0,2498.0,2498.0,2498.0,2498.0,2498.0,2498.0,2498.0,,,,,,,,,,,,,,,,,,,,,,,,,,,,,,,,,,,,,,,,,,,,,,,,,,,,,,,,,,,,,,,0.8,250.8911,256.3642,261.5122,266.4279,271.206,275.944,280.7445,285.7172,290.9822,296.6741,302.9465,309.9791,317.9867,327.2314,338.0404,350.8316,366.1526,384.7416,407.6266,436.2951,246.0,473.0,1154.2526,96.048,190.0329,-28.25599999999997
2499,2499,2499.0,2499.0,2499.0,2499.0,2499.0,2499.0,2499.0,2499.0,2499.0,2499.0,2499.0,2499.0,,,,,,,,,,,,,,,,,,,,,,,,,,,,,,,,,,,,,,,,,,,,,,,,,,,,,,,,,,,,,,,0.9,251.6932,256.9893,261.985,266.7758,271.4569,276.1244,280.8777,285.8228,291.0755,296.7658,303.0435,310.0845,318.1005,327.3508,338.1604,350.9459,366.2542,384.8239,407.6843,436.3246,248.0,472.0,1250.3006,93.98489999999993,93.98489999999993,-29.92560000000003
2500,2500,2500.0,2500.0,2500.0,2500.0,2500.0,2500.0,2500.0,2500.0,2500.0,2500.0,2500.0,2500.0,,,,,,,,,,,,,,,,,,,,,,,,,,,,,,,,,,,,,,,,,,,,,,,,,,,,,,,,,,,,,,,0.0,273.0,273.0,273.0,273.0,273.0,273.0,273.0,273.0,273.0,273.0,273.0,273.0,273.0,273.0,273.0,273.0,273.0,273.0,273.0,273.0,284.0,473.0,0.0,378.9414,1351.9001,-20.0
2501,2501,2501.0,2501.0,2501.0,2501.0,2501.0,2501.0,2501.0,2501.0,2501.0,2501.0,2501.0,2501.0,,,,,,,,,,,,,,,,,,,,,,,,,,,,,,,,,,,,,,,,,,,,,,,,,,,,,,,,,,,,,,,0.1,281.8074,279.8818,278.2412,276.8984,275.8612,275.1379,274.7495,274.7472,275.2344,276.3905,278.4928,281.9304,287.2047,294.9103,305.6968,320.2201,339.1051,362.9534,392.4389,428.5428,251.0,472.0,378.9414,177.21089999999998,972.9587,-18.91210000000001
2502,2502,2502.0,2502.0,2502.0,2502.0,2502.0,2502.0,2502.0,2502.0,2502.0,2502.0,2502.0,2502.0,,,,,,,,,,,,,,,,,,,,,,,,,,,,,,,,,,,,,,,,,,,,,,,,,,,,,,,,,,,,,,,0.2,255.939,260.3988,264.3426,267.7831,270.7949,273.515,276.1356,278.891,282.0433,285.8702,290.6563,296.6883,304.2553,313.6548,325.2068,339.2782,356.3267,376.9694,402.0964,433.059,272.0,472.0,556.1523,120.52690000000008,795.7478000000001,-21.685
2503,2503,2503.0,2503.0,2503.0,2503.0,2503.0,2503.0,2503.0,2503.0,2503.0,2503.0,2503.0,2503.0,,,,,,,,,,,,,,,,,,,,,,,,,,,,,,,,,,,,,,,,,,,,,,,,,,,,,,,,,,,,,,,0.3,272.2733,272.663,273.2953,274.2781,275.6986,277.6274,280.1264,283.2595,287.1023,291.7503,297.3249,303.9786,311.8996,321.3211,332.5352,345.9175,361.9661,381.3648,405.0855,434.5618,244.0,473.0,676.6792,93.14619999999992,675.2209,-18.82259999999997
2504,2504,2504.0,2504.0,2504.0,2504.0,2504.0,2504.0,2504.0,2504.0,2504.0,2504.0,2504.0,2504.0,,,,,,,,,,,,,,,,,,,,,,,,,,,,,,,,,,,,,,,,,,,,,,,,,,,,,,,,,,,,,,,0.4,250.6768,256.8132,262.4171,267.5328,272.2487,276.6947,281.0339,285.4514,290.1435,295.311,301.1577,307.895,315.7511,324.9867,335.9157,348.9352,364.5675,383.5241,406.8081,435.8865,241.0,473.0,769.8254,99.04830000000004,582.0747000000001,-21.1053
2505,2505,2505.0,2505.0,2505.0,2505.0,2505.0,2505.0,2505.0,2505.0,2505.0,2505.0,2505.0,2505.0,,,,,,,,,,,,,,,,,,,,,,,,,,,,,,,,,,,,,,,,,,,,,,,,,,,,,,,,,,,,,,,0.5,247.6944,253.8827,259.6352,265.0315,270.1633,275.1358,280.0679,285.0918,290.3528,296.0103,302.2404,309.2409,317.2387,326.503,337.3624,350.2323,365.6548,384.3608,407.3714,436.1679,248.0,471.0,868.8737,100.10350000000004,483.0264000000001,-24.114199999999983
2506,2506,2506.0,2506.0,2506.0,2506.0,2506.0,2506.0,2506.0,2506.0,2506.0,2506.0,2506.0,2506.0,,,,,,,,,,,,,,,,,,,,,,,,,,,,,,,,,,,,,,,,,,,,,,,,,,,,,,,,,,,,,,,0.6,253.1357,257.9283,262.4925,266.9338,271.3491,275.8285,280.4599,285.3343,290.5526,296.2309,302.5071,309.5475,317.5555,326.7829,337.5473,350.2569,365.4495,383.8519,406.4773,434.7896,248.0,471.0,968.9772,95.14339999999991,382.9229,-24.971499999999992
2507,2507,2507.0,2507.0,2507.0,2507.0,2507.0,2507.0,2507.0,2507.0,2507.0,2507.0,2507.0,2507.0,,,,,,,,,,,,,,,,,,,,,,,,,,,,,,,,,,,,,,,,,,,,,,,,,,,,,,,,,,,,,,,0.7,253.3427,258.3198,263.0279,267.5621,272.0172,276.4888,281.0751,285.88,291.0162,296.6097,302.8048,309.7719,317.7159,326.8896,337.6106,350.2876,365.458,383.8481,406.4697,434.7843,242.0,472.0,1064.1206,95.2065,287.7795000000001,-25.961199999999963
2508,2508,2508.0,2508.0,2508.0,2508.0,2508.0,2508.0,2508.0,2508.0,2508.0,2508.0,2508.0,2508.0,,,,,,,,,,,,,,,,,,,,,,,,,,,,,,,,,,,,,,,,,,,,,,,,,,,,,,,,,,,,,,,0.8,248.5777,254.667,260.3407,265.6806,270.7795,275.7422,280.6846,285.7334,291.0257,296.7114,302.9561,309.9481,317.9068,327.0962,337.8431,350.5631,365.7999,384.2857,407.0396,435.5347,246.0,473.0,1159.3271,97.85390000000008,192.5730000000001,-28.457799999999963
2509,2509,2509.0,2509.0,2509.0,2509.0,2509.0,2509.0,2509.0,2509.0,2509.0,2509.0,2509.0,2509.0,,,,,,,,,,,,,,,,,,,,,,,,,,,,,,,,,,,,,,,,,,,,,,,,,,,,,,,,,,,,,,,0.9,251.6152,256.8425,261.7859,266.5449,271.2146,275.8882,280.66,285.63,290.9086,296.6216,302.9164,309.9689,317.9916,327.2461,338.0601,350.8523,366.1714,384.7567,407.637,436.3003,249.0,473.0,1257.181,94.71910000000004,94.71910000000004,-30.161800000000028
2510,2510,2510.0,2510.0,2510.0,2510.0,2510.0,2510.0,2510.0,2510.0,2510.0,2510.0,2510.0,2510.0,,,,,,,,,,,,,,,,,,,,,,,,,,,,,,,,,,,,,,,,,,,,,,,,,,,,,,,,,,,,,,,0.0,273.0,273.0,273.0,273.0,273.0,273.0,273.0,273.0,273.0,273.0,273.0,273.0,273.0,273.0,273.0,273.0,273.0,273.0,273.0,273.0,286.0,473.0,0.0,378.1571,1341.8683,-20.0
2511,2511,2511.0,2511.0,2511.0,2511.0,2511.0,2511.0,2511.0,2511.0,2511.0,2511.0,2511.0,2511.0,,,,,,,,,,,,,,,,,,,,,,,,,,,,,,,,,,,,,,,,,,,,,,,,,,,,,,,,,,,,,,,0.1,283.4056,281.128,279.1867,277.5948,276.3582,275.481,274.9784,274.8946,275.326,276.4455,278.5246,281.9481,287.2142,294.9153,305.6993,320.2213,339.1057,362.9537,392.439,428.5428,249.0,472.0,378.1571,176.09609999999998,963.7112,-18.569000000000017
2512,2512,2512.0,2512.0,2512.0,2512.0,2512.0,2512.0,2512.0,2512.0,2512.0,2512.0,2512.0,2512.0,,,,,,,,,,,,,,,,,,,,,,,,,,,,,,,,,,,,,,,,,,,,,,,,,,,,,,,,,,,,,,,0.2,254.401,259.2744,263.5712,267.2974,270.5268,273.4015,276.1228,278.9362,282.1154,285.9487,290.7291,296.7496,304.3035,313.6908,325.2323,339.2957,356.3381,376.9765,402.1004,433.0608,275.0,473.0,554.2532,120.4271,787.6151000000001,-21.79849999999999
2513,2513,2513.0,2513.0,2513.0,2513.0,2513.0,2513.0,2513.0,2513.0,2513.0,2513.0,2513.0,2513.0,,,,,,,,,,,,,,,,,,,,,,,,,,,,,,,,,,,,,,,,,,,,,,,,,,,,,,,,,,,,,,,0.3,274.6301,274.4523,274.6023,275.1926,276.309,278.0148,280.3603,283.3954,287.182,291.8034,297.3721,304.0344,311.9762,321.4302,332.6905,346.1356,362.2678,381.7761,405.6399,435.3051,242.0,471.0,674.6803,91.29550000000006,667.1880000000001,-18.43520000000001
2514,2514,2514.0,2514.0,2514.0,2514.0,2514.0,2514.0,2514.0,2514.0,2514.0,2514.0,2514.0,2514.0,,,,,,,,,,,,,,,,,,,,,,,,,,,,,,,,,,,,,,,,,,,,,,,,,,,,,,,,,,,,,,,0.4,249.1606,255.7313,261.7046,267.1166,272.0547,276.6545,281.0897,285.5578,290.2673,295.4289,301.2528,307.9525,315.7548,324.9156,335.742,348.6225,364.07,382.7854,405.7572,434.4293,243.0,471.0,765.9758,98.80629999999996,575.8925,-21.145500000000027
2515,2515,2515.0,2515.0,2515.0,2515.0,2515.0,2515.0,2515.0,2515.0,2515.0,2515.0,2515.0,2515.0,,,,,,,,,,,,,,,,,,,,,,,,,,,,,,,,,,,,,,,,,,,,,,,,,,,,,,,,,,,,,,,0.5,249.2663,255.0708,260.4948,265.6237,270.549,275.3698,280.1954,285.1457,290.3539,295.9682,302.1554,309.1055,317.0398,326.2227,336.9784,349.7173,364.9748,383.4721,406.2142,434.6558,250.0,473.0,864.7821,98.54599999999994,477.0862000000001,-23.8802
2516,2516,2516.0,2516.0,2516.0,2516.0,2516.0,2516.0,2516.0,2516.0,2516.0,2516.0,2516.0,2516.0,,,,,,,,,,,,,,,,,,,,,,,,,,,,,,,,,,,,,,,,,,,,,,,,,,,,,,,,,,,,,,,0.6,254.8059,259.3017,263.6018,267.8116,272.0267,276.3353,280.823,285.5789,290.7015,296.3061,302.5308,309.5442,317.5535,326.8165,337.6579,350.494,365.8708,384.5242,407.4796,436.2214,245.0,473.0,963.3281,94.1712,378.54020000000014,-24.4647
2517,2517,2517.0,2517.0,2517.0,2517.0,2517.0,2517.0,2517.0,2517.0,2517.0,2517.0,2517.0,2517.0,,,,,,,,,,,,,,,,,,,,,,,,,,,,,,,,,,,,,,,,,,,,,,,,,,,,,,,,,,,,,,,0.7,251.0153,256.5963,261.8226,266.78,271.5624,276.2724,281.0217,285.9308,291.1303,296.7629,302.9878,309.9871,317.975,327.2117,338.0207,350.8166,366.1436,384.7377,407.6258,436.2953,246.0,473.0,1057.4993,94.9045000000001,284.36900000000014,-26.177599999999984
2518,2518,2518.0,2518.0,2518.0,2518.0,2518.0,2518.0,2518.0,2518.0,2518.0,2518.0,2518.0,2518.0,,,,,,,,,,,,,,,,,,,,,,,,,,,,,,,,,,,,,,,,,,,,,,,,,,,,,,,,,,,,,,,0.8,251.7278,257.0557,262.0783,266.8893,271.5827,276.2546,281.0052,285.9416,291.1812,296.8559,303.117,310.1419,318.1433,327.3812,338.181,350.959,366.262,384.8282,407.6864,436.3254,245.0,473.0,1152.4038,94.84760000000006,189.46450000000004,-27.945400000000006
2519,2519,2519.0,2519.0,2519.0,2519.0,2519.0,2519.0,2519.0,2519.0,2519.0,2519.0,2519.0,2519.0,,,,,,,,,,,,,,,,,,,,,,,,,,,,,,,,,,,,,,,,,,,,,,,,,,,,,,,,,,,,,,,0.9,250.94,256.4588,261.6462,266.5935,271.3951,276.1491,280.9597,285.9383,291.2068,296.9005,303.1735,310.2051,318.209,327.4459,338.2416,351.0129,366.3071,384.8629,407.7098,436.3372,247.0,473.0,1247.2514,94.6169,94.6169,-29.90090000000004
2520,2520,2520.0,2520.0,2520.0,2520.0,2520.0,2520.0,2520.0,2520.0,2520.0,2520.0,2520.0,,,,,,,,,,,,,,,,,,,,,,,,,,,,,,,,,,,,,,,,,,,,,,,,,,,,,,,,,,,,,,,,0.0,273.0,273.0,273.0,273.0,273.0,273.0,273.0,273.0,273.0,273.0,273.0,273.0,273.0,273.0,273.0,273.0,273.0,273.0,273.0,273.0,222.0,354.0,0.0,438.777,2112.7578,-20.0
2521,2521,2521.0,2521.0,2521.0,2521.0,2521.0,2521.0,2521.0,2521.0,2521.0,2521.0,2521.0,,,,,,,,,,,,,,,,,,,,,,,,,,,,,,,,,,,,,,,,,,,,,,,,,,,,,,,,,,,,,,,,0.1,231.9105,240.7976,248.5043,254.9522,260.1528,264.2036,267.2712,269.5704,271.3457,272.8589,274.3855,276.2153,278.6541,282.0205,286.6341,292.7958,300.7642,310.7385,322.8587,337.233,390.0,343.0,438.777,326.1899,1673.9808,-29.846400000000017
2522,2522,2522.0,2522.0,2522.0,2522.0,2522.0,2522.0,2522.0,2522.0,2522.0,2522.0,2522.0,,,,,,,,,,,,,,,,,,,,,,,,,,,,,,,,,,,,,,,,,,,,,,,,,,,,,,,,,,,,,,,,0.2,363.6809,341.365,322.8006,307.8482,296.3333,287.9791,282.4051,279.169,277.8238,277.971,279.2942,281.5723,284.675,288.5478,293.1952,298.6671,305.0512,312.4735,321.1055,331.1777,245.0,396.0,764.9669,191.3971,1347.7909,-7.220899999999972
2523,2523,2523.0,2523.0,2523.0,2523.0,2523.0,2523.0,2523.0,2523.0,2523.0,2523.0,2523.0,,,,,,,,,,,,,,,,,,,,,,,,,,,,,,,,,,,,,,,,,,,,,,,,,,,,,,,,,,,,,,,,0.3,254.2298,262.494,269.4413,274.8895,278.849,281.5064,283.1785,284.2537,285.139,286.2208,287.8458,290.3204,293.9199,298.9026,305.5216,314.0331,324.7037,337.8239,353.7384,372.9057,234.0,364.0,956.364,174.5818999999999,1156.3937999999998,-14.943600000000004
2524,2524,2524.0,2524.0,2524.0,2524.0,2524.0,2524.0,2524.0,2524.0,2524.0,2524.0,2524.0,,,,,,,,,,,,,,,,,,,,,,,,,,,,,,,,,,,,,,,,,,,,,,,,,,,,,,,,,,,,,,,,0.4,242.2818,249.8214,256.5697,262.5164,267.6985,272.2007,276.1494,279.7017,283.0327,286.3214,289.7393,293.4426,297.5681,302.2371,307.5642,313.6742,320.7236,328.9257,338.5772,350.0856,224.0,353.0,1130.9459,217.8041000000001,981.8119,-25.599300000000028
2525,2525,2525.0,2525.0,2525.0,2525.0,2525.0,2525.0,2525.0,2525.0,2525.0,2525.0,2525.0,,,,,,,,,,,,,,,,,,,,,,,,,,,,,,,,,,,,,,,,,,,,,,,,,,,,,,,,,,,,,,,,0.5,233.0373,241.2693,248.7011,255.3613,261.3052,266.6138,271.3894,275.7483,279.8139,283.7103,287.5582,291.4735,295.568,299.9546,304.7541,310.1055,316.1785,323.1877,331.4081,341.1938,224.0,407.0,1348.75,258.05729999999994,764.0077999999999,-32.636199999999974
2526,2526,2526.0,2526.0,2526.0,2526.0,2526.0,2526.0,2526.0,2526.0,2526.0,2526.0,2526.0,,,,,,,,,,,,,,,,,,,,,,,,,,,,,,,,,,,,,,,,,,,,,,,,,,,,,,,,,,,,,,,,0.6,232.2212,239.7033,246.5058,252.6936,258.3379,263.5185,268.3263,272.8659,277.2609,281.6585,286.2355,291.2037,296.8129,303.3506,311.1386,320.5279,331.897,345.6621,362.3091,382.4612,392.0,343.0,1606.8073,187.39380000000008,505.9504999999999,-37.2815
2527,2527,2527.0,2527.0,2527.0,2527.0,2527.0,2527.0,2527.0,2527.0,2527.0,2527.0,2527.0,,,,,,,,,,,,,,,,,,,,,,,,,,,,,,,,,,,,,,,,,,,,,,,,,,,,,,,,,,,,,,,,0.7,365.432,343.01,324.5112,309.8263,298.8036,291.1754,286.5525,284.4631,284.4095,285.9205,288.586,292.0722,296.1218,300.5487,305.2347,310.1338,315.2849,320.8278,327.019,334.2405,260.0,417.0,1794.2011,116.41419999999994,318.55669999999986,-11.274599999999964
2528,2528,2528.0,2528.0,2528.0,2528.0,2528.0,2528.0,2528.0,2528.0,2528.0,2528.0,2528.0,,,,,,,,,,,,,,,,,,,,,,,,,,,,,,,,,,,,,,,,,,,,,,,,,,,,,,,,,,,,,,,,0.8,266.768,272.895,278.0837,282.1787,285.1874,287.2659,288.6797,289.7541,290.8298,292.233,294.264,297.2015,301.317,306.8895,314.2176,323.6251,335.4664,350.1419,368.1365,390.1012,266.0,424.0,1910.6153,97.7156,202.1425,-16.9341
2529,2529,2529.0,2529.0,2529.0,2529.0,2529.0,2529.0,2529.0,2529.0,2529.0,2529.0,2529.0,,,,,,,,,,,,,,,,,,,,,,,,,,,,,,,,,,,,,,,,,,,,,,,,,,,,,,,,,,,,,,,,0.9,269.0014,271.858,274.5732,277.1608,279.6498,282.089,284.5502,287.1302,289.9509,293.1587,296.9226,301.4324,306.8985,313.5532,321.6562,331.5055,343.4572,357.9587,375.6026,397.215,231.0,356.0,2008.3309,104.42689999999992,104.42689999999992,-23.961000000000013
2530,2530,2530.0,2530.0,2530.0,2530.0,2530.0,2530.0,2530.0,2530.0,2530.0,2530.0,2530.0,,,,,,,,,,,,,,,,,,,,,,,,,,,,,,,,,,,,,,,,,,,,,,,,,,,,,,,,,,,,,,,,0.0,273.0,273.0,273.0,273.0,273.0,273.0,273.0,273.0,273.0,273.0,273.0,273.0,273.0,273.0,273.0,273.0,273.0,273.0,273.0,273.0,222.0,355.0,0.0,438.4235,2232.1653,-20.0
2531,2531,2531.0,2531.0,2531.0,2531.0,2531.0,2531.0,2531.0,2531.0,2531.0,2531.0,2531.0,,,,,,,,,,,,,,,,,,,,,,,,,,,,,,,,,,,,,,,,,,,,,,,,,,,,,,,,,,,,,,,,0.1,231.9106,240.7976,248.5045,254.9525,260.1534,264.2048,267.2736,269.5751,271.3544,272.8745,274.4123,276.2599,278.7256,282.1312,286.7996,293.035,301.0992,311.1943,323.4628,338.0167,392.0,340.0,438.4235,325.4356,1793.7418,-29.84520000000004
2532,2532,2532.0,2532.0,2532.0,2532.0,2532.0,2532.0,2532.0,2532.0,2532.0,2532.0,2532.0,,,,,,,,,,,,,,,,,,,,,,,,,,,,,,,,,,,,,,,,,,,,,,,,,,,,,,,,,,,,,,,,0.2,365.2333,342.558,323.702,308.5147,296.8143,288.3178,282.6384,279.3261,277.9256,278.029,279.3097,281.5355,284.5635,288.3261,292.814,298.0638,304.1515,311.1935,319.3537,328.8557,248.0,399.0,763.8591,191.49339999999995,1468.3062,-6.882200000000012
2533,2533,2533.0,2533.0,2533.0,2533.0,2533.0,2533.0,2533.0,2533.0,2533.0,2533.0,2533.0,,,,,,,,,,,,,,,,,,,,,,,,,,,,,,,,,,,,,,,,,,,,,,,,,,,,,,,,,,,,,,,,0.3,256.7052,264.4989,271.0346,276.1311,279.7966,282.213,283.6901,284.61,285.3734,286.363,287.9254,290.3698,293.979,299.0214,305.7631,314.4736,325.4319,338.9393,355.3508,375.138,234.0,371.0,955.3525,168.71640000000002,1276.8128000000002,-14.236999999999966
2534,2534,2534.0,2534.0,2534.0,2534.0,2534.0,2534.0,2534.0,2534.0,2534.0,2534.0,2534.0,,,,,,,,,,,,,,,,,,,,,,,,,,,,,,,,,,,,,,,,,,,,,,,,,,,,,,,,,,,,,,,,0.4,242.4124,250.0697,256.9125,262.9247,268.1426,272.6549,276.5962,280.1347,283.4579,286.759,290.2243,294.0259,298.3178,303.2394,308.9248,315.5191,323.1996,332.2019,342.8486,355.5811,223.0,355.0,1124.0689,209.0797,1108.0964,-25.145100000000014
2535,2535,2535.0,2535.0,2535.0,2535.0,2535.0,2535.0,2535.0,2535.0,2535.0,2535.0,2535.0,,,,,,,,,,,,,,,,,,,,,,,,,,,,,,,,,,,,,,,,,,,,,,,,,,,,,,,,,,,,,,,,0.5,232.286,240.7479,248.3859,255.2258,261.3233,266.7629,271.652,276.1138,280.2782,284.2754,288.2302,292.2599,296.4756,300.987,305.9106,311.382,317.5702,324.6942,333.0402,342.9813,225.0,403.0,1333.1486,251.6318000000001,899.0167000000001,-32.4871
2536,2536,2536.0,2536.0,2536.0,2536.0,2536.0,2536.0,2536.0,2536.0,2536.0,2536.0,2536.0,,,,,,,,,,,,,,,,,,,,,,,,,,,,,,,,,,,,,,,,,,,,,,,,,,,,,,,,,,,,,,,,0.6,233.0404,240.363,247.035,253.1256,258.7071,263.8566,268.6595,273.2127,277.63,282.0474,286.6291,291.5722,297.1101,303.5126,311.0834,320.1562,331.0941,344.2995,360.2438,379.5297,395.0,274.0,1584.7804,200.95359999999985,647.3849,-36.9434
2537,2537,2537.0,2537.0,2537.0,2537.0,2537.0,2537.0,2537.0,2537.0,2537.0,2537.0,2537.0,,,,,,,,,,,,,,,,,,,,,,,,,,,,,,,,,,,,,,,,,,,,,,,,,,,,,,,,,,,,,,,,0.7,367.8088,344.8936,325.9955,310.9822,299.6831,291.8098,286.9458,284.5798,284.1571,285.1255,286.9633,289.189,291.3589,293.0653,293.9433,293.6934,292.1167,289.1559,284.9265,279.7244,254.0,409.0,1785.734,177.97950000000014,446.4313000000002,-10.640199999999991
2538,2538,2538.0,2538.0,2538.0,2538.0,2538.0,2538.0,2538.0,2538.0,2538.0,2538.0,2538.0,,,,,,,,,,,,,,,,,,,,,,,,,,,,,,,,,,,,,,,,,,,,,,,,,,,,,,,,,,,,,,,,0.8,262.0116,269.226,275.3044,280.0612,283.4857,285.7263,287.0488,287.7857,288.2919,288.9188,290.0074,291.898,294.9455,299.5305,306.0579,314.9426,326.588,341.3772,359.6946,382.0036,264.0,417.0,1963.7135,133.78149999999982,268.45180000000005,-18.473700000000008
2539,2539,2539.0,2539.0,2539.0,2539.0,2539.0,2539.0,2539.0,2539.0,2539.0,2539.0,2539.0,,,,,,,,,,,,,,,,,,,,,,,,,,,,,,,,,,,,,,,,,,,,,,,,,,,,,,,,,,,,,,,,0.9,267.0483,269.9172,272.6123,275.1468,277.5467,279.8563,282.1437,284.5051,287.0663,289.9829,293.4379,297.6383,302.8111,309.202,317.0756,326.7226,338.4756,352.7389,370.0383,391.1031,224.0,337.0,2097.495,134.67030000000022,134.67030000000022,-26.193700000000035
2540,2540,2540.0,2540.0,2540.0,2540.0,2540.0,2540.0,2540.0,2540.0,2540.0,2540.0,2540.0,,,,,,,,,,,,,,,,,,,,,,,,,,,,,,,,,,,,,,,,,,,,,,,,,,,,,,,,,,,,,,,,0.0,273.0,273.0,273.0,273.0,273.0,273.0,273.0,273.0,273.0,273.0,273.0,273.0,273.0,273.0,273.0,273.0,273.0,273.0,273.0,273.0,223.0,353.0,0.0,438.5629,2132.6546,-20.0
2541,2541,2541.0,2541.0,2541.0,2541.0,2541.0,2541.0,2541.0,2541.0,2541.0,2541.0,2541.0,,,,,,,,,,,,,,,,,,,,,,,,,,,,,,,,,,,,,,,,,,,,,,,,,,,,,,,,,,,,,,,,0.1,232.7202,241.4341,248.9895,255.31,260.4078,264.3786,267.3861,269.6412,271.3838,272.8714,274.3748,276.1797,278.5874,281.9123,286.4698,292.557,300.4292,310.2826,322.2543,336.4491,392.0,337.0,438.5629,327.61260000000004,1694.0917,-29.67140000000001
2542,2542,2542.0,2542.0,2542.0,2542.0,2542.0,2542.0,2542.0,2542.0,2542.0,2542.0,2542.0,,,,,,,,,,,,,,,,,,,,,,,,,,,,,,,,,,,,,,,,,,,,,,,,,,,,,,,,,,,,,,,,0.2,365.2651,342.6183,323.7842,308.6094,296.9103,288.4033,282.7015,279.3549,277.9082,277.9525,279.159,281.2918,284.2035,287.8203,292.1263,297.1507,302.9618,309.6676,317.4226,326.4388,246.0,395.0,766.1755,196.6001,1366.4791,-6.796699999999987
2543,2543,2543.0,2543.0,2543.0,2543.0,2543.0,2543.0,2543.0,2543.0,2543.0,2543.0,2543.0,,,,,,,,,,,,,,,,,,,,,,,,,,,,,,,,,,,,,,,,,,,,,,,,,,,,,,,,,,,,,,,,0.3,255.1025,263.2508,270.0895,275.4327,279.2879,281.839,283.4005,284.3595,285.1221,286.0748,287.5662,289.9061,293.3753,298.2387,304.7569,313.1919,323.8125,336.9061,352.807,371.9555,234.0,365.0,962.7756,176.29190000000006,1169.879,-14.61099999999999
2544,2544,2544.0,2544.0,2544.0,2544.0,2544.0,2544.0,2544.0,2544.0,2544.0,2544.0,2544.0,,,,,,,,,,,,,,,,,,,,,,,,,,,,,,,,,,,,,,,,,,,,,,,,,,,,,,,,,,,,,,,,0.4,242.3279,249.9071,256.683,262.6418,267.8187,272.2988,276.2108,279.7156,282.9928,286.2271,289.5962,293.2629,297.3712,302.0491,307.4181,313.6084,320.7808,329.1506,339.0153,350.7817,223.0,358.0,1139.0675,217.6960999999999,993.5870999999996,-25.501199999999983
2545,2545,2545.0,2545.0,2545.0,2545.0,2545.0,2545.0,2545.0,2545.0,2545.0,2545.0,2545.0,,,,,,,,,,,,,,,,,,,,,,,,,,,,,,,,,,,,,,,,,,,,,,,,,,,,,,,,,,,,,,,,0.5,232.2351,240.6463,248.2337,255.0227,261.0683,266.4538,271.2862,275.6885,279.7925,283.7325,287.6406,291.6459,295.8751,300.4573,305.5303,311.2503,317.8035,325.4203,334.3917,345.0907,225.0,411.0,1356.7636,254.4779000000001,775.8909999999998,-32.7962
2546,2546,2546.0,2546.0,2546.0,2546.0,2546.0,2546.0,2546.0,2546.0,2546.0,2546.0,2546.0,,,,,,,,,,,,,,,,,,,,,,,,,,,,,,,,,,,,,,,,,,,,,,,,,,,,,,,,,,,,,,,,0.6,232.9989,240.2809,246.9139,252.9685,258.5183,263.6432,268.4318,272.9863,277.4274,281.9005,286.5819,291.6839,297.4576,304.1934,312.2168,321.8846,333.5848,347.7484,364.8847,385.6547,389.0,346.0,1611.2415,181.9004,521.4130999999998,-37.15680000000003
2547,2547,2547.0,2547.0,2547.0,2547.0,2547.0,2547.0,2547.0,2547.0,2547.0,2547.0,2547.0,,,,,,,,,,,,,,,,,,,,,,,,,,,,,,,,,,,,,,,,,,,,,,,,,,,,,,,,,,,,,,,,0.7,363.1415,341.2969,323.2728,308.9764,298.2679,290.8906,286.4674,284.5392,284.6215,286.2548,289.0394,292.6497,296.8349,301.414,306.2738,311.3737,316.7596,322.5808,329.1066,336.7359,257.0,408.0,1793.1419,113.77479999999991,339.51269999999977,-11.559399999999982
2548,2548,2548.0,2548.0,2548.0,2548.0,2548.0,2548.0,2548.0,2548.0,2548.0,2548.0,2548.0,,,,,,,,,,,,,,,,,,,,,,,,,,,,,,,,,,,,,,,,,,,,,,,,,,,,,,,,,,,,,,,,0.8,264.2976,270.8987,276.5061,280.9658,284.2884,286.6339,288.2709,289.5265,290.7405,292.2333,294.2942,297.1848,301.1526,306.4476,313.3353,322.1057,333.0801,346.6254,363.1877,383.3593,261.0,413.0,1906.9167,104.93000000000006,225.73789999999985,-17.566100000000006
2549,2549,2549.0,2549.0,2549.0,2549.0,2549.0,2549.0,2549.0,2549.0,2549.0,2549.0,2549.0,,,,,,,,,,,,,,,,,,,,,,,,,,,,,,,,,,,,,,,,,,,,,,,,,,,,,,,,,,,,,,,,0.9,264.8702,268.4962,271.8788,275.0311,277.9837,280.7888,283.5221,286.2842,289.199,292.4121,296.0884,300.4103,305.5768,311.8054,319.3371,328.4465,339.4592,352.7804,368.9404,388.6663,227.0,344.0,2011.8467,120.8078999999998,120.8078999999998,-25.26120000000003
2550,2550,2550.0,2550.0,2550.0,2550.0,2550.0,2550.0,2550.0,2550.0,2550.0,2550.0,2550.0,,,,,,,,,,,,,,,,,,,,,,,,,,,,,,,,,,,,,,,,,,,,,,,,,,,,,,,,,,,,,,,,0.0,273.0,273.0,273.0,273.0,273.0,273.0,273.0,273.0,273.0,273.0,273.0,273.0,273.0,273.0,273.0,273.0,273.0,273.0,273.0,273.0,224.0,353.0,0.0,437.9962,2270.1177,-20.0
2551,2551,2551.0,2551.0,2551.0,2551.0,2551.0,2551.0,2551.0,2551.0,2551.0,2551.0,2551.0,,,,,,,,,,,,,,,,,,,,,,,,,,,,,,,,,,,,,,,,,,,,,,,,,,,,,,,,,,,,,,,,0.1,233.5297,242.0705,249.4746,255.668,260.6633,264.5548,267.5035,269.7166,271.4306,272.8994,274.391,276.1887,278.5923,281.9148,286.4711,292.5577,300.4295,310.2827,322.2543,336.4491,392.0,339.0,437.9962,325.8512,1832.1215,-29.49520000000001
2552,2552,2552.0,2552.0,2552.0,2552.0,2552.0,2552.0,2552.0,2552.0,2552.0,2552.0,2552.0,,,,,,,,,,,,,,,,,,,,,,,,,,,,,,,,,,,,,,,,,,,,,,,,,,,,,,,,,,,,,,,,0.2,365.299,342.6833,323.8748,308.718,297.0284,288.5231,282.817,279.4632,278.01,278.0523,279.2662,281.4209,284.3746,288.0602,292.4685,297.6353,303.6353,310.582,318.6348,328.0104,253.0,402.0,763.8474,191.1788,1506.2702999999997,-6.676899999999989
2553,2553,2553.0,2553.0,2553.0,2553.0,2553.0,2553.0,2553.0,2553.0,2553.0,2553.0,2553.0,,,,,,,,,,,,,,,,,,,,,,,,,,,,,,,,,,,,,,,,,,,,,,,,,,,,,,,,,,,,,,,,0.3,260.736,267.6639,273.4519,277.9252,281.0893,283.1157,284.2993,285.0052,285.6185,286.5097,288.0173,290.4483,294.0873,299.2094,306.0894,315.0071,326.2516,340.1342,357.0209,377.4001,234.0,379.0,955.0262,161.41740000000004,1315.0914999999998,-13.334299999999985
2554,2554,2554.0,2554.0,2554.0,2554.0,2554.0,2554.0,2554.0,2554.0,2554.0,2554.0,2554.0,,,,,,,,,,,,,,,,,,,,,,,,,,,,,,,,,,,,,,,,,,,,,,,,,,,,,,,,,,,,,,,,0.4,242.6007,250.4267,257.4034,263.5059,268.7694,273.2888,277.2104,280.7175,284.0149,287.3136,290.818,294.7188,299.1894,304.3898,310.476,317.6159,326.0109,335.9229,347.7053,361.8424,221.0,347.0,1116.4436,200.96799999999985,1153.6740999999995,-24.51120000000003
2555,2555,2555.0,2555.0,2555.0,2555.0,2555.0,2555.0,2555.0,2555.0,2555.0,2555.0,2555.0,,,,,,,,,,,,,,,,,,,,,,,,,,,,,,,,,,,,,,,,,,,,,,,,,,,,,,,,,,,,,,,,0.5,230.7452,239.6294,247.6419,254.8025,261.1658,266.8196,271.8772,276.4682,280.7272,284.7835,288.7543,292.7405,296.8272,301.0897,305.6049,310.4674,315.8091,321.8196,328.7653,337.0043,224.0,405.0,1317.4116,254.0825,952.7061,-32.43040000000002
2556,2556,2556.0,2556.0,2556.0,2556.0,2556.0,2556.0,2556.0,2556.0,2556.0,2556.0,2556.0,,,,,,,,,,,,,,,,,,,,,,,,,,,,,,,,,,,,,,,,,,,,,,,,,,,,,,,,,,,,,,,,0.6,232.2024,239.6759,246.4878,252.7067,258.4028,263.6504,268.5313,273.1394,277.5865,282.0098,286.5777,291.4965,297.0136,303.4173,311.0319,320.2121,331.3388,344.8269,361.1547,380.9286,392.0,271.0,1571.4941,203.3083000000001,698.6235999999999,-37.14960000000002
2557,2557,2557.0,2557.0,2557.0,2557.0,2557.0,2557.0,2557.0,2557.0,2557.0,2557.0,2557.0,,,,,,,,,,,,,,,,,,,,,,,,,,,,,,,,,,,,,,,,,,,,,,,,,,,,,,,,,,,,,,,,0.7,365.4458,343.037,324.5494,309.8702,298.8412,291.1825,286.4847,284.2432,283.9088,284.9333,286.7966,289.0155,291.1417,292.759,293.4917,293.028,291.1582,287.8171,283.1173,277.3583,251.0,400.0,1774.8024,184.47429999999983,495.31529999999975,-11.267499999999984
2558,2558,2558.0,2558.0,2558.0,2558.0,2558.0,2558.0,2558.0,2558.0,2558.0,2558.0,2558.0,,,,,,,,,,,,,,,,,,,,,,,,,,,,,,,,,,,,,,,,,,,,,,,,,,,,,,,,,,,,,,,,0.8,259.492,267.1335,273.5838,278.6576,282.3456,284.7983,286.2832,287.1334,287.7024,288.3371,289.3705,291.1311,293.9582,298.2135,304.2807,312.5513,323.4037,337.1909,354.2562,374.9978,254.0,408.0,1959.2767,149.3683000000001,310.8409999999999,-19.401700000000005
2559,2559,2559.0,2559.0,2559.0,2559.0,2559.0,2559.0,2559.0,2559.0,2559.0,2559.0,2559.0,,,,,,,,,,,,,,,,,,,,,,,,,,,,,,,,,,,,,,,,,,,,,,,,,,,,,,,,,,,,,,,,0.9,258.8536,263.3236,267.3993,271.0863,274.4134,277.4378,280.2472,282.9605,285.7264,288.7203,292.1401,296.2024,301.1384,307.1919,314.6209,323.7026,334.7485,348.1291,364.3184,383.9638,223.0,313.0,2108.645,161.4726999999998,161.4726999999998,-28.61220000000003
2560,2560,2560.0,2560.0,2560.0,2560.0,2560.0,2560.0,2560.0,2560.0,2560.0,2560.0,2560.0,,,,,,,,,,,,,,,,,,,,,,,,,,,,,,,,,,,,,,,,,,,,,,,,,,,,,,,,,,,,,,,,0.0,273.0,273.0,273.0,273.0,273.0,273.0,273.0,273.0,273.0,273.0,273.0,273.0,273.0,273.0,273.0,273.0,273.0,273.0,273.0,273.0,221.0,352.0,0.0,440.0617,2213.8395,-20.0
2561,2561,2561.0,2561.0,2561.0,2561.0,2561.0,2561.0,2561.0,2561.0,2561.0,2561.0,2561.0,,,,,,,,,,,,,,,,,,,,,,,,,,,,,,,,,,,,,,,,,,,,,,,,,,,,,,,,,,,,,,,,0.1,231.1007,240.1606,248.0186,254.5934,259.8959,264.0248,267.1488,269.4855,271.2814,272.7997,274.3156,276.117,278.5062,281.7965,286.3017,292.3163,300.0932,309.8261,321.6494,335.6648,392.0,337.0,440.0617,331.1958000000001,1773.7778000000003,-30.025199999999984
2562,2562,2562.0,2562.0,2562.0,2562.0,2562.0,2562.0,2562.0,2562.0,2562.0,2562.0,2562.0,,,,,,,,,,,,,,,,,,,,,,,,,,,,,,,,,,,,,,,,,,,,,,,,,,,,,,,,,,,,,,,,0.2,365.1964,342.4863,323.5996,308.3871,296.6668,288.1542,282.4592,279.1279,277.7003,277.7636,278.9864,281.1318,284.0525,287.6764,291.9899,297.0244,302.8502,309.5767,317.3582,326.4053,249.0,399.0,771.2575,196.62259999999992,1442.582,-7.045799999999986
2563,2563,2563.0,2563.0,2563.0,2563.0,2563.0,2563.0,2563.0,2563.0,2563.0,2563.0,2563.0,,,,,,,,,,,,,,,,,,,,,,,,,,,,,,,,,,,,,,,,,,,,,,,,,,,,,,,,,,,,,,,,0.3,257.4851,265.0794,271.4391,276.3842,279.922,282.2313,283.6182,284.4604,285.155,286.0822,287.5876,289.9818,293.5505,298.567,305.3024,314.0309,325.0343,338.6137,355.1201,375.0188,234.0,372.0,967.8801,170.4194000000001,1245.9594000000002,-14.218700000000013
2564,2564,2564.0,2564.0,2564.0,2564.0,2564.0,2564.0,2564.0,2564.0,2564.0,2564.0,2564.0,,,,,,,,,,,,,,,,,,,,,,,,,,,,,,,,,,,,,,,,,,,,,,,,,,,,,,,,,,,,,,,,0.4,242.4271,250.0951,256.9415,262.9484,268.1516,272.6412,276.554,280.0614,283.3548,286.631,290.0807,293.8795,298.1857,303.1426,308.8879,315.5701,323.3692,332.5231,343.3564,356.3134,222.0,352.0,1138.2995,210.41789999999992,1075.54,-25.158799999999985
2565,2565,2565.0,2565.0,2565.0,2565.0,2565.0,2565.0,2565.0,2565.0,2565.0,2565.0,2565.0,,,,,,,,,,,,,,,,,,,,,,,,,,,,,,,,,,,,,,,,,,,,,,,,,,,,,,,,,,,,,,,,0.5,231.4726,240.1037,247.8884,254.8502,261.0441,266.5559,271.4957,275.9896,280.1701,284.1683,288.1076,292.1016,296.2545,300.6666,305.443,310.7071,316.616,323.3778,331.2694,340.6538,228.0,408.0,1348.7174,253.2877000000001,865.1221,-32.69409999999999
2566,2566,2566.0,2566.0,2566.0,2566.0,2566.0,2566.0,2566.0,2566.0,2566.0,2566.0,2566.0,,,,,,,,,,,,,,,,,,,,,,,,,,,,,,,,,,,,,,,,,,,,,,,,,,,,,,,,,,,,,,,,0.6,235.4259,242.1902,248.3752,254.0588,259.3148,264.2157,268.8372,273.2653,277.6035,281.981,286.5601,291.5423,297.1714,303.7331,311.5506,320.9783,332.4002,346.2383,362.9858,383.2748,396.0,273.0,1602.0051,196.22519999999983,611.8344,-36.58429999999999
2567,2567,2567.0,2567.0,2567.0,2567.0,2567.0,2567.0,2567.0,2567.0,2567.0,2567.0,2567.0,,,,,,,,,,,,,,,,,,,,,,,,,,,,,,,,,,,,,,,,,,,,,,,,,,,,,,,,,,,,,,,,0.7,368.668,345.6496,326.6684,311.5808,300.2111,292.2705,287.3446,284.9262,284.4642,285.408,287.2347,289.4581,291.6265,293.3207,294.1627,293.8392,292.1402,289.0011,284.5365,279.0485,257.0,410.0,1798.2303,175.23000000000002,415.6092000000001,-10.179499999999962
2568,2568,2568.0,2568.0,2568.0,2568.0,2568.0,2568.0,2568.0,2568.0,2568.0,2568.0,2568.0,,,,,,,,,,,,,,,,,,,,,,,,,,,,,,,,,,,,,,,,,,,,,,,,,,,,,,,,,,,,,,,,0.8,264.4809,271.2248,276.898,281.3166,284.4672,286.4923,287.6495,288.2624,288.6775,289.2389,290.2821,292.1439,295.1782,299.7663,306.3157,315.2443,326.9593,341.8475,360.2976,382.7795,272.0,431.0,1973.4603,126.62860000000023,240.37920000000008,-17.70769999999999
2569,2569,2569.0,2569.0,2569.0,2569.0,2569.0,2569.0,2569.0,2569.0,2569.0,2569.0,2569.0,,,,,,,,,,,,,,,,,,,,,,,,,,,,,,,,,,,,,,,,,,,,,,,,,,,,,,,,,,,,,,,,0.9,273.5953,275.1812,276.7696,278.3747,280.0168,281.7288,283.5636,285.6014,287.9551,290.7732,294.2401,298.5742,304.0242,310.8664,319.4037,329.9707,342.9489,358.7995,378.1241,401.7688,228.0,351.0,2100.0889,113.75059999999984,113.75059999999984,-24.32120000000004
2570,2570,2570.0,2570.0,2570.0,2570.0,2570.0,2570.0,2570.0,2570.0,2570.0,2570.0,2570.0,,,,,,,,,,,,,,,,,,,,,,,,,,,,,,,,,,,,,,,,,,,,,,,,,,,,,,,,,,,,,,,,0.0,273.0,273.0,273.0,273.0,273.0,273.0,273.0,273.0,273.0,273.0,273.0,273.0,273.0,273.0,273.0,273.0,273.0,273.0,273.0,273.0,221.0,352.0,0.0,440.0617,2219.0606,-20.0
2571,2571,2571.0,2571.0,2571.0,2571.0,2571.0,2571.0,2571.0,2571.0,2571.0,2571.0,2571.0,,,,,,,,,,,,,,,,,,,,,,,,,,,,,,,,,,,,,,,,,,,,,,,,,,,,,,,,,,,,,,,,0.1,231.1007,240.1606,248.0186,254.5934,259.8959,264.0248,267.1488,269.4855,271.2814,272.7997,274.3156,276.117,278.5062,281.7965,286.3017,292.3163,300.0932,309.8261,321.6494,335.6648,392.0,341.0,440.0617,329.99980000000005,1778.9988999999998,-30.025199999999984
2572,2572,2572.0,2572.0,2572.0,2572.0,2572.0,2572.0,2572.0,2572.0,2572.0,2572.0,2572.0,,,,,,,,,,,,,,,,,,,,,,,,,,,,,,,,,,,,,,,,,,,,,,,,,,,,,,,,,,,,,,,,0.2,365.1965,342.4865,323.6001,308.3882,296.6692,288.159,282.4688,279.1463,277.7344,277.8246,279.0916,281.3069,284.3338,288.1128,292.644,297.9732,304.1837,311.3966,319.7768,329.5456,248.0,401.0,770.0615,192.4492,1448.9990999999998,-7.040999999999997
2573,2573,2573.0,2573.0,2573.0,2573.0,2573.0,2573.0,2573.0,2573.0,2573.0,2573.0,2573.0,,,,,,,,,,,,,,,,,,,,,,,,,,,,,,,,,,,,,,,,,,,,,,,,,,,,,,,,,,,,,,,,0.3,256.6863,264.4617,270.9801,276.0609,279.7129,282.1185,283.5887,284.5066,285.275,286.279,287.8682,290.3558,294.0287,299.1606,306.0226,314.8894,326.0456,339.7988,356.5126,376.6723,235.0,370.0,962.5107,167.6259,1256.5498999999998,-14.331500000000004
2574,2574,2574.0,2574.0,2574.0,2574.0,2574.0,2574.0,2574.0,2574.0,2574.0,2574.0,2574.0,,,,,,,,,,,,,,,,,,,,,,,,,,,,,,,,,,,,,,,,,,,,,,,,,,,,,,,,,,,,,,,,0.4,243.2106,250.6855,257.3699,263.2505,268.3644,272.7995,276.6878,280.1943,283.5024,286.8005,290.2697,294.0758,298.3661,303.2724,308.9209,315.4491,323.0281,331.889,342.3515,354.8558,224.0,353.0,1130.1366,207.93280000000004,1088.9239999999998,-25.000499999999988
2575,2575,2575.0,2575.0,2575.0,2575.0,2575.0,2575.0,2575.0,2575.0,2575.0,2575.0,2575.0,,,,,,,,,,,,,,,,,,,,,,,,,,,,,,,,,,,,,,,,,,,,,,,,,,,,,,,,,,,,,,,,0.5,233.1312,241.4518,248.963,255.6913,261.6924,267.0496,271.8687,276.2704,280.3815,284.3283,288.2306,292.2006,296.3433,300.7619,305.5664,310.8855,316.8816,323.7671,331.8214,341.4088,225.0,401.0,1338.0694,251.5193999999999,880.9911999999997,-32.2004
2576,2576,2576.0,2576.0,2576.0,2576.0,2576.0,2576.0,2576.0,2576.0,2576.0,2576.0,2576.0,,,,,,,,,,,,,,,,,,,,,,,,,,,,,,,,,,,,,,,,,,,,,,,,,,,,,,,,,,,,,,,,0.6,233.0889,240.4547,247.16,253.2709,258.8581,263.9988,268.779,273.2972,277.6683,282.029,286.5436,291.4083,296.8551,303.1515,310.5982,319.5248,330.289,343.2855,358.9743,377.9406,395.0,273.0,1589.5888,202.8769,629.4717999999998,-36.8012
2577,2577,2577.0,2577.0,2577.0,2577.0,2577.0,2577.0,2577.0,2577.0,2577.0,2577.0,2577.0,,,,,,,,,,,,,,,,,,,,,,,,,,,,,,,,,,,,,,,,,,,,,,,,,,,,,,,,,,,,,,,,0.7,367.8192,344.913,326.0212,311.0098,299.7068,291.823,286.9409,284.5488,284.092,285.0185,286.8071,288.9767,291.0847,292.7238,293.5297,293.2029,291.5439,288.4939,284.1659,278.8526,257.0,410.0,1792.4657,179.54110000000014,426.5948999999998,-10.62700000000001
2578,2578,2578.0,2578.0,2578.0,2578.0,2578.0,2578.0,2578.0,2578.0,2578.0,2578.0,2578.0,,,,,,,,,,,,,,,,,,,,,,,,,,,,,,,,,,,,,,,,,,,,,,,,,,,,,,,,,,,,,,,,0.8,264.4136,271.0942,276.7115,281.0833,284.1971,286.1945,287.3317,287.9305,288.3361,288.8917,289.9326,291.7966,294.8385,299.4415,306.0142,314.9753,326.7321,341.6701,360.1763,382.7181,270.0,429.0,1972.0068,129.55769999999984,247.05379999999968,-18.005499999999984
2579,2579,2579.0,2579.0,2579.0,2579.0,2579.0,2579.0,2579.0,2579.0,2579.0,2579.0,2579.0,,,,,,,,,,,,,,,,,,,,,,,,,,,,,,,,,,,,,,,,,,,,,,,,,,,,,,,,,,,,,,,,0.9,271.9587,273.8626,275.7211,277.5476,279.3644,281.2083,283.1382,285.2407,287.6349,290.474,293.9453,298.2678,303.6884,310.4797,318.9393,329.3949,342.2205,357.868,376.9271,400.2258,228.0,354.0,2101.5645,117.49609999999984,117.49609999999984,-24.841700000000003
2580,2580,2580.0,2580.0,2580.0,2580.0,2580.0,2580.0,2580.0,2580.0,2580.0,2580.0,,,,,,,,,,,,,,,,,,,,,,,,,,,,,,,,,,,,,,,,,,,,,,,,,,,,,,,,,,,,,,,,,0.0,273.0,273.0,273.0,273.0,273.0,273.0,273.0,273.0,273.0,273.0,273.0,273.0,273.0,273.0,273.0,273.0,273.0,273.0,273.0,273.0,230.0,471.0,0.0,404.6469,1691.989,-20.0
2581,2581,2581.0,2581.0,2581.0,2581.0,2581.0,2581.0,2581.0,2581.0,2581.0,2581.0,,,,,,,,,,,,,,,,,,,,,,,,,,,,,,,,,,,,,,,,,,,,,,,,,,,,,,,,,,,,,,,,,0.1,238.3861,245.8915,252.3963,257.8458,262.264,265.7542,268.4916,270.7142,272.7191,274.8641,277.5772,281.3644,286.8116,294.5697,305.3231,319.7465,338.4734,362.1054,391.3084,427.0429,211.0,473.0,404.6469,266.44980000000004,1287.3421,-28.295799999999986
2582,2582,2582.0,2582.0,2582.0,2582.0,2582.0,2582.0,2582.0,2582.0,2582.0,2582.0,,,,,,,,,,,,,,,,,,,,,,,,,,,,,,,,,,,,,,,,,,,,,,,,,,,,,,,,,,,,,,,,,0.2,221.5758,231.1615,239.7339,247.3205,254.0093,259.9504,265.3501,270.4612,275.5708,280.9894,287.0421,294.0615,302.3862,312.3633,324.3593,338.7838,356.13,377.0452,402.4447,433.7047,295.0,473.0,671.0967,192.1502999999999,1020.8923,-35.24959999999999
2583,2583,2583.0,2583.0,2583.0,2583.0,2583.0,2583.0,2583.0,2583.0,2583.0,2583.0,,,,,,,,,,,,,,,,,,,,,,,,,,,,,,,,,,,,,,,,,,,,,,,,,,,,,,,,,,,,,,,,,0.3,288.5056,282.8796,278.4277,275.3728,273.8294,273.806,275.23,277.9866,281.9597,287.0659,293.2774,300.6345,309.2503,319.3141,331.0987,344.9776,361.4579,381.24,405.3182,435.1557,232.0,473.0,863.247,109.9629,828.7420000000001,-22.644000000000005
2584,2584,2584.0,2584.0,2584.0,2584.0,2584.0,2584.0,2584.0,2584.0,2584.0,2584.0,,,,,,,,,,,,,,,,,,,,,,,,,,,,,,,,,,,,,,,,,,,,,,,,,,,,,,,,,,,,,,,,,0.4,240.984,249.159,256.4593,262.8959,268.5673,273.6517,278.3849,283.0335,287.8695,293.1537,299.13,306.0293,314.0832,323.5448,334.7149,347.9762,363.8391,383.0073,406.481,435.7294,237.0,472.0,973.2099,118.91880000000003,718.7791000000001,-24.14830000000001
2585,2585,2585.0,2585.0,2585.0,2585.0,2585.0,2585.0,2585.0,2585.0,2585.0,2585.0,,,,,,,,,,,,,,,,,,,,,,,,,,,,,,,,,,,,,,,,,,,,,,,,,,,,,,,,,,,,,,,,,0.5,243.9015,250.2692,256.1978,261.7836,267.1258,272.329,277.5057,282.7792,288.2858,294.1776,300.6254,307.8236,315.9974,325.414,336.4001,349.3682,364.8566,383.5915,406.5867,435.3127,236.0,473.0,1092.1287,119.91630000000008,599.8603,-26.920999999999992
2586,2586,2586.0,2586.0,2586.0,2586.0,2586.0,2586.0,2586.0,2586.0,2586.0,2586.0,,,,,,,,,,,,,,,,,,,,,,,,,,,,,,,,,,,,,,,,,,,,,,,,,,,,,,,,,,,,,,,,,0.6,243.0657,249.5849,255.6547,261.3747,266.8482,272.1834,277.4947,282.9045,288.5452,294.5628,301.1211,308.4086,316.6468,326.103,337.1081,350.0822,365.5741,384.3225,407.356,436.1631,236.0,473.0,1212.045,119.72879999999986,479.944,-28.616600000000005
2587,2587,2587.0,2587.0,2587.0,2587.0,2587.0,2587.0,2587.0,2587.0,2587.0,2587.0,,,,,,,,,,,,,,,,,,,,,,,,,,,,,,,,,,,,,,,,,,,,,,,,,,,,,,,,,,,,,,,,,0.7,243.0409,249.541,255.6019,261.3261,266.818,272.1848,277.5382,282.9967,288.6884,294.7549,301.3562,308.6772,316.9366,326.3999,337.3969,350.3479,365.8028,384.5028,407.4797,436.2257,236.0,473.0,1331.7738,119.26670000000011,360.2152000000001,-30.2652
2588,2588,2588.0,2588.0,2588.0,2588.0,2588.0,2588.0,2588.0,2588.0,2588.0,2588.0,,,,,,,,,,,,,,,,,,,,,,,,,,,,,,,,,,,,,,,,,,,,,,,,,,,,,,,,,,,,,,,,,0.8,243.0449,249.5498,255.6172,261.3502,266.8531,272.2329,277.6009,283.0745,288.7809,294.8605,301.472,308.7993,317.0605,326.5207,337.5097,350.4481,365.8866,384.5674,407.5233,436.2475,234.0,472.0,1451.0405,119.68439999999988,240.9485,-31.967100000000016
2589,2589,2589.0,2589.0,2589.0,2589.0,2589.0,2589.0,2589.0,2589.0,2589.0,2589.0,,,,,,,,,,,,,,,,,,,,,,,,,,,,,,,,,,,,,,,,,,,,,,,,,,,,,,,,,,,,,,,,,0.9,241.4354,248.2938,254.6702,260.6635,266.3774,271.9215,277.4119,282.9727,288.7372,294.8516,301.4787,308.8052,317.0503,326.4784,337.4178,350.2867,365.6326,384.193,406.9939,435.5168,235.0,472.0,1570.7249,121.2641000000001,121.2641000000001,-34.12850000000003
2590,2590,2590.0,2590.0,2590.0,2590.0,2590.0,2590.0,2590.0,2590.0,2590.0,2590.0,,,,,,,,,,,,,,,,,,,,,,,,,,,,,,,,,,,,,,,,,,,,,,,,,,,,,,,,,,,,,,,,,0.0,273.0,273.0,273.0,273.0,273.0,273.0,273.0,273.0,273.0,273.0,273.0,273.0,273.0,273.0,273.0,273.0,273.0,273.0,273.0,273.0,228.0,471.0,0.0,405.7457,1914.0928,-20.0
2591,2591,2591.0,2591.0,2591.0,2591.0,2591.0,2591.0,2591.0,2591.0,2591.0,2591.0,,,,,,,,,,,,,,,,,,,,,,,,,,,,,,,,,,,,,,,,,,,,,,,,,,,,,,,,,,,,,,,,,0.1,236.7687,244.6208,251.4281,257.1314,261.7542,265.4026,268.2574,270.5637,272.6257,274.8082,277.5449,281.3464,286.8019,294.5647,305.3206,319.7453,338.4728,362.1052,391.3083,427.0428,212.0,472.0,405.7457,268.6695,1508.3471,-28.647400000000005
2592,2592,2592.0,2592.0,2592.0,2592.0,2592.0,2592.0,2592.0,2592.0,2592.0,2592.0,,,,,,,,,,,,,,,,,,,,,,,,,,,,,,,,,,,,,,,,,,,,,,,,,,,,,,,,,,,,,,,,,0.2,222.3104,231.6552,240.0225,247.4465,254.0166,259.8798,265.2359,270.3291,275.4377,280.864,286.9256,293.9492,302.2687,312.227,324.1874,338.5561,355.8229,376.6307,401.8882,432.9603,175.0,472.0,674.4152,268.5193,1239.6776,-35.3202
2593,2593,2593.0,2593.0,2593.0,2593.0,2593.0,2593.0,2593.0,2593.0,2593.0,2593.0,,,,,,,,,,,,,,,,,,,,,,,,,,,,,,,,,,,,,,,,,,,,,,,,,,,,,,,,,,,,,,,,,0.3,191.4614,206.5531,220.1735,232.307,243.0346,252.5275,261.0288,268.8303,276.2485,283.6072,291.2269,299.4224,308.5089,318.8149,330.7031,344.601,361.0458,380.7512,404.7136,434.3876,271.0,472.0,942.9345,247.2665000000001,971.1583,-43.92249999999999
2594,2594,2594.0,2594.0,2594.0,2594.0,2594.0,2594.0,2594.0,2594.0,2594.0,2594.0,,,,,,,,,,,,,,,,,,,,,,,,,,,,,,,,,,,,,,,,,,,,,,,,,,,,,,,,,,,,,,,,,0.4,267.877,265.2098,263.4286,262.8415,263.6096,265.7541,269.1903,273.7769,279.3665,285.8473,293.1715,301.37,310.5578,320.937,332.8024,346.5566,362.7408,382.0906,405.6323,434.8518,206.0,473.0,1190.201,162.91969999999992,723.8917999999999,-32.04590000000002
2595,2595,2595.0,2595.0,2595.0,2595.0,2595.0,2595.0,2595.0,2595.0,2595.0,2595.0,,,,,,,,,,,,,,,,,,,,,,,,,,,,,,,,,,,,,,,,,,,,,,,,,,,,,,,,,,,,,,,,,0.5,218.6361,230.1541,240.4766,249.6139,257.6738,264.8502,271.3992,277.6079,283.7685,290.1602,297.0437,304.6663,313.2766,323.1455,334.5934,348.024,363.9695,383.1551,406.6013,435.7954,204.0,472.0,1353.1207,190.79700000000005,560.9721,-34.39980000000003
2596,2596,2596.0,2596.0,2596.0,2596.0,2596.0,2596.0,2596.0,2596.0,2596.0,2596.0,,,,,,,,,,,,,,,,,,,,,,,,,,,,,,,,,,,,,,,,,,,,,,,,,,,,,,,,,,,,,,,,,0.6,215.6893,226.4253,236.2716,245.3115,253.6501,261.4145,268.7523,275.8289,282.8256,289.9381,297.3773,305.3731,314.1813,324.0956,335.4659,348.7248,364.429,383.3213,406.4307,435.2421,315.0,471.0,1543.9177,149.6377,370.17509999999993,-39.38550000000004
2597,2597,2597.0,2597.0,2597.0,2597.0,2597.0,2597.0,2597.0,2597.0,2597.0,2597.0,,,,,,,,,,,,,,,,,,,,,,,,,,,,,,,,,,,,,,,,,,,,,,,,,,,,,,,,,,,,,,,,,0.7,304.6189,295.7016,288.5709,283.4556,280.4475,279.4954,280.4346,283.0355,287.0586,292.302,298.6347,306.015,314.4986,324.2418,335.5063,348.6728,364.2692,383.0234,405.9552,434.539,252.0,472.0,1693.5554,69.37069999999994,220.5374,-22.95459999999997
2598,2598,2598.0,2598.0,2598.0,2598.0,2598.0,2598.0,2598.0,2598.0,2598.0,2598.0,,,,,,,,,,,,,,,,,,,,,,,,,,,,,,,,,,,,,,,,,,,,,,,,,,,,,,,,,,,,,,,,,0.8,258.1171,263.7406,268.8141,273.3469,277.4237,281.1974,284.8695,288.6657,292.8143,297.5326,303.0235,309.4828,317.114,326.1498,336.8785,349.677,365.0544,383.7153,406.6589,435.3458,255.0,473.0,1762.9261,74.87030000000004,151.1667,-23.002599999999973
2599,2599,2599.0,2599.0,2599.0,2599.0,2599.0,2599.0,2599.0,2599.0,2599.0,2599.0,,,,,,,,,,,,,,,,,,,,,,,,,,,,,,,,,,,,,,,,,,,,,,,,,,,,,,,,,,,,,,,,,0.9,259.6092,263.9419,268.0691,272.0645,276.0065,279.9805,284.0816,288.4164,293.1055,298.2863,304.1162,310.7778,318.4867,327.5031,338.1495,350.8362,366.1014,384.6727,407.567,436.2615,254.0,473.0,1837.7964,76.29639999999995,76.29639999999995,-26.069500000000005
2600,2600,2600.0,2600.0,2600.0,2600.0,2600.0,2600.0,2600.0,2600.0,2600.0,2600.0,,,,,,,,,,,,,,,,,,,,,,,,,,,,,,,,,,,,,,,,,,,,,,,,,,,,,,,,,,,,,,,,,0.0,273.0,273.0,273.0,273.0,273.0,273.0,273.0,273.0,273.0,273.0,273.0,273.0,273.0,273.0,273.0,273.0,273.0,273.0,273.0,273.0,231.0,473.0,0.0,403.7976,1636.2887999999998,-20.0
2601,2601,2601.0,2601.0,2601.0,2601.0,2601.0,2601.0,2601.0,2601.0,2601.0,2601.0,,,,,,,,,,,,,,,,,,,,,,,,,,,,,,,,,,,,,,,,,,,,,,,,,,,,,,,,,,,,,,,,,0.1,239.1946,246.5267,252.8803,258.2033,262.5199,265.9323,268.6133,270.7985,272.7825,274.9218,277.6442,281.4576,286.9506,294.7786,305.631,320.1884,339.0904,362.9468,392.4361,428.5418,212.0,473.0,403.7976,262.96000000000004,1232.4912,-28.117700000000013
2602,2602,2602.0,2602.0,2602.0,2602.0,2602.0,2602.0,2602.0,2602.0,2602.0,2602.0,,,,,,,,,,,,,,,,,,,,,,,,,,,,,,,,,,,,,,,,,,,,,,,,,,,,,,,,,,,,,,,,,0.2,222.4284,231.879,240.3304,247.8115,254.4108,260.2788,265.6214,270.6906,275.7724,281.1757,287.2228,294.2436,302.5728,312.5535,324.5483,338.9635,356.2904,377.1757,402.5365,433.7518,295.0,471.0,666.7576,189.2284,969.5312,-34.9212
2603,2603,2603.0,2603.0,2603.0,2603.0,2603.0,2603.0,2603.0,2603.0,2603.0,2603.0,,,,,,,,,,,,,,,,,,,,,,,,,,,,,,,,,,,,,,,,,,,,,,,,,,,,,,,,,,,,,,,,,0.3,288.5611,282.9863,278.5775,275.5551,274.0325,274.0182,275.4407,278.1868,282.1415,287.2215,293.3981,300.7087,309.2623,319.2429,330.9169,344.6503,360.9422,380.483,404.2525,433.6903,235.0,473.0,855.986,108.12059999999995,780.3028,-22.43180000000001
2604,2604,2604.0,2604.0,2604.0,2604.0,2604.0,2604.0,2604.0,2604.0,2604.0,2604.0,,,,,,,,,,,,,,,,,,,,,,,,,,,,,,,,,,,,,,,,,,,,,,,,,,,,,,,,,,,,,,,,,0.4,243.4289,251.1029,257.9667,264.0366,269.4107,274.2615,278.8161,283.3301,288.0648,293.2715,299.1867,306.0364,314.0501,323.4803,334.6287,347.8793,363.7433,382.924,406.42,435.6973,241.0,472.0,964.1066,113.69819999999991,672.1822000000001,-23.5385
2605,2605,2605.0,2605.0,2605.0,2605.0,2605.0,2605.0,2605.0,2605.0,2605.0,2605.0,,,,,,,,,,,,,,,,,,,,,,,,,,,,,,,,,,,,,,,,,,,,,,,,,,,,,,,,,,,,,,,,,0.5,247.2517,253.0326,258.4417,263.5765,268.5352,273.4188,278.3341,283.3975,288.738,294.5006,300.8493,307.973,316.0917,325.4689,336.4278,349.3785,364.8569,383.5874,406.582,435.3098,238.0,471.0,1077.8048,112.8126000000002,558.4840000000002,-25.831200000000024
2606,2606,2606.0,2606.0,2606.0,2606.0,2606.0,2606.0,2606.0,2606.0,2606.0,2606.0,,,,,,,,,,,,,,,,,,,,,,,,,,,,,,,,,,,,,,,,,,,,,,,,,,,,,,,,,,,,,,,,,0.6,244.8735,251.219,257.1255,262.687,268.0042,273.1853,278.3461,283.6114,289.1155,295.0052,301.4434,308.6154,316.7378,326.0714,336.9389,349.7512,365.0469,383.5524,406.2799,434.6922,241.0,471.0,1190.6174,112.40179999999988,445.6714,-27.614700000000028
2607,2607,2607.0,2607.0,2607.0,2607.0,2607.0,2607.0,2607.0,2607.0,2607.0,2607.0,,,,,,,,,,,,,,,,,,,,,,,,,,,,,,,,,,,,,,,,,,,,,,,,,,,,,,,,,,,,,,,,,0.7,247.2234,252.9877,258.4018,263.571,268.5969,273.5793,278.6193,283.8227,289.3047,295.1946,301.6414,308.8206,316.9432,326.2674,337.1163,349.903,365.1688,383.6427,406.3388,434.721,239.0,472.0,1303.0192,110.60360000000014,333.2696000000001,-28.8707
2608,2608,2608.0,2608.0,2608.0,2608.0,2608.0,2608.0,2608.0,2608.0,2608.0,2608.0,,,,,,,,,,,,,,,,,,,,,,,,,,,,,,,,,,,,,,,,,,,,,,,,,,,,,,,,,,,,,,,,,0.8,245.7096,251.9117,257.7001,263.1713,268.426,273.5696,278.7135,283.9766,289.4873,295.3869,301.8345,309.0134,317.1405,326.479,337.3561,350.1887,365.5223,384.0913,406.9173,435.476,238.0,473.0,1413.6228,111.54779999999982,222.666,-30.63040000000001
2609,2609,2609.0,2609.0,2609.0,2609.0,2609.0,2609.0,2609.0,2609.0,2609.0,2609.0,,,,,,,,,,,,,,,,,,,,,,,,,,,,,,,,,,,,,,,,,,,,,,,,,,,,,,,,,,,,,,,,,0.9,244.8662,251.2119,257.1322,262.7243,268.0888,273.3309,278.5618,283.9005,289.4758,295.4306,301.9258,309.1475,317.3155,326.6965,337.6212,350.5108,365.9155,384.576,407.5227,436.2453,241.0,473.0,1525.1706,111.11820000000012,111.11820000000012,-32.719100000000026
2610,2610,2610.0,2610.0,2610.0,2610.0,2610.0,2610.0,2610.0,2610.0,2610.0,2610.0,,,,,,,,,,,,,,,,,,,,,,,,,,,,,,,,,,,,,,,,,,,,,,,,,,,,,,,,,,,,,,,,,0.0,273.0,273.0,273.0,273.0,273.0,273.0,273.0,273.0,273.0,273.0,273.0,273.0,273.0,273.0,273.0,273.0,273.0,273.0,273.0,273.0,227.0,473.0,0.0,405.9951,2415.2542,-20.0
2611,2611,2611.0,2611.0,2611.0,2611.0,2611.0,2611.0,2611.0,2611.0,2611.0,2611.0,,,,,,,,,,,,,,,,,,,,,,,,,,,,,,,,,,,,,,,,,,,,,,,,,,,,,,,,,,,,,,,,,0.1,235.9598,243.9852,250.944,256.7746,261.5003,265.2291,268.1449,270.4974,272.5957,274.81,277.5797,281.4216,286.9313,294.7686,305.626,320.186,339.0893,362.9463,392.4359,428.5417,209.0,472.0,405.9951,270.7889,2009.2591,-28.820899999999995
2612,2612,2612.0,2612.0,2612.0,2612.0,2612.0,2612.0,2612.0,2612.0,2612.0,2612.0,,,,,,,,,,,,,,,,,,,,,,,,,,,,,,,,,,,,,,,,,,,,,,,,,,,,,,,,,,,,,,,,,0.2,219.837,229.6651,238.4618,246.2551,253.1334,259.2465,264.8009,270.0489,275.2777,280.7974,286.9321,294.0129,302.376,312.365,324.3426,338.7144,355.97,376.7533,401.9757,433.0055,175.0,473.0,676.784,273.8312,1738.4701999999995,-35.95349999999996
2613,2613,2613.0,2613.0,2613.0,2613.0,2613.0,2613.0,2613.0,2613.0,2613.0,2613.0,,,,,,,,,,,,,,,,,,,,,,,,,,,,,,,,,,,,,,,,,,,,,,,,,,,,,,,,,,,,,,,,,0.3,191.3317,206.308,219.8388,231.9155,242.6207,252.1228,260.659,268.5134,275.995,283.4216,291.1091,299.3706,308.5214,318.8921,330.8487,344.8234,361.3589,381.1755,405.2787,435.1369,268.0,471.0,950.6152,251.3949,1464.639,-44.327199999999976
2614,2614,2614.0,2614.0,2614.0,2614.0,2614.0,2614.0,2614.0,2614.0,2614.0,2614.0,,,,,,,,,,,,,,,,,,,,,,,,,,,,,,,,,,,,,,,,,,,,,,,,,,,,,,,,,,,,,,,,,0.4,265.4196,263.2319,261.865,261.6271,262.6814,265.0546,268.6693,273.393,279.0866,285.6453,293.0262,301.2627,310.47,320.8486,332.6903,346.3942,362.4974,381.7312,405.1163,434.1286,205.0,471.0,1202.0101,168.19039999999995,1213.2441,-32.74540000000002
2615,2615,2615.0,2615.0,2615.0,2615.0,2615.0,2615.0,2615.0,2615.0,2615.0,2615.0,,,,,,,,,,,,,,,,,,,,,,,,,,,,,,,,,,,,,,,,,,,,,,,,,,,,,,,,,,,,,,,,,0.5,217.6899,229.2596,239.6373,248.8366,256.966,264.2178,270.8442,277.1278,283.3556,289.8022,296.7238,304.3636,312.9663,322.7992,334.1786,347.5032,363.2989,382.2819,405.4586,434.2917,208.0,473.0,1370.2005,193.00840000000017,1045.0537,-35.03219999999999
2616,2616,2616.0,2616.0,2616.0,2616.0,2616.0,2616.0,2616.0,2616.0,2616.0,2616.0,,,,,,,,,,,,,,,,,,,,,,,,,,,,,,,,,,,,,,,,,,,,,,,,,,,,,,,,,,,,,,,,,0.6,218.8483,228.8124,237.9811,246.4533,254.3392,261.7605,268.8522,275.7629,282.6558,289.7106,297.1254,305.1216,313.9509,323.9065,335.3404,348.6891,364.5136,383.5614,406.8672,435.9256,191.0,471.0,1563.2089,214.2518,852.0452999999998,-39.03950000000003
2617,2617,2617.0,2617.0,2617.0,2617.0,2617.0,2617.0,2617.0,2617.0,2617.0,2617.0,,,,,,,,,,,,,,,,,,,,,,,,,,,,,,,,,,,,,,,,,,,,,,,,,,,,,,,,,,,,,,,,,0.7,204.8053,217.4916,229.0758,239.6149,249.2101,258.0026,266.1669,273.9007,281.4165,288.9368,296.6925,304.927,313.9048,323.9249,335.341,348.5892,364.2291,383.0059,405.9487,434.5371,177.0,472.0,1777.4607,257.01139999999987,637.7934999999998,-44.447400000000016
2618,2618,2618.0,2618.0,2618.0,2618.0,2618.0,2618.0,2618.0,2618.0,2618.0,2618.0,,,,,,,,,,,,,,,,,,,,,,,,,,,,,,,,,,,,,,,,,,,,,,,,,,,,,,,,,,,,,,,,,0.8,192.6201,207.0115,220.1763,232.1605,243.0567,253.0018,262.1693,270.7599,278.9933,287.1026,295.3329,303.9442,313.2193,323.4767,335.0889,348.5102,364.3169,383.2687,406.4094,435.2353,271.0,473.0,2034.4721,231.49170000000004,380.7820999999999,-51.19819999999999
2619,2619,2619.0,2619.0,2619.0,2619.0,2619.0,2619.0,2619.0,2619.0,2619.0,2619.0,,,,,,,,,,,,,,,,,,,,,,,,,,,,,,,,,,,,,,,,,,,,,,,,,,,,,,,,,,,,,,,,,0.9,268.0281,265.5199,263.9119,263.5163,264.4946,266.8645,270.5333,275.3483,281.1478,287.8052,295.2586,303.5281,312.7226,323.0439,334.7924,348.3825,364.372,383.5167,406.8668,435.934,212.0,472.0,2265.9638,149.29039999999986,149.29039999999986,-39.18549999999999
2620,2620,2620.0,2620.0,2620.0,2620.0,2620.0,2620.0,2620.0,2620.0,2620.0,2620.0,,,,,,,,,,,,,,,,,,,,,,,,,,,,,,,,,,,,,,,,,,,,,,,,,,,,,,,,,,,,,,,,,0.0,273.0,273.0,273.0,273.0,273.0,273.0,273.0,273.0,273.0,273.0,273.0,273.0,273.0,273.0,273.0,273.0,273.0,273.0,273.0,273.0,231.0,472.0,0.0,403.9489,1593.1785999999995,-20.0
2621,2621,2621.0,2621.0,2621.0,2621.0,2621.0,2621.0,2621.0,2621.0,2621.0,2621.0,,,,,,,,,,,,,,,,,,,,,,,,,,,,,,,,,,,,,,,,,,,,,,,,,,,,,,,,,,,,,,,,,0.1,239.1946,246.5266,252.8802,258.203,262.5194,265.9311,268.611,270.794,272.7741,274.9069,277.6188,281.4155,286.8835,294.6755,305.4777,319.9678,338.7821,362.5263,391.8725,427.7925,212.0,472.0,403.9489,263.6183,1189.2297,-28.1189
2622,2622,2622.0,2622.0,2622.0,2622.0,2622.0,2622.0,2622.0,2622.0,2622.0,2622.0,,,,,,,,,,,,,,,,,,,,,,,,,,,,,,,,,,,,,,,,,,,,,,,,,,,,,,,,,,,,,,,,,0.2,222.4274,231.8767,240.3265,247.8052,254.4013,260.2646,265.6006,270.6608,275.7306,281.1178,287.1443,294.1386,302.4345,312.3738,324.3176,338.6698,355.9184,376.7053,401.9394,432.9862,297.0,473.0,667.5672,189.2066000000001,925.6114,-34.935400000000016
2623,2623,2623.0,2623.0,2623.0,2623.0,2623.0,2623.0,2623.0,2623.0,2623.0,2623.0,,,,,,,,,,,,,,,,,,,,,,,,,,,,,,,,,,,,,,,,,,,,,,,,,,,,,,,,,,,,,,,,,0.3,290.155,284.2259,279.5141,276.2388,274.5114,274.3366,275.6377,278.2954,282.1891,287.2314,293.3911,300.706,309.2876,319.3244,331.0892,344.9553,361.4298,381.2126,405.2969,435.1442,237.0,472.0,856.7738,105.10069999999996,736.4047999999999,-22.113400000000013
2624,2624,2624.0,2624.0,2624.0,2624.0,2624.0,2624.0,2624.0,2624.0,2624.0,2624.0,,,,,,,,,,,,,,,,,,,,,,,,,,,,,,,,,,,,,,,,,,,,,,,,,,,,,,,,,,,,,,,,,0.4,245.1129,252.5011,259.111,264.9593,270.1441,274.8368,279.2624,283.674,288.3297,293.4768,299.3469,306.1605,314.1402,323.5313,334.6276,347.8058,363.57,382.6174,405.9394,434.992,243.0,473.0,961.8745,109.99650000000008,631.3041,-22.96320000000003
2625,2625,2625.0,2625.0,2625.0,2625.0,2625.0,2625.0,2625.0,2625.0,2625.0,2625.0,,,,,,,,,,,,,,,,,,,,,,,,,,,,,,,,,,,,,,,,,,,,,,,,,,,,,,,,,,,,,,,,,0.5,248.965,254.4883,259.6679,264.6003,269.3819,274.1121,278.896,283.848,289.0957,294.7824,301.0719,308.1529,316.2467,325.6187,336.595,349.5888,365.14,383.977,407.1182,436.0428,242.0,471.0,1071.871,107.3558999999998,521.3075999999999,-25.1379
2626,2626,2626.0,2626.0,2626.0,2626.0,2626.0,2626.0,2626.0,2626.0,2626.0,2626.0,,,,,,,,,,,,,,,,,,,,,,,,,,,,,,,,,,,,,,,,,,,,,,,,,,,,,,,,,,,,,,,,,0.6,248.2147,253.9676,259.3537,264.4694,269.4141,274.2911,279.2094,284.285,289.6434,295.4227,301.7781,308.8884,316.9643,326.2618,337.0995,349.8852,365.1552,383.6346,406.3351,434.7198,243.0,473.0,1179.2269,105.89830000000006,413.9517000000001,-26.50890000000004
2627,2627,2627.0,2627.0,2627.0,2627.0,2627.0,2627.0,2627.0,2627.0,2627.0,2627.0,,,,,,,,,,,,,,,,,,,,,,,,,,,,,,,,,,,,,,,,,,,,,,,,,,,,,,,,,,,,,,,,,0.7,249.032,254.6249,259.8798,264.8961,269.773,274.6103,279.5112,284.585,289.9508,295.7418,302.1106,309.2365,317.3342,326.6662,337.5604,350.4353,365.8388,384.5091,407.4738,436.2197,242.0,473.0,1285.1252,104.13440000000014,308.0534,-27.8397
2628,2628,2628.0,2628.0,2628.0,2628.0,2628.0,2628.0,2628.0,2628.0,2628.0,2628.0,,,,,,,,,,,,,,,,,,,,,,,,,,,,,,,,,,,,,,,,,,,,,,,,,,,,,,,,,,,,,,,,,0.8,248.282,254.1019,259.5543,264.735,269.7425,274.6791,279.6523,284.777,290.1777,295.9921,302.3763,309.5113,317.6119,326.9399,337.8216,350.6742,366.045,384.6727,407.5868,436.2771,244.0,471.0,1389.2596,102.62059999999995,203.91899999999987,-29.520899999999983
2629,2629,2629.0,2629.0,2629.0,2629.0,2629.0,2629.0,2629.0,2629.0,2629.0,2629.0,,,,,,,,,,,,,,,,,,,,,,,,,,,,,,,,,,,,,,,,,,,,,,,,,,,,,,,,,,,,,,,,,0.9,249.8875,255.3546,260.5049,265.439,270.2553,275.0516,279.9275,284.9875,290.3453,296.1283,302.4828,309.5808,317.6291,326.8819,337.6581,350.3675,365.5496,383.9333,406.5342,434.8187,243.0,472.0,1491.8802,101.2983999999999,101.2983999999999,-30.998400000000004
2630,2630,2630.0,2630.0,2630.0,2630.0,2630.0,2630.0,2630.0,2630.0,2630.0,2630.0,,,,,,,,,,,,,,,,,,,,,,,,,,,,,,,,,,,,,,,,,,,,,,,,,,,,,,,,,,,,,,,,,0.0,273.0,273.0,273.0,273.0,273.0,273.0,273.0,273.0,273.0,273.0,273.0,273.0,273.0,273.0,273.0,273.0,273.0,273.0,273.0,273.0,229.0,473.0,0.0,404.8907,2145.1713,-20.0
2631,2631,2631.0,2631.0,2631.0,2631.0,2631.0,2631.0,2631.0,2631.0,2631.0,2631.0,,,,,,,,,,,,,,,,,,,,,,,,,,,,,,,,,,,,,,,,,,,,,,,,,,,,,,,,,,,,,,,,,0.1,237.5775,245.2563,251.9125,257.4892,262.0103,265.5809,268.3792,270.648,272.6891,274.8659,277.612,281.4396,286.9409,294.7736,305.6285,320.1872,339.0898,362.9466,392.436,428.5418,210.0,473.0,404.8907,267.2005,1740.2806,-28.469100000000022
2632,2632,2632.0,2632.0,2632.0,2632.0,2632.0,2632.0,2632.0,2632.0,2632.0,2632.0,,,,,,,,,,,,,,,,,,,,,,,,,,,,,,,,,,,,,,,,,,,,,,,,,,,,,,,,,,,,,,,,,0.2,220.727,230.4524,239.1521,246.8531,253.6435,259.6743,265.153,270.3339,275.5054,280.9794,287.0812,294.1434,302.5032,312.5062,324.5169,338.9431,356.2775,377.1679,402.5321,433.7499,176.0,472.0,672.0912,269.0812000000001,1473.0801,-35.52569999999997
2633,2633,2633.0,2633.0,2633.0,2633.0,2633.0,2633.0,2633.0,2633.0,2633.0,2633.0,,,,,,,,,,,,,,,,,,,,,,,,,,,,,,,,,,,,,,,,,,,,,,,,,,,,,,,,,,,,,,,,,0.3,192.2183,207.0882,220.5202,232.5065,243.1302,252.5597,261.032,268.8307,276.264,283.6479,291.2963,299.5194,308.6283,318.9492,330.843,344.7365,361.1671,380.8497,404.7825,434.4229,173.0,472.0,941.1724,319.7689999999999,1203.9989,-43.8903
2634,2634,2634.0,2634.0,2634.0,2634.0,2634.0,2634.0,2634.0,2634.0,2634.0,2634.0,,,,,,,,,,,,,,,,,,,,,,,,,,,,,,,,,,,,,,,,,,,,,,,,,,,,,,,,,,,,,,,,,0.4,188.3589,202.5103,215.4911,227.3691,238.2441,248.2485,257.5431,266.3137,274.7666,283.1257,291.6312,300.542,310.1415,320.7481,332.7324,346.5442,362.7525,382.1085,405.6476,434.8602,262.0,473.0,1260.9414,277.83680000000004,884.2299,-49.5515
2635,2635,2635.0,2635.0,2635.0,2635.0,2635.0,2635.0,2635.0,2635.0,2635.0,2635.0,,,,,,,,,,,,,,,,,,,,,,,,,,,,,,,,,,,,,,,,,,,,,,,,,,,,,,,,,,,,,,,,,0.5,260.1476,258.5994,257.8082,258.1021,259.6597,262.5171,266.6012,271.7781,277.9034,284.8643,292.6095,301.1659,310.6457,321.2515,333.2826,347.1506,363.4103,382.8145,406.4109,435.711,191.0,472.0,1538.7782,192.041,606.3931,-36.73289999999997
2636,2636,2636.0,2636.0,2636.0,2636.0,2636.0,2636.0,2636.0,2636.0,2636.0,2636.0,,,,,,,,,,,,,,,,,,,,,,,,,,,,,,,,,,,,,,,,,,,,,,,,,,,,,,,,,,,,,,,,,0.6,205.9143,219.5371,231.7526,242.549,252.029,260.3968,267.9289,274.9389,281.7465,288.6559,295.9489,303.8888,312.7355,322.7679,334.3115,347.774,363.6905,382.7887,406.0898,435.0772,309.0,471.0,1730.8192,165.12750000000003,414.35210000000006,-40.40320000000003
2637,2637,2637.0,2637.0,2637.0,2637.0,2637.0,2637.0,2637.0,2637.0,2637.0,2637.0,,,,,,,,,,,,,,,,,,,,,,,,,,,,,,,,,,,,,,,,,,,,,,,,,,,,,,,,,,,,,,,,,0.7,299.4905,291.3041,284.7997,280.2296,277.6986,277.1618,278.4566,281.3559,285.6242,291.0667,297.5611,305.0761,313.6771,323.5283,334.8971,348.1674,363.8679,382.7258,405.7597,434.4427,247.0,473.0,1895.9467,80.64509999999996,249.2246,-25.28819999999996
2638,2638,2638.0,2638.0,2638.0,2638.0,2638.0,2638.0,2638.0,2638.0,2638.0,2638.0,,,,,,,,,,,,,,,,,,,,,,,,,,,,,,,,,,,,,,,,,,,,,,,,,,,,,,,,,,,,,,,,,0.8,253.7381,259.91,265.4678,270.429,274.8853,278.996,282.9676,287.0304,291.4168,296.348,302.0313,308.6668,316.4632,325.6583,336.5459,349.5085,365.061,383.9146,407.0771,436.0229,252.0,472.0,1976.5918,84.74530000000027,168.57950000000005,-25.204000000000008
2639,2639,2639.0,2639.0,2639.0,2639.0,2639.0,2639.0,2639.0,2639.0,2639.0,2639.0,,,,,,,,,,,,,,,,,,,,,,,,,,,,,,,,,,,,,,,,,,,,,,,,,,,,,,,,,,,,,,,,,0.9,256.8681,261.4243,265.7537,269.9405,274.0699,278.2307,282.5179,287.0362,291.903,297.2519,303.2362,310.0346,317.8587,326.9647,337.6708,350.3835,365.6373,384.1556,406.9504,435.4899,252.0,471.0,2061.3371,83.83419999999978,83.83419999999978,-27.8193
2640,2640,2640.0,2640.0,2640.0,2640.0,2640.0,2640.0,2640.0,2640.0,2640.0,,,,,,,,,,,,,,,,,,,,,,,,,,,,,,,,,,,,,,,,,,,,,,,,,,,,,,,,,,,,,,,,,,0.0,273.0,273.0,273.0,273.0,273.0,273.0,273.0,273.0,273.0,273.0,273.0,273.0,273.0,273.0,273.0,273.0,273.0,273.0,273.0,273.0,284.0,470.0,0.0,379.3981,2556.7004,-20.0
2641,2641,2641.0,2641.0,2641.0,2641.0,2641.0,2641.0,2641.0,2641.0,2641.0,,,,,,,,,,,,,,,,,,,,,,,,,,,,,,,,,,,,,,,,,,,,,,,,,,,,,,,,,,,,,,,,,,0.1,281.8074,279.8817,278.2408,276.8976,275.8595,275.1343,274.7424,274.7336,275.2093,276.346,278.4164,281.8041,287.0034,294.6007,305.2366,319.558,338.1797,361.691,390.7468,426.2939,290.0,453.0,379.3981,164.07950000000005,2177.3023000000003,-18.91570000000001
2642,2642,2642.0,2642.0,2642.0,2642.0,2642.0,2642.0,2642.0,2642.0,2642.0,,,,,,,,,,,,,,,,,,,,,,,,,,,,,,,,,,,,,,,,,,,,,,,,,,,,,,,,,,,,,,,,,,0.2,287.1892,284.797,282.8546,281.401,280.4838,280.1613,280.5059,281.6076,283.5762,286.5426,290.6568,296.087,303.0182,311.6554,322.2341,335.0413,350.4518,368.9855,391.3971,418.8187,173.0,281.0,543.4776,148.01189999999997,2013.2228,-15.038700000000006
2643,2643,2643.0,2643.0,2643.0,2643.0,2643.0,2643.0,2643.0,2643.0,2643.0,,,,,,,,,,,,,,,,,,,,,,,,,,,,,,,,,,,,,,,,,,,,,,,,,,,,,,,,,,,,,,,,,,0.3,193.5832,212.3793,228.961,243.1113,254.8431,264.3716,272.0524,278.3031,283.526,288.0444,292.0579,295.6207,298.6437,300.9197,302.1707,302.1149,300.5432,297.3942,292.8104,287.1581,286.0,471.0,691.4895,267.8229,1865.2109,-32.07839999999999
2644,2644,2644.0,2644.0,2644.0,2644.0,2644.0,2644.0,2644.0,2644.0,2644.0,,,,,,,,,,,,,,,,,,,,,,,,,,,,,,,,,,,,,,,,,,,,,,,,,,,,,,,,,,,,,,,,,,0.4,281.0152,276.7301,273.4836,271.492,270.821,271.3961,273.0449,275.5589,278.7599,282.5594,287.0016,292.2884,298.7813,306.9837,317.5036,331.0086,348.1898,369.7645,396.5551,429.6905,258.0,471.0,959.3124,142.1497999999999,1597.388,-26.40390000000002
2645,2645,2645.0,2645.0,2645.0,2645.0,2645.0,2645.0,2645.0,2645.0,2645.0,,,,,,,,,,,,,,,,,,,,,,,,,,,,,,,,,,,,,,,,,,,,,,,,,,,,,,,,,,,,,,,,,,0.5,261.3706,264.4682,267.3272,270.0077,272.6009,275.2291,278.0395,281.1979,284.8822,289.2795,294.5858,301.0105,308.7825,318.161,329.4515,343.0293,359.3794,379.1592,403.303,433.1983,174.0,282.0,1101.4622,153.46330000000012,1455.2382000000002,-24.020899999999983
2646,2646,2646.0,2646.0,2646.0,2646.0,2646.0,2646.0,2646.0,2646.0,2646.0,,,,,,,,,,,,,,,,,,,,,,,,,,,,,,,,,,,,,,,,,,,,,,,,,,,,,,,,,,,,,,,,,,0.6,193.335,211.0434,226.8212,240.5241,252.1828,261.9809,270.2074,277.1949,283.2575,288.6373,293.4663,297.7456,301.3464,304.0329,305.5077,305.478,303.7337,300.2254,295.1235,288.84,172.0,298.0,1254.9255,368.7562,1301.7749,-38.81909999999999
2647,2647,2647.0,2647.0,2647.0,2647.0,2647.0,2647.0,2647.0,2647.0,2647.0,,,,,,,,,,,,,,,,,,,,,,,,,,,,,,,,,,,,,,,,,,,,,,,,,,,,,,,,,,,,,,,,,,0.7,188.4617,203.6076,217.3771,229.7455,240.7252,250.3612,258.7248,265.9042,271.9961,277.0993,281.3105,284.7243,287.4352,289.5421,291.1523,292.3852,293.3738,294.2649,295.2173,296.4016,316.0,472.0,1623.6817,401.7871,933.0187,-52.08879999999999
2648,2648,2648.0,2648.0,2648.0,2648.0,2648.0,2648.0,2648.0,2648.0,2648.0,,,,,,,,,,,,,,,,,,,,,,,,,,,,,,,,,,,,,,,,,,,,,,,,,,,,,,,,,,,,,,,,,,0.8,303.3119,292.1926,283.028,276.0769,271.4146,268.9294,268.3663,269.4027,271.7325,275.1436,279.5733,285.1382,292.1358,301.021,312.3624,326.7923,344.9674,367.5739,395.4112,429.6023,173.0,294.0,2025.4688,228.5281,531.2316000000001,-35.2706
2649,2649,2649.0,2649.0,2649.0,2649.0,2649.0,2649.0,2649.0,2649.0,2649.0,,,,,,,,,,,,,,,,,,,,,,,,,,,,,,,,,,,,,,,,,,,,,,,,,,,,,,,,,,,,,,,,,,0.9,192.7115,210.631,226.3323,239.6108,250.5064,259.2723,266.3083,272.0764,277.0183,281.489,285.712,289.7595,293.5567,296.9091,299.5525,301.2192,301.7142,300.9876,299.1869,296.6746,316.0,473.0,2253.9969,302.7035000000001,302.7035000000001,-46.77770000000004
2650,2650,2650.0,2650.0,2650.0,2650.0,2650.0,2650.0,2650.0,2650.0,2650.0,,,,,,,,,,,,,,,,,,,,,,,,,,,,,,,,,,,,,,,,,,,,,,,,,,,,,,,,,,,,,,,,,,0.0,273.0,273.0,273.0,273.0,273.0,273.0,273.0,273.0,273.0,273.0,273.0,273.0,273.0,273.0,273.0,273.0,273.0,273.0,273.0,273.0,331.0,429.0,0.0,371.6112,3094.8433,-20.0
2651,2651,2651.0,2651.0,2651.0,2651.0,2651.0,2651.0,2651.0,2651.0,2651.0,,,,,,,,,,,,,,,,,,,,,,,,,,,,,,,,,,,,,,,,,,,,,,,,,,,,,,,,,,,,,,,,,,0.1,319.1452,308.8931,300.2098,293.0606,287.3789,283.0586,279.9682,277.9786,276.9992,277.0127,278.1029,280.4717,284.4389,290.4234,298.9068,310.3852,325.3265,344.1544,367.2888,395.2702,173.0,281.0,371.6112,232.0324,2723.2321,-10.9914
2652,2652,2652.0,2652.0,2652.0,2652.0,2652.0,2652.0,2652.0,2652.0,2652.0,,,,,,,,,,,,,,,,,,,,,,,,,,,,,,,,,,,,,,,,,,,,,,,,,,,,,,,,,,,,,,,,,,0.2,194.3966,213.824,230.7086,244.7437,255.9168,264.4762,270.855,275.5768,279.1636,282.0606,284.5843,286.8975,289.0081,290.792,292.0372,292.5049,291.999,290.4343,287.8852,284.6044,174.0,301.0,603.6436,438.0954,2491.1997,-30.723799999999983
2653,2653,2653.0,2653.0,2653.0,2653.0,2653.0,2653.0,2653.0,2653.0,2653.0,,,,,,,,,,,,,,,,,,,,,,,,,,,,,,,,,,,,,,,,,,,,,,,,,,,,,,,,,,,,,,,,,,0.3,190.1901,205.0322,218.4282,230.3258,240.7232,249.6675,257.2478,263.5859,268.825,273.1201,276.6297,279.5113,281.9186,284.0014,285.905,287.7707,289.7334,291.9207,294.452,297.4406,314.0,470.0,1041.739,444.57400000000007,2053.1043,-46.7825
2654,2654,2654.0,2654.0,2654.0,2654.0,2654.0,2654.0,2654.0,2654.0,2654.0,,,,,,,,,,,,,,,,,,,,,,,,,,,,,,,,,,,,,,,,,,,,,,,,,,,,,,,,,,,,,,,,,,0.4,301.6076,290.7085,281.6775,274.7671,270.0538,267.4364,266.6787,267.4828,269.5711,272.759,277.0085,282.4546,289.4059,298.3192,309.7562,324.3331,342.6831,365.4627,393.4355,427.682,268.0,471.0,1486.313,181.16829999999985,1608.5303,-30.36360000000002
2655,2655,2655.0,2655.0,2655.0,2655.0,2655.0,2655.0,2655.0,2655.0,2655.0,,,,,,,,,,,,,,,,,,,,,,,,,,,,,,,,,,,,,,,,,,,,,,,,,,,,,,,,,,,,,,,,,,0.5,269.3705,270.6128,271.7263,272.754,273.79,274.9773,276.4954,278.5462,281.3395,285.0841,289.9853,296.2474,304.0825,313.7229,325.4402,339.5721,356.5649,377.0392,401.8969,432.5021,173.0,285.0,1667.4813,166.76330000000007,1427.362,-24.272699999999983
2656,2656,2656.0,2656.0,2656.0,2656.0,2656.0,2656.0,2656.0,2656.0,2656.0,,,,,,,,,,,,,,,,,,,,,,,,,,,,,,,,,,,,,,,,,,,,,,,,,,,,,,,,,,,,,,,,,,0.6,192.6264,210.5694,226.485,240.2073,251.7657,261.3622,269.3174,276.0035,281.775,286.9112,291.5741,295.7874,299.4373,302.2969,304.0737,304.4768,303.2957,300.4782,296.1881,290.826,301.0,473.0,1834.2446,269.9222,1260.5987,-39.43780000000004
2657,2657,2657.0,2657.0,2657.0,2657.0,2657.0,2657.0,2657.0,2657.0,2657.0,,,,,,,,,,,,,,,,,,,,,,,,,,,,,,,,,,,,,,,,,,,,,,,,,,,,,,,,,,,,,,,,,,0.7,292.7021,285.5095,279.7806,275.7465,273.4721,272.8616,273.7011,275.7262,278.6952,282.4554,286.9921,292.4557,299.1659,307.5939,318.3257,332.017,349.3582,371.078,398.024,431.3668,174.0,289.0,2104.1668,184.02260000000024,990.6765,-29.58839999999998
2658,2658,2658.0,2658.0,2658.0,2658.0,2658.0,2658.0,2658.0,2658.0,2658.0,,,,,,,,,,,,,,,,,,,,,,,,,,,,,,,,,,,,,,,,,,,,,,,,,,,,,,,,,,,,,,,,,,0.8,193.7617,211.7779,227.6527,241.1946,252.4354,261.6026,269.0578,275.219,280.4856,285.1757,289.4843,293.4633,297.0245,299.9649,302.0138,302.8989,302.4219,300.5325,297.3836,293.3498,174.0,300.0,2288.1894,392.5491999999999,806.6538999999998,-42.59739999999999
2659,2659,2659.0,2659.0,2659.0,2659.0,2659.0,2659.0,2659.0,2659.0,2659.0,,,,,,,,,,,,,,,,,,,,,,,,,,,,,,,,,,,,,,,,,,,,,,,,,,,,,,,,,,,,,,,,,,0.9,190.0007,204.6982,218.0334,229.9837,240.5646,249.8268,257.8495,264.7316,270.5821,275.5128,279.6325,283.0449,285.8499,288.1464,290.0372,291.6335,293.0582,294.448,295.9544,297.7442,315.0,473.0,2680.7386,414.1046999999999,414.1046999999999,-56.22320000000002
2660,2660,2660.0,2660.0,2660.0,2660.0,2660.0,2660.0,2660.0,2660.0,2660.0,,,,,,,,,,,,,,,,,,,,,,,,,,,,,,,,,,,,,,,,,,,,,,,,,,,,,,,,,,,,,,,,,,0.0,273.0,273.0,273.0,273.0,273.0,273.0,273.0,273.0,273.0,273.0,273.0,273.0,273.0,273.0,273.0,273.0,273.0,273.0,273.0,273.0,311.0,453.0,0.0,372.6083,2185.9313,-20.0
2661,2661,2661.0,2661.0,2661.0,2661.0,2661.0,2661.0,2661.0,2661.0,2661.0,,,,,,,,,,,,,,,,,,,,,,,,,,,,,,,,,,,,,,,,,,,,,,,,,,,,,,,,,,,,,,,,,,0.1,303.3143,296.6192,290.9262,286.2344,282.5161,279.7177,277.7745,276.6364,276.2981,276.831,278.4087,281.323,285.984,292.9009,302.6435,315.7931,332.9013,354.4855,381.0959,413.4954,172.0,283.0,372.6083,229.2182,1813.3230000000003,-14.332300000000032
2662,2662,2662.0,2662.0,2662.0,2662.0,2662.0,2662.0,2662.0,2662.0,2662.0,,,,,,,,,,,,,,,,,,,,,,,,,,,,,,,,,,,,,,,,,,,,,,,,,,,,,,,,,,,,,,,,,,0.2,192.8761,211.8555,228.4262,242.3191,253.5328,262.3046,269.0417,274.2342,278.369,281.8585,284.9891,287.8951,290.5556,292.8171,294.4381,295.1538,294.7515,293.144,290.4248,286.8873,312.0,471.0,601.8265,313.66470000000004,1584.1048000000003,-32.895399999999995
2663,2663,2663.0,2663.0,2663.0,2663.0,2663.0,2663.0,2663.0,2663.0,2663.0,,,,,,,,,,,,,,,,,,,,,,,,,,,,,,,,,,,,,,,,,,,,,,,,,,,,,,,,,,,,,,,,,,0.3,301.4317,292.2399,284.7415,279.1375,275.4686,273.6178,273.354,274.4005,276.5107,279.5352,283.4693,288.4781,294.8966,303.2074,313.9985,327.9145,345.6188,367.7961,395.2345,429.0324,265.0,467.0,915.4912,136.8782,1270.4401000000005,-22.8322
2664,2664,2664.0,2664.0,2664.0,2664.0,2664.0,2664.0,2664.0,2664.0,2664.0,,,,,,,,,,,,,,,,,,,,,,,,,,,,,,,,,,,,,,,,,,,,,,,,,,,,,,,,,,,,,,,,,,0.4,267.6335,270.0529,272.2336,274.1984,276.0265,277.8514,279.8486,282.2204,285.1809,288.9462,293.7298,299.7453,307.213,316.3725,327.501,340.9402,357.1371,376.7073,400.5361,429.9474,172.0,281.0,1052.3694,147.26649999999995,1133.5619000000002,-19.9486
2665,2665,2665.0,2665.0,2665.0,2665.0,2665.0,2665.0,2665.0,2665.0,2665.0,,,,,,,,,,,,,,,,,,,,,,,,,,,,,,,,,,,,,,,,,,,,,,,,,,,,,,,,,,,,,,,,,,0.5,192.1035,210.5067,226.8553,240.9735,252.8816,262.7721,270.9572,277.8011,283.652,288.7846,293.3585,297.3964,300.7846,303.2967,304.6395,304.5202,302.7254,299.199,294.1014,287.8319,292.0,471.0,1199.6359,262.12850000000003,986.2954000000002,-36.47789999999998
2666,2666,2666.0,2666.0,2666.0,2666.0,2666.0,2666.0,2666.0,2666.0,2666.0,,,,,,,,,,,,,,,,,,,,,,,,,,,,,,,,,,,,,,,,,,,,,,,,,,,,,,,,,,,,,,,,,,0.6,285.6562,280.1823,275.9374,273.1514,271.8924,272.0752,273.5041,275.9381,279.1619,283.049,287.6088,293.0128,299.5987,307.8529,318.3735,331.825,348.9018,370.33,396.9444,429.8876,259.0,471.0,1461.7644,134.4731999999999,724.1669000000002,-28.724800000000016
2667,2667,2667.0,2667.0,2667.0,2667.0,2667.0,2667.0,2667.0,2667.0,2667.0,,,,,,,,,,,,,,,,,,,,,,,,,,,,,,,,,,,,,,,,,,,,,,,,,,,,,,,,,,,,,,,,,,0.7,262.3649,265.4603,268.3091,270.9643,273.5156,276.0878,278.8339,281.926,285.5473,289.8879,295.1447,301.5252,309.2553,318.591,329.8344,343.3593,359.6501,379.3654,403.4412,433.2672,255.0,467.0,1596.2376,102.6096,589.6937000000003,-26.362199999999973
2668,2668,2668.0,2668.0,2668.0,2668.0,2668.0,2668.0,2668.0,2668.0,2668.0,,,,,,,,,,,,,,,,,,,,,,,,,,,,,,,,,,,,,,,,,,,,,,,,,,,,,,,,,,,,,,,,,,0.8,259.1038,262.9265,266.5374,270.0143,273.4458,276.9337,280.5923,284.5476,288.9369,293.9081,299.6215,306.2545,314.008,323.1193,333.8797,346.6615,361.9576,380.4423,403.0666,431.2173,172.0,278.0,1698.8472,134.72469999999998,487.08410000000026,-27.2663
2669,2669,2669.0,2669.0,2669.0,2669.0,2669.0,2669.0,2669.0,2669.0,2669.0,,,,,,,,,,,,,,,,,,,,,,,,,,,,,,,,,,,,,,,,,,,,,,,,,,,,,,,,,,,,,,,,,,0.9,191.897,210.1532,226.4614,240.6731,252.8128,263.0554,271.6788,279.0024,285.3261,290.8778,295.7763,300.0117,303.4466,305.8386,306.886,306.2927,303.8472,299.5006,293.427,286.0471,173.0,296.0,1833.5719,352.3594000000003,352.3594000000003,-42.99459999999999
2670,2670,2670.0,2670.0,2670.0,2670.0,2670.0,2670.0,2670.0,2670.0,2670.0,,,,,,,,,,,,,,,,,,,,,,,,,,,,,,,,,,,,,,,,,,,,,,,,,,,,,,,,,,,,,,,,,,0.0,273.0,273.0,273.0,273.0,273.0,273.0,273.0,273.0,273.0,273.0,273.0,273.0,273.0,273.0,273.0,273.0,273.0,273.0,273.0,273.0,285.0,473.0,0.0,378.5479,2618.2574,-20.0
2671,2671,2671.0,2671.0,2671.0,2671.0,2671.0,2671.0,2671.0,2671.0,2671.0,,,,,,,,,,,,,,,,,,,,,,,,,,,,,,,,,,,,,,,,,,,,,,,,,,,,,,,,,,,,,,,,,,0.1,282.6066,280.505,278.7141,277.2467,276.1097,275.3095,274.8639,274.8209,275.2802,276.418,278.5087,281.9393,287.2095,294.9128,305.698,320.2207,339.1054,362.9535,392.4389,428.5428,173.0,288.0,378.5479,238.9187,2239.7095,-18.7405
2672,2672,2672.0,2672.0,2672.0,2672.0,2672.0,2672.0,2672.0,2672.0,2672.0,,,,,,,,,,,,,,,,,,,,,,,,,,,,,,,,,,,,,,,,,,,,,,,,,,,,,,,,,,,,,,,,,,0.2,192.7431,210.7136,226.494,239.8714,250.8599,259.6769,266.6854,272.3205,277.0138,281.1289,284.9138,288.4736,291.7669,294.6249,296.7956,298.0092,298.0547,296.8564,294.5306,291.4067,314.0,470.0,617.4666,315.8647000000001,2000.7908,-35.5231
2673,2673,2673.0,2673.0,2673.0,2673.0,2673.0,2673.0,2673.0,2673.0,2673.0,,,,,,,,,,,,,,,,,,,,,,,,,,,,,,,,,,,,,,,,,,,,,,,,,,,,,,,,,,,,,,,,,,0.3,302.7831,293.0175,285.0344,279.0484,275.1094,273.1032,272.7939,273.8926,276.1347,279.3475,283.4998,288.7285,295.34,303.7895,314.6418,328.5247,346.0933,368.0334,395.1417,428.5269,172.0,289.0,933.3313,197.37259999999992,1684.9261,-23.346799999999973
2674,2674,2674.0,2674.0,2674.0,2674.0,2674.0,2674.0,2674.0,2674.0,2674.0,,,,,,,,,,,,,,,,,,,,,,,,,,,,,,,,,,,,,,,,,,,,,,,,,,,,,,,,,,,,,,,,,,0.4,192.3503,210.8782,227.1359,240.9026,252.2056,261.2907,268.553,274.4526,279.4314,283.8456,287.9205,291.7292,295.1961,298.124,300.2428,301.2769,301.0217,299.4186,296.6087,292.9523,311.0,473.0,1130.7039,287.61400000000003,1487.5535,-36.5093
2675,2675,2675.0,2675.0,2675.0,2675.0,2675.0,2675.0,2675.0,2675.0,2675.0,,,,,,,,,,,,,,,,,,,,,,,,,,,,,,,,,,,,,,,,,,,,,,,,,,,,,,,,,,,,,,,,,,0.5,300.5957,291.559,284.2265,278.8148,275.3752,273.7961,273.8455,275.24,277.7207,281.1204,285.4135,290.7414,297.4161,305.8993,316.7651,330.6541,348.2394,370.2316,397.4618,431.0885,257.0,471.0,1418.3179,130.04250000000002,1199.9395,-25.453899999999976
2676,2676,2676.0,2676.0,2676.0,2676.0,2676.0,2676.0,2676.0,2676.0,2676.0,,,,,,,,,,,,,,,,,,,,,,,,,,,,,,,,,,,,,,,,,,,,,,,,,,,,,,,,,,,,,,,,,,0.6,261.2468,265.1132,268.5624,271.6131,274.3504,276.9215,279.5219,282.3763,285.7209,289.7918,294.8198,301.0326,308.6641,317.9671,329.234,342.8248,359.2092,379.0327,403.2213,433.1588,172.0,282.0,1548.3604,148.1652999999999,1069.897,-23.87850000000003
2677,2677,2677.0,2677.0,2677.0,2677.0,2677.0,2677.0,2677.0,2677.0,2677.0,,,,,,,,,,,,,,,,,,,,,,,,,,,,,,,,,,,,,,,,,,,,,,,,,,,,,,,,,,,,,,,,,,0.7,191.868,210.0706,226.2807,240.3387,252.2678,262.2527,270.5895,277.6229,283.6813,289.0219,293.7906,298.0008,301.5331,304.1583,305.5829,305.5158,303.7466,300.2246,295.1178,288.8356,171.0,295.0,1696.5257,368.7895000000001,921.7317,-40.197299999999984
2678,2678,2678.0,2678.0,2678.0,2678.0,2678.0,2678.0,2678.0,2678.0,2678.0,,,,,,,,,,,,,,,,,,,,,,,,,,,,,,,,,,,,,,,,,,,,,,,,,,,,,,,,,,,,,,,,,,0.8,187.6352,202.9463,216.8702,229.3795,240.4836,250.2252,258.6735,265.9146,272.0439,277.1581,281.3519,284.7162,287.3405,289.3168,290.7443,291.7336,292.4095,292.9123,293.3968,294.032,316.0,473.0,2065.3152,405.6399000000001,552.9422,-53.97479999999999
2679,2679,2679.0,2679.0,2679.0,2679.0,2679.0,2679.0,2679.0,2679.0,2679.0,,,,,,,,,,,,,,,,,,,,,,,,,,,,,,,,,,,,,,,,,,,,,,,,,,,,,,,,,,,,,,,,,,0.9,303.277,292.1263,282.9362,275.9671,271.2944,268.8044,268.2396,269.2741,271.5995,275.0024,279.4212,284.9761,291.9706,300.8675,312.2448,326.7433,345.0269,367.7869,395.8264,430.2745,314.0,448.0,2470.9551,147.30229999999983,147.30229999999983,-37.24560000000002
2680,2680,2680.0,2680.0,2680.0,2680.0,2680.0,2680.0,2680.0,2680.0,2680.0,,,,,,,,,,,,,,,,,,,,,,,,,,,,,,,,,,,,,,,,,,,,,,,,,,,,,,,,,,,,,,,,,,0.0,273.0,273.0,273.0,273.0,273.0,273.0,273.0,273.0,273.0,273.0,273.0,273.0,273.0,273.0,273.0,273.0,273.0,273.0,273.0,273.0,173.0,295.0,0.0,494.1947,2694.3268,-20.0
2681,2681,2681.0,2681.0,2681.0,2681.0,2681.0,2681.0,2681.0,2681.0,2681.0,,,,,,,,,,,,,,,,,,,,,,,,,,,,,,,,,,,,,,,,,,,,,,,,,,,,,,,,,,,,,,,,,,0.1,192.0724,209.3835,224.5125,237.2208,247.4718,255.4114,261.3216,265.5618,268.5153,270.5485,271.9869,273.107,274.1377,275.2672,276.6497,278.4082,280.6355,283.3922,286.7072,290.5816,316.0,471.0,494.1947,472.8239,2200.1321,-38.638600000000025
2682,2682,2682.0,2682.0,2682.0,2682.0,2682.0,2682.0,2682.0,2682.0,2682.0,,,,,,,,,,,,,,,,,,,,,,,,,,,,,,,,,,,,,,,,,,,,,,,,,,,,,,,,,,,,,,,,,,0.2,303.6872,292.8632,283.8408,276.8231,271.855,268.8239,267.5035,267.6254,268.9568,271.3697,274.8882,279.71,286.2014,294.867,306.3007,321.1309,339.9812,363.4766,392.3345,427.5866,171.0,296.0,967.0186,262.2453,1727.3082,-26.376100000000008
2683,2683,2683.0,2683.0,2683.0,2683.0,2683.0,2683.0,2683.0,2683.0,2683.0,,,,,,,,,,,,,,,,,,,,,,,,,,,,,,,,,,,,,,,,,,,,,,,,,,,,,,,,,,,,,,,,,,0.3,190.9818,209.1287,224.9875,238.3359,249.2073,257.86,264.7091,270.2403,274.925,279.1509,283.1746,287.0991,290.8761,294.3325,297.2186,299.2747,300.307,300.2598,299.2678,297.6734,314.0,471.0,1229.2639,327.85940000000005,1465.0629,-38.589999999999975
2684,2684,2684.0,2684.0,2684.0,2684.0,2684.0,2684.0,2684.0,2684.0,2684.0,,,,,,,,,,,,,,,,,,,,,,,,,,,,,,,,,,,,,,,,,,,,,,,,,,,,,,,,,,,,,,,,,,0.4,302.551,292.5639,284.3813,278.2282,274.1635,272.0796,271.7448,272.8724,275.1968,278.5417,282.8693,288.3061,295.1444,303.8229,314.8893,328.9568,346.6717,368.7213,395.9157,429.3908,174.0,288.0,1557.1233,201.1346000000001,1137.2034999999998,-25.720399999999984
2685,2685,2685.0,2685.0,2685.0,2685.0,2685.0,2685.0,2685.0,2685.0,2685.0,,,,,,,,,,,,,,,,,,,,,,,,,,,,,,,,,,,,,,,,,,,,,,,,,,,,,,,,,,,,,,,,,,0.5,193.8692,211.9491,227.81,241.2433,252.2824,261.1726,268.3044,274.1298,279.0806,283.5018,287.6065,291.4559,294.9624,297.9169,300.0387,301.0429,300.7182,299.0022,296.0358,292.1826,311.0,473.0,1758.2579,289.06960000000004,936.0688999999998,-38.07740000000001
2686,2686,2686.0,2686.0,2686.0,2686.0,2686.0,2686.0,2686.0,2686.0,2686.0,,,,,,,,,,,,,,,,,,,,,,,,,,,,,,,,,,,,,,,,,,,,,,,,,,,,,,,,,,,,,,,,,,0.6,300.6183,291.5988,284.2741,278.8581,275.4025,273.7974,273.8145,275.1746,277.6224,280.9938,285.2647,290.5779,297.2452,305.7287,316.6022,330.506,348.1127,370.132,397.3936,431.054,263.0,470.0,2047.3275,128.32129999999984,646.9992999999997,-27.00260000000003
2687,2687,2687.0,2687.0,2687.0,2687.0,2687.0,2687.0,2687.0,2687.0,2687.0,,,,,,,,,,,,,,,,,,,,,,,,,,,,,,,,,,,,,,,,,,,,,,,,,,,,,,,,,,,,,,,,,,0.7,266.0626,268.8745,271.4132,273.704,275.8291,277.9249,280.1692,282.7659,285.9297,289.8763,294.8188,300.9706,308.5537,317.8116,329.0291,342.5594,358.8663,378.5885,402.644,432.4036,173.0,281.0,2175.6488,141.97990000000027,518.6779999999999,-24.52510000000001
2688,2688,2688.0,2688.0,2688.0,2688.0,2688.0,2688.0,2688.0,2688.0,2688.0,,,,,,,,,,,,,,,,,,,,,,,,,,,,,,,,,,,,,,,,,,,,,,,,,,,,,,,,,,,,,,,,,,0.8,192.9068,211.1356,227.3454,241.3689,253.2283,263.113,271.328,278.2276,284.1496,289.3584,294.0043,298.102,301.5309,304.0587,305.3875,305.221,303.344,299.7009,294.456,288.0156,297.0,466.0,2317.6287,253.6891999999998,376.6980999999996,-41.08699999999999
2689,2689,2689.0,2689.0,2689.0,2689.0,2689.0,2689.0,2689.0,2689.0,2689.0,,,,,,,,,,,,,,,,,,,,,,,,,,,,,,,,,,,,,,,,,,,,,,,,,,,,,,,,,,,,,,,,,,0.9,289.7171,283.4302,278.4949,275.1383,273.4229,273.2532,274.4192,276.6619,279.7457,283.5225,287.9798,293.2673,299.7015,307.7479,317.9851,331.0588,347.6457,368.4509,394.2788,426.2171,274.0,457.0,2571.3179,123.0088999999998,123.0088999999998,-32.79680000000002
2690,2690,2690.0,2690.0,2690.0,2690.0,2690.0,2690.0,2690.0,2690.0,2690.0,,,,,,,,,,,,,,,,,,,,,,,,,,,,,,,,,,,,,,,,,,,,,,,,,,,,,,,,,,,,,,,,,,0.0,273.0,273.0,273.0,273.0,273.0,273.0,273.0,273.0,273.0,273.0,273.0,273.0,273.0,273.0,273.0,273.0,273.0,273.0,273.0,273.0,174.0,293.0,0.0,494.4042,1703.8647,-20.0
2691,2691,2691.0,2691.0,2691.0,2691.0,2691.0,2691.0,2691.0,2691.0,2691.0,,,,,,,,,,,,,,,,,,,,,,,,,,,,,,,,,,,,,,,,,,,,,,,,,,,,,,,,,,,,,,,,,,0.1,192.8884,210.0285,225.0056,237.5848,247.7308,255.5883,261.436,265.6289,268.5451,270.5451,271.9485,273.0247,273.9956,275.0418,276.3093,277.9141,279.9425,282.4509,285.4655,288.987,315.0,473.0,494.4042,474.137,1209.4605,-38.46170000000001
2692,2692,2692.0,2692.0,2692.0,2692.0,2692.0,2692.0,2692.0,2692.0,2692.0,,,,,,,,,,,,,,,,,,,,,,,,,,,,,,,,,,,,,,,,,,,,,,,,,,,,,,,,,,,,,,,,,,0.2,302.927,292.3099,283.4601,276.5792,271.7122,268.749,267.4675,267.605,268.9359,271.3395,274.8481,279.6687,286.177,294.8881,306.4062,321.3695,340.4102,364.1612,393.3502,429.0275,290.0,473.0,968.5412,181.1296000000001,735.3235000000001,-26.450999999999965
2693,2693,2693.0,2693.0,2693.0,2693.0,2693.0,2693.0,2693.0,2693.0,2693.0,,,,,,,,,,,,,,,,,,,,,,,,,,,,,,,,,,,,,,,,,,,,,,,,,,,,,,,,,,,,,,,,,,0.3,287.0711,284.5259,282.3731,280.6506,279.4279,278.8042,278.9023,279.8621,281.8347,284.9792,289.4626,295.4626,303.1734,312.8152,324.6497,339.0058,356.3204,377.2067,402.5646,433.7687,259.0,465.0,1149.6708,97.74559999999995,554.1939,-17.64580000000001
2694,2694,2694.0,2694.0,2694.0,2694.0,2694.0,2694.0,2694.0,2694.0,2694.0,,,,,,,,,,,,,,,,,,,,,,,,,,,,,,,,,,,,,,,,,,,,,,,,,,,,,,,,,,,,,,,,,,0.4,263.0812,266.8464,270.2793,273.4062,276.3047,279.1023,281.9669,285.0923,288.6844,292.95,298.0914,304.3079,311.803,320.8,331.5631,344.4295,359.8531,378.4675,401.1828,429.3426,256.0,464.0,1247.4164,87.19429999999988,456.4483,-18.6977
2695,2695,2695.0,2695.0,2695.0,2695.0,2695.0,2695.0,2695.0,2695.0,2695.0,,,,,,,,,,,,,,,,,,,,,,,,,,,,,,,,,,,,,,,,,,,,,,,,,,,,,,,,,,,,,,,,,,0.5,260.2525,264.2308,267.9942,271.6106,275.1599,278.7352,282.4435,286.4047,290.7511,295.6273,301.1924,307.6235,315.1233,323.9317,334.3428,346.7303,361.5851,379.5728,401.6244,429.0886,262.0,454.0,1334.6107,79.98400000000015,369.2540000000001,-20.51479999999998
2696,2696,2696.0,2696.0,2696.0,2696.0,2696.0,2696.0,2696.0,2696.0,2696.0,,,,,,,,,,,,,,,,,,,,,,,,,,,,,,,,,,,,,,,,,,,,,,,,,,,,,,,,,,,,,,,,,,0.6,265.0207,267.9188,270.7872,273.7119,276.772,280.0415,283.5931,287.5023,291.8521,296.7376,302.2707,308.5859,315.8477,324.2617,334.0909,345.6796,359.4878,376.1423,396.5156,421.8537,264.0,452.0,1414.5947,73.35889999999995,289.27,-20.758500000000023
2697,2697,2697.0,2697.0,2697.0,2697.0,2697.0,2697.0,2697.0,2697.0,2697.0,,,,,,,,,,,,,,,,,,,,,,,,,,,,,,,,,,,,,,,,,,,,,,,,,,,,,,,,,,,,,,,,,,0.7,266.8785,269.6566,272.4134,275.2247,278.1629,281.2989,284.7043,288.4542,292.6316,297.3314,302.6659,308.7709,315.8142,324.0066,333.6168,344.9932,358.5957,375.043,395.1885,420.2444,258.0,454.0,1487.9536,71.66669999999999,215.91110000000003,-21.151099999999985
2698,2698,2698.0,2698.0,2698.0,2698.0,2698.0,2698.0,2698.0,2698.0,2698.0,,,,,,,,,,,,,,,,,,,,,,,,,,,,,,,,,,,,,,,,,,,,,,,,,,,,,,,,,,,,,,,,,,0.8,262.2258,266.2066,269.9956,273.6532,277.2503,280.8685,284.6002,288.5479,292.8244,297.5546,302.8781,308.9556,315.9768,324.1713,333.824,345.2971,359.0615,375.7456,396.2127,421.6909,262.0,452.0,1559.6203,72.38789999999995,144.24440000000004,-23.331500000000005
2699,2699,2699.0,2699.0,2699.0,2699.0,2699.0,2699.0,2699.0,2699.0,2699.0,,,,,,,,,,,,,,,,,,,,,,,,,,,,,,,,,,,,,,,,,,,,,,,,,,,,,,,,,,,,,,,,,,0.9,265.2869,268.4347,271.5214,274.6211,277.8045,281.1405,284.6997,288.5582,292.8018,297.5306,302.8639,308.946,315.9533,324.1046,333.6755,345.0196,358.5994,375.0345,395.177,420.2369,260.0,455.0,1632.0082,71.8565000000001,71.8565000000001,-24.90950000000004
2700,2700,2700.0,2700.0,2700.0,2700.0,2700.0,2700.0,2700.0,2700.0,,,,,,,,,,,,,,,,,,,,,,,,,,,,,,,,,,,,,,,,,,,,,,,,,,,,,,,,,,,,,,,,,,,0.0,273.0,273.0,273.0,273.0,273.0,273.0,273.0,273.0,273.0,273.0,273.0,273.0,273.0,273.0,273.0,273.0,273.0,273.0,273.0,273.0,309.0,273.0,0.0,434.1332,3265.4222,-20.0
2701,2701,2701.0,2701.0,2701.0,2701.0,2701.0,2701.0,2701.0,2701.0,,,,,,,,,,,,,,,,,,,,,,,,,,,,,,,,,,,,,,,,,,,,,,,,,,,,,,,,,,,,,,,,,,,0.1,301.7227,295.3759,289.9695,285.4967,281.9184,279.1581,277.1093,275.6478,274.6466,273.9879,273.5718,273.3193,273.1721,273.0895,273.045,273.0218,273.0102,273.0046,273.002,273.0007,321.0,273.0,434.1332,397.0546000000001,2831.289,-14.89190000000002
2702,2702,2702.0,2702.0,2702.0,2702.0,2702.0,2702.0,2702.0,2702.0,,,,,,,,,,,,,,,,,,,,,,,,,,,,,,,,,,,,,,,,,,,,,,,,,,,,,,,,,,,,,,,,,,,0.2,312.4582,305.0852,298.769,293.4191,288.9518,285.281,282.3159,279.9626,278.127,276.7196,275.6583,274.8711,274.2966,273.8841,273.5926,273.3896,273.2501,273.1547,273.0885,273.0401,334.0,275.0,831.1878,364.4211999999999,2434.2344,-9.918999999999984
2703,2703,2703.0,2703.0,2703.0,2703.0,2703.0,2703.0,2703.0,2703.0,,,,,,,,,,,,,,,,,,,,,,,,,,,,,,,,,,,,,,,,,,,,,,,,,,,,,,,,,,,,,,,,,,,0.3,323.5159,314.561,306.9353,300.4825,295.0695,290.5746,286.8819,283.8807,281.4674,279.5479,278.0397,276.8727,275.9892,275.3426,274.8961,274.6197,274.4888,274.4817,274.578,274.7575,342.0,274.0,1195.609,335.2864000000002,2069.8132,-5.875400000000013
2704,2704,2704.0,2704.0,2704.0,2704.0,2704.0,2704.0,2704.0,2704.0,,,,,,,,,,,,,,,,,,,,,,,,,,,,,,,,,,,,,,,,,,,,,,,,,,,,,,,,,,,,,,,,,,,0.4,330.5295,320.8125,312.5733,305.6002,299.7221,294.7937,290.6875,287.2894,284.4967,282.2177,280.3715,278.8873,277.7035,276.767,276.0319,275.4585,275.0131,274.667,274.3958,274.1793,345.0,275.0,1530.8954,314.4575,1734.5268,-3.00630000000001
2705,2705,2705.0,2705.0,2705.0,2705.0,2705.0,2705.0,2705.0,2705.0,,,,,,,,,,,,,,,,,,,,,,,,,,,,,,,,,,,,,,,,,,,,,,,,,,,,,,,,,,,,,,,,,,,0.5,333.4203,323.6677,315.423,308.4413,302.5293,297.5301,293.3131,289.7675,286.7981,284.323,282.2714,280.5823,279.2036,278.0903,277.2042,276.5118,275.9836,275.5928,275.3144,275.1245,347.0,273.0,1845.3529,299.5543,1420.0693,-1.7198999999999955
2706,2706,2706.0,2706.0,2706.0,2706.0,2706.0,2706.0,2706.0,2706.0,,,,,,,,,,,,,,,,,,,,,,,,,,,,,,,,,,,,,,,,,,,,,,,,,,,,,,,,,,,,,,,,,,,0.6,335.3032,325.4907,317.2193,310.2253,304.3014,299.2809,295.0272,291.426,288.3808,285.8088,283.638,281.8054,280.2549,278.936,277.8037,276.8173,275.9413,275.145,274.4029,273.6937,351.0,274.0,2144.9072,291.2703999999999,1120.515,-1.5191000000000372
2707,2707,2707.0,2707.0,2707.0,2707.0,2707.0,2707.0,2707.0,2707.0,,,,,,,,,,,,,,,,,,,,,,,,,,,,,,,,,,,,,,,,,,,,,,,,,,,,,,,,,,,,,,,,,,,0.7,338.6341,328.29,319.5961,312.2675,306.0794,300.8496,296.4275,292.6866,289.5202,286.8382,284.5644,282.6348,280.9957,279.6019,278.4151,277.4023,276.5346,275.7852,275.1292,274.5421,353.0,276.0,2436.1776,283.06089999999995,829.2446,-1.6003999999999792
2708,2708,2708.0,2708.0,2708.0,2708.0,2708.0,2708.0,2708.0,2708.0,,,,,,,,,,,,,,,,,,,,,,,,,,,,,,,,,,,,,,,,,,,,,,,,,,,,,,,,,,,,,,,,,,,0.8,340.4082,329.8997,321.0806,313.6496,307.3709,302.0561,297.5518,293.7318,290.4914,287.7437,285.4163,283.45,281.796,280.4142,279.2717,278.3405,277.5954,277.0128,276.569,276.2397,356.0,275.0,2719.2385,275.35660000000007,546.1837,-2.1438999999999737
2709,2709,2709.0,2709.0,2709.0,2709.0,2709.0,2709.0,2709.0,2709.0,,,,,,,,,,,,,,,,,,,,,,,,,,,,,,,,,,,,,,,,,,,,,,,,,,,,,,,,,,,,,,,,,,,0.9,342.8974,331.9842,322.8436,315.1577,308.678,303.2058,298.5791,294.6639,291.3488,288.54,286.1589,284.1388,282.4231,280.963,279.7168,278.6478,277.7246,276.9199,276.2103,275.576,354.0,275.0,2994.5951,270.8271,270.8271,-2.8442000000000007
2710,2710,2710.0,2710.0,2710.0,2710.0,2710.0,2710.0,2710.0,2710.0,,,,,,,,,,,,,,,,,,,,,,,,,,,,,,,,,,,,,,,,,,,,,,,,,,,,,,,,,,,,,,,,,,,0.0,273.0,273.0,273.0,273.0,273.0,273.0,273.0,273.0,273.0,273.0,273.0,273.0,273.0,273.0,273.0,273.0,273.0,273.0,273.0,273.0,309.0,271.0,0.0,435.128,2513.3974,-20.0
2711,2711,2711.0,2711.0,2711.0,2711.0,2711.0,2711.0,2711.0,2711.0,,,,,,,,,,,,,,,,,,,,,,,,,,,,,,,,,,,,,,,,,,,,,,,,,,,,,,,,,,,,,,,,,,,0.1,301.7227,295.3758,289.9692,285.4962,281.9171,279.1556,277.1043,275.6382,274.6287,273.9559,273.5166,273.2272,273.0239,272.8593,272.6998,272.5217,272.3094,272.0535,271.7497,271.3977,322.0,274.0,435.128,399.6128000000001,2078.2694,-14.89440000000002
2712,2712,2712.0,2712.0,2712.0,2712.0,2712.0,2712.0,2712.0,2712.0,,,,,,,,,,,,,,,,,,,,,,,,,,,,,,,,,,,,,,,,,,,,,,,,,,,,,,,,,,,,,,,,,,,0.2,313.2463,305.6922,299.2229,293.7457,289.1744,285.4196,282.3872,279.9794,278.0993,276.6553,275.5653,274.759,274.1793,273.7812,273.531,273.4036,273.3796,273.443,273.5783,273.7697,335.0,274.0,834.7408,364.5258999999999,1678.6565999999998,-9.780399999999986
2713,2713,2713.0,2713.0,2713.0,2713.0,2713.0,2713.0,2713.0,2713.0,,,,,,,,,,,,,,,,,,,,,,,,,,,,,,,,,,,,,,,,,,,,,,,,,,,,,,,,,,,,,,,,,,,0.3,324.3303,315.2202,307.4635,300.8997,295.3927,290.8186,287.0598,284.004,281.5461,279.5898,278.0501,276.8534,275.9375,275.2506,274.7497,274.3991,274.1691,274.0346,273.974,273.9682,299.0,471.0,1199.2667,282.75400000000013,1314.1307,-5.631399999999985
2714,2714,2714.0,2714.0,2714.0,2714.0,2714.0,2714.0,2714.0,2714.0,,,,,,,,,,,,,,,,,,,,,,,,,,,,,,,,,,,,,,,,,,,,,,,,,,,,,,,,,,,,,,,,,,,0.4,296.6338,294.677,292.9406,291.2923,289.6657,288.062,286.5477,285.2509,284.3626,284.1429,284.9321,287.1595,291.345,298.0832,308.0107,321.7628,339.9402,363.1178,391.9389,427.3432,285.0,471.0,1482.0207,107.18830000000004,1031.3766999999998,-9.738
2715,2715,2715.0,2715.0,2715.0,2715.0,2715.0,2715.0,2715.0,2715.0,,,,,,,,,,,,,,,,,,,,,,,,,,,,,,,,,,,,,,,,,,,,,,,,,,,,,,,,,,,,,,,,,,,0.5,284.8138,284.8123,284.9299,285.1373,285.4504,285.9339,286.7,287.9035,289.7351,292.4139,296.1805,301.2923,308.0203,316.6525,327.5035,340.9365,357.4033,377.5111,402.1338,432.5966,321.0,273.0,1589.209,61.32680000000005,924.1883999999998,-13.316100000000006
2716,2716,2716.0,2716.0,2716.0,2716.0,2716.0,2716.0,2716.0,2716.0,,,,,,,,,,,,,,,,,,,,,,,,,,,,,,,,,,,,,,,,,,,,,,,,,,,,,,,,,,,,,,,,,,,0.6,313.164,306.6086,301.3206,297.2883,294.4822,292.8454,292.2923,292.708,293.9472,295.8262,298.1124,300.5125,302.6691,304.1717,304.5889,303.5238,300.6845,295.9592,289.4744,281.6162,347.0,271.0,1650.5358,143.375,862.8615999999997,-7.954600000000028
2717,2717,2717.0,2717.0,2717.0,2717.0,2717.0,2717.0,2717.0,2717.0,,,,,,,,,,,,,,,,,,,,,,,,,,,,,,,,,,,,,,,,,,,,,,,,,,,,,,,,,,,,,,,,,,,0.7,334.7997,324.6189,316.2355,309.4745,304.1729,300.1596,297.2467,295.2307,293.8976,293.031,292.4192,291.8631,291.1825,290.2233,288.8643,287.024,284.666,281.8027,278.4951,274.848,356.0,272.0,1793.9108,214.2519,719.4865999999997,-2.290399999999977
2718,2718,2718.0,2718.0,2718.0,2718.0,2718.0,2718.0,2718.0,2718.0,,,,,,,,,,,,,,,,,,,,,,,,,,,,,,,,,,,,,,,,,,,,,,,,,,,,,,,,,,,,,,,,,,,0.8,342.7595,331.7562,322.616,315.0523,308.8316,303.7517,299.629,296.2924,293.5817,291.3483,289.4568,287.7872,286.2367,284.7213,283.1763,281.557,279.8373,278.0089,276.0789,274.0666,358.0,273.0,2008.1627,246.9271000000001,505.23469999999975,-0.4482999999999606
2719,2719,2719.0,2719.0,2719.0,2719.0,2719.0,2719.0,2719.0,2719.0,,,,,,,,,,,,,,,,,,,,,,,,,,,,,,,,,,,,,,,,,,,,,,,,,,,,,,,,,,,,,,,,,,,0.9,344.7112,333.6881,324.5005,316.8203,310.3894,304.9986,300.4736,296.6662,293.4481,290.7078,288.3486,286.2872,284.4529,282.7872,281.2427,279.7825,278.3785,277.0105,275.6641,274.3295,356.0,274.0,2255.0898,258.30759999999964,258.30759999999964,-1.051400000000001
2720,2720,2720.0,2720.0,2720.0,2720.0,2720.0,2720.0,2720.0,2720.0,,,,,,,,,,,,,,,,,,,,,,,,,,,,,,,,,,,,,,,,,,,,,,,,,,,,,,,,,,,,,,,,,,,0.0,273.0,273.0,273.0,273.0,273.0,273.0,273.0,273.0,273.0,273.0,273.0,273.0,273.0,273.0,273.0,273.0,273.0,273.0,273.0,273.0,311.0,272.0,0.0,433.9776,3279.9774,-20.0
2721,2721,2721.0,2721.0,2721.0,2721.0,2721.0,2721.0,2721.0,2721.0,,,,,,,,,,,,,,,,,,,,,,,,,,,,,,,,,,,,,,,,,,,,,,,,,,,,,,,,,,,,,,,,,,,0.1,303.3107,296.6095,290.9034,286.1839,282.4083,279.4957,277.3331,275.7889,274.7285,274.0265,273.5758,273.2909,273.1075,272.9794,272.8749,272.773,272.6605,272.5294,272.376,272.1993,322.0,274.0,433.9776,396.3642,2845.9998,-14.554300000000012
2722,2722,2722.0,2722.0,2722.0,2722.0,2722.0,2722.0,2722.0,2722.0,,,,,,,,,,,,,,,,,,,,,,,,,,,,,,,,,,,,,,,,,,,,,,,,,,,,,,,,,,,,,,,,,,,0.2,313.314,305.8213,299.4019,293.9598,289.4076,285.6576,282.6187,280.1972,278.3004,276.8404,275.7372,274.9217,274.3359,273.9333,273.6779,273.5417,273.5031,273.5447,273.6511,273.8077,332.0,275.0,830.3418,362.4237,2449.6356,-9.542399999999986
2723,2723,2723.0,2723.0,2723.0,2723.0,2723.0,2723.0,2723.0,2723.0,,,,,,,,,,,,,,,,,,,,,,,,,,,,,,,,,,,,,,,,,,,,,,,,,,,,,,,,,,,,,,,,,,,0.3,321.9943,313.4475,306.1621,299.9839,294.7834,290.4448,286.8605,283.9293,281.5574,279.6598,278.1614,276.9975,276.1137,275.4648,275.0136,274.7295,274.5864,274.5617,274.635,274.7872,339.0,271.0,1192.7655,336.25800000000004,2087.2119,-6.005200000000002
2724,2724,2724.0,2724.0,2724.0,2724.0,2724.0,2724.0,2724.0,2724.0,,,,,,,,,,,,,,,,,,,,,,,,,,,,,,,,,,,,,,,,,,,,,,,,,,,,,,,,,,,,,,,,,,,0.4,328.1333,318.921,311.1034,304.4797,298.8874,294.1884,290.2615,286.9982,284.3003,282.0791,280.2544,278.7535,277.5104,276.4653,275.5639,274.7583,274.0073,273.2776,272.5438,271.7886,345.0,275.0,1529.0235,319.78829999999994,1750.9539000000002,-3.61160000000001
2725,2725,2725.0,2725.0,2725.0,2725.0,2725.0,2725.0,2725.0,2725.0,,,,,,,,,,,,,,,,,,,,,,,,,,,,,,,,,,,,,,,,,,,,,,,,,,,,,,,,,,,,,,,,,,,0.5,333.3154,323.4666,315.142,308.1016,302.1538,297.1395,292.9231,289.3873,286.4302,283.9642,281.9154,280.2221,278.8346,277.7131,276.8256,276.1457,275.6498,275.3142,275.1135,275.0191,349.0,274.0,1848.8118,302.67729999999983,1431.1656000000005,-2.110500000000002
2726,2726,2726.0,2726.0,2726.0,2726.0,2726.0,2726.0,2726.0,2726.0,,,,,,,,,,,,,,,,,,,,,,,,,,,,,,,,,,,,,,,,,,,,,,,,,,,,,,,,,,,,,,,,,,,0.6,336.8268,326.6116,318.0033,310.733,304.5884,299.3974,295.017,291.3265,288.2228,285.6177,283.4358,281.612,280.0901,278.8213,277.7628,276.877,276.1305,275.494,274.9417,274.4505,350.0,272.0,2151.4891,292.33780000000024,1128.4883000000004,-1.4026000000000067
2727,2727,2727.0,2727.0,2727.0,2727.0,2727.0,2727.0,2727.0,2727.0,,,,,,,,,,,,,,,,,,,,,,,,,,,,,,,,,,,,,,,,,,,,,,,,,,,,,,,,,,,,,,,,,,,0.7,337.8918,327.7631,319.2431,312.0473,305.9533,300.7835,296.3933,292.6632,289.4926,286.7954,284.4973,282.5327,280.8432,279.3764,278.0848,276.9261,275.8631,274.8637,273.901,272.9526,353.0,276.0,2443.8269,285.90599999999995,836.1505000000002,-1.666499999999985
2728,2728,2728.0,2728.0,2728.0,2728.0,2728.0,2728.0,2728.0,2728.0,,,,,,,,,,,,,,,,,,,,,,,,,,,,,,,,,,,,,,,,,,,,,,,,,,,,,,,,,,,,,,,,,,,0.8,340.3855,329.8559,321.0188,313.5737,307.2846,301.9617,297.4502,293.6217,290.3698,287.6064,285.2595,283.2708,281.5941,280.1932,279.0394,278.109,277.3803,276.8312,276.4372,276.1703,356.0,275.0,2729.7329,277.06500000000005,550.2445000000002,-2.238299999999981
2729,2729,2729.0,2729.0,2729.0,2729.0,2729.0,2729.0,2729.0,2729.0,,,,,,,,,,,,,,,,,,,,,,,,,,,,,,,,,,,,,,,,,,,,,,,,,,,,,,,,,,,,,,,,,,,0.9,342.8862,331.9619,322.8101,315.113,308.6223,303.1393,298.502,294.5768,291.2522,288.4351,286.0471,284.0223,282.3046,280.8459,279.605,278.5456,277.6362,276.8494,276.1613,275.5509,356.0,272.0,3006.7979,273.1795000000002,273.1795000000002,-2.91070000000002
2730,2730,2730.0,2730.0,2730.0,2730.0,2730.0,2730.0,2730.0,2730.0,,,,,,,,,,,,,,,,,,,,,,,,,,,,,,,,,,,,,,,,,,,,,,,,,,,,,,,,,,,,,,,,,,,0.0,273.0,273.0,273.0,273.0,273.0,273.0,273.0,273.0,273.0,273.0,273.0,273.0,273.0,273.0,273.0,273.0,273.0,273.0,273.0,273.0,310.0,274.0,0.0,433.311,3281.5363000000007,-20.0
2731,2731,2731.0,2731.0,2731.0,2731.0,2731.0,2731.0,2731.0,2731.0,,,,,,,,,,,,,,,,,,,,,,,,,,,,,,,,,,,,,,,,,,,,,,,,,,,,,,,,,,,,,,,,,,,0.1,302.5169,295.993,290.4368,285.8408,282.1643,279.3288,277.2249,275.7256,274.7009,274.0311,273.6152,273.3742,273.2509,273.207,273.2187,273.2723,273.3607,273.48,273.6279,273.802,324.0,271.0,433.311,394.9537,2848.2253000000005,-14.72120000000001
2732,2732,2732.0,2732.0,2732.0,2732.0,2732.0,2732.0,2732.0,2732.0,,,,,,,,,,,,,,,,,,,,,,,,,,,,,,,,,,,,,,,,,,,,,,,,,,,,,,,,,,,,,,,,,,,0.2,314.8629,306.9852,300.2454,294.5463,289.7974,285.9054,282.7714,280.2922,278.3641,276.8874,275.7697,274.9281,274.2898,273.7924,273.3834,273.0195,272.6671,272.3016,271.9068,271.4741,333.0,274.0,828.2647,364.8973000000001,2453.2716000000005,-9.294600000000004
2733,2733,2733.0,2733.0,2733.0,2733.0,2733.0,2733.0,2733.0,2733.0,,,,,,,,,,,,,,,,,,,,,,,,,,,,,,,,,,,,,,,,,,,,,,,,,,,,,,,,,,,,,,,,,,,0.3,322.8368,314.1598,306.7632,300.4867,295.1967,290.7746,287.1106,284.1022,281.654,279.6795,278.102,276.8559,275.8861,275.148,274.6053,274.2287,273.9931,273.8757,273.8536,273.9034,338.0,274.0,1193.162,337.2798,2088.3743000000004,-5.675399999999968
2734,2734,2734.0,2734.0,2734.0,2734.0,2734.0,2734.0,2734.0,2734.0,,,,,,,,,,,,,,,,,,,,,,,,,,,,,,,,,,,,,,,,,,,,,,,,,,,,,,,,,,,,,,,,,,,0.4,327.3923,318.4,310.7633,304.2813,298.7922,294.1612,290.2722,287.0234,284.3251,282.0981,280.273,278.7892,277.5944,276.6431,275.8957,275.3178,274.8789,274.5516,274.3111,274.1345,346.0,272.0,1530.4418,318.00710000000004,1751.0945000000002,-3.6388000000000034
2735,2735,2735.0,2735.0,2735.0,2735.0,2735.0,2735.0,2735.0,2735.0,,,,,,,,,,,,,,,,,,,,,,,,,,,,,,,,,,,,,,,,,,,,,,,,,,,,,,,,,,,,,,,,,,,0.5,334.0811,324.0364,315.5521,308.3866,302.3461,297.2681,293.0128,289.4575,286.494,284.0274,281.9747,280.2635,278.8305,277.6203,276.5839,275.6786,274.8671,274.1177,273.4041,272.7043,351.0,274.0,1848.4489,304.97709999999984,1433.0874,-1.981899999999996
2736,2736,2736.0,2736.0,2736.0,2736.0,2736.0,2736.0,2736.0,2736.0,,,,,,,,,,,,,,,,,,,,,,,,,,,,,,,,,,,,,,,,,,,,,,,,,,,,,,,,,,,,,,,,,,,0.6,338.4168,327.8627,318.9743,311.4739,305.1421,299.8001,295.2981,291.5088,288.3229,285.647,283.4017,281.5201,279.9464,278.6341,277.5446,276.6447,275.9049,275.2979,274.7966,274.3733,351.0,274.0,2153.426,292.4630000000002,1128.1103000000005,-0.9999000000000252
2737,2737,2737.0,2737.0,2737.0,2737.0,2737.0,2737.0,2737.0,2737.0,,,,,,,,,,,,,,,,,,,,,,,,,,,,,,,,,,,,,,,,,,,,,,,,,,,,,,,,,,,,,,,,,,,0.7,338.7383,328.4868,319.8642,312.5788,306.4034,301.158,296.6977,292.9039,289.6782,286.938,284.6131,282.6431,280.976,279.5662,278.3736,277.3627,276.5013,275.7605,275.1132,274.5344,352.0,275.0,2445.889,283.3454999999999,835.6473000000001,-1.2919999999999732
2738,2738,2738.0,2738.0,2738.0,2738.0,2738.0,2738.0,2738.0,2738.0,,,,,,,,,,,,,,,,,,,,,,,,,,,,,,,,,,,,,,,,,,,,,,,,,,,,,,,,,,,,,,,,,,,0.8,339.6556,329.3553,320.7085,313.4161,307.2442,302.0069,297.5544,293.7642,290.5354,287.7842,285.4411,283.4478,281.7553,280.3224,279.1137,278.0983,277.2485,276.5384,275.9431,275.4383,355.0,273.0,2729.2345,277.34259999999995,552.3018000000002,-2.193100000000016
2739,2739,2739.0,2739.0,2739.0,2739.0,2739.0,2739.0,2739.0,2739.0,,,,,,,,,,,,,,,,,,,,,,,,,,,,,,,,,,,,,,,,,,,,,,,,,,,,,,,,,,,,,,,,,,,0.9,342.0978,331.349,322.344,314.7693,308.3797,302.9783,298.4043,294.5247,291.2278,288.4197,286.0205,283.9615,282.1834,280.634,279.2673,278.0431,276.9259,275.8858,274.8978,273.9415,355.0,274.0,3006.5771,274.95920000000024,274.95920000000024,-3.071700000000021
2740,2740,2740.0,2740.0,2740.0,2740.0,2740.0,2740.0,2740.0,2740.0,,,,,,,,,,,,,,,,,,,,,,,,,,,,,,,,,,,,,,,,,,,,,,,,,,,,,,,,,,,,,,,,,,,0.0,273.0,273.0,273.0,273.0,273.0,273.0,273.0,273.0,273.0,273.0,273.0,273.0,273.0,273.0,273.0,273.0,273.0,273.0,273.0,273.0,311.0,273.0,0.0,433.4811,3248.4441,-20.0
2741,2741,2741.0,2741.0,2741.0,2741.0,2741.0,2741.0,2741.0,2741.0,,,,,,,,,,,,,,,,,,,,,,,,,,,,,,,,,,,,,,,,,,,,,,,,,,,,,,,,,,,,,,,,,,,0.1,303.3108,296.6095,290.9035,286.1842,282.4089,279.4969,277.3356,275.7937,274.7374,274.0424,273.6034,273.337,273.1816,273.0945,273.0475,273.023,273.0108,273.0049,273.0021,273.0008,325.0,274.0,433.4811,394.1036,2814.963,-14.553100000000027
2742,2742,2742.0,2742.0,2742.0,2742.0,2742.0,2742.0,2742.0,2742.0,,,,,,,,,,,,,,,,,,,,,,,,,,,,,,,,,,,,,,,,,,,,,,,,,,,,,,,,,,,,,,,,,,,0.2,315.6849,307.6572,300.7903,294.9829,290.142,286.1723,282.9736,280.4422,278.4749,276.9743,275.8518,275.031,274.4479,274.0508,273.7991,273.6616,273.6143,273.6386,273.7192,273.8436,335.0,275.0,827.5847,359.2841,2420.8594000000003,-9.027699999999982
2743,2743,2743.0,2743.0,2743.0,2743.0,2743.0,2743.0,2743.0,2743.0,,,,,,,,,,,,,,,,,,,,,,,,,,,,,,,,,,,,,,,,,,,,,,,,,,,,,,,,,,,,,,,,,,,0.3,324.4538,315.4576,307.7964,301.3035,295.8405,291.2845,287.5222,284.4472,281.961,279.974,278.4068,277.1907,276.2674,275.5883,275.1135,274.8098,274.6495,274.6088,274.6665,274.803,340.0,275.0,1186.8688,331.2168000000001,2061.5753000000004,-5.165500000000009
2744,2744,2744.0,2744.0,2744.0,2744.0,2744.0,2744.0,2744.0,2744.0,,,,,,,,,,,,,,,,,,,,,,,,,,,,,,,,,,,,,,,,,,,,,,,,,,,,,,,,,,,,,,,,,,,0.4,329.0465,319.7717,311.9031,305.2308,299.5868,294.8315,290.8453,287.5235,284.7738,282.5149,280.6754,279.193,278.0137,277.0908,276.3838,275.8579,275.4826,275.2314,275.0809,275.0101,346.0,274.0,1518.0856,311.6601999999998,1730.3585,-2.968500000000006
2745,2745,2745.0,2745.0,2745.0,2745.0,2745.0,2745.0,2745.0,2745.0,,,,,,,,,,,,,,,,,,,,,,,,,,,,,,,,,,,,,,,,,,,,,,,,,,,,,,,,,,,,,,,,,,,0.5,334.1797,324.2274,315.8233,308.722,302.728,297.6797,293.4403,289.8915,286.9307,284.4685,282.4273,280.7402,279.349,278.203,277.2584,276.4767,275.8247,275.2738,274.7994,274.3808,351.0,274.0,1829.7458,298.6685,1418.6983000000002,-1.5702999999999747
2746,2746,2746.0,2746.0,2746.0,2746.0,2746.0,2746.0,2746.0,2746.0,,,,,,,,,,,,,,,,,,,,,,,,,,,,,,,,,,,,,,,,,,,,,,,,,,,,,,,,,,,,,,,,,,,0.6,338.4611,327.9508,319.105,311.6454,305.352,300.0461,295.578,291.8206,288.6651,286.0181,283.7995,281.9408,280.3838,279.0784,277.9818,277.057,276.2717,275.5976,275.0093,274.4839,350.0,276.0,2128.4143,287.8580000000002,1120.0298000000005,-0.7538999999999874
2747,2747,2747.0,2747.0,2747.0,2747.0,2747.0,2747.0,2747.0,2747.0,,,,,,,,,,,,,,,,,,,,,,,,,,,,,,,,,,,,,,,,,,,,,,,,,,,,,,,,,,,,,,,,,,,0.7,337.9851,327.9435,319.4987,312.3622,306.3096,301.1639,296.7837,293.0542,289.8813,287.187,284.906,282.9837,281.3743,280.0393,278.9462,278.0665,277.3748,276.8467,276.458,276.1841,353.0,272.0,2416.2723,280.0167999999999,832.1718000000001,-1.2860999999999765
2748,2748,2748.0,2748.0,2748.0,2748.0,2748.0,2748.0,2748.0,2748.0,,,,,,,,,,,,,,,,,,,,,,,,,,,,,,,,,,,,,,,,,,,,,,,,,,,,,,,,,,,,,,,,,,,0.8,340.4265,329.9377,321.1406,313.7343,307.4827,302.1959,297.7189,293.9227,290.6988,287.9549,285.6113,283.5982,281.8532,280.3202,278.948,277.6911,276.5099,275.3719,274.2519,273.1319,352.0,275.0,2696.2891,277.8103000000001,552.1550000000002,-2.004099999999994
2749,2749,2749.0,2749.0,2749.0,2749.0,2749.0,2749.0,2749.0,2749.0,,,,,,,,,,,,,,,,,,,,,,,,,,,,,,,,,,,,,,,,,,,,,,,,,,,,,,,,,,,,,,,,,,,0.9,339.7908,329.6195,321.0894,313.896,307.8022,302.6205,298.2011,294.4227,291.186,288.4093,286.025,283.9772,282.2201,280.716,279.4336,278.3466,277.4309,276.6633,276.0197,275.4744,356.0,272.0,2974.0994,274.3447000000001,274.3447000000001,-3.429500000000018
2750,2750,2750.0,2750.0,2750.0,2750.0,2750.0,2750.0,2750.0,2750.0,,,,,,,,,,,,,,,,,,,,,,,,,,,,,,,,,,,,,,,,,,,,,,,,,,,,,,,,,,,,,,,,,,,0.0,273.0,273.0,273.0,273.0,273.0,273.0,273.0,273.0,273.0,273.0,273.0,273.0,273.0,273.0,273.0,273.0,273.0,273.0,273.0,273.0,310.0,272.0,0.0,434.3023,3277.8602,-20.0
2751,2751,2751.0,2751.0,2751.0,2751.0,2751.0,2751.0,2751.0,2751.0,,,,,,,,,,,,,,,,,,,,,,,,,,,,,,,,,,,,,,,,,,,,,,,,,,,,,,,,,,,,,,,,,,,0.1,302.5169,295.9929,290.4365,285.8402,282.1631,279.3263,277.2199,275.716,274.6831,273.9992,273.56,273.2821,273.1027,272.9769,272.8737,272.7724,272.6602,272.5293,272.376,272.1993,324.0,272.0,434.3023,397.7227,2843.5579,-14.723700000000008
2752,2752,2752.0,2752.0,2752.0,2752.0,2752.0,2752.0,2752.0,2752.0,,,,,,,,,,,,,,,,,,,,,,,,,,,,,,,,,,,,,,,,,,,,,,,,,,,,,,,,,,,,,,,,,,,0.2,314.8607,306.9805,300.2374,294.5336,289.7781,285.8771,282.7313,280.2372,278.2917,276.7964,275.6612,274.8074,274.1679,273.6872,273.3207,273.0331,272.7967,272.5901,272.3969,272.2039,331.0,275.0,832.025,365.0431,2445.8352,-9.322900000000004
2753,2753,2753.0,2753.0,2753.0,2753.0,2753.0,2753.0,2753.0,2753.0,,,,,,,,,,,,,,,,,,,,,,,,,,,,,,,,,,,,,,,,,,,,,,,,,,,,,,,,,,,,,,,,,,,0.3,321.2581,312.936,305.8342,299.7971,294.6961,290.4184,286.8616,283.9312,281.5401,279.6097,278.0708,276.8641,275.9399,275.258,274.7856,274.496,274.366,274.3741,274.4982,274.7151,341.0,272.0,1197.0681,337.4524000000001,2080.7921,-6.031599999999969
2754,2754,2754.0,2754.0,2754.0,2754.0,2754.0,2754.0,2754.0,2754.0,,,,,,,,,,,,,,,,,,,,,,,,,,,,,,,,,,,,,,,,,,,,,,,,,,,,,,,,,,,,,,,,,,,0.4,329.6827,320.0907,311.9582,305.0799,299.2879,294.4377,290.4008,287.0606,284.3117,282.0597,280.2208,278.721,277.4952,276.4858,275.6418,274.9188,274.2783,273.6886,273.1245,272.5665,344.0,273.0,1534.5205,319.46219999999994,1743.3397,-3.3623000000000047
2755,2755,2755.0,2755.0,2755.0,2755.0,2755.0,2755.0,2755.0,2755.0,,,,,,,,,,,,,,,,,,,,,,,,,,,,,,,,,,,,,,,,,,,,,,,,,,,,,,,,,,,,,,,,,,,0.5,332.5858,322.9664,314.8297,307.9358,302.0947,297.1513,292.9758,289.4575,286.5006,284.0216,281.9481,280.2171,278.7744,277.5728,276.5716,275.7354,275.0326,274.4343,273.9134,273.4439,349.0,275.0,1853.9827,304.4400999999998,1423.8775,-2.098700000000008
2756,2756,2756.0,2756.0,2756.0,2756.0,2756.0,2756.0,2756.0,2756.0,,,,,,,,,,,,,,,,,,,,,,,,,,,,,,,,,,,,,,,,,,,,,,,,,,,,,,,,,,,,,,,,,,,0.6,336.8119,326.5836,317.9653,310.6886,304.5409,299.3488,294.9678,291.2752,288.167,285.555,283.3653,281.5362,280.0171,278.7661,277.7486,276.9348,276.298,275.8124,275.4522,275.1907,352.0,275.0,2158.4228,291.0100000000002,1119.4374000000005,-1.4512000000000285
2757,2757,2757.0,2757.0,2757.0,2757.0,2757.0,2757.0,2757.0,2757.0,,,,,,,,,,,,,,,,,,,,,,,,,,,,,,,,,,,,,,,,,,,,,,,,,,,,,,,,,,,,,,,,,,,0.7,339.4484,328.9509,320.1267,312.6851,306.398,301.0822,296.5874,292.7887,289.581,286.8759,284.5985,282.6855,281.0832,279.7458,278.6337,277.7125,276.9518,276.3243,275.805,275.3707,355.0,274.0,2449.4328,282.2125000000001,828.4274,-1.3677999999999884
2758,2758,2758.0,2758.0,2758.0,2758.0,2758.0,2758.0,2758.0,2758.0,,,,,,,,,,,,,,,,,,,,,,,,,,,,,,,,,,,,,,,,,,,,,,,,,,,,,,,,,,,,,,,,,,,0.8,342.0056,331.167,322.0771,314.4255,307.9694,302.5144,297.9016,293.9989,290.6957,287.8983,285.5274,283.5148,281.8023,280.339,279.0808,277.9892,277.0305,276.1756,275.3994,274.6805,356.0,276.0,2731.6453,276.2574,546.2149,-1.6855999999999651
2759,2759,2759.0,2759.0,2759.0,2759.0,2759.0,2759.0,2759.0,2759.0,,,,,,,,,,,,,,,,,,,,,,,,,,,,,,,,,,,,,,,,,,,,,,,,,,,,,,,,,,,,,,,,,,,0.9,342.9687,332.1208,323.0337,315.3852,308.925,303.4541,298.8125,294.8696,291.5176,288.6676,286.2456,284.1907,282.4524,280.9893,279.7669,278.7559,277.9303,277.2659,276.7388,276.3249,355.0,275.0,3007.9027,269.9575,269.9575,-2.5959000000000287
2760,2760,2760.0,2760.0,2760.0,2760.0,2760.0,2760.0,2760.0,,,,,,,,,,,,,,,,,,,,,,,,,,,,,,,,,,,,,,,,,,,,,,,,,,,,,,,,,,,,,,,,,,,,0.0,273.0,273.0,273.0,273.0,273.0,273.0,273.0,273.0,273.0,273.0,273.0,273.0,273.0,273.0,273.0,273.0,273.0,273.0,273.0,273.0,313.0,295.0,0.0,422.3652,4469.3583,-20.0
2761,2761,2761.0,2761.0,2761.0,2761.0,2761.0,2761.0,2761.0,,,,,,,,,,,,,,,,,,,,,,,,,,,,,,,,,,,,,,,,,,,,,,,,,,,,,,,,,,,,,,,,,,,,0.1,304.8983,297.8431,291.8394,286.8771,282.9123,279.863,277.6164,276.0448,275.0235,274.447,274.24,274.3634,274.8138,275.6185,276.8259,278.4936,280.6755,283.4103,286.7148,290.5843,173.0,311.0,422.3652,403.6524,4046.9931,-14.187000000000012
2762,2762,2762.0,2762.0,2762.0,2762.0,2762.0,2762.0,2762.0,,,,,,,,,,,,,,,,,,,,,,,,,,,,,,,,,,,,,,,,,,,,,,,,,,,,,,,,,,,,,,,,,,,,0.2,193.5965,212.2709,228.4782,241.9125,252.5317,260.5303,266.2753,270.2295,272.8794,274.682,276.0338,277.2599,278.6178,280.3083,282.4877,285.2776,288.7718,293.0411,298.1386,304.1085,176.0,421.0,826.0176,496.6536,3643.3407,-34.66969999999998
2763,2763,2763.0,2763.0,2763.0,2763.0,2763.0,2763.0,2763.0,,,,,,,,,,,,,,,,,,,,,,,,,,,,,,,,,,,,,,,,,,,,,,,,,,,,,,,,,,,,,,,,,,,,0.3,191.2339,205.1545,217.684,228.7883,238.4848,246.8464,254.0026,260.1394,265.5,270.3847,275.1519,280.2171,286.0467,293.1449,302.0321,313.2199,327.191,344.4014,365.3235,390.5524,191.0,275.0,1322.6712,497.36439999999993,3146.6871,-49.6036
2764,2764,2764.0,2764.0,2764.0,2764.0,2764.0,2764.0,2764.0,,,,,,,,,,,,,,,,,,,,,,,,,,,,,,,,,,,,,,,,,,,,,,,,,,,,,,,,,,,,,,,,,,,,0.4,202.0893,212.1949,221.4362,229.9236,237.7546,245.0141,251.7751,258.0983,264.0268,269.576,274.7206,279.3813,283.418,286.6358,288.8086,289.7199,289.2182,287.273,284.019,279.7709,239.0,272.0,1820.0356,573.7021000000002,2649.3227,-52.7859
2765,2765,2765.0,2765.0,2765.0,2765.0,2765.0,2765.0,2765.0,,,,,,,,,,,,,,,,,,,,,,,,,,,,,,,,,,,,,,,,,,,,,,,,,,,,,,,,,,,,,,,,,,,,0.5,241.1998,243.1411,245.1154,247.3314,249.8997,252.8342,256.069,259.4838,262.9296,266.252,269.3072,271.9714,274.1464,275.7616,276.7758,277.1792,276.9947,276.2798,275.125,273.6508,174.0,394.0,2393.7377,586.8627999999999,2075.6206,-46.41579999999999
2766,2766,2766.0,2766.0,2766.0,2766.0,2766.0,2766.0,2766.0,,,,,,,,,,,,,,,,,,,,,,,,,,,,,,,,,,,,,,,,,,,,,,,,,,,,,,,,,,,,,,,,,,,,0.6,190.0137,204.5442,217.394,228.4733,237.8116,245.5481,251.9071,257.169,261.6469,265.674,269.603,273.8121,278.7116,284.742,292.3605,302.015,314.1158,329.0192,347.0433,368.5346,251.0,421.0,2980.6005,489.1916999999999,1488.7578,-55.251900000000006
2767,2767,2767.0,2767.0,2767.0,2767.0,2767.0,2767.0,2767.0,,,,,,,,,,,,,,,,,,,,,,,,,,,,,,,,,,,,,,,,,,,,,,,,,,,,,,,,,,,,,,,,,,,,0.7,250.5643,250.1318,250.0604,250.6087,251.92,254.0327,256.911,260.4872,264.7026,269.5411,275.0489,281.3412,288.599,297.0592,307.004,318.7544,332.6745,349.1937,368.8577,392.4201,207.0,473.0,3469.7922,334.2363,999.5661,-48.41729999999998
2768,2768,2768.0,2768.0,2768.0,2768.0,2768.0,2768.0,2768.0,,,,,,,,,,,,,,,,,,,,,,,,,,,,,,,,,,,,,,,,,,,,,,,,,,,,,,,,,,,,,,,,,,,,0.8,217.4843,226.9486,235.3842,242.8409,249.436,255.3491,260.8081,266.0722,271.4164,277.1234,283.4825,290.794,299.3776,309.5824,321.7979,336.469,354.1255,375.4375,401.3207,433.1286,172.0,473.0,3804.0285,313.67549999999983,665.3298,-48.8509
2769,2769,2769.0,2769.0,2769.0,2769.0,2769.0,2769.0,2769.0,,,,,,,,,,,,,,,,,,,,,,,,,,,,,,,,,,,,,,,,,,,,,,,,,,,,,,,,,,,,,,,,,,,,0.9,188.3708,203.3748,216.9265,229.0227,239.7519,249.2883,257.8753,265.802,273.3815,280.9337,288.7754,297.2185,306.5756,317.1733,329.3727,343.6002,360.3921,380.4629,404.813,434.9083,174.0,473.0,4117.704,351.6543000000001,351.6543000000001,-56.76170000000002
2770,2770,2770.0,2770.0,2770.0,2770.0,2770.0,2770.0,2770.0,,,,,,,,,,,,,,,,,,,,,,,,,,,,,,,,,,,,,,,,,,,,,,,,,,,,,,,,,,,,,,,,,,,,0.0,273.0,273.0,273.0,273.0,273.0,273.0,273.0,273.0,273.0,273.0,273.0,273.0,273.0,273.0,273.0,273.0,273.0,273.0,273.0,273.0,316.0,292.0,0.0,422.8029,3777.8292,-20.0
2771,2771,2771.0,2771.0,2771.0,2771.0,2771.0,2771.0,2771.0,,,,,,,,,,,,,,,,,,,,,,,,,,,,,,,,,,,,,,,,,,,,,,,,,,,,,,,,,,,,,,,,,,,,0.1,307.2772,299.6895,293.2368,287.9049,283.6447,280.3665,277.9477,276.2489,275.1329,274.481,274.205,274.2527,274.6076,275.2838,276.317,277.7531,279.6362,281.9981,284.8521,288.1922,172.0,325.0,422.8029,400.1,3355.0262999999995,-13.683500000000038
2772,2772,2772.0,2772.0,2772.0,2772.0,2772.0,2772.0,2772.0,,,,,,,,,,,,,,,,,,,,,,,,,,,,,,,,,,,,,,,,,,,,,,,,,,,,,,,,,,,,,,,,,,,,0.2,192.8884,211.8289,228.2605,241.8676,252.6063,260.6759,266.4545,270.4203,273.0799,274.915,276.3526,277.7553,279.4259,281.6167,284.5392,288.3689,293.2467,299.2787,306.541,315.0926,262.0,444.0,822.9029,411.3869,2954.9263,-34.524099999999976
2773,2773,2773.0,2773.0,2773.0,2773.0,2773.0,2773.0,2773.0,,,,,,,,,,,,,,,,,,,,,,,,,,,,,,,,,,,,,,,,,,,,,,,,,,,,,,,,,,,,,,,,,,,,0.3,261.0611,260.2481,259.8488,260.053,260.9387,262.4867,264.6178,267.2421,270.3089,273.8467,277.9894,282.9864,289.1952,297.0606,307.0835,319.7867,335.6926,355.331,379.3021,408.4234,171.0,471.0,1234.2898,294.5934,2543.5394,-33.963300000000004
2774,2774,2774.0,2774.0,2774.0,2774.0,2774.0,2774.0,2774.0,,,,,,,,,,,,,,,,,,,,,,,,,,,,,,,,,,,,,,,,,,,,,,,,,,,,,,,,,,,,,,,,,,,,0.4,189.2907,205.9623,220.7313,233.474,244.2456,253.2653,260.8788,267.5092,273.6127,279.6452,286.0439,293.2222,301.5758,311.4945,323.38,337.6709,354.8814,375.6654,400.9257,432.0012,172.0,473.0,1528.8832,342.66110000000003,2248.946,-44.534700000000015
2775,2775,2775.0,2775.0,2775.0,2775.0,2775.0,2775.0,2775.0,,,,,,,,,,,,,,,,,,,,,,,,,,,,,,,,,,,,,,,,,,,,,,,,,,,,,,,,,,,,,,,,,,,,0.5,187.4241,201.6135,214.5863,226.395,237.1316,246.9282,255.9551,264.4162,272.5442,280.5948,288.8428,297.5804,307.119,317.7978,329.9975,344.167,360.864,380.8206,405.0499,435.0252,172.0,472.0,1871.5443,369.6768000000002,1906.2849,-52.3218
2776,2776,2776.0,2776.0,2776.0,2776.0,2776.0,2776.0,2776.0,,,,,,,,,,,,,,,,,,,,,,,,,,,,,,,,,,,,,,,,,,,,,,,,,,,,,,,,,,,,,,,,,,,,0.6,186.7949,200.4257,212.9707,224.5262,235.2071,245.1463,254.494,263.4169,272.0976,280.7353,289.5469,298.7713,308.6756,319.5666,331.8073,345.8434,362.243,381.7594,405.4322,434.7583,171.0,473.0,2241.2211,379.8678999999997,1536.6081,-55.653700000000015
2777,2777,2777.0,2777.0,2777.0,2777.0,2777.0,2777.0,2777.0,,,,,,,,,,,,,,,,,,,,,,,,,,,,,,,,,,,,,,,,,,,,,,,,,,,,,,,,,,,,,,,,,,,,0.7,185.7988,199.4401,212.0128,223.6214,234.3859,244.4404,253.9324,263.0223,271.8833,280.7035,289.6886,299.0675,309.1004,320.0907,332.4024,346.4869,362.9215,382.4724,406.1951,435.6074,171.0,472.0,2621.089,384.6127999999999,1156.7402000000002,-58.00959999999998
2778,2778,2778.0,2778.0,2778.0,2778.0,2778.0,2778.0,2778.0,,,,,,,,,,,,,,,,,,,,,,,,,,,,,,,,,,,,,,,,,,,,,,,,,,,,,,,,,,,,,,,,,,,,0.8,185.7043,199.2612,211.7679,223.3347,234.0841,244.1497,253.6753,262.8161,271.7384,280.623,289.6679,299.0948,309.1568,320.151,332.4362,346.4593,362.7943,382.2046,405.7419,434.9161,171.0,472.0,3005.7018,386.8920000000003,772.1274000000003,-60.05029999999999
2779,2779,2779.0,2779.0,2779.0,2779.0,2779.0,2779.0,2779.0,,,,,,,,,,,,,,,,,,,,,,,,,,,,,,,,,,,,,,,,,,,,,,,,,,,,,,,,,,,,,,,,,,,,0.9,185.6721,199.1994,211.6812,223.2295,233.9676,244.0288,253.5565,262.7043,271.637,280.5333,289.5898,299.0269,309.0972,320.0979,332.3885,346.4166,362.7575,382.1751,405.7213,434.9055,174.0,473.0,3392.5938,385.2354,385.2354,-62.02120000000002
2780,2780,2780.0,2780.0,2780.0,2780.0,2780.0,2780.0,2780.0,,,,,,,,,,,,,,,,,,,,,,,,,,,,,,,,,,,,,,,,,,,,,,,,,,,,,,,,,,,,,,,,,,,,0.0,273.0,273.0,273.0,273.0,273.0,273.0,273.0,273.0,273.0,273.0,273.0,273.0,273.0,273.0,273.0,273.0,273.0,273.0,273.0,273.0,317.0,292.0,0.0,422.4949,3795.3607,-20.0
2781,2781,2781.0,2781.0,2781.0,2781.0,2781.0,2781.0,2781.0,,,,,,,,,,,,,,,,,,,,,,,,,,,,,,,,,,,,,,,,,,,,,,,,,,,,,,,,,,,,,,,,,,,,0.1,308.0698,300.3045,293.7022,288.2474,283.8892,280.5354,278.0605,276.3217,275.1782,274.5082,274.2208,274.2615,274.6124,275.2863,276.3183,277.7537,279.6365,281.9982,284.8521,288.1922,172.0,326.0,422.4949,398.6564,3372.8658,-13.51460000000003
2782,2782,2782.0,2782.0,2782.0,2782.0,2782.0,2782.0,2782.0,,,,,,,,,,,,,,,,,,,,,,,,,,,,,,,,,,,,,,,,,,,,,,,,,,,,,,,,,,,,,,,,,,,,0.2,192.9252,211.8983,228.3554,241.979,252.725,260.7939,266.5657,270.5213,273.1703,274.9971,276.4317,277.8398,279.5271,281.7492,284.7209,288.6209,293.5926,299.7447,307.1548,315.8836,255.0,428.0,821.1513,416.1632,2974.2094,-34.40609999999998
2783,2783,2783.0,2783.0,2783.0,2783.0,2783.0,2783.0,2783.0,,,,,,,,,,,,,,,,,,,,,,,,,,,,,,,,,,,,,,,,,,,,,,,,,,,,,,,,,,,,,,,,,,,,0.3,255.4322,255.844,256.5065,257.5997,259.2009,261.2992,263.8304,266.7215,269.9362,273.5105,277.5753,282.3644,288.2073,295.5101,304.727,316.3302,330.7878,348.5673,370.1834,396.3121,172.0,473.0,1237.3145,315.47220000000016,2558.0462,-35.150800000000004
2784,2784,2784.0,2784.0,2784.0,2784.0,2784.0,2784.0,2784.0,,,,,,,,,,,,,,,,,,,,,,,,,,,,,,,,,,,,,,,,,,,,,,,,,,,,,,,,,,,,,,,,,,,,0.4,189.8248,206.0706,220.4803,232.9442,243.5178,252.4087,259.9426,266.5205,272.5784,278.5591,284.8965,292.0125,300.3219,310.2421,322.2064,336.683,354.208,375.4464,401.3017,433.1118,174.0,473.0,1552.7867,350.8063,2242.574,-45.3913
2785,2785,2785.0,2785.0,2785.0,2785.0,2785.0,2785.0,2785.0,,,,,,,,,,,,,,,,,,,,,,,,,,,,,,,,,,,,,,,,,,,,,,,,,,,,,,,,,,,,,,,,,,,,0.5,188.965,202.7221,215.3018,226.7661,237.2118,246.7719,255.6145,263.9396,271.9748,279.9707,288.1972,296.942,306.5125,317.2431,329.5103,343.7578,360.5385,380.5803,404.8931,434.9484,174.0,473.0,1903.593,369.6804999999997,1891.7677,-52.47810000000001
2786,2786,2786.0,2786.0,2786.0,2786.0,2786.0,2786.0,2786.0,,,,,,,,,,,,,,,,,,,,,,,,,,,,,,,,,,,,,,,,,,,,,,,,,,,,,,,,,,,,,,,,,,,,0.6,188.447,201.7483,213.9884,225.2688,235.7079,245.4404,254.6172,263.4047,271.9841,280.5529,289.3263,298.5412,308.4635,319.3988,331.7099,345.8426,362.366,382.0359,405.8972,435.4573,171.0,473.0,2273.2735,376.6761000000001,1522.0872000000004,-55.3596
2787,2787,2787.0,2787.0,2787.0,2787.0,2787.0,2787.0,2787.0,,,,,,,,,,,,,,,,,,,,,,,,,,,,,,,,,,,,,,,,,,,,,,,,,,,,,,,,,,,,,,,,,,,,0.7,185.8716,199.5763,212.1953,223.8291,234.597,244.6359,254.0983,263.1509,271.9732,280.7582,289.7152,299.0747,309.0969,320.0836,332.3969,346.4852,362.9238,382.4771,406.2,435.6104,173.0,472.0,2649.9496,381.1305000000002,1145.4111000000005,-57.8141
2788,2788,2788.0,2788.0,2788.0,2788.0,2788.0,2788.0,2788.0,,,,,,,,,,,,,,,,,,,,,,,,,,,,,,,,,,,,,,,,,,,,,,,,,,,,,,,,,,,,,,,,,,,,0.8,187.3634,200.6028,212.8253,224.1479,234.6954,244.6,254.0017,263.0495,271.9038,280.7394,289.7493,299.1513,309.1956,320.1773,332.4537,346.4706,362.8015,382.209,405.7445,434.9172,171.0,472.0,3031.0801,381.7754999999997,764.2806,-59.6
2789,2789,2789.0,2789.0,2789.0,2789.0,2789.0,2789.0,2789.0,,,,,,,,,,,,,,,,,,,,,,,,,,,,,,,,,,,,,,,,,,,,,,,,,,,,,,,,,,,,,,,,,,,,0.9,185.7658,199.3772,211.9256,223.5182,234.2771,244.3376,253.8473,262.9651,271.8612,280.719,289.7386,299.1426,309.1848,320.1625,332.435,346.4493,362.7797,382.1895,405.7299,434.9094,174.0,473.0,3412.8556,382.5051000000003,382.5051000000003,-61.7124
2790,2790,2790.0,2790.0,2790.0,2790.0,2790.0,2790.0,2790.0,,,,,,,,,,,,,,,,,,,,,,,,,,,,,,,,,,,,,,,,,,,,,,,,,,,,,,,,,,,,,,,,,,,,0.0,273.0,273.0,273.0,273.0,273.0,273.0,273.0,273.0,273.0,273.0,273.0,273.0,273.0,273.0,273.0,273.0,273.0,273.0,273.0,273.0,316.0,293.0,0.0,422.3418,4500.4155,-20.0
2791,2791,2791.0,2791.0,2791.0,2791.0,2791.0,2791.0,2791.0,,,,,,,,,,,,,,,,,,,,,,,,,,,,,,,,,,,,,,,,,,,,,,,,,,,,,,,,,,,,,,,,,,,,0.1,307.2773,299.6896,293.2369,287.9052,283.6453,280.3677,277.9502,276.2537,275.1418,274.4969,274.2325,274.2984,274.6811,275.3979,276.488,278.0007,279.9831,282.4692,285.4733,288.9898,173.0,323.0,422.3418,398.7451,4078.0737,-13.682299999999998
2792,2792,2792.0,2792.0,2792.0,2792.0,2792.0,2792.0,2792.0,,,,,,,,,,,,,,,,,,,,,,,,,,,,,,,,,,,,,,,,,,,,,,,,,,,,,,,,,,,,,,,,,,,,0.2,193.7047,212.4749,228.7559,242.2364,252.8737,260.8663,266.5891,270.5163,273.1495,274.9644,276.3815,277.7559,279.3819,281.5024,284.3191,287.9983,292.6727,298.4429,305.3815,313.5458,177.0,411.0,821.0869,481.0533,3679.3286,-34.333699999999965
2793,2793,2793.0,2793.0,2793.0,2793.0,2793.0,2793.0,2793.0,,,,,,,,,,,,,,,,,,,,,,,,,,,,,,,,,,,,,,,,,,,,,,,,,,,,,,,,,,,,,,,,,,,,0.3,192.0992,205.8975,218.3227,229.3452,238.9853,247.3172,254.4693,260.6246,266.0183,270.9377,275.7198,280.749,286.4504,293.2782,301.6983,312.1682,325.1233,340.9799,360.1729,383.2441,204.0,273.0,1302.1402,483.9676999999999,3198.2753,-49.132799999999975
2794,2794,2794.0,2794.0,2794.0,2794.0,2794.0,2794.0,2794.0,,,,,,,,,,,,,,,,,,,,,,,,,,,,,,,,,,,,,,,,,,,,,,,,,,,,,,,,,,,,,,,,,,,,0.4,212.7701,220.7382,228.085,234.9581,241.4662,247.68,253.6397,259.3608,264.8374,270.0386,274.8999,279.3124,283.117,286.1091,288.06,288.7551,288.0452,285.9001,282.4497,277.9979,244.0,271.0,1786.1079,546.346,2714.3076,-50.120000000000005
2795,2795,2795.0,2795.0,2795.0,2795.0,2795.0,2795.0,2795.0,,,,,,,,,,,,,,,,,,,,,,,,,,,,,,,,,,,,,,,,,,,,,,,,,,,,,,,,,,,,,,,,,,,,0.5,245.7937,247.3655,248.9759,250.8132,252.9792,255.4904,258.2916,261.2764,264.3105,267.2513,269.9625,272.3242,274.2384,275.6326,276.4618,276.7117,276.3996,275.5764,274.3247,272.7552,175.0,391.0,2332.4539,565.1199000000001,2167.9616,-43.759600000000006
2796,2796,2796.0,2796.0,2796.0,2796.0,2796.0,2796.0,2796.0,,,,,,,,,,,,,,,,,,,,,,,,,,,,,,,,,,,,,,,,,,,,,,,,,,,,,,,,,,,,,,,,,,,,0.6,191.2297,205.9531,218.949,230.1119,239.4648,247.1486,253.3955,258.4975,262.7804,266.5889,270.2844,274.2506,278.8988,284.6675,292.0086,301.3621,313.1285,327.6513,345.2319,366.192,258.0,420.0,2897.5738,471.5614999999998,1602.8417,-53.65140000000002
2797,2797,2797.0,2797.0,2797.0,2797.0,2797.0,2797.0,2797.0,,,,,,,,,,,,,,,,,,,,,,,,,,,,,,,,,,,,,,,,,,,,,,,,,,,,,,,,,,,,,,,,,,,,0.7,256.4154,254.961,253.9994,253.7895,254.4686,256.0628,258.5194,261.7511,265.6805,270.2748,275.5674,281.6651,288.7443,297.04,306.8343,318.4478,332.2426,348.6429,368.1843,391.6048,175.0,430.0,3369.1353,343.4223000000002,1131.2802,-46.38720000000001
2798,2798,2798.0,2798.0,2798.0,2798.0,2798.0,2798.0,2798.0,,,,,,,,,,,,,,,,,,,,,,,,,,,,,,,,,,,,,,,,,,,,,,,,,,,,,,,,,,,,,,,,,,,,0.8,191.7696,207.0279,220.5616,232.2934,242.2969,250.7821,258.0605,264.5001,270.4846,276.3833,282.5353,289.2469,296.8002,305.4669,315.5278,327.2955,341.1438,357.5489,377.1514,400.8566,172.0,473.0,3712.5576,388.3053,787.8579,-53.417899999999975
2799,2799,2799.0,2799.0,2799.0,2799.0,2799.0,2799.0,2799.0,,,,,,,,,,,,,,,,,,,,,,,,,,,,,,,,,,,,,,,,,,,,,,,,,,,,,,,,,,,,,,,,,,,,0.9,187.1632,201.0857,213.7799,225.294,235.7172,245.1799,253.8511,261.9349,269.667,277.3113,285.1597,293.5334,302.7851,313.3038,325.5226,339.933,357.1144,377.7898,402.9298,433.9401,171.0,472.0,4100.8629,399.5526,399.5526,-60.87010000000001
2800,2800,2800.0,2800.0,2800.0,2800.0,2800.0,2800.0,2800.0,,,,,,,,,,,,,,,,,,,,,,,,,,,,,,,,,,,,,,,,,,,,,,,,,,,,,,,,,,,,,,,,,,,,0.0,273.0,273.0,273.0,273.0,273.0,273.0,273.0,273.0,273.0,273.0,273.0,273.0,273.0,273.0,273.0,273.0,273.0,273.0,273.0,273.0,318.0,294.0,0.0,421.2692,3822.2097,-20.0
2801,2801,2801.0,2801.0,2801.0,2801.0,2801.0,2801.0,2801.0,,,,,,,,,,,,,,,,,,,,,,,,,,,,,,,,,,,,,,,,,,,,,,,,,,,,,,,,,,,,,,,,,,,,0.1,308.8623,300.9195,294.1678,288.5903,284.1347,280.7066,278.1781,276.4039,275.2412,274.5672,274.2914,274.3617,274.7641,275.5168,276.6613,278.2493,280.3304,282.9403,286.0945,289.7873,171.0,330.0,421.2692,393.7386,3400.9405,-13.343400000000033
2802,2802,2802.0,2802.0,2802.0,2802.0,2802.0,2802.0,2802.0,,,,,,,,,,,,,,,,,,,,,,,,,,,,,,,,,,,,,,,,,,,,,,,,,,,,,,,,,,,,,,,,,,,,0.2,192.1489,211.3291,227.9674,241.7416,252.607,260.7671,266.6083,270.6197,273.3198,275.2028,276.7083,278.2119,280.0293,282.4264,285.6282,289.8234,295.1651,301.7709,309.7283,319.1094,179.0,412.0,815.0078,471.1757000000001,3007.2019,-34.43289999999996
2803,2803,2803.0,2803.0,2803.0,2803.0,2803.0,2803.0,2803.0,,,,,,,,,,,,,,,,,,,,,,,,,,,,,,,,,,,,,,,,,,,,,,,,,,,,,,,,,,,,,,,,,,,,0.3,193.6903,207.1145,219.219,229.9868,239.443,247.6602,254.7609,260.9188,266.3591,271.3586,276.2443,281.3897,287.2092,294.1453,302.6528,313.1808,326.1605,342.0115,361.1808,384.2313,309.0,473.0,1286.1835,362.2461999999998,2536.0262,-48.78979999999999
2804,2804,2804.0,2804.0,2804.0,2804.0,2804.0,2804.0,2804.0,,,,,,,,,,,,,,,,,,,,,,,,,,,,,,,,,,,,,,,,,,,,,,,,,,,,,,,,,,,,,,,,,,,,0.4,297.5737,287.5136,279.2217,272.983,268.918,266.9801,266.9947,268.7213,271.9231,276.4249,282.1536,289.156,297.5993,307.7591,320.0031,334.7813,352.6333,374.2304,400.4753,432.6955,171.0,380.0,1648.4297,202.02830000000017,2173.78,-30.81990000000002
2805,2805,2805.0,2805.0,2805.0,2805.0,2805.0,2805.0,2805.0,,,,,,,,,,,,,,,,,,,,,,,,,,,,,,,,,,,,,,,,,,,,,,,,,,,,,,,,,,,,,,,,,,,,0.5,190.8176,208.8632,224.7375,238.2576,249.4793,258.6685,266.2384,272.6712,278.4439,283.9714,289.5727,295.4606,301.7526,308.4992,315.7248,323.4782,331.8867,341.2069,351.8687,364.5087,173.0,367.0,1850.458,329.9740999999999,1971.7517,-40.581500000000005
2806,2806,2806.0,2806.0,2806.0,2806.0,2806.0,2806.0,2806.0,,,,,,,,,,,,,,,,,,,,,,,,,,,,,,,,,,,,,,,,,,,,,,,,,,,,,,,,,,,,,,,,,,,,0.6,188.862,203.4535,216.7524,228.7725,239.5656,249.2208,257.8588,265.6241,272.6768,279.183,285.3086,291.2155,297.0613,303.0051,309.2161,315.8884,323.2572,331.6181,341.349,352.9348,172.0,471.0,2180.4321,422.0283,1641.7776,-51.579200000000014
2807,2807,2807.0,2807.0,2807.0,2807.0,2807.0,2807.0,2807.0,,,,,,,,,,,,,,,,,,,,,,,,,,,,,,,,,,,,,,,,,,,,,,,,,,,,,,,,,,,,,,,,,,,,0.7,186.9345,200.6577,213.2023,224.623,234.9974,244.428,253.0436,261.0034,268.5023,275.7791,283.1249,290.891,299.4931,309.4091,321.173,335.3682,352.6322,373.6928,399.4613,431.2245,174.0,471.0,2602.4604,416.2846,1219.7493,-58.02199999999999
2808,2808,2808.0,2808.0,2808.0,2808.0,2808.0,2808.0,2808.0,,,,,,,,,,,,,,,,,,,,,,,,,,,,,,,,,,,,,,,,,,,,,,,,,,,,,,,,,,,,,,,,,,,,0.8,188.0386,200.9397,212.7938,223.705,233.7918,243.1879,252.0431,260.5253,268.8217,277.14,285.7101,294.786,304.6502,315.6207,328.0652,342.4237,359.247,379.2594,403.4611,433.3034,173.0,473.0,3018.745,405.75750000000016,803.4647,-61.012099999999975
2809,2809,2809.0,2809.0,2809.0,2809.0,2809.0,2809.0,2809.0,,,,,,,,,,,,,,,,,,,,,,,,,,,,,,,,,,,,,,,,,,,,,,,,,,,,,,,,,,,,,,,,,,,,0.9,187.1981,200.2612,212.2882,223.3924,233.7008,243.3533,252.5023,261.3121,269.959,278.6335,287.5426,296.9154,307.0105,318.1279,330.6257,344.9468,361.658,381.5129,405.5544,435.2886,172.0,473.0,3424.5025,397.70719999999983,397.70719999999983,-62.69670000000002
2810,2810,2810.0,2810.0,2810.0,2810.0,2810.0,2810.0,2810.0,,,,,,,,,,,,,,,,,,,,,,,,,,,,,,,,,,,,,,,,,,,,,,,,,,,,,,,,,,,,,,,,,,,,0.0,273.0,273.0,273.0,273.0,273.0,273.0,273.0,273.0,273.0,273.0,273.0,273.0,273.0,273.0,273.0,273.0,273.0,273.0,273.0,273.0,316.0,295.0,0.0,421.425,4815.981300000001,-20.0
2811,2811,2811.0,2811.0,2811.0,2811.0,2811.0,2811.0,2811.0,,,,,,,,,,,,,,,,,,,,,,,,,,,,,,,,,,,,,,,,,,,,,,,,,,,,,,,,,,,,,,,,,,,,0.1,307.2773,299.6896,293.2371,287.9057,283.6465,280.3703,277.9552,276.2633,275.1595,274.5286,274.2873,274.3898,274.8281,275.6259,276.8296,278.4954,280.6763,283.4106,286.715,290.5844,173.0,328.0,421.425,393.8886,4394.556300000001,-13.679700000000024
2812,2812,2812.0,2812.0,2812.0,2812.0,2812.0,2812.0,2812.0,,,,,,,,,,,,,,,,,,,,,,,,,,,,,,,,,,,,,,,,,,,,,,,,,,,,,,,,,,,,,,,,,,,,0.2,193.707,212.48,228.7649,242.2511,252.8969,260.902,266.6438,270.599,273.2731,275.1473,276.649,278.1422,279.9319,282.2732,285.3811,289.4349,294.5803,300.9295,308.5669,317.5627,175.0,417.0,815.3136,473.6611,4000.667700000001,-34.298
2813,2813,2813.0,2813.0,2813.0,2813.0,2813.0,2813.0,2813.0,,,,,,,,,,,,,,,,,,,,,,,,,,,,,,,,,,,,,,,,,,,,,,,,,,,,,,,,,,,,,,,,,,,,0.3,190.4764,204.6274,217.3705,228.6704,238.5466,247.0773,254.3988,260.7041,266.2404,271.3065,276.2513,281.4704,287.3996,294.5036,303.259,314.1359,327.5854,344.0461,363.9874,388.0061,175.0,280.0,1288.9747,502.3236,3527.0066000000006,-49.37269999999998
2814,2814,2814.0,2814.0,2814.0,2814.0,2814.0,2814.0,2814.0,,,,,,,,,,,,,,,,,,,,,,,,,,,,,,,,,,,,,,,,,,,,,,,,,,,,,,,,,,,,,,,,,,,,0.4,189.0407,201.889,213.5793,224.1671,233.7293,242.361,250.1702,257.2668,263.7494,269.6889,275.1106,279.981,284.2011,287.614,290.0287,291.2613,291.1874,289.7968,287.2345,283.8151,222.0,275.0,1791.2983,608.6519000000003,3024.6830000000004,-55.43900000000002
2815,2815,2815.0,2815.0,2815.0,2815.0,2815.0,2815.0,2815.0,,,,,,,,,,,,,,,,,,,,,,,,,,,,,,,,,,,,,,,,,,,,,,,,,,,,,,,,,,,,,,,,,,,,0.5,226.8008,231.1155,235.2289,239.3466,243.5807,247.9522,252.4082,256.8465,261.141,265.1624,268.7932,271.9356,274.5149,276.4818,277.8132,278.5146,278.6226,278.2071,277.3716,276.25,174.0,402.0,2399.9502,626.4754999999996,2416.0311,-51.2978
2816,2816,2816.0,2816.0,2816.0,2816.0,2816.0,2816.0,2816.0,,,,,,,,,,,,,,,,,,,,,,,,,,,,,,,,,,,,,,,,,,,,,,,,,,,,,,,,,,,,,,,,,,,,0.6,189.1245,202.8572,215.0747,225.7332,234.8771,242.633,249.1919,254.7911,259.7,264.2149,268.6627,273.4088,278.8634,285.4774,293.7265,304.0828,316.9854,332.8253,351.966,374.8201,248.0,418.0,3026.4257,509.27040000000034,1789.5556000000006,-58.167
2817,2817,2817.0,2817.0,2817.0,2817.0,2817.0,2817.0,2817.0,,,,,,,,,,,,,,,,,,,,,,,,,,,,,,,,,,,,,,,,,,,,,,,,,,,,,,,,,,,,,,,,,,,,0.7,247.8184,247.6035,247.7253,248.4543,249.9454,252.2469,255.3307,259.1326,263.593,268.6885,274.4521,280.9797,288.4278,297.0059,306.9683,318.6111,332.28,348.3937,367.4932,390.328,172.0,373.0,3535.6961,385.9584,1280.2852000000005,-50.20309999999998
2818,2818,2818.0,2818.0,2818.0,2818.0,2818.0,2818.0,2818.0,,,,,,,,,,,,,,,,,,,,,,,,,,,,,,,,,,,,,,,,,,,,,,,,,,,,,,,,,,,,,,,,,,,,0.8,188.6909,203.8888,217.4082,229.1873,239.3017,247.949,255.4135,262.0219,268.1011,273.9452,279.7964,285.8396,292.209,299.0047,306.318,314.2608,322.9998,332.7895,344.0047,357.1709,172.0,473.0,3921.6545,455.8016999999995,894.3268000000003,-56.250999999999976
2819,2819,2819.0,2819.0,2819.0,2819.0,2819.0,2819.0,2819.0,,,,,,,,,,,,,,,,,,,,,,,,,,,,,,,,,,,,,,,,,,,,,,,,,,,,,,,,,,,,,,,,,,,,0.9,186.7166,200.2116,212.5101,223.6648,233.7586,242.9063,251.2553,258.987,266.3192,273.5107,280.8669,288.7457,297.5605,307.779,319.9193,334.5463,352.2818,373.8449,400.1517,432.5128,172.0,473.0,4377.4562,438.5251000000008,438.5251000000008,-63.14370000000002
2820,2820,2820.0,2820.0,2820.0,2820.0,2820.0,2820.0,,,,,,,,,,,,,,,,,,,,,,,,,,,,,,,,,,,,,,,,,,,,,,,,,,,,,,,,,,,,,,,,,,,,,0.0,273.0,273.0,273.0,273.0,273.0,273.0,273.0,273.0,273.0,273.0,273.0,273.0,273.0,273.0,273.0,273.0,273.0,273.0,273.0,273.0,238.0,384.0,0.0,420.1627,3541.1187,-20.0
2821,2821,2821.0,2821.0,2821.0,2821.0,2821.0,2821.0,,,,,,,,,,,,,,,,,,,,,,,,,,,,,,,,,,,,,,,,,,,,,,,,,,,,,,,,,,,,,,,,,,,,,0.1,244.8478,250.9617,256.2506,260.6731,264.2476,267.0524,269.2175,270.9153,272.3531,273.7707,275.4439,277.6883,280.8616,285.3553,291.5764,299.9181,310.729,324.295,340.85,360.6327,238.0,340.0,420.1627,331.4175,3120.956,-26.99760000000004
2822,2822,2822.0,2822.0,2822.0,2822.0,2822.0,2822.0,,,,,,,,,,,,,,,,,,,,,,,,,,,,,,,,,,,,,,,,,,,,,,,,,,,,,,,,,,,,,,,,,,,,,0.2,243.6635,248.753,253.3121,257.3926,261.0584,264.3878,267.4732,270.4195,273.3387,276.3443,279.5431,283.0288,286.877,291.1465,295.8857,301.1469,307.0065,313.5872,321.0796,329.7594,237.0,333.0,751.5802,328.56370000000004,2789.5385,-30.81219999999996
2823,2823,2823.0,2823.0,2823.0,2823.0,2823.0,2823.0,,,,,,,,,,,,,,,,,,,,,,,,,,,,,,,,,,,,,,,,,,,,,,,,,,,,,,,,,,,,,,,,,,,,,0.3,242.6547,247.751,252.3578,256.5438,260.3786,263.9327,267.2773,270.483,273.6193,276.7532,279.9492,283.2695,286.7762,290.5344,294.6173,299.1129,304.1327,309.8197,316.3587,323.9858,236.0,324.0,1080.1439,341.1118999999999,2460.9748,-32.51729999999998
2824,2824,2824.0,2824.0,2824.0,2824.0,2824.0,2824.0,,,,,,,,,,,,,,,,,,,,,,,,,,,,,,,,,,,,,,,,,,,,,,,,,,,,,,,,,,,,,,,,,,,,,0.4,241.7788,246.9878,251.6973,255.976,259.8912,263.5089,266.893,270.1055,273.205,276.2473,279.2848,282.3679,285.5462,288.8722,292.406,296.2211,300.4123,305.1032,310.4539,316.6682,238.0,319.0,1421.2558,359.2529000000002,2119.8629,-34.29110000000003
2825,2825,2825.0,2825.0,2825.0,2825.0,2825.0,2825.0,,,,,,,,,,,,,,,,,,,,,,,,,,,,,,,,,,,,,,,,,,,,,,,,,,,,,,,,,,,,,,,,,,,,,0.5,243.3142,248.0984,252.4315,256.3861,260.0274,263.4141,266.599,269.6302,272.5528,275.4101,278.2448,281.1006,284.0238,287.0662,290.2876,293.761,297.5767,301.8485,306.7185,312.3634,235.0,310.0,1780.5087,378.8263,1760.61,-35.83589999999998
2826,2826,2826.0,2826.0,2826.0,2826.0,2826.0,2826.0,,,,,,,,,,,,,,,,,,,,,,,,,,,,,,,,,,,,,,,,,,,,,,,,,,,,,,,,,,,,,,,,,,,,,0.6,240.8956,246.1964,250.9629,255.2558,259.1369,262.6683,265.9112,268.9247,271.7639,274.4794,277.1166,279.7161,282.3157,284.9532,287.6704,290.5192,293.5673,296.905,300.6505,304.954,236.0,292.0,2159.335,410.5364,1381.7837,-38.13170000000002
2827,2827,2827.0,2827.0,2827.0,2827.0,2827.0,2827.0,,,,,,,,,,,,,,,,,,,,,,,,,,,,,,,,,,,,,,,,,,,,,,,,,,,,,,,,,,,,,,,,,,,,,0.7,241.543,246.5181,250.9953,255.0394,258.7095,262.0586,265.1336,267.9748,270.6153,273.0804,275.3872,277.5438,279.5509,281.4047,283.1023,284.6495,286.0702,287.4149,288.7671,290.2455,235.0,280.0,2569.8714,456.848,971.2473,-40.391399999999976
2828,2828,2828.0,2828.0,2828.0,2828.0,2828.0,2828.0,,,,,,,,,,,,,,,,,,,,,,,,,,,,,,,,,,,,,,,,,,,,,,,,,,,,,,,,,,,,,,,,,,,,,0.8,240.6496,245.7066,250.231,254.2796,257.9055,261.1571,264.0777,266.7041,269.0655,271.1829,273.0685,274.726,276.1523,277.34,278.2825,278.9797,279.4448,279.711,279.8348,279.8973,472.0,439.0,3026.7194,374.9829,514.3993,-43.042899999999975
2829,2829,2829.0,2829.0,2829.0,2829.0,2829.0,2829.0,,,,,,,,,,,,,,,,,,,,,,,,,,,,,,,,,,,,,,,,,,,,,,,,,,,,,,,,,,,,,,,,,,,,,0.9,426.2344,388.8466,358.2588,333.632,314.3927,299.9894,289.8066,283.182,279.4766,278.1574,278.8639,281.4459,285.9663,292.6736,301.9504,314.251,330.0464,349.8032,374.0243,403.3852,248.0,271.0,3401.7023,139.41640000000007,139.41640000000007,-6.060600000000022
2830,2830,2830.0,2830.0,2830.0,2830.0,2830.0,2830.0,,,,,,,,,,,,,,,,,,,,,,,,,,,,,,,,,,,,,,,,,,,,,,,,,,,,,,,,,,,,,,,,,,,,,0.0,273.0,273.0,273.0,273.0,273.0,273.0,273.0,273.0,273.0,273.0,273.0,273.0,273.0,273.0,273.0,273.0,273.0,273.0,273.0,273.0,236.0,385.0,0.0,420.9171,3448.7238000000007,-20.0
2831,2831,2831.0,2831.0,2831.0,2831.0,2831.0,2831.0,,,,,,,,,,,,,,,,,,,,,,,,,,,,,,,,,,,,,,,,,,,,,,,,,,,,,,,,,,,,,,,,,,,,,0.1,243.2329,249.6943,255.2855,259.9614,263.7401,266.7031,268.9865,270.7698,272.2685,273.7303,275.4381,277.7144,280.9224,285.4592,291.7364,300.1517,311.0572,324.7422,341.4446,361.4086,236.0,331.0,420.9171,336.73040000000003,3027.8067000000005,-27.346900000000005
2832,2832,2832.0,2832.0,2832.0,2832.0,2832.0,2832.0,,,,,,,,,,,,,,,,,,,,,,,,,,,,,,,,,,,,,,,,,,,,,,,,,,,,,,,,,,,,,,,,,,,,,0.2,241.9721,247.3411,252.1497,256.4495,260.3045,263.7932,267.008,270.0522,273.0345,276.0613,279.2283,282.6122,286.2662,290.2211,294.494,299.1047,304.0991,309.5734,315.6963,322.7229,236.0,323.0,757.6475,346.0001,2691.0763000000006,-31.406799999999976
2833,2833,2833.0,2833.0,2833.0,2833.0,2833.0,2833.0,,,,,,,,,,,,,,,,,,,,,,,,,,,,,,,,,,,,,,,,,,,,,,,,,,,,,,,,,,,,,,,,,,,,,0.3,241.7358,246.9027,251.5717,255.8122,259.692,263.2775,266.6333,269.8216,272.9018,275.9291,278.955,282.0278,285.1939,288.5019,292.0073,295.7792,299.9085,304.5154,309.7574,315.8352,239.0,310.0,1103.6476,366.0926999999999,2345.0762000000004,-33.172500000000014
2834,2834,2834.0,2834.0,2834.0,2834.0,2834.0,2834.0,,,,,,,,,,,,,,,,,,,,,,,,,,,,,,,,,,,,,,,,,,,,,,,,,,,,,,,,,,,,,,,,,,,,,0.4,244.0927,248.6746,252.8283,256.6282,260.1395,263.4181,266.5119,269.4616,272.3025,275.0648,277.7747,280.4554,283.1284,285.8165,288.5488,291.3669,294.3327,297.5359,301.1004,305.1882,236.0,303.0,1469.7403,393.5608,1978.9835000000005,-34.38190000000003
2835,2835,2835.0,2835.0,2835.0,2835.0,2835.0,2835.0,,,,,,,,,,,,,,,,,,,,,,,,,,,,,,,,,,,,,,,,,,,,,,,,,,,,,,,,,,,,,,,,,,,,,0.5,241.7117,246.8415,251.4485,255.5912,259.3284,262.7179,265.8156,268.6742,271.3416,273.8604,276.2675,278.5955,280.8737,283.132,285.4043,287.7335,290.1771,292.8119,295.7384,299.0832,238.0,293.0,1863.3011,425.6655000000003,1585.4227000000003,-36.532100000000014
2836,2836,2836.0,2836.0,2836.0,2836.0,2836.0,2836.0,,,,,,,,,,,,,,,,,,,,,,,,,,,,,,,,,,,,,,,,,,,,,,,,,,,,,,,,,,,,,,,,,,,,,0.6,243.1649,247.7919,251.9518,255.7086,259.1187,262.2311,265.0878,267.7246,270.172,272.4551,274.5947,276.6074,278.5068,280.306,282.0205,283.6735,285.3013,286.9587,288.723,290.6954,237.0,279.0,2288.9666,462.7181999999998,1159.7572,-38.56889999999999
2837,2837,2837.0,2837.0,2837.0,2837.0,2837.0,2837.0,,,,,,,,,,,,,,,,,,,,,,,,,,,,,,,,,,,,,,,,,,,,,,,,,,,,,,,,,,,,,,,,,,,,,0.7,242.3093,247.0532,251.291,255.0786,258.4682,261.5075,264.2392,266.6994,268.9173,270.9132,272.6985,274.2755,275.6382,276.7757,277.6762,278.3338,278.7557,278.9692,279.0259,279.0031,473.0,455.0,2751.6848,374.8805000000002,697.0390000000002,-40.9425
2838,2838,2838.0,2838.0,2838.0,2838.0,2838.0,2838.0,,,,,,,,,,,,,,,,,,,,,,,,,,,,,,,,,,,,,,,,,,,,,,,,,,,,,,,,,,,,,,,,,,,,,0.8,427.0408,389.5186,358.8266,334.109,314.7842,300.2989,290.0416,283.3586,279.6249,278.3274,279.1324,281.9235,286.8049,294.0719,304.1574,317.567,334.8238,356.4542,383.0473,415.429,245.0,271.0,3126.5653,127.46399999999994,322.1585,-3.901099999999986
2839,2839,2839.0,2839.0,2839.0,2839.0,2839.0,2839.0,,,,,,,,,,,,,,,,,,,,,,,,,,,,,,,,,,,,,,,,,,,,,,,,,,,,,,,,,,,,,,,,,,,,,0.9,256.763,267.293,276.032,282.6837,287.2452,289.9742,291.3099,291.7718,291.858,291.9621,292.3162,292.9646,293.7681,294.4367,294.5869,293.8185,291.8021,288.361,283.5321,277.5866,234.0,473.0,3254.0293,194.6945000000001,194.6945000000001,-16.075800000000015
2840,2840,2840.0,2840.0,2840.0,2840.0,2840.0,2840.0,,,,,,,,,,,,,,,,,,,,,,,,,,,,,,,,,,,,,,,,,,,,,,,,,,,,,,,,,,,,,,,,,,,,,0.0,273.0,273.0,273.0,273.0,273.0,273.0,273.0,273.0,273.0,273.0,273.0,273.0,273.0,273.0,273.0,273.0,273.0,273.0,273.0,273.0,237.0,386.0,0.0,420.0883,3794.9406,-20.0
2841,2841,2841.0,2841.0,2841.0,2841.0,2841.0,2841.0,,,,,,,,,,,,,,,,,,,,,,,,,,,,,,,,,,,,,,,,,,,,,,,,,,,,,,,,,,,,,,,,,,,,,0.1,244.0405,250.3282,255.7684,260.3177,263.9948,266.8797,269.1057,270.8496,272.3237,273.7736,275.4807,277.7673,280.9976,285.5705,291.9002,300.3869,311.386,325.1896,342.0391,362.1842,238.0,334.0,420.0883,332.19050000000004,3374.8523,-27.1703
2842,2842,2842.0,2842.0,2842.0,2842.0,2842.0,2842.0,,,,,,,,,,,,,,,,,,,,,,,,,,,,,,,,,,,,,,,,,,,,,,,,,,,,,,,,,,,,,,,,,,,,,0.2,243.6277,248.6857,253.2211,257.2879,260.9506,264.2863,267.3848,270.3464,273.277,276.2815,279.4552,282.8766,286.6027,290.67,295.1023,299.9274,305.1991,311.0216,317.5711,325.1113,239.0,334.0,752.2788,333.1242,3042.6618,-30.91370000000001
2843,2843,2843.0,2843.0,2843.0,2843.0,2843.0,2843.0,,,,,,,,,,,,,,,,,,,,,,,,,,,,,,,,,,,,,,,,,,,,,,,,,,,,,,,,,,,,,,,,,,,,,0.3,244.2568,248.9926,253.2828,257.1996,260.812,264.186,267.3857,270.4733,273.5101,276.5571,279.6759,282.9302,286.3881,290.1246,294.2254,298.7915,303.9449,309.8344,316.6442,324.6034,237.0,331.0,1085.403,338.50289999999995,2709.5376,-32.26400000000001
2844,2844,2844.0,2844.0,2844.0,2844.0,2844.0,2844.0,,,,,,,,,,,,,,,,,,,,,,,,,,,,,,,,,,,,,,,,,,,,,,,,,,,,,,,,,,,,,,,,,,,,,0.4,242.6475,247.7356,252.3315,256.5022,260.315,263.8374,267.1367,270.2798,273.3324,276.3594,279.4255,282.596,285.939,289.5283,293.4465,297.79,302.6743,308.2406,314.6631,322.1591,237.0,326.0,1423.9059,347.9842000000001,2371.0347,-33.96260000000001
2845,2845,2845.0,2845.0,2845.0,2845.0,2845.0,2845.0,,,,,,,,,,,,,,,,,,,,,,,,,,,,,,,,,,,,,,,,,,,,,,,,,,,,,,,,,,,,,,,,,,,,,0.5,242.5656,247.5785,252.1112,256.2334,260.0117,263.5102,266.7904,269.9121,272.9331,275.9102,278.8995,281.9578,285.1442,288.5222,292.1642,296.155,300.5984,305.6232,311.3899,318.0991,237.0,310.0,1771.8901,364.0362,2023.0505,-35.7398
2846,2846,2846.0,2846.0,2846.0,2846.0,2846.0,2846.0,,,,,,,,,,,,,,,,,,,,,,,,,,,,,,,,,,,,,,,,,,,,,,,,,,,,,,,,,,,,,,,,,,,,,0.6,242.5192,247.4857,251.9717,256.0456,259.772,263.2114,266.4196,269.4482,272.3429,275.1439,277.8847,280.5931,283.2918,286.0023,288.7503,291.573,294.5283,297.7037,301.2236,305.2534,238.0,305.0,2135.9263,392.28359999999975,1659.0142999999998,-37.58859999999999
2847,2847,2847.0,2847.0,2847.0,2847.0,2847.0,2847.0,,,,,,,,,,,,,,,,,,,,,,,,,,,,,,,,,,,,,,,,,,,,,,,,,,,,,,,,,,,,,,,,,,,,,0.7,243.2705,248.0037,252.2717,256.1407,259.6709,262.9159,265.9232,268.7351,271.3894,273.9201,276.3586,278.735,281.0797,283.4263,285.8141,288.2926,290.9256,293.7956,297.0073,300.6901,238.0,289.0,2528.2099,421.9470000000001,1266.7307,-39.53409999999997
2848,2848,2848.0,2848.0,2848.0,2848.0,2848.0,2848.0,,,,,,,,,,,,,,,,,,,,,,,,,,,,,,,,,,,,,,,,,,,,,,,,,,,,,,,,,,,,,,,,,,,,,0.8,243.227,247.9098,252.1143,255.9018,259.3285,262.445,265.2965,267.9212,270.3507,272.6087,274.7107,276.6636,278.4675,280.1182,281.6121,282.9536,284.1628,285.2837,286.3896,287.5845,236.0,278.0,2950.1569,466.1415999999999,844.7837,-41.755
2849,2849,2849.0,2849.0,2849.0,2849.0,2849.0,2849.0,,,,,,,,,,,,,,,,,,,,,,,,,,,,,,,,,,,,,,,,,,,,,,,,,,,,,,,,,,,,,,,,,,,,,0.9,241.5235,246.4612,250.867,254.793,258.2896,261.4043,264.1807,266.6571,268.8649,270.8273,272.5586,274.0643,275.3429,276.3878,277.1927,277.7565,278.0897,278.2206,278.1987,278.0952,473.0,457.0,3416.2985,378.6421,378.6421,-44.64570000000003
2850,2850,2850.0,2850.0,2850.0,2850.0,2850.0,2850.0,,,,,,,,,,,,,,,,,,,,,,,,,,,,,,,,,,,,,,,,,,,,,,,,,,,,,,,,,,,,,,,,,,,,,0.0,273.0,273.0,273.0,273.0,273.0,273.0,273.0,273.0,273.0,273.0,273.0,273.0,273.0,273.0,273.0,273.0,273.0,273.0,273.0,273.0,239.0,385.0,0.0,419.3379,3737.9686,-20.0
2851,2851,2851.0,2851.0,2851.0,2851.0,2851.0,2851.0,,,,,,,,,,,,,,,,,,,,,,,,,,,,,,,,,,,,,,,,,,,,,,,,,,,,,,,,,,,,,,,,,,,,,0.1,245.6551,251.5953,256.7331,261.0291,264.5021,267.2288,269.3366,270.995,272.4083,273.814,275.4865,277.7413,280.9369,285.4667,291.7402,300.1535,311.058,324.7426,341.4448,361.4086,238.0,340.0,419.3379,328.9134,3318.6307,-26.82120000000004
2852,2852,2852.0,2852.0,2852.0,2852.0,2852.0,2852.0,,,,,,,,,,,,,,,,,,,,,,,,,,,,,,,,,,,,,,,,,,,,,,,,,,,,,,,,,,,,,,,,,,,,,0.2,243.7023,248.8269,253.4143,257.5145,261.1913,264.5241,267.6074,270.5484,273.4619,276.4628,279.6592,283.1447,286.9943,291.2649,296.0031,301.2591,307.1076,313.6708,321.1394,329.7906,238.0,334.0,748.2513,326.119,2989.7173000000003,-30.675900000000013
2853,2853,2853.0,2853.0,2853.0,2853.0,2853.0,2853.0,,,,,,,,,,,,,,,,,,,,,,,,,,,,,,,,,,,,,,,,,,,,,,,,,,,,,,,,,,,,,,,,,,,,,0.3,243.4793,248.4182,252.8884,256.9603,260.7035,264.1871,267.4797,270.6493,273.7625,276.8842,280.0777,283.4052,286.9299,290.7187,294.8477,299.4079,304.5139,310.3119,316.989,324.7843,236.0,331.0,1074.3703,335.5454,2663.5983,-32.2629
2854,2854,2854.0,2854.0,2854.0,2854.0,2854.0,2854.0,,,,,,,,,,,,,,,,,,,,,,,,,,,,,,,,,,,,,,,,,,,,,,,,,,,,,,,,,,,,,,,,,,,,,0.4,241.8275,247.0811,251.828,256.1351,260.0701,263.7008,267.0953,270.3208,273.4436,276.5286,279.6405,282.8441,286.2073,289.8032,293.7145,298.0378,302.8894,308.4121,314.7825,322.2202,238.0,325.0,1409.9157,346.982,2328.0529,-34.0992
2855,2855,2855.0,2855.0,2855.0,2855.0,2855.0,2855.0,,,,,,,,,,,,,,,,,,,,,,,,,,,,,,,,,,,,,,,,,,,,,,,,,,,,,,,,,,,,,,,,,,,,,0.5,243.3438,248.1582,252.5229,256.5119,260.1925,263.6262,266.8693,269.9747,272.9928,275.9728,278.9642,282.0173,285.1859,288.5287,292.1135,296.0217,300.3543,305.2379,310.8321,317.3368,237.0,311.0,1756.8977,362.9668999999999,1981.0709,-35.62380000000002
2856,2856,2856.0,2856.0,2856.0,2856.0,2856.0,2856.0,,,,,,,,,,,,,,,,,,,,,,,,,,,,,,,,,,,,,,,,,,,,,,,,,,,,,,,,,,,,,,,,,,,,,0.6,242.5513,247.5466,252.0553,256.1441,259.8771,263.3155,266.5167,269.5341,272.4156,275.2039,277.9353,280.6406,283.3465,286.0792,288.8693,291.7591,294.8109,298.1153,301.7981,306.0244,239.0,308.0,2119.8646,388.9070999999999,1618.1040000000005,-37.484500000000025
2857,2857,2857.0,2857.0,2857.0,2857.0,2857.0,2857.0,,,,,,,,,,,,,,,,,,,,,,,,,,,,,,,,,,,,,,,,,,,,,,,,,,,,,,,,,,,,,,,,,,,,,0.7,244.0908,248.6625,252.7902,256.542,259.9785,263.1523,266.1096,268.891,271.5335,274.0714,276.5381,278.9676,281.3962,283.8646,286.4205,289.122,292.0408,295.2659,298.9072,303.0983,237.0,297.0,2508.7717,412.6395000000002,1229.1969000000004,-39.29769999999996
2858,2858,2858.0,2858.0,2858.0,2858.0,2858.0,2858.0,,,,,,,,,,,,,,,,,,,,,,,,,,,,,,,,,,,,,,,,,,,,,,,,,,,,,,,,,,,,,,,,,,,,,0.8,242.4675,247.3687,251.7635,255.7102,259.2657,262.4851,265.4208,268.1216,270.6308,272.9861,275.2187,277.3533,279.41,281.4063,283.3618,285.3033,287.2714,289.3267,291.5543,294.0661,235.0,285.0,2921.4112,448.9504000000002,816.5574000000001,-41.7149
2859,2859,2859.0,2859.0,2859.0,2859.0,2859.0,2859.0,,,,,,,,,,,,,,,,,,,,,,,,,,,,,,,,,,,,,,,,,,,,,,,,,,,,,,,,,,,,,,,,,,,,,0.9,240.7128,245.8267,250.3966,254.4767,258.1201,261.3784,264.3007,266.9316,269.3098,271.4669,273.4257,275.2009,276.7998,278.225,279.4789,280.5694,281.5168,282.36,283.1607,284.005,472.0,425.0,3370.3616,367.607,367.607,-44.67160000000001
2860,2860,2860.0,2860.0,2860.0,2860.0,2860.0,2860.0,,,,,,,,,,,,,,,,,,,,,,,,,,,,,,,,,,,,,,,,,,,,,,,,,,,,,,,,,,,,,,,,,,,,,0.0,273.0,273.0,273.0,273.0,273.0,273.0,273.0,273.0,273.0,273.0,273.0,273.0,273.0,273.0,273.0,273.0,273.0,273.0,273.0,273.0,240.0,386.0,0.0,418.5176,3443.1775,-20.0
2861,2861,2861.0,2861.0,2861.0,2861.0,2861.0,2861.0,,,,,,,,,,,,,,,,,,,,,,,,,,,,,,,,,,,,,,,,,,,,,,,,,,,,,,,,,,,,,,,,,,,,,0.1,246.4622,252.2286,257.2153,261.385,264.7565,267.405,269.4557,271.0747,272.4634,273.8573,275.5291,277.7943,281.0121,285.578,291.9039,300.3887,311.3868,325.19,342.0393,362.1843,240.0,347.0,418.5176,323.4697,3024.6599,-26.64500000000004
2862,2862,2862.0,2862.0,2862.0,2862.0,2862.0,2862.0,,,,,,,,,,,,,,,,,,,,,,,,,,,,,,,,,,,,,,,,,,,,,,,,,,,,,,,,,,,,,,,,,,,,,0.2,245.3571,250.1704,254.4848,258.3527,261.8386,265.021,267.9929,270.8602,273.7376,276.7427,279.9893,283.581,287.607,292.1423,297.2541,303.0151,309.5216,316.9164,325.4102,335.3025,237.0,338.0,741.9873,313.78279999999995,2701.1902,-30.178999999999974
2863,2863,2863.0,2863.0,2863.0,2863.0,2863.0,2863.0,,,,,,,,,,,,,,,,,,,,,,,,,,,,,,,,,,,,,,,,,,,,,,,,,,,,,,,,,,,,,,,,,,,,,0.3,242.7707,247.975,252.6755,256.9381,260.833,264.435,267.8223,271.0742,274.2696,277.4844,280.7912,284.2588,287.9546,291.9479,296.316,301.1521,306.5747,312.7382,319.8443,328.1537,238.0,339.0,1055.7701,321.57410000000004,2387.4074,-32.014999999999986
2864,2864,2864.0,2864.0,2864.0,2864.0,2864.0,2864.0,,,,,,,,,,,,,,,,,,,,,,,,,,,,,,,,,,,,,,,,,,,,,,,,,,,,,,,,,,,,,,,,,,,,,0.4,243.466,248.399,252.8768,256.9729,260.757,264.2954,267.6518,270.8885,274.0678,277.2531,280.5111,283.9134,287.5382,291.4737,295.8205,300.6957,306.2374,312.6114,320.0192,328.7105,237.0,334.0,1377.3442,326.4695999999999,2065.8333,-33.50460000000004
2865,2865,2865.0,2865.0,2865.0,2865.0,2865.0,2865.0,,,,,,,,,,,,,,,,,,,,,,,,,,,,,,,,,,,,,,,,,,,,,,,,,,,,,,,,,,,,,,,,,,,,,0.5,242.6555,247.7572,252.3771,256.5858,260.4523,264.0444,267.4289,270.6712,273.8355,276.9856,280.1849,283.4981,286.9931,290.7434,294.8329,299.3604,304.4463,310.2405,316.9303,324.7512,239.0,331.0,1703.8138,334.7071000000001,1739.3637,-35.205600000000004
2866,2866,2866.0,2866.0,2866.0,2866.0,2866.0,2866.0,,,,,,,,,,,,,,,,,,,,,,,,,,,,,,,,,,,,,,,,,,,,,,,,,,,,,,,,,,,,,,,,,,,,,0.6,244.2187,248.9239,253.1966,257.112,260.7385,264.1385,267.3695,270.4857,273.5397,276.5841,279.6731,282.8643,286.2203,289.8115,293.7191,298.0394,302.8888,308.4103,314.7805,322.219,239.0,329.0,2038.5209,341.35660000000007,1404.6565999999998,-36.66149999999999
2867,2867,2867.0,2867.0,2867.0,2867.0,2867.0,2867.0,,,,,,,,,,,,,,,,,,,,,,,,,,,,,,,,,,,,,,,,,,,,,,,,,,,,,,,,,,,,,,,,,,,,,0.7,244.2564,248.9908,253.2776,257.1874,260.7868,264.139,267.3038,270.339,273.3006,276.2444,279.227,282.3074,285.5492,289.0227,292.8083,297.0002,301.7112,307.0781,313.2687,320.49,239.0,330.0,2379.8775,347.2455,1063.2999999999995,-38.31099999999998
2868,2868,2868.0,2868.0,2868.0,2868.0,2868.0,2868.0,,,,,,,,,,,,,,,,,,,,,,,,,,,,,,,,,,,,,,,,,,,,,,,,,,,,,,,,,,,,,,,,,,,,,0.8,244.2474,248.9708,253.2428,257.1325,260.7056,264.0247,267.1503,270.1413,273.0561,275.9537,278.8956,281.9469,285.1783,288.6686,292.5065,296.7936,301.6482,307.2096,313.6449,321.1574,235.0,330.0,2727.123,352.3892000000001,716.0544999999997,-40.17529999999999
2869,2869,2869.0,2869.0,2869.0,2869.0,2869.0,2869.0,,,,,,,,,,,,,,,,,,,,,,,,,,,,,,,,,,,,,,,,,,,,,,,,,,,,,,,,,,,,,,,,,,,,,0.9,240.9962,246.3939,251.2512,255.6289,259.5921,263.2098,266.5539,269.6981,272.7163,275.6825,278.6704,281.7547,285.013,288.5278,292.3895,296.7001,301.5772,307.1594,313.6132,321.1422,237.0,314.0,3079.5122,363.66529999999966,363.66529999999966,-42.84020000000004
2870,2870,2870.0,2870.0,2870.0,2870.0,2870.0,2870.0,,,,,,,,,,,,,,,,,,,,,,,,,,,,,,,,,,,,,,,,,,,,,,,,,,,,,,,,,,,,,,,,,,,,,0.0,273.0,273.0,273.0,273.0,273.0,273.0,273.0,273.0,273.0,273.0,273.0,273.0,273.0,273.0,273.0,273.0,273.0,273.0,273.0,273.0,237.0,385.0,0.0,420.3878,3764.5055,-20.0
2871,2871,2871.0,2871.0,2871.0,2871.0,2871.0,2871.0,,,,,,,,,,,,,,,,,,,,,,,,,,,,,,,,,,,,,,,,,,,,,,,,,,,,,,,,,,,,,,,,,,,,,0.1,244.0405,250.3281,255.7682,260.3174,263.9942,266.8784,269.1032,270.8449,272.3151,273.7582,275.4543,277.7234,280.9272,285.4617,291.7377,300.1523,311.0575,324.7424,341.4447,361.4086,238.0,338.0,420.3878,332.228,3344.1177,-27.17160000000001
2872,2872,2872.0,2872.0,2872.0,2872.0,2872.0,2872.0,,,,,,,,,,,,,,,,,,,,,,,,,,,,,,,,,,,,,,,,,,,,,,,,,,,,,,,,,,,,,,,,,,,,,0.2,243.6267,248.6836,253.2176,257.2827,260.9434,264.277,267.3743,270.3369,273.2734,276.2931,279.4979,282.9754,286.7945,291.0058,295.6491,300.7683,306.432,312.7568,319.9288,328.2203,238.0,334.0,752.6158,330.0326,3011.8897,-30.923
2873,2873,2873.0,2873.0,2873.0,2873.0,2873.0,2873.0,,,,,,,,,,,,,,,,,,,,,,,,,,,,,,,,,,,,,,,,,,,,,,,,,,,,,,,,,,,,,,,,,,,,,0.3,243.4501,248.361,252.8057,256.855,260.5787,264.0456,267.3237,270.4797,273.5794,276.6869,279.8653,283.1778,286.6891,290.469,294.5967,299.1668,304.2961,310.1319,316.8603,324.7171,238.0,328.0,1082.6484,337.7157,2681.8571,-32.40440000000001
2874,2874,2874.0,2874.0,2874.0,2874.0,2874.0,2874.0,,,,,,,,,,,,,,,,,,,,,,,,,,,,,,,,,,,,,,,,,,,,,,,,,,,,,,,,,,,,,,,,,,,,,0.4,243.4258,248.3152,252.7428,256.7798,260.4943,263.9509,267.2115,270.3356,273.3803,276.4008,279.4516,282.5874,285.8647,289.3452,293.0997,297.2132,301.7913,306.9675,312.9107,319.8331,239.0,328.0,1420.3641,347.55960000000005,2344.1414000000004,-33.84910000000002
2875,2875,2875.0,2875.0,2875.0,2875.0,2875.0,2875.0,,,,,,,,,,,,,,,,,,,,,,,,,,,,,,,,,,,,,,,,,,,,,,,,,,,,,,,,,,,,,,,,,,,,,0.5,244.2126,248.9061,253.1571,257.0371,260.6123,263.944,267.0898,270.1041,273.0402,275.9517,278.8941,281.9263,285.113,288.5266,292.2499,296.3792,301.0281,306.3319,312.4541,319.5944,238.0,326.0,1767.9237,354.0339999999999,1996.5818,-35.30599999999998
2876,2876,2876.0,2876.0,2876.0,2876.0,2876.0,2876.0,,,,,,,,,,,,,,,,,,,,,,,,,,,,,,,,,,,,,,,,,,,,,,,,,,,,,,,,,,,,,,,,,,,,,0.6,243.4122,248.2818,252.6781,256.668,260.3166,263.6874,266.8423,269.8419,272.7455,275.612,278.5005,281.4715,284.5889,287.9223,291.5494,295.5602,300.0612,305.1806,311.0745,317.935,235.0,316.0,2121.9577,366.0681,1642.5478000000005,-37.11259999999999
2877,2877,2877.0,2877.0,2877.0,2877.0,2877.0,2877.0,,,,,,,,,,,,,,,,,,,,,,,,,,,,,,,,,,,,,,,,,,,,,,,,,,,,,,,,,,,,,,,,,,,,,0.7,240.9327,246.2701,251.0726,255.4017,259.3209,262.8953,266.1906,269.2711,272.1986,275.0306,277.8199,280.6148,283.4602,286.4013,289.4872,292.7777,296.3499,300.3059,304.7791,309.94,236.0,306.0,2488.0258,390.2728000000002,1276.4797000000003,-39.55469999999997
2878,2878,2878.0,2878.0,2878.0,2878.0,2878.0,2878.0,,,,,,,,,,,,,,,,,,,,,,,,,,,,,,,,,,,,,,,,,,,,,,,,,,,,,,,,,,,,,,,,,,,,,0.8,241.5833,246.6004,251.1233,255.2189,258.9496,262.372,265.5385,268.4962,271.2881,273.9529,276.525,279.0353,281.5127,283.9861,286.4891,289.065,291.7733,294.6958,297.942,301.6526,238.0,288.0,2878.2986,421.7655999999997,886.2069000000001,-41.827999999999975
2879,2879,2879.0,2879.0,2879.0,2879.0,2879.0,2879.0,,,,,,,,,,,,,,,,,,,,,,,,,,,,,,,,,,,,,,,,,,,,,,,,,,,,,,,,,,,,,,,,,,,,,0.9,243.1362,247.7388,251.8824,255.6341,259.0526,262.1874,265.0797,267.7623,270.2596,272.588,274.7553,276.7609,278.5971,280.2518,281.7145,282.9832,284.074,285.0295,285.9247,286.8686,239.0,280.0,3300.0642,464.4413000000004,464.4413000000004,-43.86259999999999
2880,2880,2880.0,2880.0,2880.0,2880.0,2880.0,,,,,,,,,,,,,,,,,,,,,,,,,,,,,,,,,,,,,,,,,,,,,,,,,,,,,,,,,,,,,,,,,,,,,,0.0,273.0,273.0,273.0,273.0,273.0,273.0,273.0,273.0,273.0,273.0,273.0,273.0,273.0,273.0,273.0,273.0,273.0,273.0,273.0,273.0,340.0,472.0,0.0,361.2758,1338.7835,-20.0
2881,2881,2881.0,2881.0,2881.0,2881.0,2881.0,,,,,,,,,,,,,,,,,,,,,,,,,,,,,,,,,,,,,,,,,,,,,,,,,,,,,,,,,,,,,,,,,,,,,,0.1,326.2405,314.3828,304.3615,296.122,289.5808,284.6149,281.0761,278.8235,277.7652,277.8997,279.3495,282.3807,287.4026,294.9446,305.6123,320.0327,338.8123,362.5399,391.8783,427.7946,174.0,473.0,361.2758,164.34630000000004,977.5077,-9.435100000000034
2882,2882,2882.0,2882.0,2882.0,2882.0,2882.0,,,,,,,,,,,,,,,,,,,,,,,,,,,,,,,,,,,,,,,,,,,,,,,,,,,,,,,,,,,,,,,,,,,,,,0.2,195.5824,215.1834,232.2205,246.3921,257.71,266.4684,273.1728,278.4517,282.974,287.3865,292.2756,298.1542,305.466,314.6046,325.9425,339.8706,356.8532,377.5054,402.7132,433.8274,335.0,473.0,525.6221,150.67449999999997,813.1614,-28.73160000000001
2883,2883,2883.0,2883.0,2883.0,2883.0,2883.0,,,,,,,,,,,,,,,,,,,,,,,,,,,,,,,,,,,,,,,,,,,,,,,,,,,,,,,,,,,,,,,,,,,,,,0.3,320.3311,307.7509,297.5296,289.8525,284.7567,282.1216,281.7034,283.1981,286.3084,290.7981,296.5266,303.4621,311.68,321.3571,332.7678,346.2934,362.449,381.9397,405.7599,435.3677,171.0,471.0,676.2966,94.85069999999996,662.4869,-14.328399999999988
2884,2884,2884.0,2884.0,2884.0,2884.0,2884.0,,,,,,,,,,,,,,,,,,,,,,,,,,,,,,,,,,,,,,,,,,,,,,,,,,,,,,,,,,,,,,,,,,,,,,0.4,193.116,213.3106,231.0671,246.1311,258.5363,268.5709,276.7047,283.5024,289.5452,295.3742,301.4622,308.2114,315.9699,325.0624,335.8283,348.6667,364.0894,382.7924,405.7591,434.4296,345.0,471.0,771.1473,117.31619999999998,567.6362,-29.229100000000017
2885,2885,2885.0,2885.0,2885.0,2885.0,2885.0,,,,,,,,,,,,,,,,,,,,,,,,,,,,,,,,,,,,,,,,,,,,,,,,,,,,,,,,,,,,,,,,,,,,,,0.5,328.5183,314.4871,303.1547,294.6911,289.1105,286.2538,285.8227,287.4463,290.7548,295.4413,301.3019,308.2537,316.3359,325.7047,336.6295,349.4997,364.8488,383.4046,406.1814,434.6429,172.0,473.0,888.4635,73.54780000000005,450.3200000000001,-12.996199999999988
2886,2886,2886.0,2886.0,2886.0,2886.0,2886.0,,,,,,,,,,,,,,,,,,,,,,,,,,,,,,,,,,,,,,,,,,,,,,,,,,,,,,,,,,,,,,,,,,,,,,0.6,194.6107,215.268,233.426,248.8128,261.4563,271.6474,279.8646,286.6826,292.692,298.4415,304.4101,311.0058,318.5841,327.4793,338.0436,350.6919,365.9546,384.5478,407.4786,436.2163,324.0,473.0,962.0113,106.88700000000006,376.7722,-29.152600000000007
2887,2887,2887.0,2887.0,2887.0,2887.0,2887.0,,,,,,,,,,,,,,,,,,,,,,,,,,,,,,,,,,,,,,,,,,,,,,,,,,,,,,,,,,,,,,,,,,,,,,0.7,312.2861,302.3289,294.4407,288.8269,285.5333,284.444,285.3199,287.8612,291.7744,296.8264,302.8791,309.9042,317.9843,327.3087,338.1726,350.9864,366.3018,384.8653,407.7132,436.3391,171.0,473.0,1068.8983,81.28579999999988,269.88519999999994,-18.005999999999972
2888,2888,2888.0,2888.0,2888.0,2888.0,2888.0,,,,,,,,,,,,,,,,,,,,,,,,,,,,,,,,,,,,,,,,,,,,,,,,,,,,,,,,,,,,,,,,,,,,,,0.8,193.2417,213.5937,231.5636,246.9076,259.655,270.0753,278.6104,285.7926,292.1717,298.2628,304.5212,311.3415,319.0741,328.0555,338.6442,351.2638,366.455,384.9451,407.7519,436.3546,331.0,472.0,1150.1841,110.6123,188.5994000000001,-34.12469999999996
2889,2889,2889.0,2889.0,2889.0,2889.0,2889.0,,,,,,,,,,,,,,,,,,,,,,,,,,,,,,,,,,,,,,,,,,,,,,,,,,,,,,,,,,,,,,,,,,,,,,0.9,317.6547,306.2992,297.2382,290.6745,286.6472,285.025,285.544,287.8728,291.6827,296.706,302.7736,309.8309,317.9404,327.2767,338.1251,350.8895,366.118,384.5544,407.231,435.6333,171.0,472.0,1260.7964,77.98710000000005,77.98710000000005,-21.02500000000004
2890,2890,2890.0,2890.0,2890.0,2890.0,2890.0,,,,,,,,,,,,,,,,,,,,,,,,,,,,,,,,,,,,,,,,,,,,,,,,,,,,,,,,,,,,,,,,,,,,,,0.0,273.0,273.0,273.0,273.0,273.0,273.0,273.0,273.0,273.0,273.0,273.0,273.0,273.0,273.0,273.0,273.0,273.0,273.0,273.0,273.0,341.0,473.0,0.0,360.8851,3747.4836,-20.0
2891,2891,2891.0,2891.0,2891.0,2891.0,2891.0,,,,,,,,,,,,,,,,,,,,,,,,,,,,,,,,,,,,,,,,,,,,,,,,,,,,,,,,,,,,,,,,,,,,,,0.1,327.0276,314.9911,304.8211,296.4601,289.8225,284.7828,281.1899,278.9,277.8184,277.9415,279.3905,282.4315,287.4744,295.0502,305.7668,320.2538,339.1208,362.9605,392.4419,428.5439,172.0,471.0,360.8851,163.8707,3386.5985,-9.267200000000004
2892,2892,2892.0,2892.0,2892.0,2892.0,2892.0,,,,,,,,,,,,,,,,,,,,,,,,,,,,,,,,,,,,,,,,,,,,,,,,,,,,,,,,,,,,,,,,,,,,,,0.2,193.99,213.9681,231.3361,245.7831,257.3183,266.2389,273.0577,278.4117,282.9786,287.4116,292.3016,298.1623,305.4353,314.5099,325.752,339.5452,356.3453,376.7577,401.6552,432.3661,172.0,251.0,524.7558,258.64289999999994,3222.7278,-28.961099999999988
2893,2893,2893.0,2893.0,2893.0,2893.0,2893.0,,,,,,,,,,,,,,,,,,,,,,,,,,,,,,,,,,,,,,,,,,,,,,,,,,,,,,,,,,,,,,,,,,,,,,0.3,188.9543,204.5691,218.7707,231.5398,242.9153,252.9896,261.8941,269.7762,276.7693,282.9602,288.3562,292.86,296.2588,298.236,298.4095,296.3984,291.9104,284.8351,275.3201,263.8064,178.0,404.0,783.3987,452.51240000000007,2964.0849000000003,-43.46039999999999
2894,2894,2894.0,2894.0,2894.0,2894.0,2894.0,,,,,,,,,,,,,,,,,,,,,,,,,,,,,,,,,,,,,,,,,,,,,,,,,,,,,,,,,,,,,,,,,,,,,,0.4,192.236,205.3042,217.2383,228.0785,237.8696,246.6621,254.5164,261.5116,267.7574,273.4097,278.6871,283.8856,289.3851,295.6447,303.1808,312.5324,324.2223,338.7315,356.5097,378.0429,174.0,473.0,1235.9111,467.7303,2511.5725,-51.1379
2895,2895,2895.0,2895.0,2895.0,2895.0,2895.0,,,,,,,,,,,,,,,,,,,,,,,,,,,,,,,,,,,,,,,,,,,,,,,,,,,,,,,,,,,,,,,,,,,,,,0.5,188.2738,201.349,213.2613,224.0715,233.8681,242.7693,250.925,258.5181,265.7686,272.937,280.3293,288.2997,297.2515,307.6346,319.9418,334.7094,352.5337,374.1183,400.3786,432.64,174.0,472.0,1703.6414,437.2926000000002,2043.8422,-56.48070000000001
2896,2896,2896.0,2896.0,2896.0,2896.0,2896.0,,,,,,,,,,,,,,,,,,,,,,,,,,,,,,,,,,,,,,,,,,,,,,,,,,,,,,,,,,,,,,,,,,,,,,0.6,187.8611,200.5832,212.2564,222.9875,232.9005,242.1376,250.8591,259.2431,267.4854,275.7998,284.4182,293.5929,303.6011,314.7529,327.4069,341.9947,359.061,379.3283,403.8013,433.9448,173.0,473.0,2140.934,417.96929999999975,1606.5495999999998,-58.66240000000002
2897,2897,2897.0,2897.0,2897.0,2897.0,2897.0,,,,,,,,,,,,,,,,,,,,,,,,,,,,,,,,,,,,,,,,,,,,,,,,,,,,,,,,,,,,,,,,,,,,,,0.7,187.065,199.9996,211.9066,222.9032,233.1195,242.6985,251.7948,260.574,269.2134,277.9028,286.8477,296.2745,306.438,317.6334,330.2141,344.6182,361.4085,381.3361,405.4426,435.235,173.0,473.0,2558.9033,403.9513000000002,1188.5803,-59.75149999999999
2898,2898,2898.0,2898.0,2898.0,2898.0,2898.0,,,,,,,,,,,,,,,,,,,,,,,,,,,,,,,,,,,,,,,,,,,,,,,,,,,,,,,,,,,,,,,,,,,,,,0.8,187.149,200.1747,212.186,223.303,233.6559,243.384,252.6352,261.5664,270.3448,279.1501,288.1783,297.6481,307.8087,318.9528,331.4344,345.6954,362.3055,382.0252,405.9066,435.467,172.0,471.0,2962.8546,394.6569,784.6289999999999,-60.816
2899,2899,2899.0,2899.0,2899.0,2899.0,2899.0,,,,,,,,,,,,,,,,,,,,,,,,,,,,,,,,,,,,,,,,,,,,,,,,,,,,,,,,,,,,,,,,,,,,,,0.9,186.4277,199.7184,211.9741,223.3098,233.8525,243.7399,253.1195,262.1481,270.9928,279.8324,288.8618,298.2969,308.3843,319.4132,331.7339,345.7845,362.1305,381.5261,405.0128,434.0869,173.0,471.0,3357.5115,389.9721,389.9721,-62.310100000000006
2900,2900,2900.0,2900.0,2900.0,2900.0,2900.0,,,,,,,,,,,,,,,,,,,,,,,,,,,,,,,,,,,,,,,,,,,,,,,,,,,,,,,,,,,,,,,,,,,,,,0.0,273.0,273.0,273.0,273.0,273.0,273.0,273.0,273.0,273.0,273.0,273.0,273.0,273.0,273.0,273.0,273.0,273.0,273.0,273.0,273.0,341.0,473.0,0.0,360.8851,3765.6218,-20.0
2901,2901,2901.0,2901.0,2901.0,2901.0,2901.0,,,,,,,,,,,,,,,,,,,,,,,,,,,,,,,,,,,,,,,,,,,,,,,,,,,,,,,,,,,,,,,,,,,,,,0.1,327.0276,314.9911,304.8211,296.4601,289.8225,284.7828,281.1899,278.9,277.8184,277.9415,279.3905,282.4315,287.4744,295.0502,305.7668,320.2538,339.1208,362.9605,392.4419,428.5439,173.0,473.0,360.8851,163.42220000000003,3404.7367,-9.267200000000004
2902,2902,2902.0,2902.0,2902.0,2902.0,2902.0,,,,,,,,,,,,,,,,,,,,,,,,,,,,,,,,,,,,,,,,,,,,,,,,,,,,,,,,,,,,,,,,,,,,,,0.2,194.8047,214.6108,231.8265,246.145,257.5766,266.418,273.1794,278.4952,283.0404,287.4667,292.3645,298.249,305.5646,314.7048,326.0411,339.9636,356.9354,377.5719,402.7599,433.8513,171.0,245.0,524.3073,258.2488,3241.3145,-28.781999999999982
2903,2903,2903.0,2903.0,2903.0,2903.0,2903.0,,,,,,,,,,,,,,,,,,,,,,,,,,,,,,,,,,,,,,,,,,,,,,,,,,,,,,,,,,,,,,,,,,,,,,0.3,188.179,204.0014,218.3846,231.3033,242.7947,252.9526,261.9118,269.8233,276.8228,282.9962,288.3451,292.7614,296.0157,297.7693,297.6144,295.1434,290.0404,282.1787,271.7028,259.0652,178.0,403.0,782.5561,458.7762,2983.0657,-43.4974
2904,2904,2904.0,2904.0,2904.0,2904.0,2904.0,,,,,,,,,,,,,,,,,,,,,,,,,,,,,,,,,,,,,,,,,,,,,,,,,,,,,,,,,,,,,,,,,,,,,,0.4,192.208,205.2506,217.1632,227.986,237.7623,246.5395,254.3739,261.3402,267.5442,273.1395,278.3442,283.4565,288.8615,295.0254,302.4731,311.7513,323.3872,337.8605,355.6122,377.111,174.0,471.0,1241.3323,472.4205999999999,2524.2895,-51.26050000000001
2905,2905,2905.0,2905.0,2905.0,2905.0,2905.0,,,,,,,,,,,,,,,,,,,,,,,,,,,,,,,,,,,,,,,,,,,,,,,,,,,,,,,,,,,,,,,,,,,,,,0.5,188.2522,201.3054,213.1952,223.9817,233.7531,242.6269,250.7522,258.3118,265.5246,272.6509,279.9957,287.9121,296.8018,307.1121,319.332,333.993,351.6837,373.0966,399.1299,431.0813,173.0,473.0,1713.7529,442.0142999999998,2051.8689,-56.6231
2906,2906,2906.0,2906.0,2906.0,2906.0,2906.0,,,,,,,,,,,,,,,,,,,,,,,,,,,,,,,,,,,,,,,,,,,,,,,,,,,,,,,,,,,,,,,,,,,,,,0.6,187.0202,199.8887,211.6895,222.5254,232.519,241.8129,250.57,258.9722,267.2202,275.533,284.1484,293.3251,303.3466,314.5302,327.2408,341.9159,359.1052,379.5349,404.2144,434.6164,173.0,473.0,2155.7672,422.1522000000005,1609.8546,-58.9871
2907,2907,2907.0,2907.0,2907.0,2907.0,2907.0,,,,,,,,,,,,,,,,,,,,,,,,,,,,,,,,,,,,,,,,,,,,,,,,,,,,,,,,,,,,,,,,,,,,,,0.7,187.0034,199.8812,211.7405,222.7009,232.8937,242.4612,251.5566,260.3437,268.9976,277.7064,286.6742,296.1259,306.3153,317.5363,330.1411,344.5666,361.3745,381.3156,405.4316,435.2304,174.0,472.0,2577.9194,405.2186999999999,1187.7023999999997,-59.9888
2908,2908,2908.0,2908.0,2908.0,2908.0,2908.0,,,,,,,,,,,,,,,,,,,,,,,,,,,,,,,,,,,,,,,,,,,,,,,,,,,,,,,,,,,,,,,,,,,,,,0.8,187.9385,200.7679,212.6042,223.5722,233.8043,243.4394,252.6228,261.5076,270.2561,279.0429,288.059,297.518,307.6644,318.7862,331.2328,345.4416,361.9777,381.5959,405.3411,434.7184,173.0,473.0,2983.1381,393.3321000000001,782.4836999999998,-60.76059999999998
2909,2909,2909.0,2909.0,2909.0,2909.0,2909.0,,,,,,,,,,,,,,,,,,,,,,,,,,,,,,,,,,,,,,,,,,,,,,,,,,,,,,,,,,,,,,,,,,,,,,0.9,187.2714,200.4144,212.5338,223.7465,234.1809,243.9752,253.277,262.243,271.0401,279.8478,288.862,298.3014,308.4161,319.5007,331.9118,346.0946,362.6224,382.259,406.0594,435.5419,171.0,473.0,3376.4702,389.1515999999997,389.1515999999997,-62.07480000000001
2910,2910,2910.0,2910.0,2910.0,2910.0,2910.0,,,,,,,,,,,,,,,,,,,,,,,,,,,,,,,,,,,,,,,,,,,,,,,,,,,,,,,,,,,,,,,,,,,,,,0.0,273.0,273.0,273.0,273.0,273.0,273.0,273.0,273.0,273.0,273.0,273.0,273.0,273.0,273.0,273.0,273.0,273.0,273.0,273.0,273.0,341.0,472.0,0.0,361.035,1302.4792,-20.0
2911,2911,2911.0,2911.0,2911.0,2911.0,2911.0,,,,,,,,,,,,,,,,,,,,,,,,,,,,,,,,,,,,,,,,,,,,,,,,,,,,,,,,,,,,,,,,,,,,,,0.1,327.0276,314.9911,304.821,296.4598,289.8219,284.7816,281.1875,278.8954,277.81,277.9266,279.3651,282.3894,287.4073,294.9471,305.6135,320.0333,338.8126,362.54,391.8783,427.7947,173.0,473.0,361.035,164.0647999999999,941.4442,-9.268399999999986
2912,2912,2912.0,2912.0,2912.0,2912.0,2912.0,,,,,,,,,,,,,,,,,,,,,,,,,,,,,,,,,,,,,,,,,,,,,,,,,,,,,,,,,,,,,,,,,,,,,,0.2,194.8037,214.6086,231.8227,246.1391,257.5678,266.4051,273.1611,278.47,283.0067,287.423,292.31,298.1834,305.4891,314.6219,325.9548,339.8791,356.8587,377.5088,402.7151,433.8283,365.0,471.0,525.0998,142.4624,777.3794,-28.794899999999984
2913,2913,2913.0,2913.0,2913.0,2913.0,2913.0,,,,,,,,,,,,,,,,,,,,,,,,,,,,,,,,,,,,,,,,,,,,,,,,,,,,,,,,,,,,,,,,,,,,,,0.3,343.9119,325.9735,311.2973,299.976,291.9757,287.1,285.0166,285.3214,287.6138,291.5605,296.9366,303.6413,311.6977,321.2435,332.5254,345.9039,361.8785,381.1398,404.6653,433.8878,172.0,472.0,667.5622,74.4556,634.917,-9.349999999999966
2914,2914,2914.0,2914.0,2914.0,2914.0,2914.0,,,,,,,,,,,,,,,,,,,,,,,,,,,,,,,,,,,,,,,,,,,,,,,,,,,,,,,,,,,,,,,,,,,,,,0.4,194.9973,215.9661,234.3025,249.7034,262.1952,272.0934,279.9185,286.2961,291.8668,297.2225,302.8742,309.2486,316.7073,325.5801,336.2056,348.9792,364.4078,383.1826,406.2839,435.1537,324.0,470.0,742.0178,107.39370000000008,560.4614,-25.70660000000004
2915,2915,2915.0,2915.0,2915.0,2915.0,2915.0,,,,,,,,,,,,,,,,,,,,,,,,,,,,,,,,,,,,,,,,,,,,,,,,,,,,,,,,,,,,,,,,,,,,,,0.5,312.3096,302.3661,294.4733,288.8302,285.4799,284.3077,285.0784,287.4993,291.2849,296.2099,302.1422,309.0565,317.0346,326.2613,337.0228,349.7163,364.8765,383.2276,405.776,433.9715,173.0,473.0,849.4115,82.13459999999998,453.0677,-14.942299999999989
2916,2916,2916.0,2916.0,2916.0,2916.0,2916.0,,,,,,,,,,,,,,,,,,,,,,,,,,,,,,,,,,,,,,,,,,,,,,,,,,,,,,,,,,,,,,,,,,,,,,0.6,194.844,214.8232,232.4559,247.5053,260.0022,270.2142,278.5784,285.6213,291.8871,297.887,304.0738,310.8416,318.542,327.5133,338.1163,350.7757,366.0318,384.609,407.5197,436.2367,333.0,471.0,931.5461,109.37729999999988,370.9331,-30.58580000000001
2917,2917,2917.0,2917.0,2917.0,2917.0,2917.0,,,,,,,,,,,,,,,,,,,,,,,,,,,,,,,,,,,,,,,,,,,,,,,,,,,,,,,,,,,,,,,,,,,,,,0.7,319.2798,307.6061,298.2706,291.4677,287.2317,285.4282,285.7915,287.9887,291.6895,296.6241,302.6206,309.6214,317.6846,326.9804,337.7886,350.5072,365.6776,384.0357,406.6039,434.8536,174.0,473.0,1040.9234,75.60180000000014,261.5558000000001,-17.021799999999985
2918,2918,2918.0,2918.0,2918.0,2918.0,2918.0,,,,,,,,,,,,,,,,,,,,,,,,,,,,,,,,,,,,,,,,,,,,,,,,,,,,,,,,,,,,,,,,,,,,,,0.8,195.9517,216.0201,233.7054,248.7616,261.2198,271.3554,279.6181,286.5484,292.7024,298.6001,304.6987,311.3926,319.031,327.9477,338.4986,351.1043,366.3024,384.8165,407.6597,436.3068,324.0,472.0,1116.5252,106.63300000000004,185.95399999999995,-32.844600000000014
2919,2919,2919.0,2919.0,2919.0,2919.0,2919.0,,,,,,,,,,,,,,,,,,,,,,,,,,,,,,,,,,,,,,,,,,,,,,,,,,,,,,,,,,,,,,,,,,,,,,0.9,312.2974,302.3504,294.4707,288.8637,285.5764,284.4941,285.3789,287.9313,291.8571,296.9212,302.982,310.007,318.0744,327.3688,338.1814,350.9187,366.1291,384.5555,407.2283,435.631,174.0,471.0,1223.1582,79.32099999999991,79.32099999999991,-21.55590000000001
2920,2920,2920.0,2920.0,2920.0,2920.0,2920.0,,,,,,,,,,,,,,,,,,,,,,,,,,,,,,,,,,,,,,,,,,,,,,,,,,,,,,,,,,,,,,,,,,,,,,0.0,273.0,273.0,273.0,273.0,273.0,273.0,273.0,273.0,273.0,273.0,273.0,273.0,273.0,273.0,273.0,273.0,273.0,273.0,273.0,273.0,341.0,471.0,0.0,361.1865,3776.1507,-20.0
2921,2921,2921.0,2921.0,2921.0,2921.0,2921.0,,,,,,,,,,,,,,,,,,,,,,,,,,,,,,,,,,,,,,,,,,,,,,,,,,,,,,,,,,,,,,,,,,,,,,0.1,327.0275,314.991,304.8208,296.4596,289.8214,284.7804,281.1852,278.8909,277.8017,277.9118,279.3396,282.3473,287.3402,294.8439,305.4601,319.8126,338.5041,362.1192,391.3143,427.045,172.0,471.0,361.1865,165.16250000000002,3414.9642000000003,-9.269600000000024
2922,2922,2922.0,2922.0,2922.0,2922.0,2922.0,,,,,,,,,,,,,,,,,,,,,,,,,,,,,,,,,,,,,,,,,,,,,,,,,,,,,,,,,,,,,,,,,,,,,,0.2,193.988,213.9638,231.3286,245.7714,257.3006,266.2132,273.0211,278.3613,282.9111,287.3243,292.1925,298.0311,305.2842,314.3439,325.579,339.3759,356.1914,376.6311,401.5655,432.3198,174.0,253.0,526.349,257.3436999999999,3249.8017000000004,-28.986800000000017
2923,2923,2923.0,2923.0,2923.0,2923.0,2923.0,,,,,,,,,,,,,,,,,,,,,,,,,,,,,,,,,,,,,,,,,,,,,,,,,,,,,,,,,,,,,,,,,,,,,,0.3,190.5839,205.8536,219.7475,232.2536,243.414,253.3197,262.098,269.8904,276.8249,282.9836,288.3714,292.891,296.3323,298.3834,298.6686,296.814,292.5339,285.7222,276.5277,265.3876,178.0,398.0,783.6927,448.1984000000001,2992.4580000000005,-43.13029999999998
2924,2924,2924.0,2924.0,2924.0,2924.0,2924.0,,,,,,,,,,,,,,,,,,,,,,,,,,,,,,,,,,,,,,,,,,,,,,,,,,,,,,,,,,,,,,,,,,,,,,0.4,192.3155,205.4546,217.4441,228.3204,238.1275,246.9176,254.7544,261.7202,267.9258,273.5252,278.7305,283.8256,289.1739,295.213,302.4354,311.3557,322.4729,336.2457,353.0984,373.4813,172.0,470.0,1231.8911,471.4280999999999,2544.2596000000003,-50.88240000000002
2925,2925,2925.0,2925.0,2925.0,2925.0,2925.0,,,,,,,,,,,,,,,,,,,,,,,,,,,,,,,,,,,,,,,,,,,,,,,,,,,,,,,,,,,,,,,,,,,,,,0.5,186.664,200.1012,212.3328,223.4095,233.4144,242.4652,250.7138,258.3483,265.5939,272.7169,280.0286,287.888,296.7028,306.9266,319.0541,333.6213,351.2185,372.5355,398.4616,430.2765,172.0,472.0,1703.3192,446.529,2072.8315,-56.78479999999999
2926,2926,2926.0,2926.0,2926.0,2926.0,2926.0,,,,,,,,,,,,,,,,,,,,,,,,,,,,,,,,,,,,,,,,,,,,,,,,,,,,,,,,,,,,,,,,,,,,,,0.6,186.1399,199.1228,211.0327,221.9716,232.0603,241.4395,250.2694,258.73,267.0206,275.3594,283.9846,293.1556,303.1574,314.3081,326.9736,341.5906,358.7069,379.0441,403.6035,433.8438,172.0,471.0,2149.8482,427.7341000000001,1626.3025000000002,-59.3605
2927,2927,2927.0,2927.0,2927.0,2927.0,2927.0,,,,,,,,,,,,,,,,,,,,,,,,,,,,,,,,,,,,,,,,,,,,,,,,,,,,,,,,,,,,,,,,,,,,,,0.7,186.1183,199.1043,211.0637,222.1151,232.3888,242.0265,251.1807,260.0144,268.7022,277.4311,286.404,295.8441,306.0026,317.1707,329.6962,344.0108,360.6694,380.4127,404.2673,433.7154,173.0,471.0,2577.5823,411.80009999999993,1198.5684,-60.42349999999999
2928,2928,2928.0,2928.0,2928.0,2928.0,2928.0,,,,,,,,,,,,,,,,,,,,,,,,,,,,,,,,,,,,,,,,,,,,,,,,,,,,,,,,,,,,,,,,,,,,,,0.8,187.0453,199.9746,211.9027,222.9534,233.2584,242.9557,252.1905,261.1153,269.8926,278.697,287.72,297.1756,307.3093,318.4095,330.8258,344.9947,361.4788,381.028,404.6783,433.9198,174.0,473.0,2989.3824,398.2847999999999,786.7683000000002,-61.24429999999998
2929,2929,2929.0,2929.0,2929.0,2929.0,2929.0,,,,,,,,,,,,,,,,,,,,,,,,,,,,,,,,,,,,,,,,,,,,,,,,,,,,,,,,,,,,,,,,,,,,,,0.9,188.0086,200.9076,212.8122,223.8463,234.1408,243.8325,253.0644,261.9871,270.761,279.5596,288.5743,298.0207,308.1475,319.2489,331.6818,345.8919,362.4528,382.1276,405.9701,435.497,173.0,473.0,3387.6672,388.4835000000003,388.4835000000003,-62.2175
2930,2930,2930.0,2930.0,2930.0,2930.0,2930.0,,,,,,,,,,,,,,,,,,,,,,,,,,,,,,,,,,,,,,,,,,,,,,,,,,,,,,,,,,,,,,,,,,,,,,0.0,273.0,273.0,273.0,273.0,273.0,273.0,273.0,273.0,273.0,273.0,273.0,273.0,273.0,273.0,273.0,273.0,273.0,273.0,273.0,273.0,341.0,472.0,0.0,361.035,1304.2229,-20.0
2931,2931,2931.0,2931.0,2931.0,2931.0,2931.0,,,,,,,,,,,,,,,,,,,,,,,,,,,,,,,,,,,,,,,,,,,,,,,,,,,,,,,,,,,,,,,,,,,,,,0.1,327.0276,314.9911,304.821,296.4598,289.8219,284.7816,281.1875,278.8954,277.81,277.9266,279.3651,282.3894,287.4073,294.9471,305.6135,320.0333,338.8126,362.54,391.8783,427.7947,173.0,473.0,361.035,164.0647999999999,943.1879,-9.268399999999986
2932,2932,2932.0,2932.0,2932.0,2932.0,2932.0,,,,,,,,,,,,,,,,,,,,,,,,,,,,,,,,,,,,,,,,,,,,,,,,,,,,,,,,,,,,,,,,,,,,,,0.2,194.8037,214.6086,231.8227,246.1391,257.5678,266.4051,273.1611,278.47,283.0067,287.423,292.31,298.1834,305.4891,314.6219,325.9548,339.8791,356.8587,377.5088,402.7151,433.8283,363.0,473.0,525.0998,143.1758000000001,779.1231,-28.794899999999984
2933,2933,2933.0,2933.0,2933.0,2933.0,2933.0,,,,,,,,,,,,,,,,,,,,,,,,,,,,,,,,,,,,,,,,,,,,,,,,,,,,,,,,,,,,,,,,,,,,,,0.3,342.3451,324.764,310.3828,299.3024,291.4944,286.768,284.7973,285.1852,287.5389,291.5334,296.9513,303.7001,311.8102,321.4274,332.8058,346.3142,362.4608,381.9464,405.7637,435.3694,172.0,473.0,668.2756,75.37349999999992,635.9472999999999,-9.682000000000016
2934,2934,2934.0,2934.0,2934.0,2934.0,2934.0,,,,,,,,,,,,,,,,,,,,,,,,,,,,,,,,,,,,,,,,,,,,,,,,,,,,,,,,,,,,,,,,,,,,,,0.4,194.9284,215.8365,234.127,249.5008,261.9851,271.8942,279.7457,286.1618,291.7795,297.188,302.896,309.3292,316.8486,325.7838,336.4746,349.3181,364.8248,383.6918,406.909,435.9338,322.0,472.0,743.6491,108.78269999999998,560.5738,-25.9058
2935,2935,2935.0,2935.0,2935.0,2935.0,2935.0,,,,,,,,,,,,,,,,,,,,,,,,,,,,,,,,,,,,,,,,,,,,,,,,,,,,,,,,,,,,,,,,,,,,,,0.5,310.7059,301.0993,293.4909,288.0845,284.9278,283.9113,284.806,287.3262,291.1933,296.1888,302.187,309.1684,317.2205,326.5336,337.4001,350.2239,365.5481,384.1081,406.9268,435.4802,173.0,473.0,852.4318,83.3501,451.7911,-15.338700000000015
2936,2936,2936.0,2936.0,2936.0,2936.0,2936.0,,,,,,,,,,,,,,,,,,,,,,,,,,,,,,,,,,,,,,,,,,,,,,,,,,,,,,,,,,,,,,,,,,,,,,0.6,194.7678,214.6799,232.2618,247.2811,259.7698,269.9942,278.3879,285.4731,291.7894,297.8434,304.084,310.9015,318.6443,327.6478,338.2701,350.9344,366.1803,384.7334,407.6087,436.2828,335.0,472.0,935.7819,109.72389999999996,368.441,-30.80580000000004
2937,2937,2937.0,2937.0,2937.0,2937.0,2937.0,,,,,,,,,,,,,,,,,,,,,,,,,,,,,,,,,,,,,,,,,,,,,,,,,,,,,,,,,,,,,,,,,,,,,,0.7,320.8395,308.7917,299.1429,292.0842,287.647,285.6928,285.9501,288.0789,291.7415,296.6613,302.6606,309.6776,317.7683,327.1025,337.9609,350.7443,365.9977,384.4627,407.1697,435.6028,174.0,473.0,1045.5058,74.30340000000001,258.7171000000001,-16.75720000000001
2938,2938,2938.0,2938.0,2938.0,2938.0,2938.0,,,,,,,,,,,,,,,,,,,,,,,,,,,,,,,,,,,,,,,,,,,,,,,,,,,,,,,,,,,,,,,,,,,,,,0.8,196.0173,216.1439,233.8745,248.96,261.4313,271.5661,279.818,286.7315,292.8671,298.7476,304.8323,311.5158,319.1469,328.0577,338.6021,351.1992,366.3851,384.8827,407.706,436.3305,326.0,473.0,1119.8092,105.25670000000014,184.4137000000001,-32.63389999999998
2939,2939,2939.0,2939.0,2939.0,2939.0,2939.0,,,,,,,,,,,,,,,,,,,,,,,,,,,,,,,,,,,,,,,,,,,,,,,,,,,,,,,,,,,,,,,,,,,,,,0.9,313.9048,303.6258,295.4682,289.6329,286.1627,284.9384,285.7163,288.1912,292.0632,297.092,303.1328,310.1509,318.2237,327.537,338.3837,351.1734,366.4582,384.9859,407.7947,436.3799,171.0,473.0,1225.0659,79.15699999999993,79.15699999999993,-21.11160000000001
2940,2940,2940.0,2940.0,2940.0,2940.0,,,,,,,,,,,,,,,,,,,,,,,,,,,,,,,,,,,,,,,,,,,,,,,,,,,,,,,,,,,,,,,,,,,,,,,0.0,273.0,273.0,273.0,273.0,273.0,273.0,273.0,273.0,273.0,273.0,273.0,273.0,273.0,273.0,273.0,273.0,273.0,273.0,273.0,273.0,269.0,473.0,0.0,385.1775,1130.1106,-20.0
2941,2941,2941.0,2941.0,2941.0,2941.0,,,,,,,,,,,,,,,,,,,,,,,,,,,,,,,,,,,,,,,,,,,,,,,,,,,,,,,,,,,,,,,,,,,,,,,0.1,269.7971,270.5053,271.1222,271.6536,272.1185,272.5545,273.0265,273.6377,274.545,275.9773,278.2539,281.7972,287.1331,294.8732,305.6782,320.2112,339.101,362.9516,392.4381,428.5425,306.0,472.0,385.1775,171.4774,744.9331,-21.4955
2942,2942,2942.0,2942.0,2942.0,2942.0,,,,,,,,,,,,,,,,,,,,,,,,,,,,,,,,,,,,,,,,,,,,,,,,,,,,,,,,,,,,,,,,,,,,,,,0.2,299.4083,293.7188,289.0038,285.3243,282.7191,281.2054,280.7896,281.4835,283.3206,286.3688,290.7368,296.576,304.0793,313.481,325.0624,339.1701,356.2517,376.921,402.0682,433.0462,260.0,472.0,556.6549,85.19090000000006,573.4557,-13.994599999999991
2943,2943,2943.0,2943.0,2943.0,2943.0,,,,,,,,,,,,,,,,,,,,,,,,,,,,,,,,,,,,,,,,,,,,,,,,,,,,,,,,,,,,,,,,,,,,,,,0.3,264.418,268.4905,272.1628,275.4369,278.3835,281.1383,283.8882,286.8528,290.2646,294.3565,299.3544,305.4791,312.9558,322.0292,332.9868,346.1907,362.1221,381.448,405.1259,434.5778,261.0,473.0,641.8458,77.33039999999994,488.2647999999999,-15.311699999999972
2944,2944,2944.0,2944.0,2944.0,2944.0,,,,,,,,,,,,,,,,,,,,,,,,,,,,,,,,,,,,,,,,,,,,,,,,,,,,,,,,,,,,,,,,,,,,,,,0.4,264.5131,267.8454,271.0574,274.2149,277.3927,280.676,284.1628,287.965,292.2091,297.0377,302.612,309.116,316.7635,325.8091,336.5662,349.433,364.9325,383.7759,406.9643,435.9606,260.0,473.0,719.1762,72.90420000000006,410.9344,-17.124000000000024
2945,2945,2945.0,2945.0,2945.0,2945.0,,,,,,,,,,,,,,,,,,,,,,,,,,,,,,,,,,,,,,,,,,,,,,,,,,,,,,,,,,,,,,,,,,,,,,,0.5,263.7257,267.2638,270.6849,274.0624,277.4745,281.0053,284.7471,288.8017,293.2823,298.3172,304.0531,310.6619,318.3488,327.3647,338.0242,350.7314,366.0199,384.6142,407.53,436.2438,259.0,473.0,792.0804,70.5139999999999,338.0301999999999,-18.244700000000023
2946,2946,2946.0,2946.0,2946.0,2946.0,,,,,,,,,,,,,,,,,,,,,,,,,,,,,,,,,,,,,,,,,,,,,,,,,,,,,,,,,,,,,,,,,,,,,,,0.6,262.9591,266.7141,270.3373,273.9031,277.4897,281.1807,285.0666,289.2467,293.8317,298.9469,304.7369,311.3717,319.056,328.0416,338.6454,351.275,366.4687,384.9565,407.7591,436.3579,262.0,472.0,862.5944,68.32400000000007,267.5162,-19.61930000000001
2947,2947,2947.0,2947.0,2947.0,2947.0,,,,,,,,,,,,,,,,,,,,,,,,,,,,,,,,,,,,,,,,,,,,,,,,,,,,,,,,,,,,,,,,,,,,,,,0.7,265.377,268.6186,271.8073,275.0223,278.3404,281.8377,285.5928,289.6905,294.2263,299.3111,305.0772,311.6846,319.3301,328.2598,338.7862,351.3138,366.3782,384.7058,407.3122,435.6682,260.0,473.0,930.9184,66.32280000000003,199.1922,-20.612300000000005
2948,2948,2948.0,2948.0,2948.0,2948.0,,,,,,,,,,,,,,,,,,,,,,,,,,,,,,,,,,,,,,,,,,,,,,,,,,,,,,,,,,,,,,,,,,,,,,,0.8,263.8962,267.6021,271.1859,274.7188,278.2765,281.9404,285.7995,289.9516,294.5058,299.5859,305.3349,311.9222,319.5523,328.4777,339.0167,351.5793,366.7061,385.1292,407.8707,436.4122,259.0,473.0,997.2412,66.53290000000004,132.86939999999993,-22.259599999999978
2949,2949,2949.0,2949.0,2949.0,2949.0,,,,,,,,,,,,,,,,,,,,,,,,,,,,,,,,,,,,,,,,,,,,,,,,,,,,,,,,,,,,,,,,,,,,,,,0.9,263.0703,266.9337,270.6599,274.321,277.9928,281.7568,285.7016,289.925,294.5364,299.6604,305.4414,312.0498,319.6915,328.6201,339.1547,351.7059,366.815,385.2151,407.9297,436.4421,261.0,472.0,1063.7741,66.33649999999989,66.33649999999989,-24.293200000000013
2950,2950,2950.0,2950.0,2950.0,2950.0,,,,,,,,,,,,,,,,,,,,,,,,,,,,,,,,,,,,,,,,,,,,,,,,,,,,,,,,,,,,,,,,,,,,,,,0.0,273.0,273.0,273.0,273.0,273.0,273.0,273.0,273.0,273.0,273.0,273.0,273.0,273.0,273.0,273.0,273.0,273.0,273.0,273.0,273.0,267.0,473.0,0.0,386.0563,1130.499,-20.0
2951,2951,2951.0,2951.0,2951.0,2951.0,,,,,,,,,,,,,,,,,,,,,,,,,,,,,,,,,,,,,,,,,,,,,,,,,,,,,,,,,,,,,,,,,,,,,,,0.1,268.1926,269.2511,270.1693,270.9515,271.6174,272.2087,272.7959,273.4893,274.4528,275.9221,278.222,281.7794,287.1235,294.8682,305.6758,320.21,339.1004,362.9513,392.438,428.5425,308.0,472.0,386.0563,172.80569999999994,744.4427000000001,-21.84129999999999
2952,2952,2952.0,2952.0,2952.0,2952.0,,,,,,,,,,,,,,,,,,,,,,,,,,,,,,,,,,,,,,,,,,,,,,,,,,,,,,,,,,,,,,,,,,,,,,,0.2,300.9275,294.8207,289.7557,285.7955,282.9772,281.3122,280.7979,281.4352,283.2463,286.2888,290.6629,296.5139,304.0305,313.4446,325.0366,339.1525,356.2402,376.9139,402.0642,433.0444,258.0,473.0,558.862,85.3012,571.6370000000001,-13.88779999999997
2953,2953,2953.0,2953.0,2953.0,2953.0,,,,,,,,,,,,,,,,,,,,,,,,,,,,,,,,,,,,,,,,,,,,,,,,,,,,,,,,,,,,,,,,,,,,,,,0.3,262.8579,267.3213,271.3252,274.8672,278.0182,280.9197,283.7682,286.7941,290.2417,294.3542,299.3663,305.5062,313.0043,322.1101,333.1149,346.3842,362.4031,381.8435,405.6698,435.3159,260.0,472.0,644.1632,78.4801,486.33580000000006,-15.530300000000013
2954,2954,2954.0,2954.0,2954.0,2954.0,,,,,,,,,,,,,,,,,,,,,,,,,,,,,,,,,,,,,,,,,,,,,,,,,,,,,,,,,,,,,,,,,,,,,,,0.4,263.6521,267.1085,270.4325,273.6923,276.9635,280.3319,283.8951,287.7642,292.0652,296.9399,302.5485,309.0734,316.7263,325.7593,336.4825,349.2904,364.7023,383.4249,406.4531,435.2398,260.0,472.0,722.6433,74.1201000000001,407.85570000000007,-17.468099999999993
2955,2955,2955.0,2955.0,2955.0,2955.0,,,,,,,,,,,,,,,,,,,,,,,,,,,,,,,,,,,,,,,,,,,,,,,,,,,,,,,,,,,,,,,,,,,,,,,0.5,263.6716,267.1604,270.5413,273.8903,277.2861,280.812,284.5578,288.6222,293.1147,298.16,303.9017,310.5086,318.1836,327.1756,337.7969,350.4496,365.664,384.1601,406.946,435.4854,262.0,473.0,796.7634,70.36469999999997,333.7356,-18.437999999999988
2956,2956,2956.0,2956.0,2956.0,2956.0,,,,,,,,,,,,,,,,,,,,,,,,,,,,,,,,,,,,,,,,,,,,,,,,,,,,,,,,,,,,,,,,,,,,,,,0.6,265.3463,268.5545,271.7051,274.8765,278.1459,281.5917,285.2952,289.3449,293.8402,298.8958,304.6476,311.2593,318.9312,327.9125,338.5189,351.1576,366.3666,384.8751,407.7027,436.3292,262.0,472.0,867.1281,66.60810000000004,263.3709,-19.20830000000001
2957,2957,2957.0,2957.0,2957.0,2957.0,,,,,,,,,,,,,,,,,,,,,,,,,,,,,,,,,,,,,,,,,,,,,,,,,,,,,,,,,,,,,,,,,,,,,,,0.7,265.4718,268.7972,272.0499,275.3037,278.6341,282.1198,285.8446,289.8999,294.3879,299.4254,305.1487,311.7205,319.3388,328.2497,338.7648,351.2876,366.3521,384.6835,407.2962,435.6599,259.0,471.0,933.7362,65.51819999999998,196.7628,-20.33019999999999
2958,2958,2958.0,2958.0,2958.0,2958.0,,,,,,,,,,,,,,,,,,,,,,,,,,,,,,,,,,,,,,,,,,,,,,,,,,,,,,,,,,,,,,,,,,,,,,,0.8,263.1222,267.0304,270.7885,274.4649,278.1347,281.8807,285.7947,289.9782,294.5437,299.6179,305.3455,311.8957,319.4712,328.3209,338.7578,351.1854,366.1361,384.3313,406.7781,434.9337,261.0,472.0,999.2544,66.32310000000007,131.2446,-22.3193
2959,2959,2959.0,2959.0,2959.0,2959.0,,,,,,,,,,,,,,,,,,,,,,,,,,,,,,,,,,,,,,,,,,,,,,,,,,,,,,,,,,,,,,,,,,,,,,,0.9,264.6511,268.1414,271.5477,274.9454,278.4092,282.0154,285.8444,289.9843,294.5346,299.6108,305.3501,311.9178,319.5161,328.3963,338.8762,351.3644,366.3994,384.7088,407.3076,435.6638,262.0,471.0,1065.5775,64.92149999999992,64.92149999999992,-24.03460000000001
2960,2960,2960.0,2960.0,2960.0,2960.0,,,,,,,,,,,,,,,,,,,,,,,,,,,,,,,,,,,,,,,,,,,,,,,,,,,,,,,,,,,,,,,,,,,,,,,0.0,273.0,273.0,273.0,273.0,273.0,273.0,273.0,273.0,273.0,273.0,273.0,273.0,273.0,273.0,273.0,273.0,273.0,273.0,273.0,273.0,268.0,473.0,0.0,385.6155,1125.8498,-20.0
2961,2961,2961.0,2961.0,2961.0,2961.0,,,,,,,,,,,,,,,,,,,,,,,,,,,,,,,,,,,,,,,,,,,,,,,,,,,,,,,,,,,,,,,,,,,,,,,0.1,268.995,269.8783,270.6459,271.3026,271.868,272.3816,272.9113,273.5635,274.4989,275.9497,278.238,281.7883,287.1283,294.8707,305.677,320.2106,339.1007,362.9514,392.438,428.5425,307.0,473.0,385.6155,172.1735,740.2343,-21.66840000000002
2962,2962,2962.0,2962.0,2962.0,2962.0,,,,,,,,,,,,,,,,,,,,,,,,,,,,,,,,,,,,,,,,,,,,,,,,,,,,,,,,,,,,,,,,,,,,,,,0.2,300.1679,294.2698,289.3799,285.5603,282.8488,281.26,280.796,281.4636,283.2912,286.3425,290.7234,296.584,304.1173,313.5591,325.1936,339.3703,356.5409,377.3245,402.6184,433.7878,260.0,471.0,557.789,84.43650000000002,568.0608,-13.939999999999998
2963,2963,2963.0,2963.0,2963.0,2963.0,,,,,,,,,,,,,,,,,,,,,,,,,,,,,,,,,,,,,,,,,,,,,,,,,,,,,,,,,,,,,,,,,,,,,,,0.3,264.4415,268.5348,272.2229,275.5068,278.4572,281.2106,283.9557,286.9136,290.3182,294.4025,299.3916,305.5045,312.9627,322.0069,332.9194,346.0573,361.8966,381.099,404.6153,433.8569,261.0,473.0,642.2255,77.20209999999997,483.6243,-15.23939999999999
2964,2964,2964.0,2964.0,2964.0,2964.0,,,,,,,,,,,,,,,,,,,,,,,,,,,,,,,,,,,,,,,,,,,,,,,,,,,,,,,,,,,,,,,,,,,,,,,0.4,264.5208,267.8602,271.0781,274.2402,277.4205,280.7043,284.1892,287.987,292.2242,297.044,302.6078,309.1005,316.7367,325.7725,336.5226,349.3863,364.8874,383.7372,406.9361,435.9459,259.0,472.0,719.4276,73.02769999999998,406.4222,-17.095700000000022
2965,2965,2965.0,2965.0,2965.0,2965.0,,,,,,,,,,,,,,,,,,,,,,,,,,,,,,,,,,,,,,,,,,,,,,,,,,,,,,,,,,,,,,,,,,,,,,,0.5,262.9249,266.6404,270.2144,273.7189,277.2321,280.84,284.6373,288.729,293.2318,298.2764,304.0115,310.6096,318.2756,327.2591,337.8723,350.5162,365.7206,384.2049,406.977,435.5012,262.0,473.0,792.4553,70.41540000000009,333.3945,-18.410000000000025
2966,2966,2966.0,2966.0,2966.0,2966.0,,,,,,,,,,,,,,,,,,,,,,,,,,,,,,,,,,,,,,,,,,,,,,,,,,,,,,,,,,,,,,,,,,,,,,,0.6,265.3322,268.5289,271.6727,274.8429,278.117,281.5719,285.2876,289.3505,293.8584,298.9245,304.684,311.3002,318.9736,327.9538,338.5568,351.1906,366.3936,384.8955,407.7163,436.3359,262.0,472.0,862.8707,66.61539999999991,262.9790999999999,-19.228099999999984
2967,2967,2967.0,2967.0,2967.0,2967.0,,,,,,,,,,,,,,,,,,,,,,,,,,,,,,,,,,,,,,,,,,,,,,,,,,,,,,,,,,,,,,,,,,,,,,,0.7,265.4702,268.7944,272.0464,275.3003,278.6316,282.1191,285.8463,289.9045,294.3955,299.4357,305.1613,311.7347,319.3539,328.2648,338.7792,351.3005,366.363,384.692,407.302,435.6628,259.0,472.0,929.4861,65.66920000000005,196.3637,-20.330899999999986
2968,2968,2968.0,2968.0,2968.0,2968.0,,,,,,,,,,,,,,,,,,,,,,,,,,,,,,,,,,,,,,,,,,,,,,,,,,,,,,,,,,,,,,,,,,,,,,,0.8,263.1223,267.0307,270.7891,274.4661,278.1367,281.884,285.7998,289.986,294.5556,299.6362,305.3738,311.9392,319.5373,328.4199,338.9031,351.394,366.4294,384.7357,407.3278,435.6746,262.0,473.0,995.1553,66.05550000000005,130.69449999999995,-22.31599999999997
2969,2969,2969.0,2969.0,2969.0,2969.0,,,,,,,,,,,,,,,,,,,,,,,,,,,,,,,,,,,,,,,,,,,,,,,,,,,,,,,,,,,,,,,,,,,,,,,0.9,265.4551,268.7714,272.0284,275.3025,278.6686,282.2014,285.9788,290.086,294.6194,299.6919,305.4387,312.0238,319.6493,328.5668,339.095,351.6448,366.7579,385.167,407.8952,436.4242,261.0,473.0,1061.2108,64.6389999999999,64.6389999999999,-23.84860000000004
2970,2970,2970.0,2970.0,2970.0,2970.0,,,,,,,,,,,,,,,,,,,,,,,,,,,,,,,,,,,,,,,,,,,,,,,,,,,,,,,,,,,,,,,,,,,,,,,0.0,273.0,273.0,273.0,273.0,273.0,273.0,273.0,273.0,273.0,273.0,273.0,273.0,273.0,273.0,273.0,273.0,273.0,273.0,273.0,273.0,270.0,472.0,0.0,384.893,1126.5381,-20.0
2971,2971,2971.0,2971.0,2971.0,2971.0,,,,,,,,,,,,,,,,,,,,,,,,,,,,,,,,,,,,,,,,,,,,,,,,,,,,,,,,,,,,,,,,,,,,,,,0.1,270.5991,271.132,271.5982,272.0042,272.3682,272.7261,273.1394,273.7074,274.5827,275.9901,278.2444,281.7641,287.0708,294.7725,305.5262,319.9912,338.793,362.5312,391.8745,427.7933,304.0,471.0,384.893,171.75960000000003,741.6451,-21.32390000000004
2972,2972,2972.0,2972.0,2972.0,2972.0,,,,,,,,,,,,,,,,,,,,,,,,,,,,,,,,,,,,,,,,,,,,,,,,,,,,,,,,,,,,,,,,,,,,,,,0.2,297.8521,292.547,288.1554,284.7379,282.3348,280.9682,280.6516,281.4051,283.2708,286.3241,290.6797,296.4936,303.961,313.3172,324.8434,338.8845,355.885,376.4538,401.4728,432.2812,262.0,473.0,556.6526,86.27779999999996,569.8855,-14.231799999999964
2973,2973,2973.0,2973.0,2973.0,2973.0,,,,,,,,,,,,,,,,,,,,,,,,,,,,,,,,,,,,,,,,,,,,,,,,,,,,,,,,,,,,,,,,,,,,,,,0.3,265.9619,269.6286,272.9552,275.949,278.68,281.2785,283.9223,286.8201,290.1944,294.269,299.264,305.3974,312.8941,322.0011,333.0097,346.2863,362.3169,381.7739,405.6211,435.2909,263.0,472.0,642.9304,75.64970000000005,483.6077,-15.17149999999998
2974,2974,2974.0,2974.0,2974.0,2974.0,,,,,,,,,,,,,,,,,,,,,,,,,,,,,,,,,,,,,,,,,,,,,,,,,,,,,,,,,,,,,,,,,,,,,,,0.4,266.1682,269.1931,272.1349,275.0592,278.0392,281.1585,284.5125,288.2099,292.3733,297.141,302.6691,309.1359,316.749,325.7567,336.4657,349.2674,364.6787,383.4047,406.4387,435.2323,259.0,473.0,718.5801,71.43629999999996,407.958,-16.641500000000008
2975,2975,2975.0,2975.0,2975.0,2975.0,,,,,,,,,,,,,,,,,,,,,,,,,,,,,,,,,,,,,,,,,,,,,,,,,,,,,,,,,,,,,,,,,,,,,,,0.5,263.0083,266.7986,270.432,273.976,277.5076,281.1142,284.8942,288.9573,293.4256,298.435,304.1388,310.7141,318.3697,327.3594,337.9993,350.6946,365.9791,384.5767,407.5016,436.2286,260.0,473.0,790.0164,70.09960000000001,336.5217,-18.135800000000017
2976,2976,2976.0,2976.0,2976.0,2976.0,,,,,,,,,,,,,,,,,,,,,,,,,,,,,,,,,,,,,,,,,,,,,,,,,,,,,,,,,,,,,,,,,,,,,,,0.6,263.7556,267.3305,270.801,274.2431,277.7344,281.3553,285.1921,289.339,293.9018,299.0017,304.7803,311.4059,319.0822,328.0607,338.6583,351.2829,366.473,384.9583,407.7597,436.358,260.0,473.0,860.116,68.35969999999998,266.4221,-19.44470000000001
2977,2977,2977.0,2977.0,2977.0,2977.0,,,,,,,,,,,,,,,,,,,,,,,,,,,,,,,,,,,,,,,,,,,,,,,,,,,,,,,,,,,,,,,,,,,,,,,0.7,263.8073,267.4321,270.949,274.4332,277.9619,281.6155,285.4805,289.651,294.2324,299.3451,305.1295,311.7529,319.4181,328.3763,338.9444,351.5314,366.6772,385.1136,407.8634,436.4096,262.0,473.0,928.4757,66.6431,198.06240000000005,-20.83449999999999
2978,2978,2978.0,2978.0,2978.0,2978.0,,,,,,,,,,,,,,,,,,,,,,,,,,,,,,,,,,,,,,,,,,,,,,,,,,,,,,,,,,,,,,,,,,,,,,,0.8,265.4442,268.7486,271.9919,275.2508,278.6011,282.1192,285.885,289.9854,294.5182,299.5969,305.3562,311.9588,319.6046,328.5429,339.0897,351.6539,366.7755,385.1871,407.912,436.4336,259.0,472.0,995.1188,65.35400000000004,131.41930000000002,-22.08080000000001
2979,2979,2979.0,2979.0,2979.0,2979.0,,,,,,,,,,,,,,,,,,,,,,,,,,,,,,,,,,,,,,,,,,,,,,,,,,,,,,,,,,,,,,,,,,,,,,,0.9,263.1253,267.0376,270.8015,274.4861,278.1669,281.9267,285.8573,290.0598,294.6466,299.7442,305.4974,312.0759,319.6831,328.5693,339.0498,351.5307,366.5487,384.831,407.3938,435.7082,260.0,471.0,1060.4728,66.06529999999998,66.06529999999998,-24.12330000000003
2980,2980,2980.0,2980.0,2980.0,2980.0,,,,,,,,,,,,,,,,,,,,,,,,,,,,,,,,,,,,,,,,,,,,,,,,,,,,,,,,,,,,,,,,,,,,,,,0.0,273.0,273.0,273.0,273.0,273.0,273.0,273.0,273.0,273.0,273.0,273.0,273.0,273.0,273.0,273.0,273.0,273.0,273.0,273.0,273.0,270.0,471.0,0.0,385.0454,1133.0378,-20.0
2981,2981,2981.0,2981.0,2981.0,2981.0,,,,,,,,,,,,,,,,,,,,,,,,,,,,,,,,,,,,,,,,,,,,,,,,,,,,,,,,,,,,,,,,,,,,,,,0.1,270.5991,271.1319,271.598,272.0039,272.3676,272.7249,273.137,273.7028,274.5744,275.9752,278.219,281.722,287.0037,294.6693,305.3728,319.7705,338.4845,362.1104,391.3105,427.0436,302.0,471.0,385.0454,173.05820000000006,747.9924000000001,-21.32510000000002
2982,2982,2982.0,2982.0,2982.0,2982.0,,,,,,,,,,,,,,,,,,,,,,,,,,,,,,,,,,,,,,,,,,,,,,,,,,,,,,,,,,,,,,,,,,,,,,,0.2,296.2603,291.3078,287.2146,284.0423,281.8339,280.6156,280.4066,281.2338,283.1463,286.2259,290.5936,296.4103,303.8758,313.2291,324.7543,338.7985,355.8074,376.3901,401.4278,432.258,262.0,473.0,558.1036,87.95319999999992,574.9342,-14.584400000000016
2983,2983,2983.0,2983.0,2983.0,2983.0,,,,,,,,,,,,,,,,,,,,,,,,,,,,,,,,,,,,,,,,,,,,,,,,,,,,,,,,,,,,,,,,,,,,,,,0.3,265.8895,269.4912,272.766,275.7248,278.4382,281.0351,283.6902,286.6082,290.0075,294.1086,299.1291,305.2856,312.8023,321.9263,332.9494,346.2385,362.2803,381.7473,405.6039,435.2825,260.0,472.0,646.0568,77.4892000000001,486.9810000000001,-15.414899999999989
2984,2984,2984.0,2984.0,2984.0,2984.0,,,,,,,,,,,,,,,,,,,,,,,,,,,,,,,,,,,,,,,,,,,,,,,,,,,,,,,,,,,,,,,,,,,,,,,0.4,263.7334,267.2595,270.6327,273.9163,277.1853,280.5293,284.0522,287.8729,292.1244,296.9543,302.5263,309.0247,316.6614,325.6873,336.411,349.2251,364.6472,383.3824,406.4246,435.2256,261.0,471.0,723.546,73.14709999999991,409.4918,-17.270700000000033
2985,2985,2985.0,2985.0,2985.0,2985.0,,,,,,,,,,,,,,,,,,,,,,,,,,,,,,,,,,,,,,,,,,,,,,,,,,,,,,,,,,,,,,,,,,,,,,,0.5,264.4945,267.8262,271.0707,274.304,277.6037,281.0512,284.7338,288.7469,293.1972,298.2064,303.9149,310.489,318.1281,327.0779,337.6469,350.233,365.3618,383.7476,406.3904,434.7414,262.0,471.0,796.6931,69.24630000000002,336.3447000000001,-18.19880000000001
2986,2986,2986.0,2986.0,2986.0,2986.0,,,,,,,,,,,,,,,,,,,,,,,,,,,,,,,,,,,,,,,,,,,,,,,,,,,,,,,,,,,,,,,,,,,,,,,0.6,265.388,268.6336,271.8135,275.0036,278.2802,281.7216,285.4104,289.4364,293.9002,298.9172,304.6226,311.1785,318.7825,327.6798,338.1809,350.6866,365.7269,384.0201,406.5698,434.8299,259.0,473.0,865.9394,67.61810000000003,267.0984000000001,-19.078399999999988
2987,2987,2987.0,2987.0,2987.0,2987.0,,,,,,,,,,,,,,,,,,,,,,,,,,,,,,,,,,,,,,,,,,,,,,,,,,,,,,,,,,,,,,,,,,,,,,,0.7,263.0742,266.9357,270.6495,274.285,277.9179,281.632,285.5197,289.6835,294.2376,299.3106,305.0504,311.6303,319.2583,328.1895,338.7441,351.333,366.4964,384.9648,407.7583,436.3555,259.0,473.0,933.5575,67.9416,199.48030000000008,-20.817999999999984
2988,2988,2988.0,2988.0,2988.0,2988.0,,,,,,,,,,,,,,,,,,,,,,,,,,,,,,,,,,,,,,,,,,,,,,,,,,,,,,,,,,,,,,,,,,,,,,,0.8,263.0166,266.8303,270.5139,274.1416,277.7898,281.5396,285.4784,289.7022,294.3188,299.4515,305.2436,311.8652,319.5221,328.4677,339.0211,351.5928,366.7239,385.1467,407.8845,436.4197,262.0,473.0,1001.4991,66.97690000000011,131.53870000000006,-22.66039999999998
2989,2989,2989.0,2989.0,2989.0,2989.0,,,,,,,,,,,,,,,,,,,,,,,,,,,,,,,,,,,,,,,,,,,,,,,,,,,,,,,,,,,,,,,,,,,,,,,0.9,265.4195,268.7026,271.931,275.183,278.5345,282.061,285.8404,289.9573,294.5071,299.6012,305.3731,311.9849,319.6361,328.5763,339.1222,351.6831,366.8,385.2058,407.9245,436.4398,262.0,472.0,1068.476,64.56179999999995,64.56179999999995,-23.98900000000004
2990,2990,2990.0,2990.0,2990.0,2990.0,,,,,,,,,,,,,,,,,,,,,,,,,,,,,,,,,,,,,,,,,,,,,,,,,,,,,,,,,,,,,,,,,,,,,,,0.0,273.0,273.0,273.0,273.0,273.0,273.0,273.0,273.0,273.0,273.0,273.0,273.0,273.0,273.0,273.0,273.0,273.0,273.0,273.0,273.0,267.0,473.0,0.0,386.0563,1125.9863,-20.0
2991,2991,2991.0,2991.0,2991.0,2991.0,,,,,,,,,,,,,,,,,,,,,,,,,,,,,,,,,,,,,,,,,,,,,,,,,,,,,,,,,,,,,,,,,,,,,,,0.1,268.1926,269.2511,270.1693,270.9515,271.6174,272.2087,272.7959,273.4893,274.4528,275.9221,278.222,281.7794,287.1235,294.8682,305.6758,320.21,339.1004,362.9513,392.438,428.5425,310.0,472.0,386.0563,172.18749999999994,739.9300000000001,-21.84129999999999
2992,2992,2992.0,2992.0,2992.0,2992.0,,,,,,,,,,,,,,,,,,,,,,,,,,,,,,,,,,,,,,,,,,,,,,,,,,,,,,,,,,,,,,,,,,,,,,,0.2,302.516,296.0549,290.6903,286.4834,283.4681,281.6512,281.0241,281.5809,283.3369,286.343,290.6942,296.5313,304.0399,313.4495,325.039,339.1537,356.2408,376.9142,402.0643,433.0445,260.0,472.0,558.2438,83.18320000000006,567.7425000000001,-13.548799999999972
2993,2993,2993.0,2993.0,2993.0,2993.0,,,,,,,,,,,,,,,,,,,,,,,,,,,,,,,,,,,,,,,,,,,,,,,,,,,,,,,,,,,,,,,,,,,,,,,0.3,264.5328,268.707,272.4573,275.7796,278.7433,281.4872,284.2048,287.1233,290.4832,294.5237,299.4752,305.5614,313.0082,322.0598,333.0027,346.1974,362.1237,381.4473,405.1247,434.5769,261.0,471.0,641.427,75.9375,484.5593,-14.962800000000016
2994,2994,2994.0,2994.0,2994.0,2994.0,,,,,,,,,,,,,,,,,,,,,,,,,,,,,,,,,,,,,,,,,,,,,,,,,,,,,,,,,,,,,,,,,,,,,,,0.4,264.5498,267.9163,271.1578,274.3385,277.5319,280.8227,284.3088,288.1021,292.3292,297.1324,302.6717,309.129,316.7147,325.6787,336.3287,349.0557,364.3748,382.9865,405.8769,434.4844,260.0,473.0,717.3645,72.68309999999997,408.6218,-16.977300000000014
2995,2995,2995.0,2995.0,2995.0,2995.0,,,,,,,,,,,,,,,,,,,,,,,,,,,,,,,,,,,,,,,,,,,,,,,,,,,,,,,,,,,,,,,,,,,,,,,0.5,263.74,267.2913,270.7234,274.1089,277.5249,281.055,284.7909,288.834,293.298,298.3116,304.0229,310.6056,318.2675,327.2623,337.9078,350.6105,365.9055,384.5175,407.4602,436.2074,260.0,471.0,790.0476,69.82399999999996,335.93870000000004,-18.195
2996,2996,2996.0,2996.0,2996.0,2996.0,,,,,,,,,,,,,,,,,,,,,,,,,,,,,,,,,,,,,,,,,,,,,,,,,,,,,,,,,,,,,,,,,,,,,,,0.6,263.7662,267.3493,270.8238,274.2646,277.7494,281.3594,285.1819,289.3121,293.8563,298.9351,304.6882,311.2804,318.911,327.8256,338.3341,350.8367,365.8629,384.1317,406.6487,434.8704,261.0,472.0,859.8716,68.16240000000005,266.1147000000001,-19.440600000000018
2997,2997,2997.0,2997.0,2997.0,2997.0,,,,,,,,,,,,,,,,,,,,,,,,,,,,,,,,,,,,,,,,,,,,,,,,,,,,,,,,,,,,,,,,,,,,,,,0.7,264.6088,268.0561,271.4184,274.7716,278.192,281.7578,285.5518,289.6643,294.1967,299.2654,305.008,311.5892,319.21,328.1203,338.6357,351.1632,366.2394,384.5905,407.2301,435.6257,259.0,472.0,928.034,67.05370000000005,197.95230000000004,-20.69220000000001
2998,2998,2998.0,2998.0,2998.0,2998.0,,,,,,,,,,,,,,,,,,,,,,,,,,,,,,,,,,,,,,,,,,,,,,,,,,,,,,,,,,,,,,,,,,,,,,,0.8,263.0652,266.9213,270.6363,274.2813,277.9323,281.6717,285.5897,289.7854,294.3697,299.4676,305.2233,311.8067,319.4221,328.321,338.8198,351.3256,366.3754,384.6959,407.3016,435.6617,263.0,473.0,995.0877,66.45820000000003,130.8986,-22.5283
2999,2999,2999.0,2999.0,2999.0,2999.0,,,,,,,,,,,,,,,,,,,,,,,,,,,,,,,,,,,,,,,,,,,,,,,,,,,,,,,,,,,,,,,,,,,,,,,0.9,266.2345,269.3533,272.4394,275.571,278.8232,282.2691,285.9838,290.0485,294.5558,299.6147,305.3571,311.9441,319.5755,328.5013,339.0391,351.599,366.7221,385.141,407.8783,436.4159,260.0,472.0,1061.5459,64.44039999999995,64.44039999999995,-23.78090000000003
3000,3000,3000.0,3000.0,3000.0,,,,,,,,,,,,,,,,,,,,,,,,,,,,,,,,,,,,,,,,,,,,,,,,,,,,,,,,,,,,,,,,,,,,,,,,0.0,273.0,273.0,273.0,273.0,273.0,273.0,273.0,273.0,273.0,273.0,273.0,273.0,273.0,273.0,273.0,273.0,273.0,273.0,273.0,273.0,455.0,274.0,0.0,413.8696,3364.7671,33.90219999999999
3001,3001,3001.0,3001.0,3001.0,,,,,,,,,,,,,,,,,,,,,,,,,,,,,,,,,,,,,,,,,,,,,,,,,,,,,,,,,,,,,,,,,,,,,,,,0.1,415.0053,382.2351,355.3338,333.5166,316.2184,302.9084,293.0184,285.9436,281.0808,277.8736,275.8471,274.6245,273.9266,273.5594,273.3961,273.3586,273.4012,273.4983,273.6357,273.8049,456.0,275.0,413.8696,362.22760000000005,2950.8975,33.90219999999999
3002,3002,3002.0,3002.0,3002.0,,,,,,,,,,,,,,,,,,,,,,,,,,,,,,,,,,,,,,,,,,,,,,,,,,,,,,,,,,,,,,,,,,,,,,,,0.2,420.6959,392.3589,369.2085,350.1022,334.2752,321.1884,310.4366,301.6929,294.6766,289.1361,284.8412,281.5819,279.169,277.4361,276.2403,275.462,275.0035,274.7859,274.7458,274.8317,454.0,272.0,776.0972,349.64160000000004,2588.6699,33.90219999999999
3003,3003,3003.0,3003.0,3003.0,,,,,,,,,,,,,,,,,,,,,,,,,,,,,,,,,,,,,,,,,,,,,,,,,,,,,,,,,,,,,,,,,,,,,,,,0.3,420.6903,394.1999,372.7257,355.0728,340.421,328.1886,317.9507,309.3858,302.2419,296.3127,291.423,287.4187,284.1609,281.5227,279.3878,277.6506,276.2164,275.0019,273.9347,272.9524,456.0,275.0,1125.7388,337.1906999999999,2239.0283,33.90219999999999
3004,3004,3004.0,3004.0,3004.0,,,,,,,,,,,,,,,,,,,,,,,,,,,,,,,,,,,,,,,,,,,,,,,,,,,,,,,,,,,,,,,,,,,,,,,,0.4,422.7488,396.4482,375.2468,357.9099,343.5807,331.6448,321.6486,313.249,306.1802,300.2319,295.235,291.0511,287.5647,284.6785,282.308,280.3784,278.8207,277.5693,276.5591,275.7248,454.0,275.0,1462.9295,324.4725000000001,1901.8376,33.90219999999999
3005,3005,3005.0,3005.0,3005.0,,,,,,,,,,,,,,,,,,,,,,,,,,,,,,,,,,,,,,,,,,,,,,,,,,,,,,,,,,,,,,,,,,,,,,,,0.5,421.5771,395.9807,375.391,358.5854,344.7103,333.1522,323.4589,315.2897,308.3826,302.5319,297.5729,293.3709,289.8134,286.8043,284.2601,282.1065,280.2763,278.7074,277.3415,276.1234,455.0,273.0,1787.402,317.0398,1577.3651,33.90219999999999
3006,3006,3006.0,3006.0,3006.0,,,,,,,,,,,,,,,,,,,,,,,,,,,,,,,,,,,,,,,,,,,,,,,,,,,,,,,,,,,,,,,,,,,,,,,,0.6,422.4401,396.7755,376.1704,359.3907,345.5732,334.0939,324.4893,316.4068,309.5727,303.7701,298.8239,294.5901,290.9476,287.7929,285.0357,282.597,280.4068,278.4035,276.5326,274.7459,455.0,271.0,2104.4418,316.3294999999998,1260.3253,33.90219999999999
3007,3007,3007.0,3007.0,3007.0,,,,,,,,,,,,,,,,,,,,,,,,,,,,,,,,,,,,,,,,,,,,,,,,,,,,,,,,,,,,,,,,,,,,,,,,0.7,422.5345,396.9648,376.4529,359.7618,346.0248,334.6147,325.0645,317.0185,310.1996,304.3873,299.4029,295.0984,291.3493,288.0486,285.1035,282.4328,279.9654,277.6393,275.4004,273.2014,457.0,274.0,2420.7713,317.5758000000001,943.9958,33.90219999999999
3008,3008,3008.0,3008.0,3008.0,,,,,,,,,,,,,,,,,,,,,,,,,,,,,,,,,,,,,,,,,,,,,,,,,,,,,,,,,,,,,,,,,,,,,,,,0.8,424.0692,398.1611,377.3989,360.5223,346.6491,335.1401,325.5189,317.4218,310.566,304.7282,299.7304,295.4297,291.7105,288.4785,285.6559,283.1767,280.9827,279.0203,277.2373,275.5815,453.0,273.0,2738.3471,314.05909999999994,626.4200000000001,33.90219999999999
3009,3009,3009.0,3009.0,3009.0,,,,,,,,,,,,,,,,,,,,,,,,,,,,,,,,,,,,,,,,,,,,,,,,,,,,,,,,,,,,,,,,,,,,,,,,0.9,421.1508,396.0697,375.9522,359.5779,346.0903,334.8702,325.459,317.51,310.7556,304.9854,300.0302,295.7517,292.0343,288.7798,285.9036,283.3321,281.0001,278.8502,276.8306,274.8949,457.0,275.0,3052.4062,312.36090000000013,312.36090000000013,33.90219999999999
3010,3010,3010.0,3010.0,3010.0,,,,,,,,,,,,,,,,,,,,,,,,,,,,,,,,,,,,,,,,,,,,,,,,,,,,,,,,,,,,,,,,,,,,,,,,0.0,273.0,273.0,273.0,273.0,273.0,273.0,273.0,273.0,273.0,273.0,273.0,273.0,273.0,273.0,273.0,273.0,273.0,273.0,273.0,273.0,455.0,273.0,0.0,414.3625,3383.0740000000005,34.096600000000024
3011,3011,3011.0,3011.0,3011.0,,,,,,,,,,,,,,,,,,,,,,,,,,,,,,,,,,,,,,,,,,,,,,,,,,,,,,,,,,,,,,,,,,,,,,,,0.1,415.0053,382.2351,355.3337,333.5163,316.2178,302.9072,293.0159,285.9388,281.0719,277.8576,275.8195,274.5784,273.8525,273.4443,273.2236,273.1087,273.051,273.0231,273.0099,273.0036,454.0,273.0,414.3625,363.9803,2968.7115000000003,34.096600000000024
3012,3012,3012.0,3012.0,3012.0,,,,,,,,,,,,,,,,,,,,,,,,,,,,,,,,,,,,,,,,,,,,,,,,,,,,,,,,,,,,,,,,,,,,,,,,0.2,419.1972,391.2371,368.3767,349.4946,333.8386,320.8782,310.2148,301.5274,294.5399,289.004,284.6914,281.3921,278.9157,277.0927,275.7767,274.8441,274.1933,273.7426,273.4268,273.1938,455.0,275.0,778.3428,351.4237999999999,2604.7312,34.096600000000024
3013,3013,3013.0,3013.0,3013.0,,,,,,,,,,,,,,,,,,,,,,,,,,,,,,,,,,,,,,,,,,,,,,,,,,,,,,,,,,,,,,,,,,,,,,,,0.3,421.3884,394.6611,372.9991,355.1996,340.4368,328.124,317.831,309.2313,302.0686,296.1351,291.2572,287.2861,284.0926,281.5627,279.5951,278.099,276.9922,276.1987,275.6472,275.2697,455.0,273.0,1129.7666,335.6926000000001,2253.3074,34.096600000000024
3014,3014,3014.0,3014.0,3014.0,,,,,,,,,,,,,,,,,,,,,,,,,,,,,,,,,,,,,,,,,,,,,,,,,,,,,,,,,,,,,,,,,,,,,,,,0.4,422.0079,395.9021,374.8493,357.6249,343.3795,331.5046,321.5526,313.1854,306.1413,300.2122,295.2282,291.0469,287.5454,284.6156,282.1605,280.0921,278.3307,276.8038,275.4457,274.1963,456.0,272.0,1465.4592,327.4209000000001,1917.6148,34.096600000000024
3015,3015,3015.0,3015.0,3015.0,,,,,,,,,,,,,,,,,,,,,,,,,,,,,,,,,,,,,,,,,,,,,,,,,,,,,,,,,,,,,,,,,,,,,,,,0.5,423.0478,397.0492,376.1482,359.1015,345.0424,333.3466,323.5516,315.3063,308.3379,302.4303,297.4084,293.1273,289.465,286.3161,283.5886,281.2006,279.0787,277.1561,275.3724,273.6713,454.0,274.0,1792.8801,321.6535000000001,1590.1939,34.096600000000024
3016,3016,3016.0,3016.0,3016.0,,,,,,,,,,,,,,,,,,,,,,,,,,,,,,,,,,,,,,,,,,,,,,,,,,,,,,,,,,,,,,,,,,,,,,,,0.6,421.7267,396.282,375.845,359.1886,345.4541,334.0218,324.4332,316.3412,309.4785,303.6351,298.6434,294.3677,290.6965,287.5366,284.8089,282.4444,280.381,278.5605,276.9271,275.4253,458.0,271.0,2114.5336,318.4566,1268.5404,34.096600000000024
3017,3017,3017.0,3017.0,3017.0,,,,,,,,,,,,,,,,,,,,,,,,,,,,,,,,,,,,,,,,,,,,,,,,,,,,,,,,,,,,,,,,,,,,,,,,0.7,424.7517,398.5901,377.621,360.5755,346.567,334.9531,325.2545,317.104,310.2146,304.3575,299.3472,295.0306,291.2793,287.9834,285.0475,282.3883,279.9328,277.6174,275.3874,273.1955,457.0,275.0,2432.9902,319.52369999999974,950.0838,34.096600000000024
3018,3018,3018.0,3018.0,3018.0,,,,,,,,,,,,,,,,,,,,,,,,,,,,,,,,,,,,,,,,,,,,,,,,,,,,,,,,,,,,,,,,,,,,,,,,0.8,424.1263,398.2709,377.5516,360.7043,346.8446,335.334,325.6987,317.5792,310.6976,304.8358,299.8204,295.513,291.8016,288.5958,285.8209,283.4138,281.3184,279.4822,277.853,276.3772,457.0,273.0,2752.5139,315.78880000000026,630.5601000000001,34.096600000000024
3019,3019,3019.0,3019.0,3019.0,,,,,,,,,,,,,,,,,,,,,,,,,,,,,,,,,,,,,,,,,,,,,,,,,,,,,,,,,,,,,,,,,,,,,,,,0.9,424.1494,398.319,377.6283,360.8133,346.9901,335.5192,325.9261,317.8496,311.0098,305.1856,300.1988,295.9036,292.1787,288.9207,286.041,283.4624,281.1174,278.9472,276.9003,274.9314,455.0,272.0,3068.3027,314.7712999999999,314.7712999999999,34.096600000000024
3020,3020,3020.0,3020.0,3020.0,,,,,,,,,,,,,,,,,,,,,,,,,,,,,,,,,,,,,,,,,,,,,,,,,,,,,,,,,,,,,,,,,,,,,,,,0.0,273.0,273.0,273.0,273.0,273.0,273.0,273.0,273.0,273.0,273.0,273.0,273.0,273.0,273.0,273.0,273.0,273.0,273.0,273.0,273.0,456.0,273.0,0.0,414.4148,3376.57,34.370799999999974
3021,3021,3021.0,3021.0,3021.0,,,,,,,,,,,,,,,,,,,,,,,,,,,,,,,,,,,,,,,,,,,,,,,,,,,,,,,,,,,,,,,,,,,,,,,,0.1,415.7601,382.8051,355.7597,333.8287,316.4412,303.0623,293.1202,286.0066,281.1144,277.8833,275.8344,274.5869,273.8571,273.4467,273.2248,273.1093,273.0513,273.0232,273.01,273.0036,456.0,275.0,414.4148,363.9155,2962.1552,34.370799999999974
3022,3022,3022.0,3022.0,3022.0,,,,,,,,,,,,,,,,,,,,,,,,,,,,,,,,,,,,,,,,,,,,,,,,,,,,,,,,,,,,,,,,,,,,,,,,0.2,420.7191,392.4036,369.2706,350.1758,334.3533,321.2634,310.5014,301.7414,294.7041,289.1394,284.8187,281.5338,279.0975,277.3453,276.1364,275.3532,274.8994,274.6964,274.6802,274.797,455.0,275.0,778.3303,349.6002,2598.2397,34.370799999999974
3023,3023,3023.0,3023.0,3023.0,,,,,,,,,,,,,,,,,,,,,,,,,,,,,,,,,,,,,,,,,,,,,,,,,,,,,,,,,,,,,,,,,,,,,,,,0.3,421.4424,394.7665,373.1497,355.3865,340.6494,328.3523,318.0669,309.4698,302.3082,296.3771,291.5043,287.5415,284.3574,281.8349,279.8685,278.3629,277.232,276.3982,275.7908,275.3449,456.0,272.0,1127.9305,335.3964000000001,2248.6395,34.370799999999974
3024,3024,3024.0,3024.0,3024.0,,,,,,,,,,,,,,,,,,,,,,,,,,,,,,,,,,,,,,,,,,,,,,,,,,,,,,,,,,,,,,,,,,,,,,,,0.4,422.7745,396.4984,375.3192,358.0012,343.6873,331.7637,321.7779,313.3875,306.3264,300.3826,295.3818,291.1773,287.6418,284.6625,282.138,279.9762,278.0943,276.4181,274.8817,273.4266,457.0,272.0,1463.3269,329.221,1913.2431,34.370799999999974
3025,3025,3025.0,3025.0,3025.0,,,,,,,,,,,,,,,,,,,,,,,,,,,,,,,,,,,,,,,,,,,,,,,,,,,,,,,,,,,,,,,,,,,,,,,,0.5,423.8252,397.6658,376.6447,359.5059,345.3745,333.6208,323.778,315.4919,308.4876,302.5469,297.4937,293.1829,289.4926,286.3186,283.5703,281.1675,279.038,277.1161,275.3406,273.6537,455.0,272.0,1792.5479,324.05330000000004,1584.0221,34.370799999999974
3026,3026,3026.0,3026.0,3026.0,,,,,,,,,,,,,,,,,,,,,,,,,,,,,,,,,,,,,,,,,,,,,,,,,,,,,,,,,,,,,,,,,,,,,,,,0.6,422.5044,396.8988,376.3411,359.5915,345.783,334.2903,324.6505,316.5133,309.6081,303.7214,298.6815,294.3479,290.6029,287.3465,284.4923,281.9641,279.6934,277.618,275.6801,273.8249,456.0,273.0,2116.6012,319.7963,1259.9688,34.370799999999974
3027,3027,3027.0,3027.0,3027.0,,,,,,,,,,,,,,,,,,,,,,,,,,,,,,,,,,,,,,,,,,,,,,,,,,,,,,,,,,,,,,,,,,,,,,,,0.7,423.291,397.5396,376.8875,360.0854,346.2585,334.7738,325.1605,317.0602,310.1946,304.3445,299.3345,295.0223,291.2913,288.0443,285.199,282.684,280.4362,278.3975,276.5134,274.7314,457.0,276.0,2436.3975,316.6734999999999,940.1725,34.370799999999974
3028,3028,3028.0,3028.0,3028.0,,,,,,,,,,,,,,,,,,,,,,,,,,,,,,,,,,,,,,,,,,,,,,,,,,,,,,,,,,,,,,,,,,,,,,,,0.8,424.0911,398.2034,377.4582,360.594,346.7281,335.2223,325.6022,317.5071,310.658,304.8359,299.8673,295.6137,291.9639,288.8276,286.1307,283.8104,281.8111,280.0811,278.57,277.2268,455.0,274.0,2753.071,312.1594,623.4990000000003,34.370799999999974
3029,3029,3029.0,3029.0,3029.0,,,,,,,,,,,,,,,,,,,,,,,,,,,,,,,,,,,,,,,,,,,,,,,,,,,,,,,,,,,,,,,,,,,,,,,,0.9,422.6519,397.1981,376.7968,360.2068,346.5587,335.2239,325.7366,317.7439,310.9727,305.2079,300.2764,296.0364,292.3695,289.175,286.3661,283.8672,281.6127,279.5452,277.6152,275.7795,455.0,272.0,3065.2304,311.33960000000025,311.33960000000025,34.370799999999974
3030,3030,3030.0,3030.0,3030.0,,,,,,,,,,,,,,,,,,,,,,,,,,,,,,,,,,,,,,,,,,,,,,,,,,,,,,,,,,,,,,,,,,,,,,,,0.0,273.0,273.0,273.0,273.0,273.0,273.0,273.0,273.0,273.0,273.0,273.0,273.0,273.0,273.0,273.0,273.0,273.0,273.0,273.0,273.0,456.0,275.0,0.0,413.4309,3368.7851,34.54090000000002
3031,3031,3031.0,3031.0,3031.0,,,,,,,,,,,,,,,,,,,,,,,,,,,,,,,,,,,,,,,,,,,,,,,,,,,,,,,,,,,,,,,,,,,,,,,,0.1,415.7601,382.8052,355.76,333.8292,316.4424,303.0648,293.1252,286.0161,281.1321,277.9152,275.8896,274.6789,274.0051,273.6767,273.5697,273.6089,273.7515,273.9735,274.2614,274.606,456.0,275.0,413.4309,360.8564,2955.3542,34.54090000000002
3032,3032,3032.0,3032.0,3032.0,,,,,,,,,,,,,,,,,,,,,,,,,,,,,,,,,,,,,,,,,,,,,,,,,,,,,,,,,,,,,,,,,,,,,,,,0.2,420.7211,392.408,369.2783,350.1882,334.3724,321.2919,310.5427,301.7996,294.7837,289.2446,284.953,281.6988,279.292,277.5642,276.3703,275.5886,275.1193,274.8827,274.8157,274.8684,456.0,275.0,774.2873,348.57400000000007,2594.4978,34.54090000000002
3033,3033,3033.0,3033.0,3033.0,,,,,,,,,,,,,,,,,,,,,,,,,,,,,,,,,,,,,,,,,,,,,,,,,,,,,,,,,,,,,,,,,,,,,,,,0.3,422.194,395.3329,373.5754,355.7054,340.889,328.5353,318.212,309.5917,302.418,296.4824,291.6099,287.6492,284.4669,281.9442,279.9741,278.4606,277.3173,276.4667,275.8388,275.3696,457.0,275.0,1122.8613,334.7563,2245.9238,34.54090000000002
3034,3034,3034.0,3034.0,3034.0,,,,,,,,,,,,,,,,,,,,,,,,,,,,,,,,,,,,,,,,,,,,,,,,,,,,,,,,,,,,,,,,,,,,,,,,0.4,423.5468,397.105,375.8014,358.388,344.0005,332.0204,321.9926,313.5735,306.4972,300.553,295.5704,291.4076,287.9448,285.0781,282.716,280.7767,279.1858,277.8746,276.7796,275.8405,457.0,273.0,1457.6176,325.7830999999999,1911.1675,34.54090000000002
3035,3035,3035.0,3035.0,3035.0,,,,,,,,,,,,,,,,,,,,,,,,,,,,,,,,,,,,,,,,,,,,,,,,,,,,,,,,,,,,,,,,,,,,,,,,0.5,423.8585,397.7318,376.7413,359.63,345.5229,333.7909,323.9693,315.7063,308.7295,302.8233,297.8131,293.5542,289.924,286.8164,284.1379,281.8055,279.7451,277.8904,276.1825,274.5685,456.0,272.0,1783.4007,321.70270000000005,1585.3844,34.54090000000002
3036,3036,3036.0,3036.0,3036.0,,,,,,,,,,,,,,,,,,,,,,,,,,,,,,,,,,,,,,,,,,,,,,,,,,,,,,,,,,,,,,,,,,,,,,,,0.6,423.2677,397.4894,376.8043,359.9621,346.0891,334.555,324.8929,316.7487,309.8481,303.9739,298.951,294.6349,290.9044,287.6558,284.7989,282.2544,279.9522,277.8296,275.8302,273.9029,456.0,274.0,2105.1034,318.7932999999998,1263.6817,34.54090000000002
3037,3037,3037.0,3037.0,3037.0,,,,,,,,,,,,,,,,,,,,,,,,,,,,,,,,,,,,,,,,,,,,,,,,,,,,,,,,,,,,,,,,,,,,,,,,0.7,423.3251,397.607,376.9858,360.2107,346.4063,334.9395,325.3398,317.2501,310.3936,304.5528,299.5541,295.2574,291.5484,288.3328,285.5313,283.076,280.9063,278.9666,277.2037,275.5655,456.0,273.0,2423.8967,315.60300000000007,944.8884000000004,34.54090000000002
3038,3038,3038.0,3038.0,3038.0,,,,,,,,,,,,,,,,,,,,,,,,,,,,,,,,,,,,,,,,,,,,,,,,,,,,,,,,,,,,,,,,,,,,,,,,0.8,423.361,397.68,377.0975,360.3625,346.599,335.1732,325.6138,317.5625,310.7411,304.9299,299.9522,295.6639,291.945,288.6947,285.8263,283.265,280.9449,278.8079,276.8021,274.8805,456.0,272.0,2739.4997,315.19100000000026,629.2854000000002,34.54090000000002
3039,3039,3039.0,3039.0,3039.0,,,,,,,,,,,,,,,,,,,,,,,,,,,,,,,,,,,,,,,,,,,,,,,,,,,,,,,,,,,,,,,,,,,,,,,,0.9,423.3829,397.7245,377.1652,360.4536,346.7131,335.3086,325.7676,317.7301,310.916,305.1034,300.1134,295.7993,292.0388,288.7287,285.7804,283.1174,280.6728,278.388,276.2113,274.0961,454.0,274.0,3054.6907,314.09439999999995,314.09439999999995,34.54090000000002
3040,3040,3040.0,3040.0,3040.0,,,,,,,,,,,,,,,,,,,,,,,,,,,,,,,,,,,,,,,,,,,,,,,,,,,,,,,,,,,,,,,,,,,,,,,,0.0,273.0,273.0,273.0,273.0,273.0,273.0,273.0,273.0,273.0,273.0,273.0,273.0,273.0,273.0,273.0,273.0,273.0,273.0,273.0,273.0,455.0,275.0,0.0,413.3786,3366.6232,33.91699999999997
3041,3041,3041.0,3041.0,3041.0,,,,,,,,,,,,,,,,,,,,,,,,,,,,,,,,,,,,,,,,,,,,,,,,,,,,,,,,,,,,,,,,,,,,,,,,0.1,415.0053,382.2352,355.334,333.5169,316.219,302.9097,293.0209,285.9484,281.0897,277.8895,275.8746,274.6705,274.0006,273.6743,273.5685,273.6083,273.7512,273.9734,274.2613,274.6059,456.0,274.0,413.3786,361.1622,2953.2446,33.91699999999997
3042,3042,3042.0,3042.0,3042.0,,,,,,,,,,,,,,,,,,,,,,,,,,,,,,,,,,,,,,,,,,,,,,,,,,,,,,,,,,,,,,,,,,,,,,,,0.2,420.6968,392.361,369.2121,350.108,334.2841,321.2014,310.4548,301.7173,294.7077,289.1729,284.881,281.6187,279.1925,277.4309,276.1852,275.3302,274.7637,274.4042,274.1882,274.0666,456.0,275.0,774.5408,349.93730000000005,2592.0824,33.91699999999997
3043,3043,3043.0,3043.0,3043.0,,,,,,,,,,,,,,,,,,,,,,,,,,,,,,,,,,,,,,,,,,,,,,,,,,,,,,,,,,,,,,,,,,,,,,,,0.3,422.1859,395.3166,373.5509,355.6727,340.8481,328.4863,318.1546,309.5254,302.342,296.3957,291.5117,287.5392,284.346,281.8149,279.841,278.3302,277.1978,276.3669,275.7668,275.3319,455.0,274.0,1124.4781,334.8217,2242.1451,33.91699999999997
3044,3044,3044.0,3044.0,3044.0,,,,,,,,,,,,,,,,,,,,,,,,,,,,,,,,,,,,,,,,,,,,,,,,,,,,,,,,,,,,,,,,,,,,,,,,0.4,422.0493,395.9836,374.9676,357.775,343.5547,331.6982,321.7583,313.3982,306.358,300.432,295.4527,291.2804,287.7954,284.8927,282.4786,280.4688,278.7862,277.3605,276.127,275.0257,454.0,272.0,1459.2998,324.6826000000001,1907.3234,33.91699999999997
3045,3045,3045.0,3045.0,3045.0,,,,,,,,,,,,,,,,,,,,,,,,,,,,,,,,,,,,,,,,,,,,,,,,,,,,,,,,,,,,,,,,,,,,,,,,0.5,421.5727,395.9735,375.384,358.5822,344.7148,333.167,323.4843,315.3228,308.4164,302.5543,297.5656,293.3084,289.6619,286.5211,283.7931,281.395,279.2524,277.2985,275.4737,273.724,455.0,273.0,1783.9824,320.2668000000001,1582.6408,33.91699999999997
3046,3046,3046.0,3046.0,3046.0,,,,,,,,,,,,,,,,,,,,,,,,,,,,,,,,,,,,,,,,,,,,,,,,,,,,,,,,,,,,,,,,,,,,,,,,0.6,422.4397,396.7743,376.1674,359.3842,345.5607,334.0717,324.4525,316.3493,309.4875,303.6501,298.663,294.3845,290.6977,287.5047,284.7219,282.2766,280.1041,278.1451,276.3436,274.646,454.0,272.0,2104.2492,316.9926999999998,1262.3739999999998,33.91699999999997
3047,3047,3047.0,3047.0,3047.0,,,,,,,,,,,,,,,,,,,,,,,,,,,,,,,,,,,,,,,,,,,,,,,,,,,,,,,,,,,,,,,,,,,,,,,,0.7,421.7839,396.4002,376.0293,359.4445,345.7857,334.4307,324.917,316.8932,310.0867,304.2817,299.3044,295.0122,291.2858,288.0239,285.1389,282.5543,280.2024,278.023,275.9619,273.9695,457.0,273.0,2421.2419,316.6993000000002,945.3813,33.91699999999997
3048,3048,3048.0,3048.0,3048.0,,,,,,,,,,,,,,,,,,,,,,,,,,,,,,,,,,,,,,,,,,,,,,,,,,,,,,,,,,,,,,,,,,,,,,,,0.8,424.0438,398.1118,377.3287,360.436,346.5524,335.0392,325.4194,317.3283,310.4814,304.6534,299.6635,295.3655,291.6394,288.3862,285.5224,282.9767,280.6864,278.595,276.65,274.8012,456.0,275.0,2737.9412,315.7207999999996,628.6819999999998,33.91699999999997
3049,3049,3049.0,3049.0,3049.0,,,,,,,,,,,,,,,,,,,,,,,,,,,,,,,,,,,,,,,,,,,,,,,,,,,,,,,,,,,,,,,,,,,,,,,,0.9,423.3805,397.718,377.1516,360.4291,346.6739,335.2523,325.6937,317.6411,310.8183,305.0084,300.0386,295.7698,292.089,288.9032,286.135,283.7182,281.5947,279.7112,278.0171,276.463,456.0,273.0,3053.662,312.9612000000002,312.9612000000002,33.91699999999997
3050,3050,3050.0,3050.0,3050.0,,,,,,,,,,,,,,,,,,,,,,,,,,,,,,,,,,,,,,,,,,,,,,,,,,,,,,,,,,,,,,,,,,,,,,,,0.0,273.0,273.0,273.0,273.0,273.0,273.0,273.0,273.0,273.0,273.0,273.0,273.0,273.0,273.0,273.0,273.0,273.0,273.0,273.0,273.0,453.0,274.0,0.0,413.7723,3385.056,34.1549
3051,3051,3051.0,3051.0,3051.0,,,,,,,,,,,,,,,,,,,,,,,,,,,,,,,,,,,,,,,,,,,,,,,,,,,,,,,,,,,,,,,,,,,,,,,,0.1,413.4947,381.094,354.4809,332.8911,315.771,302.5978,292.8096,285.808,280.9958,277.8222,275.8171,274.6076,273.9175,273.5546,273.3937,273.3574,273.4006,273.4981,273.6356,273.8048,454.0,272.0,413.7723,362.6224,2971.2837,34.1549
3052,3052,3052.0,3052.0,3052.0,,,,,,,,,,,,,,,,,,,,,,,,,,,,,,,,,,,,,,,,,,,,,,,,,,,,,,,,,,,,,,,,,,,,,,,,0.2,419.1498,391.1454,368.2484,349.3407,333.6721,320.7124,310.0617,301.3962,294.436,288.9287,284.6415,281.3597,278.8876,277.0502,275.6954,274.6944,273.9416,273.3532,272.8645,272.4263,455.0,273.0,776.3947,352.8985000000001,2608.6613,34.1549
3053,3053,3053.0,3053.0,3053.0,,,,,,,,,,,,,,,,,,,,,,,,,,,,,,,,,,,,,,,,,,,,,,,,,,,,,,,,,,,,,,,,,,,,,,,,0.3,421.3754,394.6354,372.9613,355.1508,340.3783,328.0571,317.7563,309.1479,301.9737,296.0229,291.1181,287.1061,283.8522,281.237,279.1534,277.5053,276.2059,275.1763,274.3438,273.6401,455.0,271.0,1129.2932,339.5604999999998,2255.7628,34.1549
3054,3054,3054.0,3054.0,3054.0,,,,,,,,,,,,,,,,,,,,,,,,,,,,,,,,,,,,,,,,,,,,,,,,,,,,,,,,,,,,,,,,,,,,,,,,0.4,422.0002,395.8861,374.8239,357.5887,343.3301,331.4391,321.4669,313.0739,305.9967,300.0253,294.9875,290.7383,287.1521,284.1181,281.5365,279.3167,277.3763,275.6401,274.0398,272.5127,457.0,272.0,1468.8537,331.8786,1916.2023,34.1549
3055,3055,3055.0,3055.0,3055.0,,,,,,,,,,,,,,,,,,,,,,,,,,,,,,,,,,,,,,,,,,,,,,,,,,,,,,,,,,,,,,,,,,,,,,,,0.5,423.7842,397.5845,376.5248,359.3503,345.187,333.4049,323.537,315.2282,308.2028,302.2425,297.1716,292.8461,289.1463,285.9706,283.2313,280.8509,278.7588,276.8897,275.1807,273.5709,455.0,275.0,1800.7323,324.3234,1584.3237,34.1549
3056,3056,3056.0,3056.0,3056.0,,,,,,,,,,,,,,,,,,,,,,,,,,,,,,,,,,,,,,,,,,,,,,,,,,,,,,,,,,,,,,,,,,,,,,,,0.6,422.4844,396.8584,376.2796,359.509,345.6801,334.1687,324.5132,316.3654,309.4574,303.5797,298.5662,294.2835,290.6232,287.4957,284.8257,282.5475,280.6016,278.931,277.4792,276.1885,456.0,274.0,2125.0557,316.69450000000006,1260.0003000000002,34.1549
3057,3057,3057.0,3057.0,3057.0,,,,,,,,,,,,,,,,,,,,,,,,,,,,,,,,,,,,,,,,,,,,,,,,,,,,,,,,,,,,,,,,,,,,,,,,0.7,423.282,397.5219,376.8622,360.0542,346.2247,334.742,325.1371,317.0533,310.2143,304.402,299.4419,295.1918,291.5339,288.3688,285.6115,283.1877,281.0321,279.0861,277.297,275.6165,456.0,272.0,2441.7502,315.1125000000002,943.3058,34.1549
3058,3058,3058.0,3058.0,3058.0,,,,,,,,,,,,,,,,,,,,,,,,,,,,,,,,,,,,,,,,,,,,,,,,,,,,,,,,,,,,,,,,,,,,,,,,0.8,423.3461,397.6504,377.054,360.3067,346.5332,335.1002,325.5368,317.4844,310.664,304.8543,299.8762,295.5824,291.849,288.5705,285.6556,283.0248,280.6088,278.3474,276.1883,274.086,456.0,274.0,2756.8627,315.4238999999998,628.1932999999999,34.1549
3059,3059,3059.0,3059.0,3059.0,,,,,,,,,,,,,,,,,,,,,,,,,,,,,,,,,,,,,,,,,,,,,,,,,,,,,,,,,,,,,,,,,,,,,,,,0.9,423.3765,397.7115,377.1456,360.4273,346.6801,335.2693,325.7226,317.6808,310.8649,305.0554,300.0767,295.7871,292.0712,288.8338,285.9957,283.4893,281.2551,279.2394,277.3911,275.6608,454.0,273.0,3072.2866,312.76940000000013,312.76940000000013,34.1549
3060,3060,3060.0,3060.0,,,,,,,,,,,,,,,,,,,,,,,,,,,,,,,,,,,,,,,,,,,,,,,,,,,,,,,,,,,,,,,,,,,,,,,,,0.0,273.0,273.0,273.0,273.0,273.0,273.0,273.0,273.0,273.0,273.0,273.0,273.0,273.0,273.0,273.0,273.0,273.0,273.0,273.0,273.0,331.0,404.0,0.0,377.7364,1083.2147,21.439300000000003
3061,3061,3061.0,3061.0,,,,,,,,,,,,,,,,,,,,,,,,,,,,,,,,,,,,,,,,,,,,,,,,,,,,,,,,,,,,,,,,,,,,,,,,,0.1,319.1447,308.8917,300.2067,293.0538,287.3642,283.0284,279.9081,277.8634,276.7863,276.6329,277.4498,279.3889,282.7075,287.7517,294.9241,304.6403,317.2875,333.2019,352.6881,376.0999,399.0,471.0,377.7364,167.52639999999997,705.4783,21.439300000000003
3062,3062,3062.0,3062.0,,,,,,,,,,,,,,,,,,,,,,,,,,,,,,,,,,,,,,,,,,,,,,,,,,,,,,,,,,,,,,,,,,,,,,,,,0.2,374.1766,353.4934,336.3279,322.2828,311.0683,302.4386,296.1684,292.0564,289.9429,289.7309,291.4035,295.0325,300.7785,308.8831,319.658,333.4789,350.7955,372.1758,398.4072,430.6914,172.0,471.0,545.2628,68.99160000000006,537.9519,21.439300000000003
3063,3063,3063.0,3063.0,,,,,,,,,,,,,,,,,,,,,,,,,,,,,,,,,,,,,,,,,,,,,,,,,,,,,,,,,,,,,,,,,,,,,,,,,0.3,197.0174,219.7653,239.447,255.6399,268.3301,277.8656,284.8547,290.0472,294.2255,298.1247,302.3876,307.5514,314.0597,322.2921,332.6039,345.3756,361.072,380.3204,404.024,433.5416,316.0,473.0,614.2544,93.25109999999997,468.9603,21.439300000000003
3064,3064,3064.0,3064.0,,,,,,,,,,,,,,,,,,,,,,,,,,,,,,,,,,,,,,,,,,,,,,,,,,,,,,,,,,,,,,,,,,,,,,,,,0.4,306.5142,298.4914,292.2114,287.8505,285.4425,284.8833,285.9698,288.4588,292.1263,296.814,302.4557,309.0865,316.8399,325.941,336.7049,349.5465,365.0084,383.8172,406.9817,435.9658,376.0,473.0,707.5055,39.69209999999998,375.7092,21.439300000000003
3065,3065,3065.0,3065.0,,,,,,,,,,,,,,,,,,,,,,,,,,,,,,,,,,,,,,,,,,,,,,,,,,,,,,,,,,,,,,,,,,,,,,,,,0.5,356.7602,340.7634,327.7077,317.4009,309.682,304.379,301.2972,300.2289,300.9745,303.3649,307.283,312.6781,319.5778,328.0976,338.4528,350.9781,366.1599,384.6921,407.571,436.2613,427.0,471.0,747.1976,46.557500000000005,336.0171,21.439300000000003
3066,3066,3066.0,3066.0,,,,,,,,,,,,,,,,,,,,,,,,,,,,,,,,,,,,,,,,,,,,,,,,,,,,,,,,,,,,,,,,,,,,,,,,,0.6,398.5123,375.537,357.0117,342.253,330.7846,322.2393,316.3084,312.7217,311.2472,311.6969,313.9377,317.8996,323.5853,331.0798,340.5639,352.3358,366.8454,384.7497,407.0062,435.0329,360.0,473.0,793.7551,63.732900000000086,289.4596,21.439300000000003
3067,3067,3067.0,3067.0,,,,,,,,,,,,,,,,,,,,,,,,,,,,,,,,,,,,,,,,,,,,,,,,,,,,,,,,,,,,,,,,,,,,,,,,,0.7,349.3305,340.8873,334.1267,328.6628,324.2552,320.789,318.2481,316.6858,316.1966,316.8967,318.9124,322.3807,327.4578,334.3349,343.2622,354.5791,368.7576,386.4648,408.663,436.7778,399.0,472.0,857.488,63.9858999999999,225.7267,21.439300000000003
3068,3068,3068.0,3068.0,,,,,,,,,,,,,,,,,,,,,,,,,,,,,,,,,,,,,,,,,,,,,,,,,,,,,,,,,,,,,,,,,,,,,,,,,0.8,378.4062,361.8821,348.6867,338.3,330.3351,324.4881,320.5143,318.2204,317.464,318.1578,320.2718,323.837,328.9481,335.7696,344.5478,355.6314,369.5062,386.8529,408.6425,436.3,389.0,472.0,921.4739,78.1296000000001,161.74080000000004,21.439300000000003
3069,3069,3069.0,3069.0,,,,,,,,,,,,,,,,,,,,,,,,,,,,,,,,,,,,,,,,,,,,,,,,,,,,,,,,,,,,,,,,,,,,,,,,,0.9,371.5807,357.6871,346.6074,337.8355,331.0121,325.8862,322.2879,320.1103,319.2962,319.8315,321.7416,325.0936,330.0022,336.6401,345.2545,356.1918,369.9348,387.1616,408.8412,436.3967,395.0,473.0,999.6035,83.61119999999994,83.61119999999994,21.439300000000003
3070,3070,3070.0,3070.0,,,,,,,,,,,,,,,,,,,,,,,,,,,,,,,,,,,,,,,,,,,,,,,,,,,,,,,,,,,,,,,,,,,,,,,,,0.0,273.0,273.0,273.0,273.0,273.0,273.0,273.0,273.0,273.0,273.0,273.0,273.0,273.0,273.0,273.0,273.0,273.0,273.0,273.0,273.0,330.0,403.0,0.0,378.2724,1181.8604,21.66900000000004
3071,3071,3071.0,3071.0,,,,,,,,,,,,,,,,,,,,,,,,,,,,,,,,,,,,,,,,,,,,,,,,,,,,,,,,,,,,,,,,,,,,,,,,,0.1,318.3552,308.2806,299.7446,292.7137,287.1211,282.8595,279.7937,277.7865,276.7327,276.5906,277.4079,279.3366,282.633,287.6415,294.7622,304.4079,316.9627,332.7597,352.0995,375.3292,185.0,472.0,378.2724,219.49280000000005,803.588,21.66900000000004
3072,3072,3072.0,3072.0,,,,,,,,,,,,,,,,,,,,,,,,,,,,,,,,,,,,,,,,,,,,,,,,,,,,,,,,,,,,,,,,,,,,,,,,,0.2,204.1063,221.4104,236.4142,248.8593,258.755,266.3548,272.0978,276.537,280.2733,283.907,288.0105,293.1209,299.7429,308.359,319.4412,333.4669,350.9479,372.4892,398.9017,431.4064,473.0,473.0,597.7652,145.03909999999996,584.0952,21.66900000000004
3073,3073,3073.0,3073.0,,,,,,,,,,,,,,,,,,,,,,,,,,,,,,,,,,,,,,,,,,,,,,,,,,,,,,,,,,,,,,,,,,,,,,,,,0.3,426.97,389.5192,359.1751,335.1871,317.0356,304.183,295.9945,291.7648,290.7962,292.4791,296.3508,302.1214,309.6729,319.0442,330.4144,344.0969,360.5557,380.4529,404.7449,434.8564,248.0,473.0,742.8043,33.19359999999995,439.0561,21.66900000000004
3074,3074,3074.0,3074.0,,,,,,,,,,,,,,,,,,,,,,,,,,,,,,,,,,,,,,,,,,,,,,,,,,,,,,,,,,,,,,,,,,,,,,,,,0.4,259.8426,270.5515,279.6165,286.7799,292.0673,295.7575,298.3108,300.2801,302.2285,304.6684,308.0309,312.6629,318.8469,326.8359,336.8963,349.3577,364.6698,383.4767,406.7232,435.8296,452.0,473.0,775.9979,44.392600000000016,405.86250000000007,21.66900000000004
3075,3075,3075.0,3075.0,,,,,,,,,,,,,,,,,,,,,,,,,,,,,,,,,,,,,,,,,,,,,,,,,,,,,,,,,,,,,,,,,,,,,,,,,0.5,414.9101,384.9817,360.9691,342.1349,327.9342,317.854,311.3597,307.9095,306.9984,308.2058,311.2288,315.8965,322.1707,330.1391,340.0108,352.1226,366.9627,385.2217,407.8865,436.4069,363.0,472.0,820.3905,58.302599999999984,361.46990000000005,21.66900000000004
3076,3076,3076.0,3076.0,,,,,,,,,,,,,,,,,,,,,,,,,,,,,,,,,,,,,,,,,,,,,,,,,,,,,,,,,,,,,,,,,,,,,,,,,0.6,351.5968,342.5158,335.1785,329.1826,324.2868,320.387,317.484,315.6467,314.9791,315.5972,317.6175,321.1584,326.3525,333.3656,342.4239,353.8465,368.09,385.8109,407.9643,435.9682,398.0,471.0,878.6931,62.2704,303.16730000000007,21.66900000000004
3077,3077,3077.0,3077.0,,,,,,,,,,,,,,,,,,,,,,,,,,,,,,,,,,,,,,,,,,,,,,,,,,,,,,,,,,,,,,,,,,,,,,,,,0.7,377.6366,361.2873,348.2151,337.9034,329.9701,324.119,320.1155,317.7772,316.9726,317.6225,319.7027,323.2465,328.3476,335.1675,343.9472,355.0288,368.8905,386.2042,407.93,435.4782,388.0,473.0,940.9635,76.1871000000001,240.89690000000007,21.66900000000004
3078,3078,3078.0,3078.0,,,,,,,,,,,,,,,,,,,,,,,,,,,,,,,,,,,,,,,,,,,,,,,,,,,,,,,,,,,,,,,,,,,,,,,,,0.8,370.7624,357.0061,346.0297,337.3344,330.5664,325.4789,321.9062,319.745,318.9422,319.4876,321.4109,324.7837,329.7253,336.4132,345.0992,356.1339,370.0042,387.3922,409.2725,437.0779,392.0,472.0,1017.1506,80.5276,164.70979999999997,21.66900000000004
3079,3079,3079.0,3079.0,,,,,,,,,,,,,,,,,,,,,,,,,,,,,,,,,,,,,,,,,,,,,,,,,,,,,,,,,,,,,,,,,,,,,,,,,0.9,373.829,359.3387,347.802,338.7012,331.6625,326.4149,322.7644,320.5788,319.7784,320.3307,322.2493,325.5951,330.4811,337.0813,345.6458,356.5244,370.203,387.3625,408.9741,436.4625,390.0,473.0,1097.6782,84.18219999999997,84.18219999999997,21.66900000000004
3080,3080,3080.0,3080.0,,,,,,,,,,,,,,,,,,,,,,,,,,,,,,,,,,,,,,,,,,,,,,,,,,,,,,,,,,,,,,,,,,,,,,,,,0.0,273.0,273.0,273.0,273.0,273.0,273.0,273.0,273.0,273.0,273.0,273.0,273.0,273.0,273.0,273.0,273.0,273.0,273.0,273.0,273.0,328.0,403.0,0.0,378.8177,1080.8395,22.17140000000001
3081,3081,3081.0,3081.0,,,,,,,,,,,,,,,,,,,,,,,,,,,,,,,,,,,,,,,,,,,,,,,,,,,,,,,,,,,,,,,,,,,,,,,,,0.1,316.7757,307.0574,298.8199,292.0334,286.6355,282.524,279.5695,277.6419,276.6426,276.5364,277.3765,279.319,282.6236,287.6366,294.7598,304.4067,316.9622,332.7595,352.0994,375.3292,401.0,473.0,378.8177,169.78479999999996,702.0218,22.17140000000001
3082,3082,3082.0,3082.0,,,,,,,,,,,,,,,,,,,,,,,,,,,,,,,,,,,,,,,,,,,,,,,,,,,,,,,,,,,,,,,,,,,,,,,,,0.2,375.6246,354.4907,336.9608,322.6304,311.2036,302.4269,296.0651,291.9054,289.7771,289.574,291.2732,294.9443,300.7495,308.9349,319.8191,333.7856,351.293,372.919,399.4642,432.1532,172.0,473.0,548.6025,68.70590000000004,532.2370000000001,22.17140000000001
3083,3083,3083.0,3083.0,,,,,,,,,,,,,,,,,,,,,,,,,,,,,,,,,,,,,,,,,,,,,,,,,,,,,,,,,,,,,,,,,,,,,,,,,0.3,197.0495,219.8246,239.5249,255.7262,268.4157,277.9439,284.9233,290.1082,294.2856,298.1946,302.4815,307.6861,314.2545,322.5684,332.9859,345.8911,361.7545,381.2129,405.185,435.0561,319.0,471.0,617.3084,91.36440000000005,463.5311,22.17140000000001
3084,3084,3084.0,3084.0,,,,,,,,,,,,,,,,,,,,,,,,,,,,,,,,,,,,,,,,,,,,,,,,,,,,,,,,,,,,,,,,,,,,,,,,,0.4,308.9052,300.362,293.6443,288.9241,286.2309,285.4538,286.3811,288.7593,292.3532,296.9928,302.6005,309.1998,316.9123,325.9516,336.6214,349.3255,364.5964,383.1499,405.9818,434.535,368.0,473.0,708.6728,38.37729999999999,372.1667,22.17140000000001
3085,3085,3085.0,3085.0,,,,,,,,,,,,,,,,,,,,,,,,,,,,,,,,,,,,,,,,,,,,,,,,,,,,,,,,,,,,,,,,,,,,,,,,,0.5,350.6435,336.1942,324.4017,315.1052,308.1684,303.4454,300.7715,299.9714,300.8779,303.3518,307.3012,312.6956,319.5778,328.0743,338.4081,350.9188,366.0956,384.6331,407.5263,436.2375,436.0,473.0,747.0501,48.27109999999993,333.7894,22.17140000000001
3086,3086,3086.0,3086.0,,,,,,,,,,,,,,,,,,,,,,,,,,,,,,,,,,,,,,,,,,,,,,,,,,,,,,,,,,,,,,,,,,,,,,,,,0.6,405.1448,380.3177,360.3337,344.4428,332.1243,322.9714,316.6343,312.8005,311.1966,311.5992,313.8469,317.8511,323.6042,331.1879,340.7857,352.7018,367.3946,385.5326,408.0889,436.5065,353.0,472.0,795.3212,64.6866,285.51830000000007,22.17140000000001
3087,3087,3087.0,3087.0,,,,,,,,,,,,,,,,,,,,,,,,,,,,,,,,,,,,,,,,,,,,,,,,,,,,,,,,,,,,,,,,,,,,,,,,,0.7,344.0794,337.0918,331.5136,326.9756,323.2594,320.2803,318.0587,316.6871,316.2978,317.0384,319.0594,322.5132,327.563,334.4013,343.2748,354.5173,368.5941,386.166,408.1881,436.0755,396.0,473.0,860.0078,60.75350000000003,220.83170000000007,22.17140000000001
3088,3088,3088.0,3088.0,,,,,,,,,,,,,,,,,,,,,,,,,,,,,,,,,,,,,,,,,,,,,,,,,,,,,,,,,,,,,,,,,,,,,,,,,0.8,375.9712,359.8829,347.0385,336.9462,329.2358,323.6122,319.8342,317.709,317.0948,317.9047,320.1119,323.7515,328.9246,335.8032,344.6419,355.7973,369.7631,387.2277,409.1708,437.0296,395.0,472.0,920.7613,77.59630000000004,160.07820000000004,22.17140000000001
3089,3089,3089.0,3089.0,,,,,,,,,,,,,,,,,,,,,,,,,,,,,,,,,,,,,,,,,,,,,,,,,,,,,,,,,,,,,,,,,,,,,,,,,0.9,376.0697,360.9541,348.8921,339.3475,331.9369,326.3854,322.4974,320.1388,319.2262,319.7211,321.6286,324.9999,329.9376,336.606,345.247,356.2037,369.9576,387.187,408.8622,436.4084,387.0,471.0,998.3576,82.4819,82.4819,22.17140000000001
3090,3090,3090.0,3090.0,,,,,,,,,,,,,,,,,,,,,,,,,,,,,,,,,,,,,,,,,,,,,,,,,,,,,,,,,,,,,,,,,,,,,,,,,0.0,273.0,273.0,273.0,273.0,273.0,273.0,273.0,273.0,273.0,273.0,273.0,273.0,273.0,273.0,273.0,273.0,273.0,273.0,273.0,273.0,330.0,403.0,0.0,378.2724,1180.8443,21.857500000000016
3091,3091,3091.0,3091.0,,,,,,,,,,,,,,,,,,,,,,,,,,,,,,,,,,,,,,,,,,,,,,,,,,,,,,,,,,,,,,,,,,,,,,,,,0.1,318.3552,308.2806,299.7446,292.7137,287.1211,282.8595,279.7937,277.7865,276.7327,276.5906,277.4079,279.3366,282.633,287.6415,294.7622,304.4079,316.9627,332.7597,352.0995,375.3292,188.0,472.0,378.2724,217.9209,802.5718999999999,21.857500000000016
3092,3092,3092.0,3092.0,,,,,,,,,,,,,,,,,,,,,,,,,,,,,,,,,,,,,,,,,,,,,,,,,,,,,,,,,,,,,,,,,,,,,,,,,0.2,206.546,223.3327,237.8798,249.9396,259.5245,266.8841,272.4493,276.7623,280.4127,283.9901,288.0584,293.1475,299.7571,308.3664,319.4449,333.4687,350.9487,372.4895,398.9018,431.4065,473.0,471.0,596.1933,142.21179999999993,584.651,21.857500000000016
3093,3093,3093.0,3093.0,,,,,,,,,,,,,,,,,,,,,,,,,,,,,,,,,,,,,,,,,,,,,,,,,,,,,,,,,,,,,,,,,,,,,,,,,0.3,427.0634,389.7006,359.4307,335.496,317.3727,304.5228,296.3144,292.0475,291.0295,292.6551,296.4638,302.165,309.638,318.9163,330.1723,343.7114,359.9885,379.6546,403.6505,433.3763,247.0,473.0,738.4051,33.64880000000005,442.4392,21.857500000000016
3094,3094,3094.0,3094.0,,,,,,,,,,,,,,,,,,,,,,,,,,,,,,,,,,,,,,,,,,,,,,,,,,,,,,,,,,,,,,,,,,,,,,,,,0.4,259.0733,269.9894,279.2323,286.541,291.9404,295.7106,298.315,300.3103,302.2641,304.6934,308.0341,312.6379,318.7921,326.7542,336.795,349.247,364.5618,383.3835,406.6552,435.794,454.0,473.0,772.0539,44.97289999999998,408.7904,21.857500000000016
3095,3095,3095.0,3095.0,,,,,,,,,,,,,,,,,,,,,,,,,,,,,,,,,,,,,,,,,,,,,,,,,,,,,,,,,,,,,,,,,,,,,,,,,0.5,416.3982,386.0801,361.7636,342.6923,328.3099,318.0946,311.5038,307.9875,307.0332,308.2134,311.2197,315.8775,322.1461,330.1116,339.9828,352.096,366.9391,385.2027,407.8733,436.4001,361.0,473.0,817.0268,58.72410000000002,363.8175,21.857500000000016
3096,3096,3096.0,3096.0,,,,,,,,,,,,,,,,,,,,,,,,,,,,,,,,,,,,,,,,,,,,,,,,,,,,,,,,,,,,,,,,,,,,,,,,,0.6,350.0936,341.4241,334.421,328.6875,323.9889,320.2295,317.4198,315.6396,315.0038,315.6381,317.6677,321.218,326.4274,333.4668,342.5663,354.0493,368.3761,386.2086,408.5086,436.7062,400.0,471.0,875.7509,62.375999999999976,305.0934,21.857500000000016
3097,3097,3097.0,3097.0,,,,,,,,,,,,,,,,,,,,,,,,,,,,,,,,,,,,,,,,,,,,,,,,,,,,,,,,,,,,,,,,,,,,,,,,,0.7,379.1289,362.372,348.9753,338.4116,330.2906,324.3075,320.2184,317.8308,317.0035,317.6486,319.7348,323.2897,328.403,335.233,344.0186,355.1008,368.957,386.2596,407.9696,435.4987,387.0,471.0,938.1269,76.31180000000006,242.7174,21.857500000000016
3098,3098,3098.0,3098.0,,,,,,,,,,,,,,,,,,,,,,,,,,,,,,,,,,,,,,,,,,,,,,,,,,,,,,,,,,,,,,,,,,,,,,,,,0.8,370.0368,356.5053,345.7092,337.1533,330.487,325.4682,321.9364,319.7941,318.9933,319.5271,321.427,324.7637,329.6536,336.2692,344.8562,355.7575,369.4515,386.6097,408.1914,435.6055,394.0,472.0,1014.4387,80.97149999999999,166.40559999999994,21.857500000000016
3099,3099,3099.0,3099.0,,,,,,,,,,,,,,,,,,,,,,,,,,,,,,,,,,,,,,,,,,,,,,,,,,,,,,,,,,,,,,,,,,,,,,,,,0.9,375.3474,360.4709,348.625,339.2804,332.054,326.6655,322.9121,320.6522,319.7978,320.3095,322.1959,325.5151,330.379,336.9626,345.5176,356.3955,370.0836,387.2628,408.9027,436.4254,391.0,472.0,1095.4102,85.43409999999994,85.43409999999994,21.857500000000016
3100,3100,3100.0,3100.0,,,,,,,,,,,,,,,,,,,,,,,,,,,,,,,,,,,,,,,,,,,,,,,,,,,,,,,,,,,,,,,,,,,,,,,,,0.0,273.0,273.0,273.0,273.0,273.0,273.0,273.0,273.0,273.0,273.0,273.0,273.0,273.0,273.0,273.0,273.0,273.0,273.0,273.0,273.0,330.0,405.0,0.0,377.7395,1174.4426,21.78880000000004
3101,3101,3101.0,3101.0,,,,,,,,,,,,,,,,,,,,,,,,,,,,,,,,,,,,,,,,,,,,,,,,,,,,,,,,,,,,,,,,,,,,,,,,,0.1,318.3553,308.2807,299.7449,292.7142,287.1223,282.862,279.7985,277.7958,276.7498,276.6211,277.4604,279.4237,282.7725,287.8569,295.0834,304.8714,317.6115,333.6434,353.2762,376.8702,188.0,470.0,377.7395,216.1992,796.7031000000001,21.78880000000004
3102,3102,3102.0,3102.0,,,,,,,,,,,,,,,,,,,,,,,,,,,,,,,,,,,,,,,,,,,,,,,,,,,,,,,,,,,,,,,,,,,,,,,,,0.2,206.548,223.3371,237.8874,249.9514,259.5419,266.909,272.4836,276.8074,280.4689,284.0556,288.1275,293.2091,299.793,308.3495,319.339,333.2277,350.5177,371.8045,397.8872,429.9668,471.0,471.0,593.9387,142.36090000000002,580.5039,21.78880000000004
3103,3103,3103.0,3103.0,,,,,,,,,,,,,,,,,,,,,,,,,,,,,,,,,,,,,,,,,,,,,,,,,,,,,,,,,,,,,,,,,,,,,,,,,0.3,425.5631,388.5715,358.5896,334.882,316.9368,304.223,296.1143,291.9159,290.9407,292.5886,296.4041,302.1016,309.5649,318.832,330.0792,343.6154,359.8974,379.5771,403.5944,433.347,242.0,472.0,736.2996,33.770599999999945,438.143,21.78880000000004
3104,3104,3104.0,3104.0,,,,,,,,,,,,,,,,,,,,,,,,,,,,,,,,,,,,,,,,,,,,,,,,,,,,,,,,,,,,,,,,,,,,,,,,,0.4,255.0072,266.7594,276.7258,284.6396,290.5281,294.6811,297.5756,299.7839,301.8889,304.421,307.827,312.4666,318.6325,326.585,336.5957,348.9964,364.2364,382.9555,406.0902,435.0455,456.0,472.0,770.0702,45.83180000000005,404.3724000000001,21.78880000000004
3105,3105,3105.0,3105.0,,,,,,,,,,,,,,,,,,,,,,,,,,,,,,,,,,,,,,,,,,,,,,,,,,,,,,,,,,,,,,,,,,,,,,,,,0.5,417.7425,386.9003,362.1652,342.771,328.1555,317.7884,311.1147,307.5684,306.6199,307.826,310.8647,315.5514,321.8383,329.8075,339.6644,351.7436,366.5303,384.7111,407.2654,435.6302,355.0,472.0,815.902,56.24919999999997,358.54060000000004,21.78880000000004
3106,3106,3106.0,3106.0,,,,,,,,,,,,,,,,,,,,,,,,,,,,,,,,,,,,,,,,,,,,,,,,,,,,,,,,,,,,,,,,,,,,,,,,,0.6,345.4361,337.8695,331.7596,326.7326,322.5754,319.2157,316.6889,315.0997,314.586,315.2932,317.3615,320.9274,326.1358,333.1609,342.2337,353.676,367.9452,385.6975,407.8867,435.929,400.0,473.0,872.1512,59.391399999999976,302.29140000000007,21.78880000000004
3107,3107,3107.0,3107.0,,,,,,,,,,,,,,,,,,,,,,,,,,,,,,,,,,,,,,,,,,,,,,,,,,,,,,,,,,,,,,,,,,,,,,,,,0.7,378.9599,362.0472,348.5206,337.8628,329.6879,323.6899,319.6189,317.2743,316.5062,317.2203,319.3814,323.017,328.2203,335.1558,344.0707,355.3155,369.3779,386.9418,408.9832,436.9373,392.0,473.0,931.5426,77.00469999999996,242.9000000000001,21.78880000000004
3108,3108,3108.0,3108.0,,,,,,,,,,,,,,,,,,,,,,,,,,,,,,,,,,,,,,,,,,,,,,,,,,,,,,,,,,,,,,,,,,,,,,,,,0.8,373.8213,359.307,347.7173,338.5297,331.3736,325.9888,322.1973,319.8841,318.9845,319.4768,321.3801,324.7562,329.7153,336.4267,345.1356,356.1871,370.0647,387.4494,409.3166,437.1017,390.0,471.0,1008.5473,81.75150000000008,165.89530000000013,21.78880000000004
3109,3109,3109.0,3109.0,,,,,,,,,,,,,,,,,,,,,,,,,,,,,,,,,,,,,,,,,,,,,,,,,,,,,,,,,,,,,,,,,,,,,,,,,0.9,372.3894,358.3577,347.1883,338.3698,331.5353,326.4229,322.8507,320.6997,319.9029,320.4389,322.3292,325.6392,330.4835,337.035,345.5409,356.3466,369.933,386.975,408.4356,435.7271,391.0,473.0,1090.2988,84.14380000000006,84.14380000000006,21.78880000000004
3110,3110,3110.0,3110.0,,,,,,,,,,,,,,,,,,,,,,,,,,,,,,,,,,,,,,,,,,,,,,,,,,,,,,,,,,,,,,,,,,,,,,,,,0.0,273.0,273.0,273.0,273.0,273.0,273.0,273.0,273.0,273.0,273.0,273.0,273.0,273.0,273.0,273.0,273.0,273.0,273.0,273.0,273.0,332.0,405.0,0.0,377.205,1074.2484,21.3698
3111,3111,3111.0,3111.0,,,,,,,,,,,,,,,,,,,,,,,,,,,,,,,,,,,,,,,,,,,,,,,,,,,,,,,,,,,,,,,,,,,,,,,,,0.1,319.9339,309.5026,300.6686,293.3937,287.6073,283.1972,280.0225,277.9403,276.8398,276.6752,277.4917,279.4412,282.7819,287.8618,295.0859,304.8726,317.6121,333.6437,353.2763,376.8702,400.0,472.0,377.205,166.26979999999998,697.0434,21.3698
3112,3112,3112.0,3112.0,,,,,,,,,,,,,,,,,,,,,,,,,,,,,,,,,,,,,,,,,,,,,,,,,,,,,,,,,,,,,,,,,,,,,,,,,0.2,374.9773,354.1396,336.8512,322.7066,311.4113,302.7166,296.3954,292.2453,290.1061,289.8804,291.5509,295.1894,300.9565,309.0939,319.9141,333.7937,351.1851,372.6604,399.0145,431.4626,175.0,472.0,543.4748,67.1105,530.7736,21.3698
3113,3113,3113.0,3113.0,,,,,,,,,,,,,,,,,,,,,,,,,,,,,,,,,,,,,,,,,,,,,,,,,,,,,,,,,,,,,,,,,,,,,,,,,0.3,199.5033,221.774,241.0319,256.8644,269.2608,278.5665,285.3832,290.4518,294.5457,298.392,302.6265,307.7813,314.2968,322.5504,332.8971,345.718,361.4805,380.8167,404.6375,434.3152,311.0,473.0,610.5853,90.88020000000006,463.6631,21.3698
3114,3114,3114.0,3114.0,,,,,,,,,,,,,,,,,,,,,,,,,,,,,,,,,,,,,,,,,,,,,,,,,,,,,,,,,,,,,,,,,,,,,,,,,0.4,302.6721,295.6507,290.2143,286.539,284.6639,284.4973,285.8557,288.5196,292.2894,297.029,302.6903,309.3215,317.0647,326.1495,336.8932,349.7109,365.1453,383.923,407.0535,436.0019,378.0,473.0,701.4655,40.5385,372.7828999999999,21.3698
3115,3115,3115.0,3115.0,,,,,,,,,,,,,,,,,,,,,,,,,,,,,,,,,,,,,,,,,,,,,,,,,,,,,,,,,,,,,,,,,,,,,,,,,0.5,358.2017,341.7424,328.3152,317.7257,309.8081,304.3811,301.2366,300.151,300.9086,303.3265,307.2764,312.7005,319.6221,328.1553,338.5157,351.0389,366.2133,384.7343,407.5999,436.2759,426.0,471.0,742.004,46.41880000000003,332.2443999999999,21.3698
3116,3116,3116.0,3116.0,,,,,,,,,,,,,,,,,,,,,,,,,,,,,,,,,,,,,,,,,,,,,,,,,,,,,,,,,,,,,,,,,,,,,,,,,0.6,397.7809,375.0169,356.6575,342.0257,330.6505,322.1698,316.2802,312.718,311.2561,311.7115,313.9542,317.9165,323.602,331.0961,340.5795,352.3503,366.858,384.7599,407.0132,435.0365,358.0,471.0,788.4228,62.31669999999997,285.8255999999999,21.3698
3117,3117,3117.0,3117.0,,,,,,,,,,,,,,,,,,,,,,,,,,,,,,,,,,,,,,,,,,,,,,,,,,,,,,,,,,,,,,,,,,,,,,,,,0.7,347.7604,339.6699,333.1975,327.9665,323.7439,320.4212,317.9885,316.5044,316.068,316.7986,318.8245,322.2826,327.327,334.146,342.9844,354.1757,368.184,385.6667,407.5716,435.3002,399.0,473.0,850.7395,62.89069999999992,223.50889999999995,21.3698
3118,3118,3118.0,3118.0,,,,,,,,,,,,,,,,,,,,,,,,,,,,,,,,,,,,,,,,,,,,,,,,,,,,,,,,,,,,,,,,,,,,,,,,,0.8,378.347,361.7683,348.527,338.1065,330.121,324.266,320.2944,318.0096,317.2662,317.9747,320.1047,323.6884,328.8239,335.6806,344.5109,355.6698,369.6492,387.1356,409.1065,436.9968,389.0,473.0,913.6302,77.67010000000005,160.6182,21.3698
3119,3119,3119.0,3119.0,,,,,,,,,,,,,,,,,,,,,,,,,,,,,,,,,,,,,,,,,,,,,,,,,,,,,,,,,,,,,,,,,,,,,,,,,0.9,371.5609,357.6482,346.5509,337.7636,330.9282,325.7941,322.1924,320.0165,319.2101,319.7594,321.6907,325.072,330.0189,336.7055,345.3807,356.3932,370.229,387.5711,409.3963,437.1408,395.0,471.0,991.3003,82.94809999999995,82.94809999999995,21.3698
3120,3120,3120.0,,,,,,,,,,,,,,,,,,,,,,,,,,,,,,,,,,,,,,,,,,,,,,,,,,,,,,,,,,,,,,,,,,,,,,,,,,0.0,273.0,273.0,273.0,273.0,273.0,273.0,273.0,273.0,273.0,273.0,273.0,273.0,273.0,273.0,273.0,273.0,273.0,273.0,273.0,273.0,305.0,473.0,0.0,371.257,1493.4424,6.079800000000034
3121,3121,3121.0,,,,,,,,,,,,,,,,,,,,,,,,,,,,,,,,,,,,,,,,,,,,,,,,,,,,,,,,,,,,,,,,,,,,,,,,,,0.1,298.5482,292.9167,288.1238,284.1753,281.0543,278.7238,277.1425,276.2891,276.1931,276.9656,278.8254,282.116,287.3045,294.9621,305.7227,320.2326,339.1109,362.956,392.44,428.5432,171.0,473.0,371.257,197.68390000000005,1122.1853999999998,6.079800000000034
3122,3122,3122.0,,,,,,,,,,,,,,,,,,,,,,,,,,,,,,,,,,,,,,,,,,,,,,,,,,,,,,,,,,,,,,,,,,,,,,,,,,0.2,191.863,210.8469,227.4609,241.4548,252.8476,261.9037,269.0741,274.9221,280.0533,285.0614,290.4947,296.843,304.5406,313.9816,325.5457,339.6346,356.7246,377.443,402.6873,433.819,473.0,473.0,568.9409,151.2799,924.5015,6.079800000000034
3123,3123,3123.0,,,,,,,,,,,,,,,,,,,,,,,,,,,,,,,,,,,,,,,,,,,,,,,,,,,,,,,,,,,,,,,,,,,,,,,,,,0.3,426.4115,388.4466,357.6925,333.4529,315.2423,302.5298,294.66,290.8864,290.4573,292.7056,297.114,303.3457,311.2468,320.8323,332.2703,345.8765,362.1289,381.7138,405.6185,435.3004,173.0,473.0,720.2208,41.94939999999997,773.2215999999999,6.079800000000034
3124,3124,3124.0,,,,,,,,,,,,,,,,,,,,,,,,,,,,,,,,,,,,,,,,,,,,,,,,,,,,,,,,,,,,,,,,,,,,,,,,,,0.4,199.1994,222.989,243.4681,260.1724,273.1092,282.6939,289.6241,294.7343,298.8679,302.7867,307.1246,312.3824,318.9526,327.1627,337.3289,349.8138,365.0904,383.8204,406.9635,435.9522,362.0,210.0,762.1702,70.81359999999995,731.2721999999999,6.079800000000034
3125,3125,3125.0,,,,,,,,,,,,,,,,,,,,,,,,,,,,,,,,,,,,,,,,,,,,,,,,,,,,,,,,,,,,,,,,,,,,,,,,,,0.5,343.3373,327.6599,315.0317,305.4819,298.9103,295.0547,293.5111,293.7799,295.3158,297.5597,299.9459,301.8911,302.7773,301.9478,298.7319,292.5051,282.7844,269.3418,252.3062,232.2177,171.0,472.0,832.9838,167.39340000000004,660.4585999999999,6.079800000000034
3126,3126,3126.0,,,,,,,,,,,,,,,,,,,,,,,,,,,,,,,,,,,,,,,,,,,,,,,,,,,,,,,,,,,,,,,,,,,,,,,,,,0.6,194.839,216.5606,235.4796,251.212,263.701,273.1783,280.0845,284.9811,288.48,291.2049,293.785,296.8719,301.1619,307.4051,316.391,328.9113,345.7192,367.5233,395.064,429.3322,172.0,471.0,1000.3772,222.2167000000001,493.0651999999999,6.079800000000034
3127,3127,3127.0,,,,,,,,,,,,,,,,,,,,,,,,,,,,,,,,,,,,,,,,,,,,,,,,,,,,,,,,,,,,,,,,,,,,,,,,,,0.7,189.6458,205.9005,220.6461,233.8311,245.4805,255.6991,264.6674,272.6339,279.9036,286.8253,293.779,301.1657,309.3995,318.9063,330.1303,343.5533,359.733,379.3686,403.4099,433.2407,466.0,473.0,1222.5939,166.4472999999998,270.84849999999983,6.079800000000034
3128,3128,3128.0,,,,,,,,,,,,,,,,,,,,,,,,,,,,,,,,,,,,,,,,,,,,,,,,,,,,,,,,,,,,,,,,,,,,,,,,,,0.8,420.6377,383.4915,353.3541,329.6554,311.9839,299.8452,292.5911,289.4605,289.6729,292.5255,297.4652,304.1252,312.3316,322.0911,333.5754,347.1142,363.2069,382.5649,406.2007,435.5938,173.0,471.0,1389.0412,41.637300000000096,104.40120000000002,6.079800000000034
3129,3129,3129.0,,,,,,,,,,,,,,,,,,,,,,,,,,,,,,,,,,,,,,,,,,,,,,,,,,,,,,,,,,,,,,,,,,,,,,,,,,0.9,198.8391,222.308,242.5375,259.0821,271.9546,281.5645,288.5949,293.8603,298.1813,302.2964,306.8177,312.2266,318.8992,327.1508,337.2887,349.6697,364.7634,383.2285,406.0184,434.5499,363.0,271.0,1430.6785,62.76389999999992,62.76389999999992,6.079800000000034
3130,3130,3130.0,,,,,,,,,,,,,,,,,,,,,,,,,,,,,,,,,,,,,,,,,,,,,,,,,,,,,,,,,,,,,,,,,,,,,,,,,,0.0,273.0,273.0,273.0,273.0,273.0,273.0,273.0,273.0,273.0,273.0,273.0,273.0,273.0,273.0,273.0,273.0,273.0,273.0,273.0,273.0,307.0,473.0,0.0,370.5884,1507.8645,6.002400000000023
3131,3131,3131.0,,,,,,,,,,,,,,,,,,,,,,,,,,,,,,,,,,,,,,,,,,,,,,,,,,,,,,,,,,,,,,,,,,,,,,,,,,0.1,300.1379,294.1523,289.0597,284.8642,281.546,279.0634,277.3692,276.4352,276.284,277.0201,278.857,282.1336,287.314,294.967,305.7252,320.2338,339.1115,362.9562,392.4401,428.5432,171.0,471.0,370.5884,195.5526,1137.2761,6.002400000000023
3132,3132,3132.0,,,,,,,,,,,,,,,,,,,,,,,,,,,,,,,,,,,,,,,,,,,,,,,,,,,,,,,,,,,,,,,,,,,,,,,,,,0.2,191.937,210.9867,227.6518,241.6783,253.0845,262.1364,269.2882,275.1069,280.2011,285.1664,290.5511,296.8432,304.473,313.8294,325.2853,339.2351,356.1464,376.636,401.5867,432.3356,472.0,473.0,566.141,150.88240000000008,941.7235,6.002400000000023
3133,3133,3133.0,,,,,,,,,,,,,,,,,,,,,,,,,,,,,,,,,,,,,,,,,,,,,,,,,,,,,,,,,,,,,,,,,,,,,,,,,,0.3,425.6797,387.9181,357.3237,333.21,315.0957,302.4524,294.6273,290.8767,290.4523,292.6911,297.08,303.2868,311.162,320.7249,332.1476,345.7486,362.0077,381.6112,405.5445,435.2619,174.0,472.0,717.0234,41.74950000000001,790.8410999999999,6.002400000000023
3134,3134,3134.0,,,,,,,,,,,,,,,,,,,,,,,,,,,,,,,,,,,,,,,,,,,,,,,,,,,,,,,,,,,,,,,,,,,,,,,,,,0.4,199.9866,223.58,243.8885,260.4525,273.2804,282.785,289.659,294.7314,298.8394,302.7395,307.0608,312.3002,318.8466,327.0243,337.1461,349.571,364.7678,383.3928,406.398,435.2034,359.0,208.0,758.7729,71.56369999999993,749.0915999999999,6.002400000000023
3135,3135,3135.0,,,,,,,,,,,,,,,,,,,,,,,,,,,,,,,,,,,,,,,,,,,,,,,,,,,,,,,,,,,,,,,,,,,,,,,,,,0.5,341.0134,325.896,313.728,304.5482,298.2635,294.6205,293.2248,293.5878,295.1748,297.4356,299.811,301.7209,302.5474,301.6314,298.2976,291.9159,281.9985,268.3139,250.9915,230.576,172.0,471.0,830.3366,170.62919999999997,677.5278999999999,6.002400000000023
3136,3136,3136.0,,,,,,,,,,,,,,,,,,,,,,,,,,,,,,,,,,,,,,,,,,,,,,,,,,,,,,,,,,,,,,,,,,,,,,,,,,0.6,195.5519,217.0104,235.7049,251.2594,263.6184,273.0085,279.8615,284.7284,288.2107,290.9229,293.488,296.5534,300.8137,307.0192,315.9605,328.4301,345.1805,366.9165,394.3701,428.5162,171.0,471.0,1000.9658,224.8724,506.8987,6.002400000000023
3137,3137,3137.0,,,,,,,,,,,,,,,,,,,,,,,,,,,,,,,,,,,,,,,,,,,,,,,,,,,,,,,,,,,,,,,,,,,,,,,,,,0.7,188.825,205.2438,220.1306,233.4291,245.1631,255.4388,264.4411,272.4235,279.6964,286.6138,293.5601,300.94,309.1706,318.6802,329.9146,343.3567,359.5643,379.2355,403.3185,433.1944,473.0,473.0,1225.8382,168.16980000000012,282.0263,6.002400000000023
3138,3138,3138.0,,,,,,,,,,,,,,,,,,,,,,,,,,,,,,,,,,,,,,,,,,,,,,,,,,,,,,,,,,,,,,,,,,,,,,,,,,0.8,425.8717,387.4022,356.2309,331.7124,313.3963,300.7629,293.1424,289.7522,289.7895,292.5308,297.4049,304.0307,312.2234,321.9823,333.4744,347.026,363.1346,382.5102,406.1643,435.5758,172.0,471.0,1394.008,41.22699999999986,113.85649999999988,6.002400000000023
3139,3139,3139.0,,,,,,,,,,,,,,,,,,,,,,,,,,,,,,,,,,,,,,,,,,,,,,,,,,,,,,,,,,,,,,,,,,,,,,,,,,0.9,198.2288,222.0496,242.5679,259.3241,272.3292,282.0002,289.0342,294.2624,298.5221,302.5659,307.0167,312.3627,318.9839,327.1967,337.3076,349.6719,364.757,383.2194,406.0105,434.5454,361.0,213.0,1435.235,72.62950000000001,72.62950000000001,6.002400000000023
3140,3140,3140.0,,,,,,,,,,,,,,,,,,,,,,,,,,,,,,,,,,,,,,,,,,,,,,,,,,,,,,,,,,,,,,,,,,,,,,,,,,0.0,273.0,273.0,273.0,273.0,273.0,273.0,273.0,273.0,273.0,273.0,273.0,273.0,273.0,273.0,273.0,273.0,273.0,273.0,273.0,273.0,307.0,471.0,0.0,370.8906,1488.2718,6.106300000000033
3141,3141,3141.0,,,,,,,,,,,,,,,,,,,,,,,,,,,,,,,,,,,,,,,,,,,,,,,,,,,,,,,,,,,,,,,,,,,,,,,,,,0.1,300.1378,294.1522,289.0595,284.8637,281.5448,279.061,277.3644,276.4261,276.2673,276.9904,278.8061,282.0494,287.1798,294.7606,305.4185,319.7925,338.4947,362.115,391.3124,427.0443,172.0,473.0,370.8906,196.3378,1117.3812,6.106300000000033
3142,3142,3142.0,,,,,,,,,,,,,,,,,,,,,,,,,,,,,,,,,,,,,,,,,,,,,,,,,,,,,,,,,,,,,,,,,,,,,,,,,,0.2,192.7504,211.6263,228.1363,242.03,253.3265,262.2907,269.3741,275.1404,280.1957,285.1342,290.5049,296.7986,304.4511,313.8583,325.4017,339.4844,356.583,377.3238,402.6019,433.7747,472.0,471.0,567.2284,149.495,921.0434,6.106300000000033
3143,3143,3143.0,,,,,,,,,,,,,,,,,,,,,,,,,,,,,,,,,,,,,,,,,,,,,,,,,,,,,,,,,,,,,,,,,,,,,,,,,,0.3,425.7087,387.9743,357.4027,333.3051,315.1989,302.5563,294.7255,290.9647,290.5274,292.7509,297.1206,303.3009,311.1365,320.639,331.9715,345.4427,361.5223,380.8857,404.5043,433.8105,174.0,471.0,716.7234,41.81650000000002,771.5484,6.106300000000033
3144,3144,3144.0,,,,,,,,,,,,,,,,,,,,,,,,,,,,,,,,,,,,,,,,,,,,,,,,,,,,,,,,,,,,,,,,,,,,,,,,,,0.4,199.9965,223.599,243.9148,260.4837,273.3132,282.8158,289.6835,294.7445,298.8357,302.7127,307.0044,312.2073,318.71,326.8367,336.8997,349.2567,364.374,382.9028,405.7864,434.43,361.0,212.0,758.5399,70.77830000000006,729.7319,6.106300000000033
3145,3145,3145.0,,,,,,,,,,,,,,,,,,,,,,,,,,,,,,,,,,,,,,,,,,,,,,,,,,,,,,,,,,,,,,,,,,,,,,,,,,0.5,342.5807,327.1054,314.6413,305.2191,298.7405,294.9463,293.4371,293.7194,295.2547,297.4912,299.8715,301.8211,302.7319,301.9585,298.8417,292.7687,283.2662,270.1114,253.4321,233.7595,172.0,471.0,829.3182,166.6608,658.9535999999999,6.106300000000033
3146,3146,3146.0,,,,,,,,,,,,,,,,,,,,,,,,,,,,,,,,,,,,,,,,,,,,,,,,,,,,,,,,,,,,,,,,,,,,,,,,,,0.6,195.6234,217.1461,235.8921,251.4828,263.8633,273.2634,280.1196,284.9885,288.4763,291.2011,293.7868,296.8792,301.1684,307.398,316.3506,328.8112,345.5275,367.2031,394.5736,428.6212,171.0,473.0,995.979,222.3843999999999,492.2928,6.106300000000033
3147,3147,3147.0,,,,,,,,,,,,,,,,,,,,,,,,,,,,,,,,,,,,,,,,,,,,,,,,,,,,,,,,,,,,,,,,,,,,,,,,,,0.7,188.8585,205.3095,220.2261,233.5513,245.3087,255.6048,264.625,272.6237,279.9128,286.8478,293.8156,301.2241,309.4944,319.0598,330.3724,343.9221,360.2755,380.1416,404.4842,434.7099,467.0,471.0,1218.3634,166.4443000000001,269.90840000000003,6.106300000000033
3148,3148,3148.0,,,,,,,,,,,,,,,,,,,,,,,,,,,,,,,,,,,,,,,,,,,,,,,,,,,,,,,,,,,,,,,,,,,,,,,,,,0.8,421.3691,384.0185,353.7218,329.9001,312.1377,299.9365,292.6439,289.4937,289.6994,292.5517,297.4905,304.1416,312.3228,322.032,333.4315,346.8416,362.7523,381.8647,405.1784,434.1517,174.0,473.0,1384.8077,41.76599999999985,103.46409999999992,6.106300000000033
3149,3149,3149.0,,,,,,,,,,,,,,,,,,,,,,,,,,,,,,,,,,,,,,,,,,,,,,,,,,,,,,,,,,,,,,,,,,,,,,,,,,0.9,199.6765,222.9935,243.086,259.511,272.2823,281.8086,288.7714,293.9832,298.2632,302.3493,306.8544,312.2625,318.9546,327.2523,337.4707,349.9756,365.2457,383.9498,407.0547,435.9989,360.0,272.0,1426.5737,61.69810000000007,61.69810000000007,6.106300000000033
3150,3150,3150.0,,,,,,,,,,,,,,,,,,,,,,,,,,,,,,,,,,,,,,,,,,,,,,,,,,,,,,,,,,,,,,,,,,,,,,,,,,0.0,273.0,273.0,273.0,273.0,273.0,273.0,273.0,273.0,273.0,273.0,273.0,273.0,273.0,273.0,273.0,273.0,273.0,273.0,273.0,273.0,305.0,473.0,0.0,371.257,1483.6542,6.152800000000013
3151,3151,3151.0,,,,,,,,,,,,,,,,,,,,,,,,,,,,,,,,,,,,,,,,,,,,,,,,,,,,,,,,,,,,,,,,,,,,,,,,,,0.1,298.5482,292.9167,288.1238,284.1753,281.0543,278.7238,277.1425,276.2891,276.1931,276.9656,278.8254,282.116,287.3045,294.9621,305.7227,320.2326,339.1109,362.956,392.44,428.5432,173.0,473.0,371.257,196.46520000000004,1112.3972,6.152800000000013
3152,3152,3152.0,,,,,,,,,,,,,,,,,,,,,,,,,,,,,,,,,,,,,,,,,,,,,,,,,,,,,,,,,,,,,,,,,,,,,,,,,,0.2,193.4938,212.1348,228.4446,242.181,253.3653,262.26,269.3107,275.0738,280.1471,285.1173,290.5269,296.8608,304.5501,313.9865,325.5481,339.6358,356.7251,377.4432,402.6874,433.8191,472.0,471.0,567.7222,149.053,915.932,6.152800000000013
3153,3153,3153.0,,,,,,,,,,,,,,,,,,,,,,,,,,,,,,,,,,,,,,,,,,,,,,,,,,,,,,,,,,,,,,,,,,,,,,,,,,0.3,425.7227,388.0012,357.4398,333.3489,315.2457,302.6028,294.7699,291.0065,290.5672,292.7899,297.1603,303.3421,311.1793,320.6828,332.0146,345.4831,361.5576,380.9139,404.5238,433.8204,172.0,471.0,716.7752,42.23859999999991,766.8789999999999,6.152800000000013
3154,3154,3154.0,,,,,,,,,,,,,,,,,,,,,,,,,,,,,,,,,,,,,,,,,,,,,,,,,,,,,,,,,,,,,,,,,,,,,,,,,,0.4,198.3777,222.3333,242.9608,259.7919,272.8318,282.4959,289.4822,294.6267,298.7741,302.6873,307.0012,312.2166,318.7257,326.8547,336.9176,349.273,364.3876,382.9132,405.7934,434.4335,364.0,215.0,759.0138,71.01610000000005,724.6404,6.152800000000013
3155,3155,3155.0,,,,,,,,,,,,,,,,,,,,,,,,,,,,,,,,,,,,,,,,,,,,,,,,,,,,,,,,,,,,,,,,,,,,,,,,,,0.5,344.8625,328.7895,315.8342,306.0197,299.2409,295.2298,293.5753,293.7713,295.2669,297.5002,299.9078,301.9136,302.9125,302.2664,299.3263,293.4908,284.2969,271.5284,255.313,236.1734,174.0,473.0,830.0299,162.30870000000004,653.6243,6.152800000000013
3156,3156,3156.0,,,,,,,,,,,,,,,,,,,,,,,,,,,,,,,,,,,,,,,,,,,,,,,,,,,,,,,,,,,,,,,,,,,,,,,,,,0.6,197.3355,218.5879,237.0866,252.4578,264.6496,273.8936,280.6272,285.4068,288.8381,291.5382,294.1294,297.2556,301.6044,307.9167,316.9728,329.557,346.419,368.2696,395.86,430.2016,172.0,473.0,992.3386,215.4169,491.3155999999999,6.152800000000013
3157,3157,3157.0,,,,,,,,,,,,,,,,,,,,,,,,,,,,,,,,,,,,,,,,,,,,,,,,,,,,,,,,,,,,,,,,,,,,,,,,,,0.7,189.7923,206.1796,221.033,234.295,245.9897,256.2254,265.1896,273.1392,280.3875,287.2905,294.2345,301.6248,309.8794,319.4271,330.716,344.2326,360.5414,380.3515,404.6287,434.7832,471.0,471.0,1207.7555,162.31760000000008,275.8987,6.152800000000013
3158,3158,3158.0,,,,,,,,,,,,,,,,,,,,,,,,,,,,,,,,,,,,,,,,,,,,,,,,,,,,,,,,,,,,,,,,,,,,,,,,,,0.8,424.4619,386.454,355.6571,331.4432,313.37,300.9231,293.4386,290.1404,290.2329,292.9984,297.8698,304.4667,312.6023,322.2711,333.6331,347.0073,362.8829,381.9611,405.2416,434.1828,172.0,472.0,1370.0731,41.09669999999983,113.58109999999988,6.152800000000013
3159,3159,3159.0,,,,,,,,,,,,,,,,,,,,,,,,,,,,,,,,,,,,,,,,,,,,,,,,,,,,,,,,,,,,,,,,,,,,,,,,,,0.9,198.2178,222.0323,242.5526,259.3206,272.3464,282.0446,289.1083,294.3651,298.6485,302.7091,307.1697,312.5204,319.1455,327.367,337.4987,349.9032,365.0555,383.6187,406.5519,435.2807,361.0,211.0,1411.1698,72.48440000000005,72.48440000000005,6.152800000000013
3160,3160,3160.0,,,,,,,,,,,,,,,,,,,,,,,,,,,,,,,,,,,,,,,,,,,,,,,,,,,,,,,,,,,,,,,,,,,,,,,,,,0.0,273.0,273.0,273.0,273.0,273.0,273.0,273.0,273.0,273.0,273.0,273.0,273.0,273.0,273.0,273.0,273.0,273.0,273.0,273.0,273.0,307.0,473.0,0.0,370.5884,1484.6752,6.527800000000013
3161,3161,3161.0,,,,,,,,,,,,,,,,,,,,,,,,,,,,,,,,,,,,,,,,,,,,,,,,,,,,,,,,,,,,,,,,,,,,,,,,,,0.1,300.1379,294.1523,289.0597,284.8642,281.546,279.0634,277.3692,276.4352,276.284,277.0201,278.857,282.1336,287.314,294.967,305.7252,320.2338,339.1115,362.9562,392.4401,428.5432,174.0,473.0,370.5884,193.81540000000007,1114.0868,6.527800000000013
3162,3162,3162.0,,,,,,,,,,,,,,,,,,,,,,,,,,,,,,,,,,,,,,,,,,,,,,,,,,,,,,,,,,,,,,,,,,,,,,,,,,0.2,194.383,212.9182,229.1271,242.7676,253.8616,262.6727,269.6473,275.3426,280.3571,285.2777,290.6464,296.9479,304.6119,314.0293,325.577,339.6548,356.7372,377.4505,402.6915,433.8209,473.0,471.0,564.4038,146.99839999999995,920.2714,6.527800000000013
3163,3163,3163.0,,,,,,,,,,,,,,,,,,,,,,,,,,,,,,,,,,,,,,,,,,,,,,,,,,,,,,,,,,,,,,,,,,,,,,,,,,0.3,426.5284,388.6745,358.016,333.8479,315.6792,302.9778,295.0912,291.2784,290.794,292.9762,297.3107,303.4615,311.2724,320.754,332.0679,345.5219,361.585,380.9322,404.535,433.8257,171.0,473.0,711.4022,42.50790000000006,773.2729999999999,6.527800000000013
3164,3164,3164.0,,,,,,,,,,,,,,,,,,,,,,,,,,,,,,,,,,,,,,,,,,,,,,,,,,,,,,,,,,,,,,,,,,,,,,,,,,0.4,197.6196,221.7986,242.6204,259.6103,272.7723,282.5237,289.5679,294.7474,298.9144,302.8389,307.1632,312.3954,318.9346,327.1146,337.2566,349.727,365.0011,383.7409,406.9044,435.9209,362.0,211.0,753.9101,71.5204,730.7650999999998,6.527800000000013
3165,3165,3165.0,,,,,,,,,,,,,,,,,,,,,,,,,,,,,,,,,,,,,,,,,,,,,,,,,,,,,,,,,,,,,,,,,,,,,,,,,,0.5,343.2858,327.5623,314.8983,305.3264,298.747,294.897,293.3693,293.6607,295.2229,297.4945,299.9094,301.8857,302.8084,302.0251,298.8701,292.7241,283.1085,269.798,252.9216,233.0164,174.0,472.0,825.4305,165.8092999999999,659.2446999999999,6.527800000000013
3166,3166,3166.0,,,,,,,,,,,,,,,,,,,,,,,,,,,,,,,,,,,,,,,,,,,,,,,,,,,,,,,,,,,,,,,,,,,,,,,,,,0.6,197.2645,218.4533,236.9019,252.2387,264.4115,273.6486,280.3821,285.1624,288.5894,291.2754,293.8398,296.926,301.2232,307.4761,316.4699,328.993,345.7967,367.589,395.1115,429.3569,174.0,472.0,991.2398,216.7193000000001,493.4354,6.527800000000013
3167,3167,3167.0,,,,,,,,,,,,,,,,,,,,,,,,,,,,,,,,,,,,,,,,,,,,,,,,,,,,,,,,,,,,,,,,,,,,,,,,,,0.7,191.3936,207.409,221.9304,234.9082,246.3695,256.4207,265.2437,273.0879,280.2581,287.1028,294.0013,301.3536,309.5733,319.0861,330.3368,343.8087,360.0617,379.799,403.9768,433.9903,471.0,471.0,1207.9591,161.6051,276.71609999999987,6.527800000000013
3168,3168,3168.0,,,,,,,,,,,,,,,,,,,,,,,,,,,,,,,,,,,,,,,,,,,,,,,,,,,,,,,,,,,,,,,,,,,,,,,,,,0.8,424.5075,386.5409,355.7751,331.5778,313.504,301.0401,293.5245,290.1858,290.2333,292.954,297.7845,304.3475,312.4581,322.1122,333.4707,346.8524,362.7459,381.8509,405.165,434.1437,172.0,471.0,1369.5642,41.09179999999992,115.11099999999988,6.527800000000013
3169,3169,3169.0,,,,,,,,,,,,,,,,,,,,,,,,,,,,,,,,,,,,,,,,,,,,,,,,,,,,,,,,,,,,,,,,,,,,,,,,,,0.9,198.2274,222.0501,242.5762,259.3469,272.3717,282.0651,289.1205,294.3655,298.6342,302.6774,307.1174,312.4438,319.0393,327.2239,337.3084,349.6518,364.7246,383.1841,405.9814,434.5291,361.0,206.0,1410.656,74.01919999999996,74.01919999999996,6.527800000000013
3170,3170,3170.0,,,,,,,,,,,,,,,,,,,,,,,,,,,,,,,,,,,,,,,,,,,,,,,,,,,,,,,,,,,,,,,,,,,,,,,,,,0.0,273.0,273.0,273.0,273.0,273.0,273.0,273.0,273.0,273.0,273.0,273.0,273.0,273.0,273.0,273.0,273.0,273.0,273.0,273.0,273.0,305.0,473.0,0.0,371.257,1486.4831,5.923000000000002
3171,3171,3171.0,,,,,,,,,,,,,,,,,,,,,,,,,,,,,,,,,,,,,,,,,,,,,,,,,,,,,,,,,,,,,,,,,,,,,,,,,,0.1,298.5482,292.9167,288.1238,284.1753,281.0543,278.7238,277.1425,276.2891,276.1931,276.9656,278.8254,282.116,287.3045,294.9621,305.7227,320.2326,339.1109,362.956,392.44,428.5432,171.0,473.0,371.257,197.68390000000005,1115.2261,5.923000000000002
3172,3172,3172.0,,,,,,,,,,,,,,,,,,,,,,,,,,,,,,,,,,,,,,,,,,,,,,,,,,,,,,,,,,,,,,,,,,,,,,,,,,0.2,191.863,210.8469,227.4609,241.4548,252.8476,261.9037,269.0741,274.9221,280.0533,285.0614,290.4947,296.843,304.5406,313.9816,325.5457,339.6346,356.7246,377.443,402.6873,433.819,472.0,473.0,568.9409,151.2811999999999,917.5422,5.923000000000002
3173,3173,3173.0,,,,,,,,,,,,,,,,,,,,,,,,,,,,,,,,,,,,,,,,,,,,,,,,,,,,,,,,,,,,,,,,,,,,,,,,,,0.3,425.6593,387.8782,357.2664,333.1393,315.0172,302.373,294.5544,290.8178,290.4143,292.6797,297.0989,303.3372,311.2422,320.8299,332.2691,345.8759,362.1286,381.7137,405.6184,435.3004,172.0,471.0,720.2221,42.00080000000003,766.261,5.923000000000002
3174,3174,3174.0,,,,,,,,,,,,,,,,,,,,,,,,,,,,,,,,,,,,,,,,,,,,,,,,,,,,,,,,,,,,,,,,,,,,,,,,,,0.4,198.3557,222.2914,242.9024,259.7218,272.7558,282.4202,289.4135,294.5717,298.7389,302.6771,307.0196,312.2651,318.8027,326.9558,337.035,349.3962,364.5049,383.0128,405.8654,434.4711,362.0,216.0,762.2229,71.03930000000003,724.2601999999999,5.923000000000002
3175,3175,3175.0,,,,,,,,,,,,,,,,,,,,,,,,,,,,,,,,,,,,,,,,,,,,,,,,,,,,,,,,,,,,,,,,,,,,,,,,,,0.5,343.2917,327.572,314.9081,305.3315,298.7432,294.8812,293.3408,293.6225,295.1825,297.4656,299.9145,301.9587,302.9988,302.4015,299.5229,293.7661,284.6719,272.0266,255.9583,236.9876,173.0,473.0,833.2622,162.70640000000003,653.2208999999999,5.923000000000002
3176,3176,3176.0,,,,,,,,,,,,,,,,,,,,,,,,,,,,,,,,,,,,,,,,,,,,,,,,,,,,,,,,,,,,,,,,,,,,,,,,,,0.6,196.4517,217.8149,236.4192,251.8906,264.1768,273.509,280.3244,285.1788,288.6782,291.4392,294.0841,297.2564,301.643,307.9841,317.0589,329.6509,346.5097,368.3469,395.9159,430.2307,174.0,471.0,995.9686,216.07249999999988,490.5144999999999,5.923000000000002
3177,3177,3177.0,,,,,,,,,,,,,,,,,,,,,,,,,,,,,,,,,,,,,,,,,,,,,,,,,,,,,,,,,,,,,,,,,,,,,,,,,,0.7,191.3636,207.3542,221.86,234.8342,246.3045,256.3765,265.2299,273.1108,280.3203,287.2025,294.1322,301.5044,309.7274,319.2218,330.4271,343.8222,359.9633,379.5502,403.5347,433.3039,471.0,472.0,1212.0411,161.71040000000016,274.442,5.923000000000002
3178,3178,3178.0,,,,,,,,,,,,,,,,,,,,,,,,,,,,,,,,,,,,,,,,,,,,,,,,,,,,,,,,,,,,,,,,,,,,,,,,,,0.8,424.5055,386.5374,355.7714,331.5756,313.5053,301.0468,293.5382,290.2074,290.2635,292.9934,297.8342,304.4101,312.5389,322.2198,333.6181,347.0574,363.0319,382.2469,405.7074,434.8806,174.0,472.0,1373.7515,40.52129999999988,112.73159999999984,5.923000000000002
3179,3179,3179.0,,,,,,,,,,,,,,,,,,,,,,,,,,,,,,,,,,,,,,,,,,,,,,,,,,,,,,,,,,,,,,,,,,,,,,,,,,0.9,199.8535,223.3301,243.5515,260.0669,272.8884,282.428,289.3734,294.545,298.7696,302.7914,307.2278,312.5649,319.1834,327.4026,337.5336,349.9374,365.0872,383.6456,406.5714,435.2909,358.0,207.0,1414.2728,72.21029999999996,72.21029999999996,5.923000000000002
3180,3180,,,,,,,,,,,,,,,,,,,,,,,,,,,,,,,,,,,,,,,,,,,,,,,,,,,,,,,,,,,,,,,,,,,,,,,,,,,0.0,273.0,273.0,273.0,273.0,273.0,273.0,273.0,273.0,273.0,273.0,273.0,273.0,273.0,273.0,273.0,273.0,273.0,273.0,273.0,273.0,350.0,442.0,0.0,364.2639,2551.9394,-20.0
3181,3181,,,,,,,,,,,,,,,,,,,,,,,,,,,,,,,,,,,,,,,,,,,,,,,,,,,,,,,,,,,,,,,,,,,,,,,,,,,0.1,334.1,320.4509,308.9404,299.4834,291.9688,286.2423,282.117,279.4053,277.9609,277.7204,278.7362,281.1951,285.4191,291.8431,300.975,313.3439,329.4547,349.7765,374.7952,405.165,172.0,472.0,364.2639,178.1972,2187.6755000000003,-7.807700000000011
3182,3182,,,,,,,,,,,,,,,,,,,,,,,,,,,,,,,,,,,,,,,,,,,,,,,,,,,,,,,,,,,,,,,,,,,,,,,,,,,0.2,194.2797,214.5061,232.0471,246.5697,258.0725,266.8534,273.4331,278.4621,282.6354,286.628,291.0585,296.4759,303.3651,312.1642,323.2882,337.1615,354.2627,375.1964,400.8091,432.3867,204.0,285.0,542.4611,231.86080000000004,2009.4783,-28.346599999999967
3183,3183,,,,,,,,,,,,,,,,,,,,,,,,,,,,,,,,,,,,,,,,,,,,,,,,,,,,,,,,,,,,,,,,,,,,,,,,,,,0.3,215.0924,225.2803,234.6584,243.3125,251.3185,258.745,265.6561,272.1117,278.1598,283.8221,289.0739,293.8256,297.9123,301.1005,303.1171,303.7009,302.671,299.9978,295.8584,290.6574,244.0,358.0,774.3219,324.02179999999987,1777.6175000000003,-37.704999999999984
3184,3184,,,,,,,,,,,,,,,,,,,,,,,,,,,,,,,,,,,,,,,,,,,,,,,,,,,,,,,,,,,,,,,,,,,,,,,,,,,0.4,247.1964,250.1371,253.0523,256.1063,259.3864,262.9063,266.624,270.4664,274.358,278.2463,282.1242,286.044,290.1252,294.5528,299.5668,305.4441,312.4774,320.9572,331.1669,343.3989,321.0,419.0,1098.3437,249.9720000000002,1453.5957000000003,-34.893700000000024
3185,3185,,,,,,,,,,,,,,,,,,,,,,,,,,,,,,,,,,,,,,,,,,,,,,,,,,,,,,,,,,,,,,,,,,,,,,,,,,,0.5,309.9429,300.3545,292.3924,286.1669,281.7036,278.9355,277.7216,277.8817,279.2395,281.6606,285.0819,289.5284,295.1171,302.0504,310.6024,321.1029,333.9281,349.507,368.3599,391.1824,232.0,286.0,1348.3157,161.89159999999993,1203.6237,-20.31450000000001
3186,3186,,,,,,,,,,,,,,,,,,,,,,,,,,,,,,,,,,,,,,,,,,,,,,,,,,,,,,,,,,,,,,,,,,,,,,,,,,,0.6,241.7944,250.6341,258.3299,264.8045,270.1062,274.3948,277.9042,280.8947,283.6043,286.2074,288.7869,291.3204,293.6843,295.6741,297.0415,297.5457,297.0126,295.3915,292.7963,289.5179,236.0,299.0,1510.2073,278.6986999999999,1041.7321000000002,-26.40520000000004
3187,3187,,,,,,,,,,,,,,,,,,,,,,,,,,,,,,,,,,,,,,,,,,,,,,,,,,,,,,,,,,,,,,,,,,,,,,,,,,,0.7,242.9006,249.1824,254.8702,259.9912,264.5753,268.6554,272.2667,275.4463,278.2315,280.6599,282.7692,284.599,286.1933,287.6034,288.891,290.1297,291.4057,292.8169,294.4719,296.4895,304.0,396.0,1788.906,295.7496000000001,763.0334000000003,-33.7946
3188,3188,,,,,,,,,,,,,,,,,,,,,,,,,,,,,,,,,,,,,,,,,,,,,,,,,,,,,,,,,,,,,,,,,,,,,,,,,,,0.8,296.826,290.6019,285.4811,281.558,278.8454,277.2754,276.7212,277.0332,278.0781,279.7762,282.1278,285.2292,289.274,294.5413,301.3713,310.1343,321.2005,334.9247,351.6608,371.822,243.0,318.0,2084.6556,203.9400999999998,467.28380000000016,-26.9246
3189,3189,,,,,,,,,,,,,,,,,,,,,,,,,,,,,,,,,,,,,,,,,,,,,,,,,,,,,,,,,,,,,,,,,,,,,,,,,,,0.9,250.1073,256.5132,262.1019,266.8316,270.7465,273.9685,276.6746,279.0668,281.3401,283.6566,286.1267,288.8007,291.6699,294.6796,297.7505,300.8103,303.829,306.8535,310.0324,313.6266,241.0,316.0,2288.5957,263.34370000000035,263.34370000000035,-32.081500000000005
3190,3190,,,,,,,,,,,,,,,,,,,,,,,,,,,,,,,,,,,,,,,,,,,,,,,,,,,,,,,,,,,,,,,,,,,,,,,,,,,0.0,273.0,273.0,273.0,273.0,273.0,273.0,273.0,273.0,273.0,273.0,273.0,273.0,273.0,273.0,273.0,273.0,273.0,273.0,273.0,273.0,350.0,441.0,0.0,364.466,2573.8034,-20.0
3191,3191,,,,,,,,,,,,,,,,,,,,,,,,,,,,,,,,,,,,,,,,,,,,,,,,,,,,,,,,,,,,,,,,,,,,,,,,,,,0.1,334.1,320.4508,308.9403,299.4831,291.9682,286.2411,282.1146,279.4007,277.9525,277.7054,278.7103,281.1524,285.3508,291.7378,300.8183,313.1181,329.139,349.3461,374.22,404.4058,174.0,471.0,364.466,177.89509999999996,2209.3374,-7.808899999999994
3192,3192,,,,,,,,,,,,,,,,,,,,,,,,,,,,,,,,,,,,,,,,,,,,,,,,,,,,,,,,,,,,,,,,,,,,,,,,,,,0.2,195.9075,215.7883,233.0227,247.2852,258.5766,267.1921,273.6463,278.582,282.6856,286.6244,291.0102,296.3862,303.2332,311.9856,323.0554,336.8638,353.8861,374.7215,400.2083,431.6189,205.0,282.0,542.3611,229.664,2031.4423,-28.007900000000006
3193,3193,,,,,,,,,,,,,,,,,,,,,,,,,,,,,,,,,,,,,,,,,,,,,,,,,,,,,,,,,,,,,,,,,,,,,,,,,,,0.3,215.9814,226.0647,235.3422,243.8985,251.809,259.1423,265.9632,272.3315,278.2947,283.872,289.035,293.688,297.6583,300.7029,302.5378,302.8903,301.569,298.535,293.9597,288.2458,244.0,356.0,772.0251,324.8294,1801.7783,-37.30770000000001
3194,3194,,,,,,,,,,,,,,,,,,,,,,,,,,,,,,,,,,,,,,,,,,,,,,,,,,,,,,,,,,,,,,,,,,,,,,,,,,,0.4,247.2555,250.2488,253.2044,256.2825,259.568,263.0742,266.7597,270.553,274.38,278.19,281.9767,285.7933,289.7595,294.06,298.934,304.6568,311.5178,319.8019,329.7831,341.7403,324.0,419.0,1096.8545,251.35980000000015,1476.9489,-34.72579999999999
3195,3195,,,,,,,,,,,,,,,,,,,,,,,,,,,,,,,,,,,,,,,,,,,,,,,,,,,,,,,,,,,,,,,,,,,,,,,,,,,0.5,312.3323,302.2228,293.8198,287.2269,282.4629,279.453,278.0469,278.055,279.2914,281.6143,284.9551,289.3361,294.8738,301.7721,310.3075,320.8121,333.6628,349.2879,368.2042,391.1018,234.0,272.0,1348.2143,163.58960000000002,1225.5890999999997,-19.797000000000025
3196,3196,,,,,,,,,,,,,,,,,,,,,,,,,,,,,,,,,,,,,,,,,,,,,,,,,,,,,,,,,,,,,,,,,,,,,,,,,,,0.6,243.5113,252.0931,259.5542,265.815,270.9216,275.0306,278.3718,281.1992,283.7407,286.1552,288.5031,290.7316,292.6775,294.0884,294.6624,294.1041,292.1896,288.8308,284.1222,278.3568,238.0,306.0,1511.8039,287.6984,1061.9994999999997,-25.76940000000002
3197,3197,,,,,,,,,,,,,,,,,,,,,,,,,,,,,,,,,,,,,,,,,,,,,,,,,,,,,,,,,,,,,,,,,,,,,,,,,,,0.7,244.6083,250.6223,256.0626,260.9519,265.3152,269.1805,272.579,275.5453,278.1185,280.3432,282.2726,283.9717,285.521,287.0177,288.5751,290.3177,292.3732,294.8642,297.901,301.5819,299.0,389.0,1799.5023,296.8498,774.3010999999997,-33.269499999999994
3198,3198,,,,,,,,,,,,,,,,,,,,,,,,,,,,,,,,,,,,,,,,,,,,,,,,,,,,,,,,,,,,,,,,,,,,,,,,,,,0.8,292.9235,287.6512,283.331,280.0552,277.8408,276.6323,276.3219,276.7823,277.9023,279.619,281.9424,284.968,288.8776,293.9286,300.4323,308.7267,319.1499,332.0274,347.6845,366.4982,247.0,320.0,2096.3521,211.29959999999983,477.4512999999997,-27.5677
3199,3199,,,,,,,,,,,,,,,,,,,,,,,,,,,,,,,,,,,,,,,,,,,,,,,,,,,,,,,,,,,,,,,,,,,,,,,,,,,0.9,253.1676,258.7295,263.5959,267.7386,271.2015,274.0942,276.5727,278.8141,280.9898,283.2425,285.6708,288.3215,291.1913,294.2374,297.3976,300.6179,303.8841,307.2532,310.8762,315.0079,238.0,312.0,2307.6517,266.1516999999999,266.1516999999999,-31.95580000000001
3200,3200,,,,,,,,,,,,,,,,,,,,,,,,,,,,,,,,,,,,,,,,,,,,,,,,,,,,,,,,,,,,,,,,,,,,,,,,,,,0.0,273.0,273.0,273.0,273.0,273.0,273.0,273.0,273.0,273.0,273.0,273.0,273.0,273.0,273.0,273.0,273.0,273.0,273.0,273.0,273.0,351.0,441.0,0.0,364.2514,2559.3645,-20.0
3201,3201,,,,,,,,,,,,,,,,,,,,,,,,,,,,,,,,,,,,,,,,,,,,,,,,,,,,,,,,,,,,,,,,,,,,,,,,,,,0.1,334.8847,321.0561,309.3971,299.8189,292.208,286.4069,282.2255,279.4723,277.9971,277.7322,278.7259,281.1611,285.3555,291.7403,300.8196,313.1187,329.1392,349.3463,374.22,404.4058,172.0,472.0,364.2514,178.17150000000004,2195.1131,-7.643100000000004
3202,3202,,,,,,,,,,,,,,,,,,,,,,,,,,,,,,,,,,,,,,,,,,,,,,,,,,,,,,,,,,,,,,,,,,,,,,,,,,,0.2,194.3142,214.5709,232.1348,246.6709,258.1774,266.9528,273.5191,278.529,282.6792,286.6468,291.0522,296.4459,303.3145,312.0977,323.2119,337.0824,354.1885,375.134,400.7644,432.3636,208.0,288.0,542.4229,228.1426,2016.9416,-28.247199999999964
3203,3203,,,,,,,,,,,,,,,,,,,,,,,,,,,,,,,,,,,,,,,,,,,,,,,,,,,,,,,,,,,,,,,,,,,,,,,,,,,0.3,218.3562,227.8685,236.6504,244.7993,252.3945,259.5005,266.1725,272.4584,278.3943,283.9916,289.2194,293.9855,298.1269,301.4158,303.5877,304.3912,303.6554,301.3583,297.6811,293.0282,242.0,351.0,770.5655,317.3972,1788.799,-36.9495
3204,3204,,,,,,,,,,,,,,,,,,,,,,,,,,,,,,,,,,,,,,,,,,,,,,,,,,,,,,,,,,,,,,,,,,,,,,,,,,,0.4,245.7423,249.1747,252.5077,255.8943,259.4191,263.1019,266.9126,270.7919,274.6768,278.5223,282.3213,286.1179,290.0147,294.1724,298.802,304.1501,310.4809,318.0606,327.1521,338.0267,321.0,419.0,1087.9627,253.8789999999999,1471.4018,-34.69810000000001
3205,3205,,,,,,,,,,,,,,,,,,,,,,,,,,,,,,,,,,,,,,,,,,,,,,,,,,,,,,,,,,,,,,,,,,,,,,,,,,,0.5,309.9261,300.3238,292.3531,286.1244,281.6611,278.8923,277.6715,277.8134,279.1372,281.5066,284.86,289.2274,294.7347,301.5961,310.0988,320.5847,333.4381,349.0907,368.0579,391.0242,231.0,279.0,1341.8417,166.38080000000014,1217.5228000000002,-20.357700000000023
3206,3206,,,,,,,,,,,,,,,,,,,,,,,,,,,,,,,,,,,,,,,,,,,,,,,,,,,,,,,,,,,,,,,,,,,,,,,,,,,0.6,240.977,249.9804,257.8163,264.4044,269.792,274.1391,277.6808,280.6781,283.3684,285.9233,288.4188,290.8218,292.993,294.7074,295.693,295.6837,294.482,292.0187,288.3971,283.9071,239.0,310.0,1508.2225,284.22029999999995,1051.142,-26.660900000000023
3207,3207,,,,,,,,,,,,,,,,,,,,,,,,,,,,,,,,,,,,,,,,,,,,,,,,,,,,,,,,,,,,,,,,,,,,,,,,,,,0.7,245.2689,250.9781,256.1653,260.8641,265.1046,268.914,272.3183,275.3451,278.0259,280.399,282.5127,284.4288,286.2256,287.9991,289.8622,291.9401,294.3637,297.262,300.7569,304.9639,301.0,383.0,1792.4428,290.3136000000002,766.9217000000001,-33.536
3208,3208,,,,,,,,,,,,,,,,,,,,,,,,,,,,,,,,,,,,,,,,,,,,,,,,,,,,,,,,,,,,,,,,,,,,,,,,,,,0.8,294.5171,288.8934,284.2771,280.7609,278.3618,277.0218,276.6285,277.0468,278.1543,279.8735,282.1953,285.1916,289.0163,293.896,300.1098,307.9654,317.775,329.8434,344.478,362.0335,246.0,321.0,2082.7564,211.6139999999996,476.6080999999999,-27.178200000000004
3209,3209,,,,,,,,,,,,,,,,,,,,,,,,,,,,,,,,,,,,,,,,,,,,,,,,,,,,,,,,,,,,,,,,,,,,,,,,,,,0.9,252.4411,258.2487,263.3232,267.6306,271.2126,274.1807,276.6954,278.9396,281.0913,283.3002,285.6722,288.2632,291.08,294.0922,297.251,300.5153,303.882,307.4143,311.2634,315.6782,241.0,312.0,2294.3704,264.99410000000034,264.99410000000034,-31.86930000000001
3210,3210,,,,,,,,,,,,,,,,,,,,,,,,,,,,,,,,,,,,,,,,,,,,,,,,,,,,,,,,,,,,,,,,,,,,,,,,,,,0.0,273.0,273.0,273.0,273.0,273.0,273.0,273.0,273.0,273.0,273.0,273.0,273.0,273.0,273.0,273.0,273.0,273.0,273.0,273.0,273.0,352.0,443.0,0.0,363.6371,2495.0316,-20.0
3211,3211,,,,,,,,,,,,,,,,,,,,,,,,,,,,,,,,,,,,,,,,,,,,,,,,,,,,,,,,,,,,,,,,,,,,,,,,,,,0.1,335.6692,321.6613,309.8539,300.1551,292.4488,286.5751,282.3411,279.553,278.0586,277.7891,278.7931,281.2553,285.4967,291.9531,301.134,313.5706,329.7708,350.2069,375.3701,405.924,171.0,473.0,363.6371,176.4663,2131.3945,-7.474899999999991
3212,3212,,,,,,,,,,,,,,,,,,,,,,,,,,,,,,,,,,,,,,,,,,,,,,,,,,,,,,,,,,,,,,,,,,,,,,,,,,,0.2,193.5371,214.0,231.7441,246.4293,258.0529,266.9161,273.5463,278.6026,282.7884,286.7869,291.2227,296.6499,303.5569,312.3843,323.549,337.4773,354.6507,375.678,401.4133,433.1559,318.0,346.0,540.1034,160.69889999999998,1954.9282,-28.283900000000017
3213,3213,,,,,,,,,,,,,,,,,,,,,,,,,,,,,,,,,,,,,,,,,,,,,,,,,,,,,,,,,,,,,,,,,,,,,,,,,,,0.3,306.8257,297.2115,289.4737,283.8216,280.3098,278.8349,279.1691,281.0136,284.0507,287.9822,292.5463,297.5185,302.7035,307.9316,313.0661,318.0276,322.8304,327.6231,332.7215,338.6231,253.0,273.0,700.8023,151.25060000000008,1794.2292999999995,-17.615099999999984
3214,3214,,,,,,,,,,,,,,,,,,,,,,,,,,,,,,,,,,,,,,,,,,,,,,,,,,,,,,,,,,,,,,,,,,,,,,,,,,,0.4,258.7444,263.9785,268.6107,272.6108,276.0172,278.9255,281.463,283.7571,285.9048,287.9488,289.865,291.5595,292.8786,293.6276,293.5999,292.6131,290.5484,287.3865,283.2328,278.3223,232.0,277.0,852.0529,279.42600000000004,1642.9786999999997,-18.87450000000001
3215,3215,,,,,,,,,,,,,,,,,,,,,,,,,,,,,,,,,,,,,,,,,,,,,,,,,,,,,,,,,,,,,,,,,,,,,,,,,,,0.5,240.5298,248.2775,255.1788,261.204,266.3624,270.698,274.2796,277.1874,279.5011,281.2899,282.608,283.4944,283.976,284.0737,283.8084,283.2077,282.3102,281.1681,279.8477,278.4284,297.0,389.0,1131.4789,324.60929999999985,1363.5526999999995,-28.55200000000002
3216,3216,,,,,,,,,,,,,,,,,,,,,,,,,,,,,,,,,,,,,,,,,,,,,,,,,,,,,,,,,,,,,,,,,,,,,,,,,,,0.6,291.3566,286.4648,282.4705,279.4592,277.4373,276.3361,276.0347,276.396,277.3059,278.709,280.6358,283.2173,286.686,291.3608,297.6191,305.8578,316.4552,329.7469,346.033,365.6329,252.0,330.0,1456.0882,222.82140000000004,1038.9434,-24.463900000000024
3217,3217,,,,,,,,,,,,,,,,,,,,,,,,,,,,,,,,,,,,,,,,,,,,,,,,,,,,,,,,,,,,,,,,,,,,,,,,,,,0.7,257.094,261.6871,265.7067,269.1326,272.0065,274.4278,276.5379,278.4991,280.4725,282.5988,284.9845,287.6957,290.7578,294.1646,297.894,301.9311,306.2959,311.0706,316.4214,322.6111,238.0,317.0,1678.9096,258.3735000000001,816.1219999999998,-28.0222
3218,3218,,,,,,,,,,,,,,,,,,,,,,,,,,,,,,,,,,,,,,,,,,,,,,,,,,,,,,,,,,,,,,,,,,,,,,,,,,,0.8,244.851,251.0604,256.6147,261.5247,265.8296,269.5955,272.9091,275.8681,278.5718,281.1124,283.5698,286.0089,288.4814,291.0301,293.6972,296.5337,299.6113,303.0321,306.938,311.5158,248.0,348.0,1937.2831,297.3932,557.7484999999997,-34.60449999999997
3219,3219,,,,,,,,,,,,,,,,,,,,,,,,,,,,,,,,,,,,,,,,,,,,,,,,,,,,,,,,,,,,,,,,,,,,,,,,,,,0.9,252.113,255.849,259.2856,262.4865,265.5017,268.3696,271.1223,273.7931,276.4238,279.0716,281.8152,284.7588,288.0333,291.7953,296.2221,301.5051,307.8426,315.4364,324.4957,335.2537,286.0,376.0,2234.6763,260.3552999999997,260.3552999999997,-37.68040000000002
3220,3220,,,,,,,,,,,,,,,,,,,,,,,,,,,,,,,,,,,,,,,,,,,,,,,,,,,,,,,,,,,,,,,,,,,,,,,,,,,0.0,273.0,273.0,273.0,273.0,273.0,273.0,273.0,273.0,273.0,273.0,273.0,273.0,273.0,273.0,273.0,273.0,273.0,273.0,273.0,273.0,350.0,443.0,0.0,364.0635,2533.5275,-20.0
3221,3221,,,,,,,,,,,,,,,,,,,,,,,,,,,,,,,,,,,,,,,,,,,,,,,,,,,,,,,,,,,,,,,,,,,,,,,,,,,0.1,334.1,320.4509,308.9406,299.4836,291.9694,286.2435,282.1193,279.4098,277.9694,277.7355,278.762,281.2379,285.4873,291.9483,301.1316,313.5694,329.7702,350.2067,375.37,405.9239,174.0,473.0,364.0635,176.45090000000005,2169.464,-7.806500000000028
3222,3222,,,,,,,,,,,,,,,,,,,,,,,,,,,,,,,,,,,,,,,,,,,,,,,,,,,,,,,,,,,,,,,,,,,,,,,,,,,0.2,195.9096,215.7929,233.0306,247.2977,258.5957,267.2207,273.6883,278.6422,282.7706,286.7422,291.1704,296.6007,303.5157,312.3523,323.5256,337.461,354.6399,375.6712,401.4095,433.1542,208.0,282.0,540.5144,225.7257,1993.0131,-27.979299999999967
3223,3223,,,,,,,,,,,,,,,,,,,,,,,,,,,,,,,,,,,,,,,,,,,,,,,,,,,,,,,,,,,,,,,,,,,,,,,,,,,0.3,218.4281,228.005,236.8381,245.0214,252.6335,259.7404,266.3994,272.6606,278.56,284.1062,289.2604,293.9182,297.8992,300.9536,302.7918,303.1366,301.7933,298.7219,294.0943,288.3164,244.0,350.0,766.2401,319.6133,1767.2874000000002,-36.709599999999966
3224,3224,,,,,,,,,,,,,,,,,,,,,,,,,,,,,,,,,,,,,,,,,,,,,,,,,,,,,,,,,,,,,,,,,,,,,,,,,,,0.4,247.3818,250.4891,253.5365,256.6781,259.9966,263.507,267.1714,270.9227,274.6891,278.4192,282.1015,285.7786,289.5553,293.597,298.1212,303.3811,309.6449,317.1782,326.237,337.0791,320.0,419.0,1085.8534,255.01960000000008,1447.6741000000002,-34.293000000000006
3225,3225,,,,,,,,,,,,,,,,,,,,,,,,,,,,,,,,,,,,,,,,,,,,,,,,,,,,,,,,,,,,,,,,,,,,,,,,,,,0.5,309.2039,299.841,292.0659,285.9855,281.6225,278.9089,277.7039,277.8305,279.1168,281.4356,284.7336,289.0481,294.511,301.3416,309.8306,320.3221,333.2006,348.896,367.9204,390.9533,235.0,284.0,1340.873,164.7883999999999,1192.6545,-20.341099999999983
3226,3226,,,,,,,,,,,,,,,,,,,,,,,,,,,,,,,,,,,,,,,,,,,,,,,,,,,,,,,,,,,,,,,,,,,,,,,,,,,0.6,244.1859,252.4746,259.6898,265.7604,270.7346,274.7654,278.0764,280.9155,283.5079,286.0167,288.5148,290.9715,293.2558,295.1559,296.4161,296.7885,296.0915,294.2682,291.4276,287.8575,237.0,300.0,1505.6614,279.2651000000001,1027.8661000000002,-26.03460000000001
3227,3227,,,,,,,,,,,,,,,,,,,,,,,,,,,,,,,,,,,,,,,,,,,,,,,,,,,,,,,,,,,,,,,,,,,,,,,,,,,0.7,243.7984,249.9847,255.5776,260.6001,265.0808,269.0532,272.5553,275.6273,278.3108,280.6472,282.6788,284.4498,286.0097,287.4157,288.7361,290.0503,291.4492,293.0327,294.908,297.1894,300.0,387.0,1784.9265,297.71720000000005,748.6010000000001,-33.396799999999985
3228,3228,,,,,,,,,,,,,,,,,,,,,,,,,,,,,,,,,,,,,,,,,,,,,,,,,,,,,,,,,,,,,,,,,,,,,,,,,,,0.8,293.6963,288.228,283.7457,280.3428,278.0351,276.7624,276.4098,276.8407,277.9338,279.6167,281.8907,284.845,288.658,293.5861,299.9419,308.0654,318.2957,330.9559,346.3627,364.8764,245.0,321.0,2082.6437,213.6551999999997,450.88380000000006,-27.43759999999997
3229,3229,,,,,,,,,,,,,,,,,,,,,,,,,,,,,,,,,,,,,,,,,,,,,,,,,,,,,,,,,,,,,,,,,,,,,,,,,,,0.9,251.5856,257.5216,262.7082,267.1118,270.7755,273.8123,276.3853,278.6804,280.8784,283.1321,285.5496,288.1875,291.052,294.11,297.3086,300.602,303.9828,307.5118,311.3403,315.7205,291.0,343.0,2296.2989,237.2286000000004,237.2286000000004,-32.23770000000002
3230,3230,,,,,,,,,,,,,,,,,,,,,,,,,,,,,,,,,,,,,,,,,,,,,,,,,,,,,,,,,,,,,,,,,,,,,,,,,,,0.0,273.0,273.0,273.0,273.0,273.0,273.0,273.0,273.0,273.0,273.0,273.0,273.0,273.0,273.0,273.0,273.0,273.0,273.0,273.0,273.0,352.0,441.0,0.0,364.0396,2536.433,-20.0
3231,3231,,,,,,,,,,,,,,,,,,,,,,,,,,,,,,,,,,,,,,,,,,,,,,,,,,,,,,,,,,,,,,,,,,,,,,,,,,,0.1,335.6691,321.6612,309.8537,300.1546,292.4476,286.5727,282.3363,279.5439,278.0418,277.7591,278.7414,281.1698,285.3602,291.7427,300.8208,313.1193,329.1395,349.3464,374.2201,404.4058,172.0,472.0,364.0396,177.4106,2172.3934,-7.477300000000014
3232,3232,,,,,,,,,,,,,,,,,,,,,,,,,,,,,,,,,,,,,,,,,,,,,,,,,,,,,,,,,,,,,,,,,,,,,,,,,,,0.2,194.3496,214.6378,232.2262,246.7781,258.2912,267.0652,273.6238,278.6216,282.7576,286.7106,291.1022,296.4837,303.3422,312.1173,323.2254,337.0914,354.1942,375.1376,400.7664,432.3644,206.0,285.0,541.4502,229.3642,1994.9828,-28.134799999999984
3233,3233,,,,,,,,,,,,,,,,,,,,,,,,,,,,,,,,,,,,,,,,,,,,,,,,,,,,,,,,,,,,,,,,,,,,,,,,,,,0.3,216.7424,226.6092,235.7033,244.1154,251.9226,259.191,265.9803,272.344,278.324,283.936,289.1507,293.8749,297.9412,301.1145,303.1206,303.6978,302.6644,299.9904,295.8523,290.654,247.0,360.0,770.8144,317.89440000000013,1765.6186,-37.259000000000015
3234,3234,,,,,,,,,,,,,,,,,,,,,,,,,,,,,,,,,,,,,,,,,,,,,,,,,,,,,,,,,,,,,,,,,,,,,,,,,,,0.4,249.7073,252.2082,254.735,257.4529,260.4482,263.7324,267.2596,270.9525,274.7309,278.5392,282.3676,286.2682,290.3617,294.8362,299.9359,305.9429,313.1552,321.8683,332.3707,344.9621,319.0,410.0,1088.7088,244.3530999999998,1447.7242,-34.06760000000003
3235,3235,,,,,,,,,,,,,,,,,,,,,,,,,,,,,,,,,,,,,,,,,,,,,,,,,,,,,,,,,,,,,,,,,,,,,,,,,,,0.5,308.4974,299.3917,291.8347,285.9324,281.7105,279.107,277.9895,278.1883,279.5355,281.9008,285.2183,289.502,294.8498,301.4379,309.509,319.359,331.3292,345.8124,363.2847,384.3764,235.0,291.0,1333.0619,164.56150000000002,1203.3711,-20.14299999999997
3236,3236,,,,,,,,,,,,,,,,,,,,,,,,,,,,,,,,,,,,,,,,,,,,,,,,,,,,,,,,,,,,,,,,,,,,,,,,,,,0.6,244.194,252.4925,259.7204,265.8066,270.7976,274.8442,278.1671,281.0123,283.6057,286.115,288.6238,291.1199,293.4988,295.5831,297.1571,298.0135,298.007,297.106,295.4287,293.2542,235.0,298.0,1497.6234,274.9105,1038.8096,-25.95580000000001
3237,3237,,,,,,,,,,,,,,,,,,,,,,,,,,,,,,,,,,,,,,,,,,,,,,,,,,,,,,,,,,,,,,,,,,,,,,,,,,,0.7,242.1937,248.7385,254.6464,259.9372,264.6402,268.7932,272.441,275.632,278.4151,280.8371,282.9413,284.7684,286.3586,287.7553,289.0088,290.1805,291.3457,292.5952,294.0358,295.7909,304.0,398.0,1772.5339,294.38909999999987,763.8991000000001,-33.656799999999976
3238,3238,,,,,,,,,,,,,,,,,,,,,,,,,,,,,,,,,,,,,,,,,,,,,,,,,,,,,,,,,,,,,,,,,,,,,,,,,,,0.8,296.8244,290.6007,285.4835,281.5678,278.8663,277.3102,276.7715,277.0995,278.1608,279.8762,282.2487,285.3786,289.4656,294.7957,301.7176,310.6102,321.8521,335.8058,352.8339,373.3613,243.0,315.0,2066.923,202.47940000000017,469.5100000000002,-26.88979999999998
3239,3239,,,,,,,,,,,,,,,,,,,,,,,,,,,,,,,,,,,,,,,,,,,,,,,,,,,,,,,,,,,,,,,,,,,,,,,,,,,0.9,250.1131,256.5253,262.121,266.8589,270.7831,274.0155,276.7329,279.136,281.418,283.7374,286.1991,288.8454,291.6575,294.5679,297.4833,300.3171,303.0268,305.6496,308.3289,311.3241,238.0,314.0,2269.4024,267.03060000000005,267.03060000000005,-32.03450000000004
3240,,,,,,,,,,,,,,,,,,,,,,,,,,,,,,,,,,,,,,,,,,,,,,,,,,,,,,,,,,,,,,,,,,,,,,,,,,,,0.0,273.0,273.0,273.0,273.0,273.0,273.0,273.0,273.0,273.0,273.0,273.0,273.0,273.0,273.0,273.0,273.0,273.0,273.0,273.0,273.0,344.0,293.0,0.0,414.7407,1342.8814,-20.0
3241,,,,,,,,,,,,,,,,,,,,,,,,,,,,,,,,,,,,,,,,,,,,,,,,,,,,,,,,,,,,,,,,,,,,,,,,,,,,0.1,329.384,316.8046,306.1755,297.4228,290.4389,285.0632,281.0878,278.2786,276.403,275.2547,274.6717,274.544,274.8136,275.4668,276.5226,278.0175,279.991,282.4728,285.4748,288.9904,305.0,430.0,414.7407,292.46919999999994,928.1406999999999,-8.986800000000017
3242,,,,,,,,,,,,,,,,,,,,,,,,,,,,,,,,,,,,,,,,,,,,,,,,,,,,,,,,,,,,,,,,,,,,,,,,,,,,0.2,300.9668,297.5217,294.4867,291.7413,289.2278,286.9498,284.9654,283.3795,282.3401,282.0401,282.7239,284.6955,288.3206,294.0192,302.244,313.4508,328.0718,346.5134,369.2032,396.7148,285.0,457.0,707.2099,134.42830000000004,635.6715,-8.250200000000007
3243,,,,,,,,,,,,,,,,,,,,,,,,,,,,,,,,,,,,,,,,,,,,,,,,,,,,,,,,,,,,,,,,,,,,,,,,,,,,0.3,284.7705,284.7073,284.7292,284.7953,284.9145,285.1478,285.6057,286.4412,287.8427,290.0268,293.2335,297.723,303.7744,311.6864,321.7823,334.4222,350.0291,369.1401,392.497,421.2038,297.0,473.0,841.6382,74.44439999999997,501.2432,-11.30219999999997
3244,,,,,,,,,,,,,,,,,,,,,,,,,,,,,,,,,,,,,,,,,,,,,,,,,,,,,,,,,,,,,,,,,,,,,,,,,,,,0.4,294.0081,291.5977,289.7791,288.5688,287.988,288.0638,288.8342,290.3532,292.6972,295.9696,300.3056,305.875,312.8868,321.5951,332.3099,345.4174,361.4141,380.9681,405.0221,434.9739,230.0,473.0,916.0826,61.45300000000009,426.7988,-9.736199999999997
3245,,,,,,,,,,,,,,,,,,,,,,,,,,,,,,,,,,,,,,,,,,,,,,,,,,,,,,,,,,,,,,,,,,,,,,,,,,,,0.5,240.9269,250.9089,259.7872,267.5046,274.1199,279.7995,284.793,289.401,293.9444,298.7423,304.0992,310.3056,317.646,326.4172,336.9524,349.6549,365.0437,383.821,406.9765,435.9615,258.0,473.0,977.5356,83.19849999999985,365.34579999999994,-19.450499999999977
3246,,,,,,,,,,,,,,,,,,,,,,,,,,,,,,,,,,,,,,,,,,,,,,,,,,,,,,,,,,,,,,,,,,,,,,,,,,,,0.6,261.4728,264.8039,268.1289,271.5569,275.1688,279.023,283.1665,287.6493,292.5373,297.9233,303.934,310.7358,318.5399,327.6104,338.2779,350.9624,366.2106,384.7571,407.6235,436.2895,282.0,473.0,1060.7341,69.59790000000021,282.1473000000001,-21.776999999999987
3247,,,,,,,,,,,,,,,,,,,,,,,,,,,,,,,,,,,,,,,,,,,,,,,,,,,,,,,,,,,,,,,,,,,,,,,,,,,,0.7,281.1499,280.6458,280.6191,281.1735,282.3792,284.2749,286.8768,290.1931,294.2385,299.0484,304.6906,311.2746,318.961,327.9719,338.6058,351.2609,366.4716,384.9673,407.7704,436.3647,235.0,471.0,1130.332,63.47979999999984,212.54939999999988,-18.175099999999986
3248,,,,,,,,,,,,,,,,,,,,,,,,,,,,,,,,,,,,,,,,,,,,,,,,,,,,,,,,,,,,,,,,,,,,,,,,,,,,0.8,244.3817,252.9971,260.7773,267.7194,273.8959,279.4493,284.5755,289.503,294.4734,299.7285,305.5051,312.0386,319.5742,328.3841,338.7912,351.2005,366.1419,384.3335,406.7792,434.9342,259.0,471.0,1193.8118,79.97510000000011,149.06960000000004,-24.750699999999995
3249,,,,,,,,,,,,,,,,,,,,,,,,,,,,,,,,,,,,,,,,,,,,,,,,,,,,,,,,,,,,,,,,,,,,,,,,,,,,0.9,262.3579,265.5911,268.835,272.1995,275.767,279.5967,283.7353,288.2294,293.1386,298.5461,304.5671,311.3557,319.1113,328.0884,338.6099,351.091,366.0748,384.2913,406.7536,434.9219,274.0,471.0,1273.7869,69.09449999999993,69.09449999999993,-26.453300000000013
3250,,,,,,,,,,,,,,,,,,,,,,,,,,,,,,,,,,,,,,,,,,,,,,,,,,,,,,,,,,,,,,,,,,,,,,,,,,,,0.0,273.0,273.0,273.0,273.0,273.0,273.0,273.0,273.0,273.0,273.0,273.0,273.0,273.0,273.0,273.0,273.0,273.0,273.0,273.0,273.0,343.0,294.0,0.0,414.5169,1339.1876,-20.0
3251,,,,,,,,,,,,,,,,,,,,,,,,,,,,,,,,,,,,,,,,,,,,,,,,,,,,,,,,,,,,,,,,,,,,,,,,,,,,0.1,328.5976,316.1973,305.7169,297.0858,290.1987,284.898,280.979,278.2115,276.367,275.2437,274.6835,274.581,274.8823,275.5784,276.6922,278.2643,280.3374,282.9435,286.0958,289.7878,303.0,429.0,414.5169,292.31260000000003,924.6706999999999,-9.151999999999987
3252,,,,,,,,,,,,,,,,,,,,,,,,,,,,,,,,,,,,,,,,,,,,,,,,,,,,,,,,,,,,,,,,,,,,,,,,,,,,0.2,299.3488,296.2323,293.4767,290.9649,288.6434,286.5206,284.6593,283.1697,282.2043,281.9596,282.6823,284.6767,288.3075,293.9918,302.1791,313.3211,327.8466,346.1586,368.6812,395.9819,289.0,459.0,706.8295,135.3173999999999,632.3580999999999,-8.679399999999987
3253,,,,,,,,,,,,,,,,,,,,,,,,,,,,,,,,,,,,,,,,,,,,,,,,,,,,,,,,,,,,,,,,,,,,,,,,,,,,0.3,287.8823,287.041,286.4038,285.9338,285.6368,285.5636,285.8094,286.5094,287.8341,289.9849,293.1905,297.7043,303.8035,311.7886,321.988,334.7683,350.5609,369.9124,393.5774,422.6807,293.0,473.0,842.1469,73.12380000000007,497.0407,-10.88639999999998
3254,,,,,,,,,,,,,,,,,,,,,,,,,,,,,,,,,,,,,,,,,,,,,,,,,,,,,,,,,,,,,,,,,,,,,,,,,,,,0.4,290.935,289.3325,288.1926,287.5275,287.3624,287.7374,288.709,290.3536,292.7697,296.0802,300.435,306.014,313.0313,321.7424,332.4565,345.5574,361.5401,381.0715,405.0955,435.0118,232.0,472.0,915.2707,61.94330000000002,423.91689999999994,-10.062600000000032
3255,,,,,,,,,,,,,,,,,,,,,,,,,,,,,,,,,,,,,,,,,,,,,,,,,,,,,,,,,,,,,,,,,,,,,,,,,,,,0.5,242.4378,251.9807,260.4883,267.9137,274.3166,279.8565,284.7703,289.3432,293.8807,298.6875,304.0571,310.2709,317.6071,326.3578,336.8527,349.4919,364.7915,383.4496,406.4498,435.2323,260.0,471.0,977.214,81.54589999999996,361.9735999999999,-19.393500000000017
3256,,,,,,,,,,,,,,,,,,,,,,,,,,,,,,,,,,,,,,,,,,,,,,,,,,,,,,,,,,,,,,,,,,,,,,,,,,,,0.6,263.1224,266.1403,269.1896,272.3794,275.7895,279.476,283.4827,287.8551,292.6539,297.9658,303.9109,310.6487,318.3834,327.3718,337.9371,350.4915,365.573,383.905,406.4932,434.7917,284.0,471.0,1058.7599,67.26729999999998,280.42769999999996,-21.324000000000012
3257,,,,,,,,,,,,,,,,,,,,,,,,,,,,,,,,,,,,,,,,,,,,,,,,,,,,,,,,,,,,,,,,,,,,,,,,,,,,0.7,282.8277,282.0424,281.7698,282.1094,283.1274,284.8589,287.3171,290.5067,294.439,299.1458,304.6909,311.1798,318.7687,327.6748,338.1915,350.7103,365.757,384.0495,406.5927,434.8422,234.0,473.0,1126.0272,62.54449999999997,213.16039999999998,-17.591099999999983
3258,,,,,,,,,,,,,,,,,,,,,,,,,,,,,,,,,,,,,,,,,,,,,,,,,,,,,,,,,,,,,,,,,,,,,,,,,,,,0.8,243.669,252.5429,260.5405,267.6517,273.9469,279.5716,284.7283,289.6545,294.6024,299.8242,305.5673,312.0775,319.6102,328.4479,338.9235,351.4517,366.5714,385.0098,407.7831,436.3664,255.0,473.0,1188.5717,81.48849999999993,150.6159,-24.6284
3259,,,,,,,,,,,,,,,,,,,,,,,,,,,,,,,,,,,,,,,,,,,,,,,,,,,,,,,,,,,,,,,,,,,,,,,,,,,,0.9,259.1361,263.0648,266.9125,270.785,274.7654,278.9198,283.3054,287.9827,293.0261,298.5336,304.6341,311.4936,319.322,328.3821,339.005,351.6132,366.7581,385.1806,407.9101,436.4332,283.0,471.0,1270.0602,69.12740000000008,69.12740000000008,-27.130200000000002
3260,,,,,,,,,,,,,,,,,,,,,,,,,,,,,,,,,,,,,,,,,,,,,,,,,,,,,,,,,,,,,,,,,,,,,,,,,,,,0.0,273.0,273.0,273.0,273.0,273.0,273.0,273.0,273.0,273.0,273.0,273.0,273.0,273.0,273.0,273.0,273.0,273.0,273.0,273.0,273.0,342.0,293.0,0.0,415.2136,1369.0824,-20.0
3261,,,,,,,,,,,,,,,,,,,,,,,,,,,,,,,,,,,,,,,,,,,,,,,,,,,,,,,,,,,,,,,,,,,,,,,,,,,,0.1,327.811,315.5895,305.2579,296.748,289.9572,284.7302,280.8651,278.1348,276.3134,275.2009,274.6405,274.5265,274.8041,275.4619,276.5201,278.0163,279.9904,282.4725,285.4747,288.9903,307.0,427.0,415.2136,293.90029999999996,953.8688,-9.319799999999987
3262,,,,,,,,,,,,,,,,,,,,,,,,,,,,,,,,,,,,,,,,,,,,,,,,,,,,,,,,,,,,,,,,,,,,,,,,,,,,0.2,302.4873,298.6263,295.2432,292.2187,289.4929,287.0628,284.9764,283.3265,282.2481,281.9208,282.5768,284.5079,288.0686,293.6676,301.7473,312.7534,327.1082,345.2072,367.4634,394.4254,274.0,456.0,709.1139,138.8343000000001,659.9685000000001,-8.137200000000007
3263,,,,,,,,,,,,,,,,,,,,,,,,,,,,,,,,,,,,,,,,,,,,,,,,,,,,,,,,,,,,,,,,,,,,,,,,,,,,0.3,276.0283,277.9469,279.6549,281.1047,282.3143,283.3693,284.416,285.6493,287.2999,289.6233,292.892,297.392,303.4215,311.293,321.3387,333.9234,349.471,368.5148,391.7877,420.378,307.0,473.0,847.9482,79.93700000000001,521.1342,-13.080699999999979
3264,,,,,,,,,,,,,,,,,,,,,,,,,,,,,,,,,,,,,,,,,,,,,,,,,,,,,,,,,,,,,,,,,,,,,,,,,,,,0.4,301.5845,297.0643,293.4752,290.8457,289.1883,288.4997,288.7701,289.9968,292.1989,295.4285,299.7799,305.3938,312.4609,321.2258,331.9953,345.1553,361.2039,380.81,404.9167,434.9215,222.0,473.0,927.8852,61.90689999999995,441.19719999999995,-9.300299999999993
3265,,,,,,,,,,,,,,,,,,,,,,,,,,,,,,,,,,,,,,,,,,,,,,,,,,,,,,,,,,,,,,,,,,,,,,,,,,,,0.5,234.6834,246.2479,256.4761,265.2791,272.7127,278.9659,284.3279,289.1471,293.7925,298.6246,303.9809,310.1741,317.5024,326.2693,336.8098,349.5265,364.9362,383.7386,406.9212,435.934,258.0,471.0,989.7921,88.07910000000004,379.2903,-20.284100000000024
3266,,,,,,,,,,,,,,,,,,,,,,,,,,,,,,,,,,,,,,,,,,,,,,,,,,,,,,,,,,,,,,,,,,,,,,,,,,,,0.6,261.2369,264.3583,267.5207,270.8454,274.4157,278.2828,282.4805,287.0426,292.0188,297.4877,303.5654,310.4103,318.2282,327.2786,337.8883,350.4723,365.5716,383.9119,406.5016,434.797,286.0,471.0,1077.8712,70.82299999999987,291.21119999999996,-22.517200000000003
3267,,,,,,,,,,,,,,,,,,,,,,,,,,,,,,,,,,,,,,,,,,,,,,,,,,,,,,,,,,,,,,,,,,,,,,,,,,,,0.7,284.2657,282.9813,282.2852,282.2848,283.0481,284.6057,286.9609,290.1051,294.0354,298.7695,304.3592,310.9005,318.5425,327.4983,338.0584,350.6135,365.6895,384.005,406.5661,434.8298,231.0,473.0,1148.6942,64.04070000000002,220.3882000000001,-17.844299999999976
3268,,,,,,,,,,,,,,,,,,,,,,,,,,,,,,,,,,,,,,,,,,,,,,,,,,,,,,,,,,,,,,,,,,,,,,,,,,,,0.8,241.2553,250.6555,259.1047,266.5847,273.1665,279.0025,284.3073,289.333,294.3456,299.6096,305.3821,311.9152,319.4683,328.3258,338.8212,351.3688,366.5074,384.9637,407.7535,436.352,254.0,473.0,1212.7349,84.70170000000007,156.34750000000008,-25.19749999999999
3269,,,,,,,,,,,,,,,,,,,,,,,,,,,,,,,,,,,,,,,,,,,,,,,,,,,,,,,,,,,,,,,,,,,,,,,,,,,,0.9,258.2153,262.2138,266.1286,270.0696,274.122,278.3511,282.8123,287.5632,292.6754,298.2451,304.3999,311.3056,319.1725,328.2645,338.9137,351.5435,366.7066,385.1445,407.8873,436.4223,282.0,472.0,1297.4366,71.64580000000001,71.64580000000001,-27.698900000000037
3270,,,,,,,,,,,,,,,,,,,,,,,,,,,,,,,,,,,,,,,,,,,,,,,,,,,,,,,,,,,,,,,,,,,,,,,,,,,,0.0,273.0,273.0,273.0,273.0,273.0,273.0,273.0,273.0,273.0,273.0,273.0,273.0,273.0,273.0,273.0,273.0,273.0,273.0,273.0,273.0,343.0,295.0,0.0,414.0597,1347.9259,-20.0
3271,,,,,,,,,,,,,,,,,,,,,,,,,,,,,,,,,,,,,,,,,,,,,,,,,,,,,,,,,,,,,,,,,,,,,,,,,,,,0.1,328.5976,316.1973,305.7171,297.0861,290.1993,284.8992,280.9815,278.2163,276.3759,275.2595,274.7109,274.6266,274.9558,275.6923,276.863,278.5116,280.6839,283.4141,286.7165,290.585,304.0,427.0,414.0597,291.1631,933.8661999999999,-9.150800000000004
3272,,,,,,,,,,,,,,,,,,,,,,,,,,,,,,,,,,,,,,,,,,,,,,,,,,,,,,,,,,,,,,,,,,,,,,,,,,,,0.2,300.1431,296.8495,293.9448,291.3115,288.8946,286.6997,284.7867,283.2614,282.2715,282.0081,282.7116,284.6795,288.2683,293.8866,301.9747,312.9758,327.3106,345.3745,367.5824,394.4871,283.0,456.0,705.2228,137.03729999999996,642.7031,-8.500299999999982
3273,,,,,,,,,,,,,,,,,,,,,,,,,,,,,,,,,,,,,,,,,,,,,,,,,,,,,,,,,,,,,,,,,,,,,,,,,,,,0.3,283.1325,283.3848,283.6768,283.9689,284.2723,284.6511,285.219,286.133,287.5848,289.7944,293.005,297.4799,303.5012,311.3709,321.4148,333.9947,349.5335,368.5648,391.8223,420.3956,300.0,472.0,842.2601,76.21000000000004,505.6658,-11.798900000000003
3274,,,,,,,,,,,,,,,,,,,,,,,,,,,,,,,,,,,,,,,,,,,,,,,,,,,,,,,,,,,,,,,,,,,,,,,,,,,,0.4,296.3066,293.2837,290.9469,289.315,288.4063,288.2395,288.8397,290.246,292.5192,295.7487,300.0576,305.6067,312.5986,321.2824,331.965,345.0291,360.9675,380.4428,404.3893,434.1909,227.0,473.0,918.4701,62.03819999999996,429.45579999999995,-9.56049999999999
3275,,,,,,,,,,,,,,,,,,,,,,,,,,,,,,,,,,,,,,,,,,,,,,,,,,,,,,,,,,,,,,,,,,,,,,,,,,,,0.5,238.5729,249.1363,258.5109,266.6282,273.5456,279.4372,284.5661,289.2496,293.826,298.6294,303.9772,310.1689,317.496,326.2593,336.7945,349.5061,364.913,383.7163,406.9038,435.9245,260.0,471.0,980.5083,84.36709999999994,367.4176,-19.81279999999998
3276,,,,,,,,,,,,,,,,,,,,,,,,,,,,,,,,,,,,,,,,,,,,,,,,,,,,,,,,,,,,,,,,,,,,,,,,,,,,0.6,262.9857,265.8823,268.8383,271.97,275.3584,279.0557,283.0981,287.522,292.3794,297.7501,303.7495,310.5346,318.3085,327.328,337.9167,350.4874,365.5787,383.9147,406.5023,434.797,286.0,471.0,1064.8754,68.01850000000013,283.05050000000006,-21.74430000000001
3277,,,,,,,,,,,,,,,,,,,,,,,,,,,,,,,,,,,,,,,,,,,,,,,,,,,,,,,,,,,,,,,,,,,,,,,,,,,,0.7,284.381,283.2018,282.5922,282.6538,283.4522,285.0189,287.3608,290.4746,294.3633,299.0502,304.5917,311.0873,318.6884,327.609,338.1401,350.6719,365.7298,384.0314,406.5818,434.8371,232.0,471.0,1132.8939,62.154399999999896,215.03199999999993,-17.431100000000015
3278,,,,,,,,,,,,,,,,,,,,,,,,,,,,,,,,,,,,,,,,,,,,,,,,,,,,,,,,,,,,,,,,,,,,,,,,,,,,0.8,242.1068,251.3744,259.7086,267.0917,273.5934,279.3639,284.6147,289.594,294.564,299.7854,305.5109,311.9885,319.4726,328.2419,338.6237,351.0253,365.9769,384.1948,406.6798,434.8827,255.0,472.0,1195.0483,82.79730000000018,152.87760000000003,-24.836099999999988
3279,,,,,,,,,,,,,,,,,,,,,,,,,,,,,,,,,,,,,,,,,,,,,,,,,,,,,,,,,,,,,,,,,,,,,,,,,,,,0.9,259.0759,262.9507,266.7558,270.5994,274.5651,278.7163,283.1066,287.7917,292.8414,298.3502,304.4441,311.2879,319.0907,328.1157,338.6937,351.2467,366.3238,384.6612,407.2795,435.6508,284.0,473.0,1277.8456,70.08029999999985,70.08029999999985,-27.33370000000002
3280,,,,,,,,,,,,,,,,,,,,,,,,,,,,,,,,,,,,,,,,,,,,,,,,,,,,,,,,,,,,,,,,,,,,,,,,,,,,0.0,273.0,273.0,273.0,273.0,273.0,273.0,273.0,273.0,273.0,273.0,273.0,273.0,273.0,273.0,273.0,273.0,273.0,273.0,273.0,273.0,342.0,295.0,0.0,414.2974,1352.2726,-20.0
3281,,,,,,,,,,,,,,,,,,,,,,,,,,,,,,,,,,,,,,,,,,,,,,,,,,,,,,,,,,,,,,,,,,,,,,,,,,,,0.1,327.811,315.5896,305.2581,296.7486,289.9584,284.7327,280.8701,278.1444,276.3311,275.2326,274.6953,274.6179,274.951,275.6899,276.8617,278.511,280.6837,283.414,286.7164,290.5849,306.0,427.0,414.2974,291.3978,937.9752000000001,-9.317299999999989
3282,,,,,,,,,,,,,,,,,,,,,,,,,,,,,,,,,,,,,,,,,,,,,,,,,,,,,,,,,,,,,,,,,,,,,,,,,,,,0.2,301.6966,298.0167,294.7875,291.8912,289.2703,286.9249,284.9069,283.3132,282.2825,281.9975,282.6921,284.6583,288.2492,293.8711,301.9631,312.9676,327.3051,345.371,367.5803,394.4861,279.0,458.0,705.6952,137.1789,646.5774,-8.275100000000009
3283,,,,,,,,,,,,,,,,,,,,,,,,,,,,,,,,,,,,,,,,,,,,,,,,,,,,,,,,,,,,,,,,,,,,,,,,,,,,0.3,279.9957,281.006,281.9407,282.7564,283.4678,284.1492,284.9305,285.9872,287.5306,289.7992,293.0524,297.567,303.637,311.574,321.7127,334.4229,350.1351,369.3924,392.9412,421.8924,305.0,471.0,842.8741,76.31330000000003,509.3985,-12.300799999999981
3284,,,,,,,,,,,,,,,,,,,,,,,,,,,,,,,,,,,,,,,,,,,,,,,,,,,,,,,,,,,,,,,,,,,,,,,,,,,,0.4,300.1624,296.1474,292.9788,290.6788,289.2604,288.7284,289.0867,290.3489,292.5498,295.7548,300.0663,305.628,312.6287,321.307,331.961,344.9665,360.8112,380.153,403.9215,433.4922,222.0,471.0,919.1874,61.418000000000006,433.0852,-9.07159999999999
3285,,,,,,,,,,,,,,,,,,,,,,,,,,,,,,,,,,,,,,,,,,,,,,,,,,,,,,,,,,,,,,,,,,,,,,,,,,,,0.5,234.6735,246.232,256.4607,265.2715,272.7192,278.9898,284.3683,289.1988,293.8459,298.6665,303.9949,310.1414,317.4024,326.0792,336.5044,349.0769,364.3079,382.8878,405.7887,434.434,259.0,472.0,980.6054,88.04959999999994,371.6672,-20.260199999999998
3286,,,,,,,,,,,,,,,,,,,,,,,,,,,,,,,,,,,,,,,,,,,,,,,,,,,,,,,,,,,,,,,,,,,,,,,,,,,,0.6,262.0419,264.9893,268.0009,271.199,274.666,278.4509,282.5842,287.0959,292.0324,297.4702,303.5244,310.3548,318.1701,327.2346,337.8801,350.5278,365.724,384.1994,406.9679,435.4947,285.0,471.0,1068.655,70.37390000000005,283.61760000000004,-22.34910000000002
3287,,,,,,,,,,,,,,,,,,,,,,,,,,,,,,,,,,,,,,,,,,,,,,,,,,,,,,,,,,,,,,,,,,,,,,,,,,,,0.7,283.5012,282.4234,281.9014,282.0406,282.9095,284.5416,286.9452,290.1177,294.0621,298.8019,304.393,310.9344,318.5768,327.5332,338.0939,350.6486,365.7221,384.0325,406.586,434.8403,235.0,473.0,1139.0289,63.00330000000008,213.2437,-17.908399999999972
3288,,,,,,,,,,,,,,,,,,,,,,,,,,,,,,,,,,,,,,,,,,,,,,,,,,,,,,,,,,,,,,,,,,,,,,,,,,,,0.8,244.459,253.1407,260.9673,267.931,274.1033,279.6293,284.7107,289.5831,294.4959,299.6986,305.4353,311.9489,319.4919,328.3441,338.8364,351.3818,366.5182,384.972,407.7591,436.3548,257.0,473.0,1202.0322,80.44579999999996,150.2403999999999,-24.570699999999988
3289,,,,,,,,,,,,,,,,,,,,,,,,,,,,,,,,,,,,,,,,,,,,,,,,,,,,,,,,,,,,,,,,,,,,,,,,,,,,0.9,260.7678,264.3668,267.9259,271.5518,275.3271,279.3155,283.5707,288.1484,293.1183,298.5735,304.6385,311.4756,319.2913,328.346,338.9685,351.5797,366.73,385.1591,407.8956,436.426,275.0,471.0,1282.478,69.79459999999995,69.79459999999995,-26.734500000000025
3290,,,,,,,,,,,,,,,,,,,,,,,,,,,,,,,,,,,,,,,,,,,,,,,,,,,,,,,,,,,,,,,,,,,,,,,,,,,,0.0,273.0,273.0,273.0,273.0,273.0,273.0,273.0,273.0,273.0,273.0,273.0,273.0,273.0,273.0,273.0,273.0,273.0,273.0,273.0,273.0,348.0,295.0,0.0,412.9112,1295.5541,-20.0
3291,,,,,,,,,,,,,,,,,,,,,,,,,,,,,,,,,,,,,,,,,,,,,,,,,,,,,,,,,,,,,,,,,,,,,,,,,,,,0.1,332.527,319.2314,308.0076,298.7703,291.4018,285.7308,281.5375,278.5754,276.5997,275.394,274.7889,274.6702,274.9793,275.7046,276.8692,278.5146,280.6853,283.4147,286.7167,290.585,301.0,431.0,412.9112,287.95579999999995,882.6429,-8.319200000000023
3292,,,,,,,,,,,,,,,,,,,,,,,,,,,,,,,,,,,,,,,,,,,,,,,,,,,,,,,,,,,,,,,,,,,,,,,,,,,,0.2,297.9256,295.314,292.9787,290.7957,288.7124,286.7455,284.9722,283.5201,282.5603,282.3064,283.0195,285.0156,288.6682,294.401,302.6684,313.9265,328.6085,347.1237,369.906,397.5409,297.0,461.0,700.867,131.01700000000005,594.6871000000001,-8.454499999999996
3293,,,,,,,,,,,,,,,,,,,,,,,,,,,,,,,,,,,,,,,,,,,,,,,,,,,,,,,,,,,,,,,,,,,,,,,,,,,,0.3,294.2433,291.9792,290.1412,288.6918,287.6268,286.9775,286.8119,287.235,288.3872,290.4431,293.61,298.1259,304.2576,312.3007,322.5818,335.4694,351.4,370.9291,394.8268,424.2433,272.0,472.0,831.884,71.5367,463.67010000000005,-9.472499999999968
3294,,,,,,,,,,,,,,,,,,,,,,,,,,,,,,,,,,,,,,,,,,,,,,,,,,,,,,,,,,,,,,,,,,,,,,,,,,,,0.4,274.4584,276.8288,279.0666,281.1663,283.1702,285.1693,287.2969,289.7194,292.6262,296.2219,300.7231,306.3583,313.3736,322.0425,332.6822,345.6781,361.5234,380.8817,404.6916,434.3443,262.0,472.0,903.4207,62.68769999999995,392.13340000000005,-12.63069999999999
3295,,,,,,,,,,,,,,,,,,,,,,,,,,,,,,,,,,,,,,,,,,,,,,,,,,,,,,,,,,,,,,,,,,,,,,,,,,,,0.5,265.9445,269.6743,273.2061,276.5763,279.8465,283.1051,286.4653,290.0619,294.0469,298.5875,303.8658,310.0815,317.4588,326.2582,336.7943,349.4622,364.779,383.4457,406.4493,435.2326,257.0,471.0,966.1084,65.67909999999995,329.4457000000001,-16.144900000000007
3296,,,,,,,,,,,,,,,,,,,,,,,,,,,,,,,,,,,,,,,,,,,,,,,,,,,,,,,,,,,,,,,,,,,,,,,,,,,,0.6,261.5914,265.9131,270.0127,273.948,277.7908,281.628,285.5618,289.7091,294.2007,299.1823,304.8165,311.2879,318.811,327.6423,338.098,350.5807,365.6184,383.9256,406.5013,434.7942,265.0,473.0,1031.7875,67.16960000000017,263.76660000000015,-19.172000000000025
3297,,,,,,,,,,,,,,,,,,,,,,,,,,,,,,,,,,,,,,,,,,,,,,,,,,,,,,,,,,,,,,,,,,,,,,,,,,,,0.7,267.7903,270.5129,273.2577,276.1066,279.1329,282.4045,285.9881,289.956,294.3919,299.3983,305.1022,311.6628,319.2794,328.2025,338.7507,351.3345,366.4944,384.9612,407.7547,436.3534,256.0,472.0,1098.9571,65.16899999999987,196.59699999999998,-20.045500000000004
3298,,,,,,,,,,,,,,,,,,,,,,,,,,,,,,,,,,,,,,,,,,,,,,,,,,,,,,,,,,,,,,,,,,,,,,,,,,,,0.8,260.7941,265.3004,269.5673,273.6553,277.6395,281.6113,285.6761,289.9524,294.5702,299.672,305.4155,311.9799,319.5751,328.4551,338.9364,351.4254,366.4578,384.7596,407.345,435.6836,263.0,472.0,1164.1261,66.9987000000001,131.4280000000001,-22.58869999999996
3299,,,,,,,,,,,,,,,,,,,,,,,,,,,,,,,,,,,,,,,,,,,,,,,,,,,,,,,,,,,,,,,,,,,,,,,,,,,,0.9,266.1761,269.245,272.2962,275.4118,278.6666,282.1311,285.875,289.9738,294.5139,299.5995,305.3583,311.9486,319.568,328.4646,338.9542,351.4447,366.4743,384.7714,407.3522,435.6869,262.0,473.0,1231.1248,64.42930000000001,64.42930000000001,-23.918900000000008
3300,3300,3300.0,3300.0,3300.0,3300.0,3300.0,3300.0,3300.0,3300.0,3300.0,3300.0,3300.0,3300.0,3300.0,3300.0,3300.0,3300.0,3300.0,3300.0,3300.0,3300.0,3300.0,3300.0,3300.0,3300.0,3300.0,3300.0,3300.0,3300.0,3300.0,3300.0,3300.0,3300.0,3300.0,3300.0,3300.0,3300.0,3300.0,3300.0,3300.0,3300.0,3300.0,3300.0,3300.0,3300.0,3300.0,3300.0,3300.0,3300.0,3300.0,3300.0,3300.0,3300.0,3300.0,3300.0,3300.0,3300.0,3300.0,0.0,,,,,,,,,,,,,,,,,0.0,273.0,273.0,273.0,273.0,273.0,273.0,273.0,273.0,273.0,273.0,273.0,273.0,273.0,273.0,273.0,273.0,273.0,273.0,273.0,273.0,440.0,415.0,0.0,361.4208,1010.8969,15.981400000000008
3301,3301,3301.0,3301.0,3301.0,3301.0,3301.0,3301.0,3301.0,3301.0,3301.0,3301.0,3301.0,3301.0,3301.0,3301.0,3301.0,3301.0,3301.0,3301.0,3301.0,3301.0,3301.0,3301.0,3301.0,3301.0,3301.0,3301.0,3301.0,3301.0,3301.0,3301.0,3301.0,3301.0,3301.0,3301.0,3301.0,3301.0,3301.0,3301.0,3301.0,3301.0,3301.0,3301.0,3301.0,3301.0,3301.0,3301.0,3301.0,3301.0,3301.0,3301.0,3301.0,3301.0,3301.0,3301.0,3301.0,3301.0,3301.0,1.0,,,,,,,,,,,,,,,,,0.1,403.6475,373.6479,348.9234,328.8407,312.9302,300.7402,291.7895,285.5842,281.6689,279.6839,279.4122,280.8041,283.978,289.1954,296.8165,307.2442,320.8721,338.0576,359.1448,384.5596,386.0,273.0,361.4208,168.5897,649.4761,15.981400000000008
3302,3302,3302.0,3302.0,3302.0,3302.0,3302.0,3302.0,3302.0,3302.0,3302.0,3302.0,3302.0,3302.0,3302.0,3302.0,3302.0,3302.0,3302.0,3302.0,3302.0,3302.0,3302.0,3302.0,3302.0,3302.0,3302.0,3302.0,3302.0,3302.0,3302.0,3302.0,3302.0,3302.0,3302.0,3302.0,3302.0,3302.0,3302.0,3302.0,3302.0,3302.0,3302.0,3302.0,3302.0,3302.0,3302.0,3302.0,3302.0,3302.0,3302.0,3302.0,3302.0,3302.0,3302.0,3302.0,3302.0,3302.0,3302.0,2.0,,,,,,,,,,,,,,,,,0.2,367.2759,351.8394,338.9405,328.065,318.8786,311.1814,304.8642,299.8648,296.1281,293.5698,292.0493,291.3531,291.1915,291.2121,291.0309,290.2803,288.6667,286.0288,282.3791,277.9166,369.0,473.0,530.0105,168.22820000000002,480.8864,15.981400000000008
3303,3303,3303.0,3303.0,3303.0,3303.0,3303.0,3303.0,3303.0,3303.0,3303.0,3303.0,3303.0,3303.0,3303.0,3303.0,3303.0,3303.0,3303.0,3303.0,3303.0,3303.0,3303.0,3303.0,3303.0,3303.0,3303.0,3303.0,3303.0,3303.0,3303.0,3303.0,3303.0,3303.0,3303.0,3303.0,3303.0,3303.0,3303.0,3303.0,3303.0,3303.0,3303.0,3303.0,3303.0,3303.0,3303.0,3303.0,3303.0,3303.0,3303.0,3303.0,3303.0,3303.0,3303.0,3303.0,3303.0,3303.0,3303.0,3.0,,,,,,,,,,,,,,,,,0.3,354.4106,342.4439,332.5278,324.2428,317.2895,311.4664,306.6557,302.8149,299.9758,298.2515,297.847,299.0702,302.3344,308.1476,317.0837,329.7449,346.7313,368.6495,396.2013,430.4017,363.0,471.0,698.2387,57.79399999999998,312.6582,15.981400000000008
3304,3304,3304.0,3304.0,3304.0,3304.0,3304.0,3304.0,3304.0,3304.0,3304.0,3304.0,3304.0,3304.0,3304.0,3304.0,3304.0,3304.0,3304.0,3304.0,3304.0,3304.0,3304.0,3304.0,3304.0,3304.0,3304.0,3304.0,3304.0,3304.0,3304.0,3304.0,3304.0,3304.0,3304.0,3304.0,3304.0,3304.0,3304.0,3304.0,3304.0,3304.0,3304.0,3304.0,3304.0,3304.0,3304.0,3304.0,3304.0,3304.0,3304.0,3304.0,3304.0,3304.0,3304.0,3304.0,3304.0,3304.0,3304.0,4.0,,,,,,,,,,,,,,,,,0.4,349.6668,338.7825,329.8797,322.6227,316.7808,312.2094,308.8376,306.6569,305.7127,306.0957,307.9359,311.3968,316.6736,323.9948,333.6317,345.9196,361.295,380.36,403.9887,433.5055,361.0,472.0,756.0327,37.06200000000001,254.8642,15.981400000000008
3305,3305,3305.0,3305.0,3305.0,3305.0,3305.0,3305.0,3305.0,3305.0,3305.0,3305.0,3305.0,3305.0,3305.0,3305.0,3305.0,3305.0,3305.0,3305.0,3305.0,3305.0,3305.0,3305.0,3305.0,3305.0,3305.0,3305.0,3305.0,3305.0,3305.0,3305.0,3305.0,3305.0,3305.0,3305.0,3305.0,3305.0,3305.0,3305.0,3305.0,3305.0,3305.0,3305.0,3305.0,3305.0,3305.0,3305.0,3305.0,3305.0,3305.0,3305.0,3305.0,3305.0,3305.0,3305.0,3305.0,3305.0,3305.0,5.0,,,,,,,,,,,,,,,,,0.5,348.2674,337.9469,329.6199,322.9853,317.8316,314.0177,311.4598,310.1219,310.0083,311.1595,313.6499,317.5886,323.1232,330.4488,339.8231,351.5909,366.2225,384.3754,406.9947,435.482,363.0,473.0,793.0947,38.50819999999999,217.8022,15.981400000000008
3306,3306,3306.0,3306.0,3306.0,3306.0,3306.0,3306.0,3306.0,3306.0,3306.0,3306.0,3306.0,3306.0,3306.0,3306.0,3306.0,3306.0,3306.0,3306.0,3306.0,3306.0,3306.0,3306.0,3306.0,3306.0,3306.0,3306.0,3306.0,3306.0,3306.0,3306.0,3306.0,3306.0,3306.0,3306.0,3306.0,3306.0,3306.0,3306.0,3306.0,3306.0,3306.0,3306.0,3306.0,3306.0,3306.0,3306.0,3306.0,3306.0,3306.0,3306.0,3306.0,3306.0,3306.0,3306.0,3306.0,3306.0,3306.0,6.0,,,,,,,,,,,,,,,,,0.6,350.0301,339.5651,331.1841,324.5826,319.541,315.9042,313.5686,312.4739,312.5982,313.9561,316.599,320.6174,326.1474,333.3798,342.5763,354.0933,368.4201,386.2393,408.5254,436.7129,361.0,471.0,831.6029,41.59590000000003,179.29399999999998,15.981400000000008
3307,3307,3307.0,3307.0,3307.0,3307.0,3307.0,3307.0,3307.0,3307.0,3307.0,3307.0,3307.0,3307.0,3307.0,3307.0,3307.0,3307.0,3307.0,3307.0,3307.0,3307.0,3307.0,3307.0,3307.0,3307.0,3307.0,3307.0,3307.0,3307.0,3307.0,3307.0,3307.0,3307.0,3307.0,3307.0,3307.0,3307.0,3307.0,3307.0,3307.0,3307.0,3307.0,3307.0,3307.0,3307.0,3307.0,3307.0,3307.0,3307.0,3307.0,3307.0,3307.0,3307.0,3307.0,3307.0,3307.0,3307.0,3307.0,7.0,,,,,,,,,,,,,,,,,0.7,348.7066,338.8347,330.9704,324.8125,320.144,316.8129,314.7194,313.8072,314.0575,315.4864,318.1453,322.1228,327.5519,334.6202,343.5858,354.803,368.7591,386.1346,407.8974,435.466,363.0,471.0,873.1988,44.08439999999996,137.69809999999995,15.981400000000008
3308,3308,3308.0,3308.0,3308.0,3308.0,3308.0,3308.0,3308.0,3308.0,3308.0,3308.0,3308.0,3308.0,3308.0,3308.0,3308.0,3308.0,3308.0,3308.0,3308.0,3308.0,3308.0,3308.0,3308.0,3308.0,3308.0,3308.0,3308.0,3308.0,3308.0,3308.0,3308.0,3308.0,3308.0,3308.0,3308.0,3308.0,3308.0,3308.0,3308.0,3308.0,3308.0,3308.0,3308.0,3308.0,3308.0,3308.0,3308.0,3308.0,3308.0,3308.0,3308.0,3308.0,3308.0,3308.0,3308.0,3308.0,3308.0,8.0,,,,,,,,,,,,,,,,,0.8,350.3265,340.1576,332.0696,325.7531,320.9816,317.5922,315.472,314.5512,314.7983,316.219,318.857,322.7971,328.1715,335.1699,344.0548,355.1856,369.055,386.3474,408.0335,435.5318,363.0,473.0,917.2832,46.56510000000003,93.6137,15.981400000000008
3309,3309,3309.0,3309.0,3309.0,3309.0,3309.0,3309.0,3309.0,3309.0,3309.0,3309.0,3309.0,3309.0,3309.0,3309.0,3309.0,3309.0,3309.0,3309.0,3309.0,3309.0,3309.0,3309.0,3309.0,3309.0,3309.0,3309.0,3309.0,3309.0,3309.0,3309.0,3309.0,3309.0,3309.0,3309.0,3309.0,3309.0,3309.0,3309.0,3309.0,3309.0,3309.0,3309.0,3309.0,3309.0,3309.0,3309.0,3309.0,3309.0,3309.0,3309.0,3309.0,3309.0,3309.0,3309.0,3309.0,3309.0,3309.0,9.0,,,,,,,,,,,,,,,,,0.9,350.4297,340.3586,332.3578,326.1138,321.3978,318.0463,315.9482,315.036,315.2821,316.6961,319.3265,323.2631,328.6443,335.6664,344.5996,355.8118,369.8053,387.276,409.2102,437.0513,362.0,471.0,963.8483,47.048599999999965,47.048599999999965,15.981400000000008
3310,3310,3310.0,3310.0,3310.0,3310.0,3310.0,3310.0,3310.0,3310.0,3310.0,3310.0,3310.0,3310.0,3310.0,3310.0,3310.0,3310.0,3310.0,3310.0,3310.0,3310.0,3310.0,3310.0,3310.0,3310.0,3310.0,3310.0,3310.0,3310.0,3310.0,3310.0,3310.0,3310.0,3310.0,3310.0,3310.0,3310.0,3310.0,3310.0,3310.0,3310.0,3310.0,3310.0,3310.0,3310.0,3310.0,3310.0,3310.0,3310.0,3310.0,3310.0,3310.0,3310.0,3310.0,3310.0,3310.0,3310.0,3310.0,0.0,,,,,,,,,,,,,,,,,0.0,273.0,273.0,273.0,273.0,273.0,273.0,273.0,273.0,273.0,273.0,273.0,273.0,273.0,273.0,273.0,273.0,273.0,273.0,273.0,273.0,441.0,414.0,0.0,361.6849,1011.2114,15.750100000000032
3311,3311,3311.0,3311.0,3311.0,3311.0,3311.0,3311.0,3311.0,3311.0,3311.0,3311.0,3311.0,3311.0,3311.0,3311.0,3311.0,3311.0,3311.0,3311.0,3311.0,3311.0,3311.0,3311.0,3311.0,3311.0,3311.0,3311.0,3311.0,3311.0,3311.0,3311.0,3311.0,3311.0,3311.0,3311.0,3311.0,3311.0,3311.0,3311.0,3311.0,3311.0,3311.0,3311.0,3311.0,3311.0,3311.0,3311.0,3311.0,3311.0,3311.0,3311.0,3311.0,3311.0,3311.0,3311.0,3311.0,3311.0,3311.0,1.0,,,,,,,,,,,,,,,,,0.1,404.407,374.2234,349.354,329.1564,313.1556,300.8958,291.8924,285.6479,281.7032,279.6946,279.4011,280.7692,283.9132,289.0908,296.6582,307.0147,320.5504,337.6191,358.5601,383.7922,384.0,271.0,361.6849,169.83589999999998,649.5264999999999,15.750100000000032
3312,3312,3312.0,3312.0,3312.0,3312.0,3312.0,3312.0,3312.0,3312.0,3312.0,3312.0,3312.0,3312.0,3312.0,3312.0,3312.0,3312.0,3312.0,3312.0,3312.0,3312.0,3312.0,3312.0,3312.0,3312.0,3312.0,3312.0,3312.0,3312.0,3312.0,3312.0,3312.0,3312.0,3312.0,3312.0,3312.0,3312.0,3312.0,3312.0,3312.0,3312.0,3312.0,3312.0,3312.0,3312.0,3312.0,3312.0,3312.0,3312.0,3312.0,3312.0,3312.0,3312.0,3312.0,3312.0,3312.0,3312.0,3312.0,2.0,,,,,,,,,,,,,,,,,0.2,365.7611,350.7179,338.1355,327.5089,318.5114,310.9501,304.7234,299.7768,296.0619,293.5,291.9539,291.2114,290.9818,290.9098,290.607,289.7007,287.8925,285.0167,281.0834,276.2911,366.0,473.0,531.5208,169.54589999999996,479.6906,15.750100000000032
3313,3313,3313.0,3313.0,3313.0,3313.0,3313.0,3313.0,3313.0,3313.0,3313.0,3313.0,3313.0,3313.0,3313.0,3313.0,3313.0,3313.0,3313.0,3313.0,3313.0,3313.0,3313.0,3313.0,3313.0,3313.0,3313.0,3313.0,3313.0,3313.0,3313.0,3313.0,3313.0,3313.0,3313.0,3313.0,3313.0,3313.0,3313.0,3313.0,3313.0,3313.0,3313.0,3313.0,3313.0,3313.0,3313.0,3313.0,3313.0,3313.0,3313.0,3313.0,3313.0,3313.0,3313.0,3313.0,3313.0,3313.0,3313.0,3.0,,,,,,,,,,,,,,,,,0.3,352.0346,340.5732,331.0672,323.1128,316.4221,310.8029,306.1452,302.414,299.6483,297.9682,297.5855,298.815,302.0773,307.8873,316.8257,329.4999,346.5128,368.4715,396.0755,430.3367,362.0,473.0,701.0667,57.543300000000045,310.14470000000006,15.750100000000032
3314,3314,3314.0,3314.0,3314.0,3314.0,3314.0,3314.0,3314.0,3314.0,3314.0,3314.0,3314.0,3314.0,3314.0,3314.0,3314.0,3314.0,3314.0,3314.0,3314.0,3314.0,3314.0,3314.0,3314.0,3314.0,3314.0,3314.0,3314.0,3314.0,3314.0,3314.0,3314.0,3314.0,3314.0,3314.0,3314.0,3314.0,3314.0,3314.0,3314.0,3314.0,3314.0,3314.0,3314.0,3314.0,3314.0,3314.0,3314.0,3314.0,3314.0,3314.0,3314.0,3314.0,3314.0,3314.0,3314.0,3314.0,3314.0,4.0,,,,,,,,,,,,,,,,,0.4,348.7856,337.9884,329.1546,321.9583,316.1742,311.6609,308.3483,306.2277,305.3438,305.7882,307.6924,311.2236,316.5817,324.0019,333.7627,346.2074,361.781,381.0961,405.0412,434.9647,361.0,473.0,758.61,36.40409999999997,252.6014,15.750100000000032
3315,3315,3315.0,3315.0,3315.0,3315.0,3315.0,3315.0,3315.0,3315.0,3315.0,3315.0,3315.0,3315.0,3315.0,3315.0,3315.0,3315.0,3315.0,3315.0,3315.0,3315.0,3315.0,3315.0,3315.0,3315.0,3315.0,3315.0,3315.0,3315.0,3315.0,3315.0,3315.0,3315.0,3315.0,3315.0,3315.0,3315.0,3315.0,3315.0,3315.0,3315.0,3315.0,3315.0,3315.0,3315.0,3315.0,3315.0,3315.0,3315.0,3315.0,3315.0,3315.0,3315.0,3315.0,3315.0,3315.0,3315.0,3315.0,5.0,,,,,,,,,,,,,,,,,0.5,348.2037,337.8237,329.4456,322.7719,317.5931,313.7693,311.2165,309.8977,309.8157,311.0094,313.5517,317.5501,323.151,330.5488,340.001,351.8533,366.5785,384.8394,407.59,436.2475,362.0,473.0,795.0141,37.88,216.19730000000004,15.750100000000032
3316,3316,3316.0,3316.0,3316.0,3316.0,3316.0,3316.0,3316.0,3316.0,3316.0,3316.0,3316.0,3316.0,3316.0,3316.0,3316.0,3316.0,3316.0,3316.0,3316.0,3316.0,3316.0,3316.0,3316.0,3316.0,3316.0,3316.0,3316.0,3316.0,3316.0,3316.0,3316.0,3316.0,3316.0,3316.0,3316.0,3316.0,3316.0,3316.0,3316.0,3316.0,3316.0,3316.0,3316.0,3316.0,3316.0,3316.0,3316.0,3316.0,3316.0,3316.0,3316.0,3316.0,3316.0,3316.0,3316.0,3316.0,3316.0,6.0,,,,,,,,,,,,,,,,,0.6,349.2324,338.9309,330.6821,324.1868,319.23,315.6609,313.3799,312.3304,312.4935,313.8861,316.5607,320.6082,326.1639,333.4175,342.6291,354.1539,368.4807,386.2923,408.5643,436.7333,361.0,471.0,832.8941,41.071500000000015,178.31730000000005,15.750100000000032
3317,3317,3317.0,3317.0,3317.0,3317.0,3317.0,3317.0,3317.0,3317.0,3317.0,3317.0,3317.0,3317.0,3317.0,3317.0,3317.0,3317.0,3317.0,3317.0,3317.0,3317.0,3317.0,3317.0,3317.0,3317.0,3317.0,3317.0,3317.0,3317.0,3317.0,3317.0,3317.0,3317.0,3317.0,3317.0,3317.0,3317.0,3317.0,3317.0,3317.0,3317.0,3317.0,3317.0,3317.0,3317.0,3317.0,3317.0,3317.0,3317.0,3317.0,3317.0,3317.0,3317.0,3317.0,3317.0,3317.0,3317.0,3317.0,7.0,,,,,,,,,,,,,,,,,0.7,348.6714,338.7673,330.8766,324.7001,320.0217,316.6892,314.6018,313.7014,313.9671,315.4134,318.0895,322.0832,327.5264,334.6061,343.5803,354.8032,368.7625,386.1389,407.9012,435.4681,362.0,473.0,873.9656,44.00660000000005,137.24580000000003,15.750100000000032
3318,3318,3318.0,3318.0,3318.0,3318.0,3318.0,3318.0,3318.0,3318.0,3318.0,3318.0,3318.0,3318.0,3318.0,3318.0,3318.0,3318.0,3318.0,3318.0,3318.0,3318.0,3318.0,3318.0,3318.0,3318.0,3318.0,3318.0,3318.0,3318.0,3318.0,3318.0,3318.0,3318.0,3318.0,3318.0,3318.0,3318.0,3318.0,3318.0,3318.0,3318.0,3318.0,3318.0,3318.0,3318.0,3318.0,3318.0,3318.0,3318.0,3318.0,3318.0,3318.0,3318.0,3318.0,3318.0,3318.0,3318.0,3318.0,8.0,,,,,,,,,,,,,,,,,0.8,349.5393,339.5438,331.5966,325.3928,320.7102,317.3897,315.3226,314.4433,314.7247,316.1773,318.8492,322.8305,328.2589,335.3304,344.3143,355.5775,369.6215,387.1413,409.1226,437.0083,364.0,472.0,917.9722,46.22319999999991,93.23919999999998,15.750100000000032
3319,3319,3319.0,3319.0,3319.0,3319.0,3319.0,3319.0,3319.0,3319.0,3319.0,3319.0,3319.0,3319.0,3319.0,3319.0,3319.0,3319.0,3319.0,3319.0,3319.0,3319.0,3319.0,3319.0,3319.0,3319.0,3319.0,3319.0,3319.0,3319.0,3319.0,3319.0,3319.0,3319.0,3319.0,3319.0,3319.0,3319.0,3319.0,3319.0,3319.0,3319.0,3319.0,3319.0,3319.0,3319.0,3319.0,3319.0,3319.0,3319.0,3319.0,3319.0,3319.0,3319.0,3319.0,3319.0,3319.0,3319.0,3319.0,9.0,,,,,,,,,,,,,,,,,0.9,351.1748,340.892,332.7192,326.3408,321.5256,318.1067,315.9682,315.0376,315.2813,316.7032,319.3456,323.2926,328.6761,335.6859,344.5859,355.7376,369.6378,386.9773,408.7367,436.3501,361.0,471.0,964.1954,47.01600000000008,47.01600000000008,15.750100000000032
3320,3320,3320.0,3320.0,3320.0,3320.0,3320.0,3320.0,3320.0,3320.0,3320.0,3320.0,3320.0,3320.0,3320.0,3320.0,3320.0,3320.0,3320.0,3320.0,3320.0,3320.0,3320.0,3320.0,3320.0,3320.0,3320.0,3320.0,3320.0,3320.0,3320.0,3320.0,3320.0,3320.0,3320.0,3320.0,3320.0,3320.0,3320.0,3320.0,3320.0,3320.0,3320.0,3320.0,3320.0,3320.0,3320.0,3320.0,3320.0,3320.0,3320.0,3320.0,3320.0,3320.0,3320.0,3320.0,3320.0,3320.0,3320.0,0.0,,,,,,,,,,,,,,,,,0.0,273.0,273.0,273.0,273.0,273.0,273.0,273.0,273.0,273.0,273.0,273.0,273.0,273.0,273.0,273.0,273.0,273.0,273.0,273.0,273.0,439.0,414.0,0.0,361.6533,1010.5896,16.02710000000002
3321,3321,3321.0,3321.0,3321.0,3321.0,3321.0,3321.0,3321.0,3321.0,3321.0,3321.0,3321.0,3321.0,3321.0,3321.0,3321.0,3321.0,3321.0,3321.0,3321.0,3321.0,3321.0,3321.0,3321.0,3321.0,3321.0,3321.0,3321.0,3321.0,3321.0,3321.0,3321.0,3321.0,3321.0,3321.0,3321.0,3321.0,3321.0,3321.0,3321.0,3321.0,3321.0,3321.0,3321.0,3321.0,3321.0,3321.0,3321.0,3321.0,3321.0,3321.0,3321.0,3321.0,3321.0,3321.0,3321.0,3321.0,3321.0,1.0,,,,,,,,,,,,,,,,,0.1,402.8876,373.072,348.4922,328.5243,312.7036,300.5822,291.6817,285.5112,281.6176,279.6429,279.371,280.7523,283.9041,289.086,296.6558,307.0135,320.5498,337.6188,358.56,383.7921,387.0,271.0,361.6533,170.33390000000003,648.9363000000001,16.02710000000002
3322,3322,3322.0,3322.0,3322.0,3322.0,3322.0,3322.0,3322.0,3322.0,3322.0,3322.0,3322.0,3322.0,3322.0,3322.0,3322.0,3322.0,3322.0,3322.0,3322.0,3322.0,3322.0,3322.0,3322.0,3322.0,3322.0,3322.0,3322.0,3322.0,3322.0,3322.0,3322.0,3322.0,3322.0,3322.0,3322.0,3322.0,3322.0,3322.0,3322.0,3322.0,3322.0,3322.0,3322.0,3322.0,3322.0,3322.0,3322.0,3322.0,3322.0,3322.0,3322.0,3322.0,3322.0,3322.0,3322.0,3322.0,3322.0,2.0,,,,,,,,,,,,,,,,,0.2,368.0181,352.3709,339.3013,328.2907,319.0008,311.2271,304.8548,299.8157,296.0479,293.4606,291.9066,291.1662,290.9433,290.8795,290.5845,289.6848,287.8817,285.0098,281.0794,276.2893,368.0,473.0,531.9872,170.58179999999993,478.6024,16.02710000000002
3323,3323,3323.0,3323.0,3323.0,3323.0,3323.0,3323.0,3323.0,3323.0,3323.0,3323.0,3323.0,3323.0,3323.0,3323.0,3323.0,3323.0,3323.0,3323.0,3323.0,3323.0,3323.0,3323.0,3323.0,3323.0,3323.0,3323.0,3323.0,3323.0,3323.0,3323.0,3323.0,3323.0,3323.0,3323.0,3323.0,3323.0,3323.0,3323.0,3323.0,3323.0,3323.0,3323.0,3323.0,3323.0,3323.0,3323.0,3323.0,3323.0,3323.0,3323.0,3323.0,3323.0,3323.0,3323.0,3323.0,3323.0,3323.0,3.0,,,,,,,,,,,,,,,,,0.3,353.6508,341.8804,332.121,323.9561,317.0889,311.3214,306.54,302.7069,299.8588,298.1138,297.6815,298.8745,302.1111,307.9039,316.8315,329.4997,346.51,368.468,396.0727,430.3352,361.0,471.0,702.569,57.67770000000007,308.02060000000006,16.02710000000002
3324,3324,3324.0,3324.0,3324.0,3324.0,3324.0,3324.0,3324.0,3324.0,3324.0,3324.0,3324.0,3324.0,3324.0,3324.0,3324.0,3324.0,3324.0,3324.0,3324.0,3324.0,3324.0,3324.0,3324.0,3324.0,3324.0,3324.0,3324.0,3324.0,3324.0,3324.0,3324.0,3324.0,3324.0,3324.0,3324.0,3324.0,3324.0,3324.0,3324.0,3324.0,3324.0,3324.0,3324.0,3324.0,3324.0,3324.0,3324.0,3324.0,3324.0,3324.0,3324.0,3324.0,3324.0,3324.0,3324.0,3324.0,3324.0,4.0,,,,,,,,,,,,,,,,,0.4,348.0834,337.5383,328.9111,321.8757,316.2084,311.7714,308.4999,306.3917,305.498,305.9153,307.7783,311.2549,316.5438,323.8759,333.5248,345.8264,361.2177,380.3007,403.9487,433.4855,360.0,471.0,760.2467,36.0326,250.3429,16.02710000000002
3325,3325,3325.0,3325.0,3325.0,3325.0,3325.0,3325.0,3325.0,3325.0,3325.0,3325.0,3325.0,3325.0,3325.0,3325.0,3325.0,3325.0,3325.0,3325.0,3325.0,3325.0,3325.0,3325.0,3325.0,3325.0,3325.0,3325.0,3325.0,3325.0,3325.0,3325.0,3325.0,3325.0,3325.0,3325.0,3325.0,3325.0,3325.0,3325.0,3325.0,3325.0,3325.0,3325.0,3325.0,3325.0,3325.0,3325.0,3325.0,3325.0,3325.0,3325.0,3325.0,3325.0,3325.0,3325.0,3325.0,3325.0,3325.0,5.0,,,,,,,,,,,,,,,,,0.5,347.4214,337.2209,328.9909,322.438,317.3554,313.6049,311.104,309.8166,309.7465,310.9333,313.4501,317.4046,322.9428,330.2576,339.6043,351.3247,365.8855,383.9396,406.4249,434.7313,360.0,472.0,796.2793,36.86590000000001,214.3103,16.02710000000002
3326,3326,3326.0,3326.0,3326.0,3326.0,3326.0,3326.0,3326.0,3326.0,3326.0,3326.0,3326.0,3326.0,3326.0,3326.0,3326.0,3326.0,3326.0,3326.0,3326.0,3326.0,3326.0,3326.0,3326.0,3326.0,3326.0,3326.0,3326.0,3326.0,3326.0,3326.0,3326.0,3326.0,3326.0,3326.0,3326.0,3326.0,3326.0,3326.0,3326.0,3326.0,3326.0,3326.0,3326.0,3326.0,3326.0,3326.0,3326.0,3326.0,3326.0,3326.0,3326.0,3326.0,3326.0,3326.0,3326.0,3326.0,3326.0,6.0,,,,,,,,,,,,,,,,,0.6,347.6473,337.684,329.7102,323.436,318.6534,315.2175,313.0339,312.051,312.2547,313.666,316.3412,320.3745,325.9041,333.1217,342.2887,353.7602,368.0226,385.754,407.9208,435.9443,362.0,473.0,833.1452,40.67559999999992,177.44439999999997,16.02710000000002
3327,3327,3327.0,3327.0,3327.0,3327.0,3327.0,3327.0,3327.0,3327.0,3327.0,3327.0,3327.0,3327.0,3327.0,3327.0,3327.0,3327.0,3327.0,3327.0,3327.0,3327.0,3327.0,3327.0,3327.0,3327.0,3327.0,3327.0,3327.0,3327.0,3327.0,3327.0,3327.0,3327.0,3327.0,3327.0,3327.0,3327.0,3327.0,3327.0,3327.0,3327.0,3327.0,3327.0,3327.0,3327.0,3327.0,3327.0,3327.0,3327.0,3327.0,3327.0,3327.0,3327.0,3327.0,3327.0,3327.0,3327.0,3327.0,7.0,,,,,,,,,,,,,,,,,0.7,349.3776,339.2246,331.1289,324.7904,319.9909,316.5744,314.4343,313.5064,313.764,315.2175,317.9143,321.9431,327.4392,334.5954,343.6771,355.0467,369.2011,386.8314,408.9203,436.9091,363.0,473.0,873.8208,44.2097,136.76880000000006,16.02710000000002
3328,3328,3328.0,3328.0,3328.0,3328.0,3328.0,3328.0,3328.0,3328.0,3328.0,3328.0,3328.0,3328.0,3328.0,3328.0,3328.0,3328.0,3328.0,3328.0,3328.0,3328.0,3328.0,3328.0,3328.0,3328.0,3328.0,3328.0,3328.0,3328.0,3328.0,3328.0,3328.0,3328.0,3328.0,3328.0,3328.0,3328.0,3328.0,3328.0,3328.0,3328.0,3328.0,3328.0,3328.0,3328.0,3328.0,3328.0,3328.0,3328.0,3328.0,3328.0,3328.0,3328.0,3328.0,3328.0,3328.0,3328.0,3328.0,8.0,,,,,,,,,,,,,,,,,0.8,350.3187,340.141,332.0427,325.7145,320.9311,317.5314,315.4049,314.4844,314.7411,316.1832,318.8564,322.8478,328.2917,335.3799,344.3781,355.6499,369.6943,387.2055,409.1702,437.0335,362.0,471.0,918.0305,45.85930000000008,92.55910000000006,16.02710000000002
3329,3329,3329.0,3329.0,3329.0,3329.0,3329.0,3329.0,3329.0,3329.0,3329.0,3329.0,3329.0,3329.0,3329.0,3329.0,3329.0,3329.0,3329.0,3329.0,3329.0,3329.0,3329.0,3329.0,3329.0,3329.0,3329.0,3329.0,3329.0,3329.0,3329.0,3329.0,3329.0,3329.0,3329.0,3329.0,3329.0,3329.0,3329.0,3329.0,3329.0,3329.0,3329.0,3329.0,3329.0,3329.0,3329.0,3329.0,3329.0,3329.0,3329.0,3329.0,3329.0,3329.0,3329.0,3329.0,3329.0,3329.0,3329.0,9.0,,,,,,,,,,,,,,,,,0.9,349.6497,339.7593,331.9062,325.7816,321.1609,317.8846,315.8452,314.9788,315.2599,316.6994,319.3445,323.2819,328.6442,335.6204,344.4719,355.557,369.3683,386.5916,408.2,435.6158,361.0,473.0,963.8898,46.69979999999998,46.69979999999998,16.02710000000002
3330,3330,3330.0,3330.0,3330.0,3330.0,3330.0,3330.0,3330.0,3330.0,3330.0,3330.0,3330.0,3330.0,3330.0,3330.0,3330.0,3330.0,3330.0,3330.0,3330.0,3330.0,3330.0,3330.0,3330.0,3330.0,3330.0,3330.0,3330.0,3330.0,3330.0,3330.0,3330.0,3330.0,3330.0,3330.0,3330.0,3330.0,3330.0,3330.0,3330.0,3330.0,3330.0,3330.0,3330.0,3330.0,3330.0,3330.0,3330.0,3330.0,3330.0,3330.0,3330.0,3330.0,3330.0,3330.0,3330.0,3330.0,3330.0,0.0,,,,,,,,,,,,,,,,,0.0,273.0,273.0,273.0,273.0,273.0,273.0,273.0,273.0,273.0,273.0,273.0,273.0,273.0,273.0,273.0,273.0,273.0,273.0,273.0,273.0,440.0,415.0,0.0,361.4208,1007.3231,16.1361
3331,3331,3331.0,3331.0,3331.0,3331.0,3331.0,3331.0,3331.0,3331.0,3331.0,3331.0,3331.0,3331.0,3331.0,3331.0,3331.0,3331.0,3331.0,3331.0,3331.0,3331.0,3331.0,3331.0,3331.0,3331.0,3331.0,3331.0,3331.0,3331.0,3331.0,3331.0,3331.0,3331.0,3331.0,3331.0,3331.0,3331.0,3331.0,3331.0,3331.0,3331.0,3331.0,3331.0,3331.0,3331.0,3331.0,3331.0,3331.0,3331.0,3331.0,3331.0,3331.0,3331.0,3331.0,3331.0,3331.0,3331.0,3331.0,1.0,,,,,,,,,,,,,,,,,0.1,403.6475,373.6479,348.9234,328.8407,312.9302,300.7402,291.7895,285.5842,281.6689,279.6839,279.4122,280.8041,283.978,289.1954,296.8165,307.2442,320.8721,338.0576,359.1448,384.5596,387.0,273.0,361.4208,168.78920000000005,645.9023,16.1361
3332,3332,3332.0,3332.0,3332.0,3332.0,3332.0,3332.0,3332.0,3332.0,3332.0,3332.0,3332.0,3332.0,3332.0,3332.0,3332.0,3332.0,3332.0,3332.0,3332.0,3332.0,3332.0,3332.0,3332.0,3332.0,3332.0,3332.0,3332.0,3332.0,3332.0,3332.0,3332.0,3332.0,3332.0,3332.0,3332.0,3332.0,3332.0,3332.0,3332.0,3332.0,3332.0,3332.0,3332.0,3332.0,3332.0,3332.0,3332.0,3332.0,3332.0,3332.0,3332.0,3332.0,3332.0,3332.0,3332.0,3332.0,3332.0,2.0,,,,,,,,,,,,,,,,,0.2,368.0459,352.4243,339.3765,328.3824,319.1035,311.3361,304.9672,299.9312,296.1694,293.5946,292.0637,291.3611,291.1958,291.2143,291.0321,290.2808,288.667,286.029,282.3792,277.9166,368.0,471.0,530.21,168.28109999999992,477.1130999999999,16.1361
3333,3333,3333.0,3333.0,3333.0,3333.0,3333.0,3333.0,3333.0,3333.0,3333.0,3333.0,3333.0,3333.0,3333.0,3333.0,3333.0,3333.0,3333.0,3333.0,3333.0,3333.0,3333.0,3333.0,3333.0,3333.0,3333.0,3333.0,3333.0,3333.0,3333.0,3333.0,3333.0,3333.0,3333.0,3333.0,3333.0,3333.0,3333.0,3333.0,3333.0,3333.0,3333.0,3333.0,3333.0,3333.0,3333.0,3333.0,3333.0,3333.0,3333.0,3333.0,3333.0,3333.0,3333.0,3333.0,3333.0,3333.0,3333.0,3.0,,,,,,,,,,,,,,,,,0.3,353.6633,341.9055,332.1591,324.0076,317.1544,311.4017,306.636,302.8189,299.9863,298.2539,297.8275,299.014,302.2241,307.9612,316.7941,329.3186,346.1278,367.8193,395.0817,428.907,362.0,472.0,698.4911,58.2011,308.832,16.1361
3334,3334,3334.0,3334.0,3334.0,3334.0,3334.0,3334.0,3334.0,3334.0,3334.0,3334.0,3334.0,3334.0,3334.0,3334.0,3334.0,3334.0,3334.0,3334.0,3334.0,3334.0,3334.0,3334.0,3334.0,3334.0,3334.0,3334.0,3334.0,3334.0,3334.0,3334.0,3334.0,3334.0,3334.0,3334.0,3334.0,3334.0,3334.0,3334.0,3334.0,3334.0,3334.0,3334.0,3334.0,3334.0,3334.0,3334.0,3334.0,3334.0,3334.0,3334.0,3334.0,3334.0,3334.0,3334.0,3334.0,3334.0,3334.0,4.0,,,,,,,,,,,,,,,,,0.4,348.869,338.1488,329.3799,322.2317,316.4766,311.9728,308.6514,306.5062,305.5848,305.9812,307.829,311.2968,316.5857,323.9309,333.6109,345.9675,361.4432,380.6457,404.4547,434.2035,361.0,473.0,756.6922,36.85140000000001,250.6309,16.1361
3335,3335,3335.0,3335.0,3335.0,3335.0,3335.0,3335.0,3335.0,3335.0,3335.0,3335.0,3335.0,3335.0,3335.0,3335.0,3335.0,3335.0,3335.0,3335.0,3335.0,3335.0,3335.0,3335.0,3335.0,3335.0,3335.0,3335.0,3335.0,3335.0,3335.0,3335.0,3335.0,3335.0,3335.0,3335.0,3335.0,3335.0,3335.0,3335.0,3335.0,3335.0,3335.0,3335.0,3335.0,3335.0,3335.0,3335.0,3335.0,3335.0,3335.0,3335.0,3335.0,3335.0,3335.0,3335.0,3335.0,3335.0,3335.0,5.0,,,,,,,,,,,,,,,,,0.5,348.231,337.8771,329.5221,322.8672,317.7016,313.8844,311.3312,310.0048,309.9089,311.0832,313.6022,317.5754,323.1515,330.5272,339.9625,351.8045,366.5273,384.7934,407.5557,436.2293,362.0,473.0,793.5436,38.050500000000056,213.7795,16.1361
3336,3336,3336.0,3336.0,3336.0,3336.0,3336.0,3336.0,3336.0,3336.0,3336.0,3336.0,3336.0,3336.0,3336.0,3336.0,3336.0,3336.0,3336.0,3336.0,3336.0,3336.0,3336.0,3336.0,3336.0,3336.0,3336.0,3336.0,3336.0,3336.0,3336.0,3336.0,3336.0,3336.0,3336.0,3336.0,3336.0,3336.0,3336.0,3336.0,3336.0,3336.0,3336.0,3336.0,3336.0,3336.0,3336.0,3336.0,3336.0,3336.0,3336.0,3336.0,3336.0,3336.0,3336.0,3336.0,3336.0,3336.0,3336.0,6.0,,,,,,,,,,,,,,,,,0.6,349.2423,338.9504,330.7101,324.2219,319.2702,315.7041,313.4238,312.3727,312.5324,313.9198,316.5882,320.629,326.1782,333.4258,342.6325,354.1538,368.4785,386.2893,408.5617,436.7318,361.0,473.0,831.5941,41.56759999999997,175.72899999999993,16.1361
3337,3337,3337.0,3337.0,3337.0,3337.0,3337.0,3337.0,3337.0,3337.0,3337.0,3337.0,3337.0,3337.0,3337.0,3337.0,3337.0,3337.0,3337.0,3337.0,3337.0,3337.0,3337.0,3337.0,3337.0,3337.0,3337.0,3337.0,3337.0,3337.0,3337.0,3337.0,3337.0,3337.0,3337.0,3337.0,3337.0,3337.0,3337.0,3337.0,3337.0,3337.0,3337.0,3337.0,3337.0,3337.0,3337.0,3337.0,3337.0,3337.0,3337.0,3337.0,3337.0,3337.0,3337.0,3337.0,3337.0,3337.0,3337.0,7.0,,,,,,,,,,,,,,,,,0.7,348.6752,338.7748,330.8878,324.7146,320.0391,316.7093,314.6248,313.7282,314.0,315.4564,318.1495,322.1706,327.6565,334.7996,343.8648,355.2135,369.342,386.9415,408.9955,436.9471,360.0,473.0,873.1617,43.61009999999999,134.16139999999996,16.1361
3338,3338,3338.0,3338.0,3338.0,3338.0,3338.0,3338.0,3338.0,3338.0,3338.0,3338.0,3338.0,3338.0,3338.0,3338.0,3338.0,3338.0,3338.0,3338.0,3338.0,3338.0,3338.0,3338.0,3338.0,3338.0,3338.0,3338.0,3338.0,3338.0,3338.0,3338.0,3338.0,3338.0,3338.0,3338.0,3338.0,3338.0,3338.0,3338.0,3338.0,3338.0,3338.0,3338.0,3338.0,3338.0,3338.0,3338.0,3338.0,3338.0,3338.0,3338.0,3338.0,3338.0,3338.0,3338.0,3338.0,3338.0,3338.0,8.0,,,,,,,,,,,,,,,,,0.8,347.9891,338.3647,330.7218,324.7638,320.276,317.1063,315.1539,314.3609,314.7074,316.2097,318.9207,322.9329,328.3852,335.4732,344.4649,355.7258,369.7567,387.2529,409.2017,437.0492,361.0,473.0,916.7718,44.89070000000004,90.55129999999996,16.1361
3339,3339,3339.0,3339.0,3339.0,3339.0,3339.0,3339.0,3339.0,3339.0,3339.0,3339.0,3339.0,3339.0,3339.0,3339.0,3339.0,3339.0,3339.0,3339.0,3339.0,3339.0,3339.0,3339.0,3339.0,3339.0,3339.0,3339.0,3339.0,3339.0,3339.0,3339.0,3339.0,3339.0,3339.0,3339.0,3339.0,3339.0,3339.0,3339.0,3339.0,3339.0,3339.0,3339.0,3339.0,3339.0,3339.0,3339.0,3339.0,3339.0,3339.0,3339.0,3339.0,3339.0,3339.0,3339.0,3339.0,3339.0,3339.0,9.0,,,,,,,,,,,,,,,,,0.9,348.7948,339.0176,331.259,325.2191,320.679,317.4813,315.5188,314.7268,315.079,316.5862,319.2969,323.3011,328.7361,335.7975,344.7542,355.9732,369.9572,387.4035,409.3016,437.0986,360.0,473.0,961.6625,45.66059999999993,45.66059999999993,16.1361
3340,3340,3340.0,3340.0,3340.0,3340.0,3340.0,3340.0,3340.0,3340.0,3340.0,3340.0,3340.0,3340.0,3340.0,3340.0,3340.0,3340.0,3340.0,3340.0,3340.0,3340.0,3340.0,3340.0,3340.0,3340.0,3340.0,3340.0,3340.0,3340.0,3340.0,3340.0,3340.0,3340.0,3340.0,3340.0,3340.0,3340.0,3340.0,3340.0,3340.0,3340.0,3340.0,3340.0,3340.0,3340.0,3340.0,3340.0,3340.0,3340.0,3340.0,3340.0,3340.0,3340.0,3340.0,3340.0,3340.0,3340.0,3340.0,0.0,,,,,,,,,,,,,,,,,0.0,273.0,273.0,273.0,273.0,273.0,273.0,273.0,273.0,273.0,273.0,273.0,273.0,273.0,273.0,273.0,273.0,273.0,273.0,273.0,273.0,441.0,417.0,0.0,360.9489,1007.8769,15.942800000000034
3341,3341,3341.0,3341.0,3341.0,3341.0,3341.0,3341.0,3341.0,3341.0,3341.0,3341.0,3341.0,3341.0,3341.0,3341.0,3341.0,3341.0,3341.0,3341.0,3341.0,3341.0,3341.0,3341.0,3341.0,3341.0,3341.0,3341.0,3341.0,3341.0,3341.0,3341.0,3341.0,3341.0,3341.0,3341.0,3341.0,3341.0,3341.0,3341.0,3341.0,3341.0,3341.0,3341.0,3341.0,3341.0,3341.0,3341.0,3341.0,3341.0,3341.0,3341.0,3341.0,3341.0,3341.0,3341.0,3341.0,3341.0,3341.0,1.0,,,,,,,,,,,,,,,,,0.1,404.4071,374.2235,349.3544,329.1573,313.1573,300.8994,291.8996,285.6617,281.7287,279.7401,279.4795,280.8992,284.1211,289.4115,297.1364,307.7045,321.5157,338.9343,360.3133,386.0936,385.0,270.0,360.9489,167.51,646.928,15.942800000000034
3342,3342,3342.0,3342.0,3342.0,3342.0,3342.0,3342.0,3342.0,3342.0,3342.0,3342.0,3342.0,3342.0,3342.0,3342.0,3342.0,3342.0,3342.0,3342.0,3342.0,3342.0,3342.0,3342.0,3342.0,3342.0,3342.0,3342.0,3342.0,3342.0,3342.0,3342.0,3342.0,3342.0,3342.0,3342.0,3342.0,3342.0,3342.0,3342.0,3342.0,3342.0,3342.0,3342.0,3342.0,3342.0,3342.0,3342.0,3342.0,3342.0,3342.0,3342.0,3342.0,3342.0,3342.0,3342.0,3342.0,3342.0,3342.0,2.0,,,,,,,,,,,,,,,,,0.2,366.5343,351.3094,338.5824,327.8435,318.7622,311.1428,304.8804,299.9174,296.2016,293.6499,292.1198,291.3926,291.1696,291.0866,290.7453,289.7635,287.8351,284.7903,280.6393,275.5858,368.0,471.0,528.4589,169.70010000000002,479.418,15.942800000000034
3343,3343,3343.0,3343.0,3343.0,3343.0,3343.0,3343.0,3343.0,3343.0,3343.0,3343.0,3343.0,3343.0,3343.0,3343.0,3343.0,3343.0,3343.0,3343.0,3343.0,3343.0,3343.0,3343.0,3343.0,3343.0,3343.0,3343.0,3343.0,3343.0,3343.0,3343.0,3343.0,3343.0,3343.0,3343.0,3343.0,3343.0,3343.0,3343.0,3343.0,3343.0,3343.0,3343.0,3343.0,3343.0,3343.0,3343.0,3343.0,3343.0,3343.0,3343.0,3343.0,3343.0,3343.0,3343.0,3343.0,3343.0,3343.0,3.0,,,,,,,,,,,,,,,,,0.3,353.6183,341.8199,332.041,323.8672,317.0023,311.2468,306.4837,302.6706,299.8394,298.1028,297.6653,298.8344,302.0239,307.7418,316.5629,329.0885,345.9152,367.6419,394.9547,428.8411,361.0,471.0,698.159,58.22460000000001,309.7179,15.942800000000034
3344,3344,3344.0,3344.0,3344.0,3344.0,3344.0,3344.0,3344.0,3344.0,3344.0,3344.0,3344.0,3344.0,3344.0,3344.0,3344.0,3344.0,3344.0,3344.0,3344.0,3344.0,3344.0,3344.0,3344.0,3344.0,3344.0,3344.0,3344.0,3344.0,3344.0,3344.0,3344.0,3344.0,3344.0,3344.0,3344.0,3344.0,3344.0,3344.0,3344.0,3344.0,3344.0,3344.0,3344.0,3344.0,3344.0,3344.0,3344.0,3344.0,3344.0,3344.0,3344.0,3344.0,3344.0,3344.0,3344.0,3344.0,3344.0,4.0,,,,,,,,,,,,,,,,,0.4,348.0759,337.5233,328.8892,321.8471,316.1733,311.7295,308.4502,306.3324,305.4268,305.8295,307.6759,311.1348,316.407,323.7261,333.3685,345.6728,361.0775,380.1848,403.8663,433.4429,363.0,473.0,756.3836,37.0874,251.4933,15.942800000000034
3345,3345,3345.0,3345.0,3345.0,3345.0,3345.0,3345.0,3345.0,3345.0,3345.0,3345.0,3345.0,3345.0,3345.0,3345.0,3345.0,3345.0,3345.0,3345.0,3345.0,3345.0,3345.0,3345.0,3345.0,3345.0,3345.0,3345.0,3345.0,3345.0,3345.0,3345.0,3345.0,3345.0,3345.0,3345.0,3345.0,3345.0,3345.0,3345.0,3345.0,3345.0,3345.0,3345.0,3345.0,3345.0,3345.0,3345.0,3345.0,3345.0,3345.0,3345.0,3345.0,3345.0,3345.0,3345.0,3345.0,3345.0,3345.0,5.0,,,,,,,,,,,,,,,,,0.5,349.7468,338.9905,330.3053,323.3855,318.0142,314.0433,311.3799,309.978,309.8324,310.9754,313.4756,317.4383,323.01,330.3865,339.8276,351.6808,366.4203,384.7084,407.4969,436.1994,360.0,473.0,793.471,38.00030000000004,214.4059,15.942800000000034
3346,3346,3346.0,3346.0,3346.0,3346.0,3346.0,3346.0,3346.0,3346.0,3346.0,3346.0,3346.0,3346.0,3346.0,3346.0,3346.0,3346.0,3346.0,3346.0,3346.0,3346.0,3346.0,3346.0,3346.0,3346.0,3346.0,3346.0,3346.0,3346.0,3346.0,3346.0,3346.0,3346.0,3346.0,3346.0,3346.0,3346.0,3346.0,3346.0,3346.0,3346.0,3346.0,3346.0,3346.0,3346.0,3346.0,3346.0,3346.0,3346.0,3346.0,3346.0,3346.0,3346.0,3346.0,3346.0,3346.0,3346.0,3346.0,6.0,,,,,,,,,,,,,,,,,0.6,347.7295,337.8409,329.9275,323.6951,318.9343,315.502,313.3084,312.3075,312.4914,313.8866,316.5537,320.5897,326.134,333.379,342.586,354.1106,368.4413,386.2601,408.5418,436.7218,363.0,472.0,831.4713,41.28309999999999,176.40559999999994,15.942800000000034
3347,3347,3347.0,3347.0,3347.0,3347.0,3347.0,3347.0,3347.0,3347.0,3347.0,3347.0,3347.0,3347.0,3347.0,3347.0,3347.0,3347.0,3347.0,3347.0,3347.0,3347.0,3347.0,3347.0,3347.0,3347.0,3347.0,3347.0,3347.0,3347.0,3347.0,3347.0,3347.0,3347.0,3347.0,3347.0,3347.0,3347.0,3347.0,3347.0,3347.0,3347.0,3347.0,3347.0,3347.0,3347.0,3347.0,3347.0,3347.0,3347.0,3347.0,3347.0,3347.0,3347.0,3347.0,3347.0,3347.0,3347.0,3347.0,7.0,,,,,,,,,,,,,,,,,0.7,350.1814,339.8712,331.6504,325.2139,320.3392,316.8665,314.6855,313.7281,313.9643,315.4006,318.0809,322.0898,327.5583,334.6745,343.699,354.9893,369.0375,386.5295,408.4415,436.2043,360.0,473.0,872.7544,44.07939999999997,135.12249999999997,15.942800000000034
3348,3348,3348.0,3348.0,3348.0,3348.0,3348.0,3348.0,3348.0,3348.0,3348.0,3348.0,3348.0,3348.0,3348.0,3348.0,3348.0,3348.0,3348.0,3348.0,3348.0,3348.0,3348.0,3348.0,3348.0,3348.0,3348.0,3348.0,3348.0,3348.0,3348.0,3348.0,3348.0,3348.0,3348.0,3348.0,3348.0,3348.0,3348.0,3348.0,3348.0,3348.0,3348.0,3348.0,3348.0,3348.0,3348.0,3348.0,3348.0,3348.0,3348.0,3348.0,3348.0,3348.0,3348.0,3348.0,3348.0,3348.0,3348.0,8.0,,,,,,,,,,,,,,,,,0.8,348.0303,338.4422,330.8267,324.8845,320.3998,317.2216,315.251,314.4332,314.7515,316.2248,318.9083,322.8963,328.3291,335.4031,344.3872,355.6474,369.6844,387.1929,409.1591,437.0272,361.0,472.0,916.8338,44.840400000000045,91.04309999999998,15.942800000000034
3349,3349,3349.0,3349.0,3349.0,3349.0,3349.0,3349.0,3349.0,3349.0,3349.0,3349.0,3349.0,3349.0,3349.0,3349.0,3349.0,3349.0,3349.0,3349.0,3349.0,3349.0,3349.0,3349.0,3349.0,3349.0,3349.0,3349.0,3349.0,3349.0,3349.0,3349.0,3349.0,3349.0,3349.0,3349.0,3349.0,3349.0,3349.0,3349.0,3349.0,3349.0,3349.0,3349.0,3349.0,3349.0,3349.0,3349.0,3349.0,3349.0,3349.0,3349.0,3349.0,3349.0,3349.0,3349.0,3349.0,3349.0,3349.0,9.0,,,,,,,,,,,,,,,,,0.9,348.8041,339.0355,331.2841,325.2494,320.7117,317.5134,315.5474,314.7488,315.0913,316.5854,319.2792,323.2616,328.6683,335.6924,344.6001,355.7547,369.6544,386.9912,408.7465,436.3551,362.0,473.0,961.6742,46.202699999999936,46.202699999999936,15.942800000000034
3350,3350,3350.0,3350.0,3350.0,3350.0,3350.0,3350.0,3350.0,3350.0,3350.0,3350.0,3350.0,3350.0,3350.0,3350.0,3350.0,3350.0,3350.0,3350.0,3350.0,3350.0,3350.0,3350.0,3350.0,3350.0,3350.0,3350.0,3350.0,3350.0,3350.0,3350.0,3350.0,3350.0,3350.0,3350.0,3350.0,3350.0,3350.0,3350.0,3350.0,3350.0,3350.0,3350.0,3350.0,3350.0,3350.0,3350.0,3350.0,3350.0,3350.0,3350.0,3350.0,3350.0,3350.0,3350.0,3350.0,3350.0,3350.0,0.0,,,,,,,,,,,,,,,,,0.0,273.0,273.0,273.0,273.0,273.0,273.0,273.0,273.0,273.0,273.0,273.0,273.0,273.0,273.0,273.0,273.0,273.0,273.0,273.0,273.0,443.0,412.0,0.0,362.2256,1014.8255,16.222800000000007
3351,3351,3351.0,3351.0,3351.0,3351.0,3351.0,3351.0,3351.0,3351.0,3351.0,3351.0,3351.0,3351.0,3351.0,3351.0,3351.0,3351.0,3351.0,3351.0,3351.0,3351.0,3351.0,3351.0,3351.0,3351.0,3351.0,3351.0,3351.0,3351.0,3351.0,3351.0,3351.0,3351.0,3351.0,3351.0,3351.0,3351.0,3351.0,3351.0,3351.0,3351.0,3351.0,3351.0,3351.0,3351.0,3351.0,3351.0,3351.0,3351.0,3351.0,3351.0,3351.0,3351.0,3351.0,3351.0,3351.0,3351.0,3351.0,1.0,,,,,,,,,,,,,,,,,0.1,405.9252,375.3733,350.2143,329.7871,313.6057,301.2066,292.098,285.7753,281.7716,279.7158,279.3788,280.6993,283.7836,288.8813,296.3413,306.5552,319.9062,336.741,357.3897,382.2565,386.0,273.0,362.2256,171.6091,652.5999,16.222800000000007
3352,3352,3352.0,3352.0,3352.0,3352.0,3352.0,3352.0,3352.0,3352.0,3352.0,3352.0,3352.0,3352.0,3352.0,3352.0,3352.0,3352.0,3352.0,3352.0,3352.0,3352.0,3352.0,3352.0,3352.0,3352.0,3352.0,3352.0,3352.0,3352.0,3352.0,3352.0,3352.0,3352.0,3352.0,3352.0,3352.0,3352.0,3352.0,3352.0,3352.0,3352.0,3352.0,3352.0,3352.0,3352.0,3352.0,3352.0,3352.0,3352.0,3352.0,3352.0,3352.0,3352.0,3352.0,3352.0,3352.0,3352.0,3352.0,2.0,,,,,,,,,,,,,,,,,0.2,367.3534,351.987,339.1438,328.304,319.1303,311.4228,305.0741,300.026,296.2277,293.5999,292.0067,291.2396,291.0137,290.982,290.7655,290.0012,288.3989,285.7982,282.2097,277.8268,366.0,473.0,533.8347,168.89290000000005,480.9908,16.222800000000007
3353,3353,3353.0,3353.0,3353.0,3353.0,3353.0,3353.0,3353.0,3353.0,3353.0,3353.0,3353.0,3353.0,3353.0,3353.0,3353.0,3353.0,3353.0,3353.0,3353.0,3353.0,3353.0,3353.0,3353.0,3353.0,3353.0,3353.0,3353.0,3353.0,3353.0,3353.0,3353.0,3353.0,3353.0,3353.0,3353.0,3353.0,3353.0,3353.0,3353.0,3353.0,3353.0,3353.0,3353.0,3353.0,3353.0,3353.0,3353.0,3353.0,3353.0,3353.0,3353.0,3353.0,3353.0,3353.0,3353.0,3353.0,3353.0,3.0,,,,,,,,,,,,,,,,,0.3,352.1041,340.7066,331.2539,323.3384,316.6707,311.0597,306.3983,302.6555,299.8746,298.1795,297.785,299.0067,302.2647,308.0715,317.0044,329.6675,346.6615,368.5927,396.1614,430.3813,361.0,471.0,702.7276,56.9298,312.0979,16.222800000000007
3354,3354,3354.0,3354.0,3354.0,3354.0,3354.0,3354.0,3354.0,3354.0,3354.0,3354.0,3354.0,3354.0,3354.0,3354.0,3354.0,3354.0,3354.0,3354.0,3354.0,3354.0,3354.0,3354.0,3354.0,3354.0,3354.0,3354.0,3354.0,3354.0,3354.0,3354.0,3354.0,3354.0,3354.0,3354.0,3354.0,3354.0,3354.0,3354.0,3354.0,3354.0,3354.0,3354.0,3354.0,3354.0,3354.0,3354.0,3354.0,3354.0,3354.0,3354.0,3354.0,3354.0,3354.0,3354.0,3354.0,3354.0,3354.0,4.0,,,,,,,,,,,,,,,,,0.4,348.0334,337.4437,328.7822,321.726,316.0527,311.6236,308.3713,306.2901,305.4273,305.8757,307.7673,311.2679,316.5748,323.9188,333.5731,345.8747,361.2613,380.3359,403.9732,433.498,363.0,473.0,759.6574,36.856,255.1681,16.222800000000007
3355,3355,3355.0,3355.0,3355.0,3355.0,3355.0,3355.0,3355.0,3355.0,3355.0,3355.0,3355.0,3355.0,3355.0,3355.0,3355.0,3355.0,3355.0,3355.0,3355.0,3355.0,3355.0,3355.0,3355.0,3355.0,3355.0,3355.0,3355.0,3355.0,3355.0,3355.0,3355.0,3355.0,3355.0,3355.0,3355.0,3355.0,3355.0,3355.0,3355.0,3355.0,3355.0,3355.0,3355.0,3355.0,3355.0,3355.0,3355.0,3355.0,3355.0,3355.0,3355.0,3355.0,3355.0,3355.0,3355.0,3355.0,3355.0,5.0,,,,,,,,,,,,,,,,,0.5,349.7396,338.9769,330.2872,323.3656,317.9956,314.0293,311.3736,309.9819,309.8483,311.004,313.5162,317.4892,323.0686,330.4492,339.8903,351.7397,366.4717,384.7492,407.5251,436.2136,362.0,472.0,796.5134,38.28469999999993,218.3121,16.222800000000007
3356,3356,3356.0,3356.0,3356.0,3356.0,3356.0,3356.0,3356.0,3356.0,3356.0,3356.0,3356.0,3356.0,3356.0,3356.0,3356.0,3356.0,3356.0,3356.0,3356.0,3356.0,3356.0,3356.0,3356.0,3356.0,3356.0,3356.0,3356.0,3356.0,3356.0,3356.0,3356.0,3356.0,3356.0,3356.0,3356.0,3356.0,3356.0,3356.0,3356.0,3356.0,3356.0,3356.0,3356.0,3356.0,3356.0,3356.0,3356.0,3356.0,3356.0,3356.0,3356.0,3356.0,3356.0,3356.0,3356.0,3356.0,3356.0,6.0,,,,,,,,,,,,,,,,,0.6,349.2827,339.0265,330.8132,324.3405,319.3921,315.818,313.5207,312.4465,312.5796,313.9391,316.5787,320.5895,326.1053,333.3135,342.4709,353.9285,368.1703,385.8731,408.0042,435.9871,362.0,471.0,834.7981,41.56130000000008,180.02740000000006,16.222800000000007
3357,3357,3357.0,3357.0,3357.0,3357.0,3357.0,3357.0,3357.0,3357.0,3357.0,3357.0,3357.0,3357.0,3357.0,3357.0,3357.0,3357.0,3357.0,3357.0,3357.0,3357.0,3357.0,3357.0,3357.0,3357.0,3357.0,3357.0,3357.0,3357.0,3357.0,3357.0,3357.0,3357.0,3357.0,3357.0,3357.0,3357.0,3357.0,3357.0,3357.0,3357.0,3357.0,3357.0,3357.0,3357.0,3357.0,3357.0,3357.0,3357.0,3357.0,3357.0,3357.0,3357.0,3357.0,3357.0,3357.0,3357.0,3357.0,7.0,,,,,,,,,,,,,,,,,0.7,349.461,339.3852,331.3546,325.0651,320.2962,316.892,314.7477,313.8017,314.0301,315.4449,318.0939,322.0642,327.4878,334.5524,343.5169,354.7363,368.6989,386.085,407.8622,435.4478,363.0,473.0,876.3594,44.75469999999996,138.46609999999998,16.222800000000007
3358,3358,3358.0,3358.0,3358.0,3358.0,3358.0,3358.0,3358.0,3358.0,3358.0,3358.0,3358.0,3358.0,3358.0,3358.0,3358.0,3358.0,3358.0,3358.0,3358.0,3358.0,3358.0,3358.0,3358.0,3358.0,3358.0,3358.0,3358.0,3358.0,3358.0,3358.0,3358.0,3358.0,3358.0,3358.0,3358.0,3358.0,3358.0,3358.0,3358.0,3358.0,3358.0,3358.0,3358.0,3358.0,3358.0,3358.0,3358.0,3358.0,3358.0,3358.0,3358.0,3358.0,3358.0,3358.0,3358.0,3358.0,3358.0,8.0,,,,,,,,,,,,,,,,,0.8,350.3468,340.1959,332.1216,325.813,321.0436,317.6509,315.5239,314.5951,314.836,316.2555,318.901,322.8616,328.2744,335.3346,344.311,355.57,369.6125,387.1329,409.1162,437.005,362.0,473.0,921.1141,46.50369999999998,93.71140000000004,16.222800000000007
3359,3359,3359.0,3359.0,3359.0,3359.0,3359.0,3359.0,3359.0,3359.0,3359.0,3359.0,3359.0,3359.0,3359.0,3359.0,3359.0,3359.0,3359.0,3359.0,3359.0,3359.0,3359.0,3359.0,3359.0,3359.0,3359.0,3359.0,3359.0,3359.0,3359.0,3359.0,3359.0,3359.0,3359.0,3359.0,3359.0,3359.0,3359.0,3359.0,3359.0,3359.0,3359.0,3359.0,3359.0,3359.0,3359.0,3359.0,3359.0,3359.0,3359.0,3359.0,3359.0,3359.0,3359.0,3359.0,3359.0,3359.0,3359.0,9.0,,,,,,,,,,,,,,,,,0.9,349.6597,339.7788,331.9344,325.817,321.2017,317.9289,315.8915,315.0263,315.3094,316.7539,319.4101,323.3691,328.7688,335.8041,344.7436,355.9532,369.9341,387.3823,409.2857,437.0903,362.0,473.0,967.6178,47.207700000000045,47.207700000000045,16.222800000000007
3360,3360,3360.0,3360.0,3360.0,3360.0,3360.0,3360.0,3360.0,3360.0,3360.0,3360.0,3360.0,3360.0,3360.0,3360.0,3360.0,3360.0,3360.0,3360.0,3360.0,3360.0,3360.0,3360.0,3360.0,3360.0,3360.0,3360.0,3360.0,3360.0,3360.0,3360.0,3360.0,3360.0,3360.0,3360.0,3360.0,3360.0,3360.0,3360.0,3360.0,3360.0,3360.0,3360.0,3360.0,3360.0,3360.0,3360.0,3360.0,3360.0,3360.0,3360.0,3360.0,3360.0,3360.0,3360.0,3360.0,3360.0,0.0,,,,,,,,,,,,,,,,,,0.0,273.0,273.0,273.0,273.0,273.0,273.0,273.0,273.0,273.0,273.0,273.0,273.0,273.0,273.0,273.0,273.0,273.0,273.0,273.0,273.0,327.0,471.0,0.0,364.8035,986.3077,-20.0
3361,3361,3361.0,3361.0,3361.0,3361.0,3361.0,3361.0,3361.0,3361.0,3361.0,3361.0,3361.0,3361.0,3361.0,3361.0,3361.0,3361.0,3361.0,3361.0,3361.0,3361.0,3361.0,3361.0,3361.0,3361.0,3361.0,3361.0,3361.0,3361.0,3361.0,3361.0,3361.0,3361.0,3361.0,3361.0,3361.0,3361.0,3361.0,3361.0,3361.0,3361.0,3361.0,3361.0,3361.0,3361.0,3361.0,3361.0,3361.0,3361.0,3361.0,3361.0,3361.0,3361.0,3361.0,3361.0,3361.0,3361.0,1.0,,,,,,,,,,,,,,,,,,0.1,315.9869,306.4491,298.3656,291.7117,286.4323,282.4378,279.6196,277.8806,277.1724,277.5338,279.1206,282.225,287.2743,294.8097,305.443,319.8044,338.5002,362.1174,391.3135,427.0447,304.0,472.0,364.8035,127.2729,621.5042,-11.61220000000003
3362,3362,3362.0,3362.0,3362.0,3362.0,3362.0,3362.0,3362.0,3362.0,3362.0,3362.0,3362.0,3362.0,3362.0,3362.0,3362.0,3362.0,3362.0,3362.0,3362.0,3362.0,3362.0,3362.0,3362.0,3362.0,3362.0,3362.0,3362.0,3362.0,3362.0,3362.0,3362.0,3362.0,3362.0,3362.0,3362.0,3362.0,3362.0,3362.0,3362.0,3362.0,3362.0,3362.0,3362.0,3362.0,3362.0,3362.0,3362.0,3362.0,3362.0,3362.0,3362.0,3362.0,3362.0,3362.0,3362.0,3362.0,2.0,,,,,,,,,,,,,,,,,,0.2,299.7943,296.2393,293.2428,290.7594,288.7945,287.4032,286.6839,286.7709,287.8258,290.0301,293.5804,298.6864,305.5722,314.4817,325.6916,339.5346,356.4406,377.0043,402.0967,433.0526,271.0,473.0,492.0764,64.15140000000002,494.2313,-7.796799999999962
3363,3363,3363.0,3363.0,3363.0,3363.0,3363.0,3363.0,3363.0,3363.0,3363.0,3363.0,3363.0,3363.0,3363.0,3363.0,3363.0,3363.0,3363.0,3363.0,3363.0,3363.0,3363.0,3363.0,3363.0,3363.0,3363.0,3363.0,3363.0,3363.0,3363.0,3363.0,3363.0,3363.0,3363.0,3363.0,3363.0,3363.0,3363.0,3363.0,3363.0,3363.0,3363.0,3363.0,3363.0,3363.0,3363.0,3363.0,3363.0,3363.0,3363.0,3363.0,3363.0,3363.0,3363.0,3363.0,3363.0,3363.0,3.0,,,,,,,,,,,,,,,,,,0.3,273.8431,276.5551,279.0747,281.3895,283.546,285.6487,287.8512,290.3414,293.3272,297.025,301.6533,307.4332,314.5951,323.3916,334.1184,347.1444,362.9555,382.2217,405.903,435.426,265.0,472.0,556.2278,58.90340000000003,430.0799,-10.80129999999997
3364,3364,3364.0,3364.0,3364.0,3364.0,3364.0,3364.0,3364.0,3364.0,3364.0,3364.0,3364.0,3364.0,3364.0,3364.0,3364.0,3364.0,3364.0,3364.0,3364.0,3364.0,3364.0,3364.0,3364.0,3364.0,3364.0,3364.0,3364.0,3364.0,3364.0,3364.0,3364.0,3364.0,3364.0,3364.0,3364.0,3364.0,3364.0,3364.0,3364.0,3364.0,3364.0,3364.0,3364.0,3364.0,3364.0,3364.0,3364.0,3364.0,3364.0,3364.0,3364.0,3364.0,3364.0,3364.0,3364.0,3364.0,4.0,,,,,,,,,,,,,,,,,,0.4,268.3987,271.651,274.7819,277.8317,280.8603,283.9496,287.202,290.7392,294.6996,299.237,304.5215,310.7423,318.1154,326.8948,337.3909,349.9973,365.2317,383.7986,406.6896,435.3536,262.0,473.0,615.1312,60.83389999999997,371.1764999999999,-13.850400000000036
3365,3365,3365.0,3365.0,3365.0,3365.0,3365.0,3365.0,3365.0,3365.0,3365.0,3365.0,3365.0,3365.0,3365.0,3365.0,3365.0,3365.0,3365.0,3365.0,3365.0,3365.0,3365.0,3365.0,3365.0,3365.0,3365.0,3365.0,3365.0,3365.0,3365.0,3365.0,3365.0,3365.0,3365.0,3365.0,3365.0,3365.0,3365.0,3365.0,3365.0,3365.0,3365.0,3365.0,3365.0,3365.0,3365.0,3365.0,3365.0,3365.0,3365.0,3365.0,3365.0,3365.0,3365.0,3365.0,3365.0,3365.0,5.0,,,,,,,,,,,,,,,,,,0.5,265.7553,269.3373,272.7967,276.1914,279.5893,283.0699,286.7255,290.6613,294.9966,299.8663,305.4249,311.8509,319.3561,328.1968,338.6922,351.2499,366.4053,384.8834,407.6985,436.3242,262.0,471.0,675.9651,62.00159999999994,310.34259999999995,-16.18009999999998
3366,3366,3366.0,3366.0,3366.0,3366.0,3366.0,3366.0,3366.0,3366.0,3366.0,3366.0,3366.0,3366.0,3366.0,3366.0,3366.0,3366.0,3366.0,3366.0,3366.0,3366.0,3366.0,3366.0,3366.0,3366.0,3366.0,3366.0,3366.0,3366.0,3366.0,3366.0,3366.0,3366.0,3366.0,3366.0,3366.0,3366.0,3366.0,3366.0,3366.0,3366.0,3366.0,3366.0,3366.0,3366.0,3366.0,3366.0,3366.0,3366.0,3366.0,3366.0,3366.0,3366.0,3366.0,3366.0,3366.0,3366.0,6.0,,,,,,,,,,,,,,,,,,0.6,265.6276,269.0998,272.4822,275.8421,279.2508,282.7847,286.5276,290.5729,295.0258,300.0073,305.6578,312.1439,319.6663,328.4726,338.8745,351.2738,366.2014,384.3772,406.8073,434.9478,263.0,473.0,737.9667,62.55970000000002,248.341,-18.015300000000025
3367,3367,3367.0,3367.0,3367.0,3367.0,3367.0,3367.0,3367.0,3367.0,3367.0,3367.0,3367.0,3367.0,3367.0,3367.0,3367.0,3367.0,3367.0,3367.0,3367.0,3367.0,3367.0,3367.0,3367.0,3367.0,3367.0,3367.0,3367.0,3367.0,3367.0,3367.0,3367.0,3367.0,3367.0,3367.0,3367.0,3367.0,3367.0,3367.0,3367.0,3367.0,3367.0,3367.0,3367.0,3367.0,3367.0,3367.0,3367.0,3367.0,3367.0,3367.0,3367.0,3367.0,3367.0,3367.0,3367.0,3367.0,7.0,,,,,,,,,,,,,,,,,,0.7,266.4052,269.68,272.8951,276.1206,279.4281,282.892,286.592,290.6165,295.0653,300.055,305.7236,312.2375,319.8003,328.6649,339.1509,351.6695,366.7622,385.1608,407.8864,436.4184,262.0,472.0,800.5264,61.95230000000004,185.7813,-19.558
3368,3368,3368.0,3368.0,3368.0,3368.0,3368.0,3368.0,3368.0,3368.0,3368.0,3368.0,3368.0,3368.0,3368.0,3368.0,3368.0,3368.0,3368.0,3368.0,3368.0,3368.0,3368.0,3368.0,3368.0,3368.0,3368.0,3368.0,3368.0,3368.0,3368.0,3368.0,3368.0,3368.0,3368.0,3368.0,3368.0,3368.0,3368.0,3368.0,3368.0,3368.0,3368.0,3368.0,3368.0,3368.0,3368.0,3368.0,3368.0,3368.0,3368.0,3368.0,3368.0,3368.0,3368.0,3368.0,3368.0,3368.0,8.0,,,,,,,,,,,,,,,,,,0.8,265.6333,269.1115,272.5004,275.868,279.2864,282.8328,286.5916,290.6565,295.1325,300.1397,305.8179,312.3332,319.8868,328.7275,339.1696,351.6188,366.6108,384.8724,407.4188,435.7198,263.0,473.0,862.4787,62.1626,123.82899999999997,-21.36719999999997
3369,3369,3369.0,3369.0,3369.0,3369.0,3369.0,3369.0,3369.0,3369.0,3369.0,3369.0,3369.0,3369.0,3369.0,3369.0,3369.0,3369.0,3369.0,3369.0,3369.0,3369.0,3369.0,3369.0,3369.0,3369.0,3369.0,3369.0,3369.0,3369.0,3369.0,3369.0,3369.0,3369.0,3369.0,3369.0,3369.0,3369.0,3369.0,3369.0,3369.0,3369.0,3369.0,3369.0,3369.0,3369.0,3369.0,3369.0,3369.0,3369.0,3369.0,3369.0,3369.0,3369.0,3369.0,3369.0,3369.0,3369.0,9.0,,,,,,,,,,,,,,,,,,0.9,266.4131,269.6962,272.9199,276.1548,279.4725,282.9477,286.66,290.6974,295.1599,300.1631,305.8445,312.3692,319.9396,328.8074,339.2907,351.8,366.8764,385.2522,407.9499,436.4508,262.0,472.0,924.6413,61.66639999999995,61.66639999999995,-23.10230000000001
3370,3370,3370.0,3370.0,3370.0,3370.0,3370.0,3370.0,3370.0,3370.0,3370.0,3370.0,3370.0,3370.0,3370.0,3370.0,3370.0,3370.0,3370.0,3370.0,3370.0,3370.0,3370.0,3370.0,3370.0,3370.0,3370.0,3370.0,3370.0,3370.0,3370.0,3370.0,3370.0,3370.0,3370.0,3370.0,3370.0,3370.0,3370.0,3370.0,3370.0,3370.0,3370.0,3370.0,3370.0,3370.0,3370.0,3370.0,3370.0,3370.0,3370.0,3370.0,3370.0,3370.0,3370.0,3370.0,3370.0,3370.0,0.0,,,,,,,,,,,,,,,,,,0.0,273.0,273.0,273.0,273.0,273.0,273.0,273.0,273.0,273.0,273.0,273.0,273.0,273.0,273.0,273.0,273.0,273.0,273.0,273.0,273.0,326.0,473.0,0.0,364.7803,962.2059,-20.0
3371,3371,3371.0,3371.0,3371.0,3371.0,3371.0,3371.0,3371.0,3371.0,3371.0,3371.0,3371.0,3371.0,3371.0,3371.0,3371.0,3371.0,3371.0,3371.0,3371.0,3371.0,3371.0,3371.0,3371.0,3371.0,3371.0,3371.0,3371.0,3371.0,3371.0,3371.0,3371.0,3371.0,3371.0,3371.0,3371.0,3371.0,3371.0,3371.0,3371.0,3371.0,3371.0,3371.0,3371.0,3371.0,3371.0,3371.0,3371.0,3371.0,3371.0,3371.0,3371.0,3371.0,3371.0,3371.0,3371.0,3371.0,1.0,,,,,,,,,,,,,,,,,,0.1,315.1966,305.8369,297.9029,291.3716,286.1904,282.2722,279.5121,277.8172,277.144,277.5364,279.1559,282.3004,287.4038,295.0136,305.7485,320.245,339.1167,362.9586,392.4411,428.5436,305.0,473.0,364.7803,126.47269999999996,597.4256,-11.777800000000012
3372,3372,3372.0,3372.0,3372.0,3372.0,3372.0,3372.0,3372.0,3372.0,3372.0,3372.0,3372.0,3372.0,3372.0,3372.0,3372.0,3372.0,3372.0,3372.0,3372.0,3372.0,3372.0,3372.0,3372.0,3372.0,3372.0,3372.0,3372.0,3372.0,3372.0,3372.0,3372.0,3372.0,3372.0,3372.0,3372.0,3372.0,3372.0,3372.0,3372.0,3372.0,3372.0,3372.0,3372.0,3372.0,3372.0,3372.0,3372.0,3372.0,3372.0,3372.0,3372.0,3372.0,3372.0,3372.0,3372.0,3372.0,2.0,,,,,,,,,,,,,,,,,,0.2,300.5566,296.7959,293.6282,291.0096,288.945,287.4871,286.7305,286.8049,287.867,290.0937,293.6781,298.827,305.7622,314.7265,325.9959,339.9042,356.8836,377.5343,402.7364,433.8403,272.0,473.0,491.253,62.9717,470.95290000000006,-7.7128999999999905
3373,3373,3373.0,3373.0,3373.0,3373.0,3373.0,3373.0,3373.0,3373.0,3373.0,3373.0,3373.0,3373.0,3373.0,3373.0,3373.0,3373.0,3373.0,3373.0,3373.0,3373.0,3373.0,3373.0,3373.0,3373.0,3373.0,3373.0,3373.0,3373.0,3373.0,3373.0,3373.0,3373.0,3373.0,3373.0,3373.0,3373.0,3373.0,3373.0,3373.0,3373.0,3373.0,3373.0,3373.0,3373.0,3373.0,3373.0,3373.0,3373.0,3373.0,3373.0,3373.0,3373.0,3373.0,3373.0,3373.0,3373.0,3.0,,,,,,,,,,,,,,,,,,0.3,274.6712,277.2322,279.6216,281.8269,283.8936,285.9256,288.0747,290.5273,293.489,297.1734,301.7965,307.5762,314.7397,323.5367,334.2602,347.277,363.0721,382.3154,405.9683,435.4594,264.0,471.0,554.2247,57.95519999999999,407.98120000000006,-10.524400000000014
3374,3374,3374.0,3374.0,3374.0,3374.0,3374.0,3374.0,3374.0,3374.0,3374.0,3374.0,3374.0,3374.0,3374.0,3374.0,3374.0,3374.0,3374.0,3374.0,3374.0,3374.0,3374.0,3374.0,3374.0,3374.0,3374.0,3374.0,3374.0,3374.0,3374.0,3374.0,3374.0,3374.0,3374.0,3374.0,3374.0,3374.0,3374.0,3374.0,3374.0,3374.0,3374.0,3374.0,3374.0,3374.0,3374.0,3374.0,3374.0,3374.0,3374.0,3374.0,3374.0,3374.0,3374.0,3374.0,3374.0,3374.0,4.0,,,,,,,,,,,,,,,,,,0.4,267.6444,271.1163,274.4348,277.6369,280.7824,283.9553,287.2627,290.8314,294.805,299.3416,304.614,310.8128,318.1536,326.8888,337.3263,349.8562,364.9923,383.4341,406.1662,434.6256,266.0,473.0,612.1799,59.91380000000004,350.02600000000007,-13.844699999999987
3375,3375,3375.0,3375.0,3375.0,3375.0,3375.0,3375.0,3375.0,3375.0,3375.0,3375.0,3375.0,3375.0,3375.0,3375.0,3375.0,3375.0,3375.0,3375.0,3375.0,3375.0,3375.0,3375.0,3375.0,3375.0,3375.0,3375.0,3375.0,3375.0,3375.0,3375.0,3375.0,3375.0,3375.0,3375.0,3375.0,3375.0,3375.0,3375.0,3375.0,3375.0,3375.0,3375.0,3375.0,3375.0,3375.0,3375.0,3375.0,3375.0,3375.0,3375.0,3375.0,3375.0,3375.0,3375.0,3375.0,3375.0,5.0,,,,,,,,,,,,,,,,,,0.5,268.9471,271.8124,274.6576,277.5455,280.542,283.7178,287.1513,290.9316,295.1614,299.9611,305.4728,311.8668,319.3493,328.1737,338.6581,351.2099,366.3649,384.8478,407.6722,436.3103,263.0,471.0,672.0937,59.18079999999998,290.11220000000003,-15.532199999999987
3376,3376,3376.0,3376.0,3376.0,3376.0,3376.0,3376.0,3376.0,3376.0,3376.0,3376.0,3376.0,3376.0,3376.0,3376.0,3376.0,3376.0,3376.0,3376.0,3376.0,3376.0,3376.0,3376.0,3376.0,3376.0,3376.0,3376.0,3376.0,3376.0,3376.0,3376.0,3376.0,3376.0,3376.0,3376.0,3376.0,3376.0,3376.0,3376.0,3376.0,3376.0,3376.0,3376.0,3376.0,3376.0,3376.0,3376.0,3376.0,3376.0,3376.0,3376.0,3376.0,3376.0,3376.0,3376.0,3376.0,3376.0,6.0,,,,,,,,,,,,,,,,,,0.6,266.5682,269.9881,273.3157,276.6123,279.9468,283.3968,287.0501,291.0048,295.3712,300.274,305.8564,312.2861,319.7638,328.5362,338.9136,351.2961,366.213,384.3827,406.8095,434.9485,268.0,473.0,731.2745,59.24090000000001,230.93140000000005,-17.403200000000027
3377,3377,3377.0,3377.0,3377.0,3377.0,3377.0,3377.0,3377.0,3377.0,3377.0,3377.0,3377.0,3377.0,3377.0,3377.0,3377.0,3377.0,3377.0,3377.0,3377.0,3377.0,3377.0,3377.0,3377.0,3377.0,3377.0,3377.0,3377.0,3377.0,3377.0,3377.0,3377.0,3377.0,3377.0,3377.0,3377.0,3377.0,3377.0,3377.0,3377.0,3377.0,3377.0,3377.0,3377.0,3377.0,3377.0,3377.0,3377.0,3377.0,3377.0,3377.0,3377.0,3377.0,3377.0,3377.0,3377.0,3377.0,7.0,,,,,,,,,,,,,,,,,,0.7,270.4967,272.9684,275.4907,278.1348,280.9678,284.055,287.4633,291.2664,295.5498,300.4167,305.9943,312.4402,319.9517,328.7772,339.2331,351.7285,366.8033,385.188,407.9027,436.426,264.0,473.0,790.5154,57.37159999999994,171.69050000000004,-18.394999999999985
3378,3378,3378.0,3378.0,3378.0,3378.0,3378.0,3378.0,3378.0,3378.0,3378.0,3378.0,3378.0,3378.0,3378.0,3378.0,3378.0,3378.0,3378.0,3378.0,3378.0,3378.0,3378.0,3378.0,3378.0,3378.0,3378.0,3378.0,3378.0,3378.0,3378.0,3378.0,3378.0,3378.0,3378.0,3378.0,3378.0,3378.0,3378.0,3378.0,3378.0,3378.0,3378.0,3378.0,3378.0,3378.0,3378.0,3378.0,3378.0,3378.0,3378.0,3378.0,3378.0,3378.0,3378.0,3378.0,3378.0,3378.0,8.0,,,,,,,,,,,,,,,,,,0.8,267.4483,270.7651,274.0041,277.225,280.4957,283.8934,287.5051,291.4289,295.7745,300.6666,306.2484,312.6886,320.1903,329.0037,339.4445,351.9199,366.9681,385.3191,407.9936,436.4723,266.0,472.0,847.887,57.65860000000009,114.3189000000001,-20.306600000000003
3379,3379,3379.0,3379.0,3379.0,3379.0,3379.0,3379.0,3379.0,3379.0,3379.0,3379.0,3379.0,3379.0,3379.0,3379.0,3379.0,3379.0,3379.0,3379.0,3379.0,3379.0,3379.0,3379.0,3379.0,3379.0,3379.0,3379.0,3379.0,3379.0,3379.0,3379.0,3379.0,3379.0,3379.0,3379.0,3379.0,3379.0,3379.0,3379.0,3379.0,3379.0,3379.0,3379.0,3379.0,3379.0,3379.0,3379.0,3379.0,3379.0,3379.0,3379.0,3379.0,3379.0,3379.0,3379.0,3379.0,3379.0,9.0,,,,,,,,,,,,,,,,,,0.9,268.9675,271.8599,274.7447,277.6888,280.7595,284.0265,287.5641,291.4553,295.7945,300.6927,306.2821,312.7233,320.2132,328.998,339.3901,351.794,366.7449,384.969,407.4809,435.75,267.0,472.0,905.5456,56.66030000000001,56.66030000000001,-22.023500000000013
3380,3380,3380.0,3380.0,3380.0,3380.0,3380.0,3380.0,3380.0,3380.0,3380.0,3380.0,3380.0,3380.0,3380.0,3380.0,3380.0,3380.0,3380.0,3380.0,3380.0,3380.0,3380.0,3380.0,3380.0,3380.0,3380.0,3380.0,3380.0,3380.0,3380.0,3380.0,3380.0,3380.0,3380.0,3380.0,3380.0,3380.0,3380.0,3380.0,3380.0,3380.0,3380.0,3380.0,3380.0,3380.0,3380.0,3380.0,3380.0,3380.0,3380.0,3380.0,3380.0,3380.0,3380.0,3380.0,3380.0,3380.0,0.0,,,,,,,,,,,,,,,,,,0.0,273.0,273.0,273.0,273.0,273.0,273.0,273.0,273.0,273.0,273.0,273.0,273.0,273.0,273.0,273.0,273.0,273.0,273.0,273.0,273.0,327.0,473.0,0.0,364.5018,963.3458,-20.0
3381,3381,3381.0,3381.0,3381.0,3381.0,3381.0,3381.0,3381.0,3381.0,3381.0,3381.0,3381.0,3381.0,3381.0,3381.0,3381.0,3381.0,3381.0,3381.0,3381.0,3381.0,3381.0,3381.0,3381.0,3381.0,3381.0,3381.0,3381.0,3381.0,3381.0,3381.0,3381.0,3381.0,3381.0,3381.0,3381.0,3381.0,3381.0,3381.0,3381.0,3381.0,3381.0,3381.0,3381.0,3381.0,3381.0,3381.0,3381.0,3381.0,3381.0,3381.0,3381.0,3381.0,3381.0,3381.0,3381.0,3381.0,1.0,,,,,,,,,,,,,,,,,,0.1,315.9869,306.4492,298.3658,291.7122,286.4335,282.4402,279.6244,277.8896,277.1891,277.5634,279.1716,282.3092,287.4085,295.0161,305.7497,320.2456,339.117,362.9587,392.4411,428.5436,303.0,472.0,364.5018,126.20690000000002,598.844,-11.609800000000009
3382,3382,3382.0,3382.0,3382.0,3382.0,3382.0,3382.0,3382.0,3382.0,3382.0,3382.0,3382.0,3382.0,3382.0,3382.0,3382.0,3382.0,3382.0,3382.0,3382.0,3382.0,3382.0,3382.0,3382.0,3382.0,3382.0,3382.0,3382.0,3382.0,3382.0,3382.0,3382.0,3382.0,3382.0,3382.0,3382.0,3382.0,3382.0,3382.0,3382.0,3382.0,3382.0,3382.0,3382.0,3382.0,3382.0,3382.0,3382.0,3382.0,3382.0,3382.0,3382.0,3382.0,3382.0,3382.0,3382.0,3382.0,2.0,,,,,,,,,,,,,,,,,,0.2,299.0025,295.6279,292.7849,290.4294,288.5689,287.2612,286.6087,286.7494,287.8486,290.0907,293.6741,298.809,305.7187,314.6453,325.8632,339.7033,356.5941,377.1307,402.1863,433.0987,272.0,473.0,490.7087,64.04470000000003,472.6371,-7.938800000000015
3383,3383,3383.0,3383.0,3383.0,3383.0,3383.0,3383.0,3383.0,3383.0,3383.0,3383.0,3383.0,3383.0,3383.0,3383.0,3383.0,3383.0,3383.0,3383.0,3383.0,3383.0,3383.0,3383.0,3383.0,3383.0,3383.0,3383.0,3383.0,3383.0,3383.0,3383.0,3383.0,3383.0,3383.0,3383.0,3383.0,3383.0,3383.0,3383.0,3383.0,3383.0,3383.0,3383.0,3383.0,3383.0,3383.0,3383.0,3383.0,3383.0,3383.0,3383.0,3383.0,3383.0,3383.0,3383.0,3383.0,3383.0,3.0,,,,,,,,,,,,,,,,,,0.3,274.6137,277.1234,279.4728,281.652,283.7074,285.7408,287.9009,290.3697,293.3492,297.05,301.686,307.4747,314.6439,323.4449,334.1726,347.1956,363.0003,382.2573,405.9275,435.4385,263.0,471.0,554.7534,58.8051999999999,408.5924,-10.70920000000001
3384,3384,3384.0,3384.0,3384.0,3384.0,3384.0,3384.0,3384.0,3384.0,3384.0,3384.0,3384.0,3384.0,3384.0,3384.0,3384.0,3384.0,3384.0,3384.0,3384.0,3384.0,3384.0,3384.0,3384.0,3384.0,3384.0,3384.0,3384.0,3384.0,3384.0,3384.0,3384.0,3384.0,3384.0,3384.0,3384.0,3384.0,3384.0,3384.0,3384.0,3384.0,3384.0,3384.0,3384.0,3384.0,3384.0,3384.0,3384.0,3384.0,3384.0,3384.0,3384.0,3384.0,3384.0,3384.0,3384.0,3384.0,4.0,,,,,,,,,,,,,,,,,,0.4,266.8225,270.4512,273.9039,277.2174,280.4527,283.6959,287.0567,290.6653,294.6685,299.2272,304.5165,310.7289,318.0811,326.8267,337.2738,349.813,364.9583,383.409,406.1498,434.6176,265.0,471.0,613.5586,60.82640000000004,349.7872000000001,-14.104100000000017
3385,3385,3385.0,3385.0,3385.0,3385.0,3385.0,3385.0,3385.0,3385.0,3385.0,3385.0,3385.0,3385.0,3385.0,3385.0,3385.0,3385.0,3385.0,3385.0,3385.0,3385.0,3385.0,3385.0,3385.0,3385.0,3385.0,3385.0,3385.0,3385.0,3385.0,3385.0,3385.0,3385.0,3385.0,3385.0,3385.0,3385.0,3385.0,3385.0,3385.0,3385.0,3385.0,3385.0,3385.0,3385.0,3385.0,3385.0,3385.0,3385.0,3385.0,3385.0,3385.0,3385.0,3385.0,3385.0,3385.0,3385.0,5.0,,,,,,,,,,,,,,,,,,0.5,268.1,271.0998,274.0624,277.0518,280.1349,283.3834,286.8768,290.7046,294.9699,299.7925,305.3133,311.7003,319.156,327.9295,338.333,350.7673,365.7603,384.0267,406.5655,434.8251,265.0,473.0,674.385,60.3134,288.96080000000006,-15.866600000000004
3386,3386,3386.0,3386.0,3386.0,3386.0,3386.0,3386.0,3386.0,3386.0,3386.0,3386.0,3386.0,3386.0,3386.0,3386.0,3386.0,3386.0,3386.0,3386.0,3386.0,3386.0,3386.0,3386.0,3386.0,3386.0,3386.0,3386.0,3386.0,3386.0,3386.0,3386.0,3386.0,3386.0,3386.0,3386.0,3386.0,3386.0,3386.0,3386.0,3386.0,3386.0,3386.0,3386.0,3386.0,3386.0,3386.0,3386.0,3386.0,3386.0,3386.0,3386.0,3386.0,3386.0,3386.0,3386.0,3386.0,3386.0,6.0,,,,,,,,,,,,,,,,,,0.6,268.1178,271.1364,274.1196,277.1331,280.2453,283.5293,287.0651,290.9421,295.2617,300.1417,305.7212,312.167,319.6822,328.5188,338.9945,351.5182,366.6285,385.0541,407.8129,436.3812,267.0,471.0,734.6984,58.41039999999998,228.6474000000001,-17.270700000000033
3387,3387,3387.0,3387.0,3387.0,3387.0,3387.0,3387.0,3387.0,3387.0,3387.0,3387.0,3387.0,3387.0,3387.0,3387.0,3387.0,3387.0,3387.0,3387.0,3387.0,3387.0,3387.0,3387.0,3387.0,3387.0,3387.0,3387.0,3387.0,3387.0,3387.0,3387.0,3387.0,3387.0,3387.0,3387.0,3387.0,3387.0,3387.0,3387.0,3387.0,3387.0,3387.0,3387.0,3387.0,3387.0,3387.0,3387.0,3387.0,3387.0,3387.0,3387.0,3387.0,3387.0,3387.0,3387.0,3387.0,3387.0,7.0,,,,,,,,,,,,,,,,,,0.7,269.7434,272.4328,275.137,277.9235,280.8598,284.0151,287.4628,291.2839,295.5707,300.4314,305.9949,312.4178,319.8931,328.6622,339.0326,351.4034,366.3039,384.4533,406.8575,434.9726,265.0,472.0,793.1088,57.377200000000016,170.23700000000008,-18.43489999999997
3388,3388,3388.0,3388.0,3388.0,3388.0,3388.0,3388.0,3388.0,3388.0,3388.0,3388.0,3388.0,3388.0,3388.0,3388.0,3388.0,3388.0,3388.0,3388.0,3388.0,3388.0,3388.0,3388.0,3388.0,3388.0,3388.0,3388.0,3388.0,3388.0,3388.0,3388.0,3388.0,3388.0,3388.0,3388.0,3388.0,3388.0,3388.0,3388.0,3388.0,3388.0,3388.0,3388.0,3388.0,3388.0,3388.0,3388.0,3388.0,3388.0,3388.0,3388.0,3388.0,3388.0,3388.0,3388.0,3388.0,3388.0,8.0,,,,,,,,,,,,,,,,,,0.8,268.2278,271.3489,274.4211,277.5061,280.6708,283.9891,287.5431,291.4245,295.7374,300.6008,306.1536,312.5613,320.0249,328.7932,339.1807,351.5931,366.5659,384.8238,407.3792,435.698,267.0,472.0,850.486,57.14009999999996,112.85980000000006,-20.21089999999998
3389,3389,3389.0,3389.0,3389.0,3389.0,3389.0,3389.0,3389.0,3389.0,3389.0,3389.0,3389.0,3389.0,3389.0,3389.0,3389.0,3389.0,3389.0,3389.0,3389.0,3389.0,3389.0,3389.0,3389.0,3389.0,3389.0,3389.0,3389.0,3389.0,3389.0,3389.0,3389.0,3389.0,3389.0,3389.0,3389.0,3389.0,3389.0,3389.0,3389.0,3389.0,3389.0,3389.0,3389.0,3389.0,3389.0,3389.0,3389.0,3389.0,3389.0,3389.0,3389.0,3389.0,3389.0,3389.0,3389.0,3389.0,9.0,,,,,,,,,,,,,,,,,,0.9,269.7947,272.5332,275.2822,278.1077,281.0758,284.2548,287.7179,291.5461,295.8325,300.6867,306.24,312.6523,320.1207,328.8915,339.2777,351.6841,366.6457,384.8879,407.4238,435.7207,268.0,472.0,907.6261,55.7197000000001,55.7197000000001,-21.795200000000023
3390,3390,3390.0,3390.0,3390.0,3390.0,3390.0,3390.0,3390.0,3390.0,3390.0,3390.0,3390.0,3390.0,3390.0,3390.0,3390.0,3390.0,3390.0,3390.0,3390.0,3390.0,3390.0,3390.0,3390.0,3390.0,3390.0,3390.0,3390.0,3390.0,3390.0,3390.0,3390.0,3390.0,3390.0,3390.0,3390.0,3390.0,3390.0,3390.0,3390.0,3390.0,3390.0,3390.0,3390.0,3390.0,3390.0,3390.0,3390.0,3390.0,3390.0,3390.0,3390.0,3390.0,3390.0,3390.0,3390.0,3390.0,0.0,,,,,,,,,,,,,,,,,,0.0,273.0,273.0,273.0,273.0,273.0,273.0,273.0,273.0,273.0,273.0,273.0,273.0,273.0,273.0,273.0,273.0,273.0,273.0,273.0,273.0,329.0,473.0,0.0,363.9528,937.6305,-20.0
3391,3391,3391.0,3391.0,3391.0,3391.0,3391.0,3391.0,3391.0,3391.0,3391.0,3391.0,3391.0,3391.0,3391.0,3391.0,3391.0,3391.0,3391.0,3391.0,3391.0,3391.0,3391.0,3391.0,3391.0,3391.0,3391.0,3391.0,3391.0,3391.0,3391.0,3391.0,3391.0,3391.0,3391.0,3391.0,3391.0,3391.0,3391.0,3391.0,3391.0,3391.0,3391.0,3391.0,3391.0,3391.0,3391.0,3391.0,3391.0,3391.0,3391.0,3391.0,3391.0,3391.0,3391.0,3391.0,3391.0,3391.0,1.0,,,,,,,,,,,,,,,,,,0.1,317.5669,307.6728,299.291,292.3928,286.9193,282.7759,279.8487,278.0343,277.2792,277.6176,279.2029,282.3267,287.4179,295.021,305.7522,320.2468,339.1175,362.9589,392.4412,428.5436,306.0,471.0,363.9528,124.3576,573.6777,-11.274100000000033
3392,3392,3392.0,3392.0,3392.0,3392.0,3392.0,3392.0,3392.0,3392.0,3392.0,3392.0,3392.0,3392.0,3392.0,3392.0,3392.0,3392.0,3392.0,3392.0,3392.0,3392.0,3392.0,3392.0,3392.0,3392.0,3392.0,3392.0,3392.0,3392.0,3392.0,3392.0,3392.0,3392.0,3392.0,3392.0,3392.0,3392.0,3392.0,3392.0,3392.0,3392.0,3392.0,3392.0,3392.0,3392.0,3392.0,3392.0,3392.0,3392.0,3392.0,3392.0,3392.0,3392.0,3392.0,3392.0,3392.0,3392.0,2.0,,,,,,,,,,,,,,,,,,0.2,301.4491,297.5995,294.3525,291.6579,289.5171,287.9817,287.147,287.1441,288.1309,290.2847,293.7971,298.8719,305.726,314.5958,325.75,339.5141,356.3114,376.731,401.6379,432.3578,273.0,473.0,488.3104,61.96430000000004,449.3201,-7.218299999999999
3393,3393,3393.0,3393.0,3393.0,3393.0,3393.0,3393.0,3393.0,3393.0,3393.0,3393.0,3393.0,3393.0,3393.0,3393.0,3393.0,3393.0,3393.0,3393.0,3393.0,3393.0,3393.0,3393.0,3393.0,3393.0,3393.0,3393.0,3393.0,3393.0,3393.0,3393.0,3393.0,3393.0,3393.0,3393.0,3393.0,3393.0,3393.0,3393.0,3393.0,3393.0,3393.0,3393.0,3393.0,3393.0,3393.0,3393.0,3393.0,3393.0,3393.0,3393.0,3393.0,3393.0,3393.0,3393.0,3393.0,3393.0,3.0,,,,,,,,,,,,,,,,,,0.3,275.5373,277.9819,280.2695,282.3843,284.3695,286.3265,288.4054,290.7911,293.6885,297.3111,301.8754,307.6007,314.7162,323.4741,334.1697,347.172,362.9667,382.2233,405.9006,435.4238,265.0,472.0,550.2747,56.75109999999995,387.35579999999993,-10.12349999999998
3394,3394,3394.0,3394.0,3394.0,3394.0,3394.0,3394.0,3394.0,3394.0,3394.0,3394.0,3394.0,3394.0,3394.0,3394.0,3394.0,3394.0,3394.0,3394.0,3394.0,3394.0,3394.0,3394.0,3394.0,3394.0,3394.0,3394.0,3394.0,3394.0,3394.0,3394.0,3394.0,3394.0,3394.0,3394.0,3394.0,3394.0,3394.0,3394.0,3394.0,3394.0,3394.0,3394.0,3394.0,3394.0,3394.0,3394.0,3394.0,3394.0,3394.0,3394.0,3394.0,3394.0,3394.0,3394.0,3394.0,3394.0,4.0,,,,,,,,,,,,,,,,,,0.4,268.5042,271.8529,275.0632,278.1701,281.2316,284.3305,287.5726,291.0844,295.0093,299.5059,304.7481,310.9282,318.264,327.0106,337.4787,350.062,365.2775,383.8293,406.7082,435.3623,267.0,473.0,607.0258,58.3116,330.6047,-13.46950000000004
3395,3395,3395.0,3395.0,3395.0,3395.0,3395.0,3395.0,3395.0,3395.0,3395.0,3395.0,3395.0,3395.0,3395.0,3395.0,3395.0,3395.0,3395.0,3395.0,3395.0,3395.0,3395.0,3395.0,3395.0,3395.0,3395.0,3395.0,3395.0,3395.0,3395.0,3395.0,3395.0,3395.0,3395.0,3395.0,3395.0,3395.0,3395.0,3395.0,3395.0,3395.0,3395.0,3395.0,3395.0,3395.0,3395.0,3395.0,3395.0,3395.0,3395.0,3395.0,3395.0,3395.0,3395.0,3395.0,3395.0,3395.0,5.0,,,,,,,,,,,,,,,,,,0.5,269.8062,272.5483,275.286,278.0807,280.9966,284.1035,287.4786,291.2101,295.3999,300.1675,305.654,312.0284,319.4952,328.3062,338.7777,351.3155,366.454,384.9176,407.7201,436.3346,268.0,473.0,665.3374,56.82420000000002,272.2931,-15.146500000000003
3396,3396,3396.0,3396.0,3396.0,3396.0,3396.0,3396.0,3396.0,3396.0,3396.0,3396.0,3396.0,3396.0,3396.0,3396.0,3396.0,3396.0,3396.0,3396.0,3396.0,3396.0,3396.0,3396.0,3396.0,3396.0,3396.0,3396.0,3396.0,3396.0,3396.0,3396.0,3396.0,3396.0,3396.0,3396.0,3396.0,3396.0,3396.0,3396.0,3396.0,3396.0,3396.0,3396.0,3396.0,3396.0,3396.0,3396.0,3396.0,3396.0,3396.0,3396.0,3396.0,3396.0,3396.0,3396.0,3396.0,3396.0,6.0,,,,,,,,,,,,,,,,,,0.6,270.6362,273.2315,275.8488,278.5515,281.4047,284.4775,287.8445,291.5895,295.8083,300.613,306.1369,312.5415,320.0248,328.8335,339.2808,351.772,366.843,385.222,407.9279,436.4394,269.0,471.0,722.1616,54.60039999999992,215.4689,-16.32249999999999
3397,3397,3397.0,3397.0,3397.0,3397.0,3397.0,3397.0,3397.0,3397.0,3397.0,3397.0,3397.0,3397.0,3397.0,3397.0,3397.0,3397.0,3397.0,3397.0,3397.0,3397.0,3397.0,3397.0,3397.0,3397.0,3397.0,3397.0,3397.0,3397.0,3397.0,3397.0,3397.0,3397.0,3397.0,3397.0,3397.0,3397.0,3397.0,3397.0,3397.0,3397.0,3397.0,3397.0,3397.0,3397.0,3397.0,3397.0,3397.0,3397.0,3397.0,3397.0,3397.0,3397.0,3397.0,3397.0,3397.0,3397.0,7.0,,,,,,,,,,,,,,,,,,0.7,271.5004,273.9791,276.4978,279.1187,281.9055,284.9251,288.25,291.9607,296.1492,300.9232,306.411,312.7681,320.186,328.9049,339.2307,351.5614,366.4254,384.5412,406.9143,435.0003,267.0,473.0,776.762,54.1336,160.86850000000004,-17.524900000000002
3398,3398,3398.0,3398.0,3398.0,3398.0,3398.0,3398.0,3398.0,3398.0,3398.0,3398.0,3398.0,3398.0,3398.0,3398.0,3398.0,3398.0,3398.0,3398.0,3398.0,3398.0,3398.0,3398.0,3398.0,3398.0,3398.0,3398.0,3398.0,3398.0,3398.0,3398.0,3398.0,3398.0,3398.0,3398.0,3398.0,3398.0,3398.0,3398.0,3398.0,3398.0,3398.0,3398.0,3398.0,3398.0,3398.0,3398.0,3398.0,3398.0,3398.0,3398.0,3398.0,3398.0,3398.0,3398.0,3398.0,3398.0,8.0,,,,,,,,,,,,,,,,,,0.8,269.9631,272.8539,275.7257,278.636,281.6483,284.8334,288.271,292.0512,296.2764,301.0652,306.5565,312.9165,320.3474,329.1,339.4913,351.93,366.9549,385.2957,407.9714,436.4592,269.0,473.0,830.8956,53.9996000000001,106.73490000000004,-19.366600000000005
3399,3399,3399.0,3399.0,3399.0,3399.0,3399.0,3399.0,3399.0,3399.0,3399.0,3399.0,3399.0,3399.0,3399.0,3399.0,3399.0,3399.0,3399.0,3399.0,3399.0,3399.0,3399.0,3399.0,3399.0,3399.0,3399.0,3399.0,3399.0,3399.0,3399.0,3399.0,3399.0,3399.0,3399.0,3399.0,3399.0,3399.0,3399.0,3399.0,3399.0,3399.0,3399.0,3399.0,3399.0,3399.0,3399.0,3399.0,3399.0,3399.0,3399.0,3399.0,3399.0,3399.0,3399.0,3399.0,3399.0,3399.0,9.0,,,,,,,,,,,,,,,,,,0.9,271.5228,274.025,276.5689,279.2168,282.0316,285.0788,288.4293,292.1622,296.3693,301.1592,306.6627,313.0394,320.4866,329.2513,339.6473,352.0814,367.0915,385.4075,408.0503,436.4998,269.0,472.0,884.8952,52.73529999999994,52.73529999999994,-20.97120000000001
3400,3400,3400.0,3400.0,3400.0,3400.0,3400.0,3400.0,3400.0,3400.0,3400.0,3400.0,3400.0,3400.0,3400.0,3400.0,3400.0,3400.0,3400.0,3400.0,3400.0,3400.0,3400.0,3400.0,3400.0,3400.0,3400.0,3400.0,3400.0,3400.0,3400.0,3400.0,3400.0,3400.0,3400.0,3400.0,3400.0,3400.0,3400.0,3400.0,3400.0,3400.0,3400.0,3400.0,3400.0,3400.0,3400.0,3400.0,3400.0,3400.0,3400.0,3400.0,3400.0,3400.0,3400.0,3400.0,3400.0,3400.0,0.0,,,,,,,,,,,,,,,,,,0.0,273.0,273.0,273.0,273.0,273.0,273.0,273.0,273.0,273.0,273.0,273.0,273.0,273.0,273.0,273.0,273.0,273.0,273.0,273.0,273.0,326.0,472.0,0.0,364.9304,977.6026,-20.0
3401,3401,3401.0,3401.0,3401.0,3401.0,3401.0,3401.0,3401.0,3401.0,3401.0,3401.0,3401.0,3401.0,3401.0,3401.0,3401.0,3401.0,3401.0,3401.0,3401.0,3401.0,3401.0,3401.0,3401.0,3401.0,3401.0,3401.0,3401.0,3401.0,3401.0,3401.0,3401.0,3401.0,3401.0,3401.0,3401.0,3401.0,3401.0,3401.0,3401.0,3401.0,3401.0,3401.0,3401.0,3401.0,3401.0,3401.0,3401.0,3401.0,3401.0,3401.0,3401.0,3401.0,3401.0,3401.0,3401.0,3401.0,1.0,,,,,,,,,,,,,,,,,,0.1,315.1965,305.8369,297.9027,291.3714,286.1898,282.271,279.5098,277.8127,277.1357,277.5215,279.1304,282.2583,287.3367,294.9105,305.5952,320.0245,338.8085,362.5381,391.8774,427.7943,303.0,473.0,364.9304,127.50329999999995,612.6722,-11.778999999999996
3402,3402,3402.0,3402.0,3402.0,3402.0,3402.0,3402.0,3402.0,3402.0,3402.0,3402.0,3402.0,3402.0,3402.0,3402.0,3402.0,3402.0,3402.0,3402.0,3402.0,3402.0,3402.0,3402.0,3402.0,3402.0,3402.0,3402.0,3402.0,3402.0,3402.0,3402.0,3402.0,3402.0,3402.0,3402.0,3402.0,3402.0,3402.0,3402.0,3402.0,3402.0,3402.0,3402.0,3402.0,3402.0,3402.0,3402.0,3402.0,3402.0,3402.0,3402.0,3402.0,3402.0,3402.0,3402.0,3402.0,3402.0,2.0,,,,,,,,,,,,,,,,,,0.2,298.9684,295.5628,292.6945,290.3211,288.4503,287.1395,286.4894,286.6364,287.7443,289.9968,293.5928,298.7443,305.6776,314.6388,325.9072,339.8185,356.8064,377.4709,402.6916,433.8172,272.0,471.0,492.4337,64.00510000000003,485.16890000000006,-8.06049999999999
3403,3403,3403.0,3403.0,3403.0,3403.0,3403.0,3403.0,3403.0,3403.0,3403.0,3403.0,3403.0,3403.0,3403.0,3403.0,3403.0,3403.0,3403.0,3403.0,3403.0,3403.0,3403.0,3403.0,3403.0,3403.0,3403.0,3403.0,3403.0,3403.0,3403.0,3403.0,3403.0,3403.0,3403.0,3403.0,3403.0,3403.0,3403.0,3403.0,3403.0,3403.0,3403.0,3403.0,3403.0,3403.0,3403.0,3403.0,3403.0,3403.0,3403.0,3403.0,3403.0,3403.0,3403.0,3403.0,3403.0,3403.0,3.0,,,,,,,,,,,,,,,,,,0.3,274.6009,277.0984,279.4371,281.6076,283.6564,285.6856,287.8436,290.312,293.2912,296.9899,301.6187,307.3907,314.528,323.2748,333.9184,346.8188,362.4535,381.4826,404.853,433.9696,264.0,471.0,556.4388,59.00080000000003,421.1638,-10.764399999999966
3404,3404,3404.0,3404.0,3404.0,3404.0,3404.0,3404.0,3404.0,3404.0,3404.0,3404.0,3404.0,3404.0,3404.0,3404.0,3404.0,3404.0,3404.0,3404.0,3404.0,3404.0,3404.0,3404.0,3404.0,3404.0,3404.0,3404.0,3404.0,3404.0,3404.0,3404.0,3404.0,3404.0,3404.0,3404.0,3404.0,3404.0,3404.0,3404.0,3404.0,3404.0,3404.0,3404.0,3404.0,3404.0,3404.0,3404.0,3404.0,3404.0,3404.0,3404.0,3404.0,3404.0,3404.0,3404.0,3404.0,3404.0,4.0,,,,,,,,,,,,,,,,,,0.4,267.6173,271.0632,274.3578,277.5387,280.6658,283.8231,287.1171,290.6739,294.6364,299.1623,304.4244,310.6139,317.9479,326.6807,337.1225,349.6655,364.8246,383.2991,406.0719,434.5774,265.0,473.0,615.4396,60.76979999999992,362.163,-13.9769
3405,3405,3405.0,3405.0,3405.0,3405.0,3405.0,3405.0,3405.0,3405.0,3405.0,3405.0,3405.0,3405.0,3405.0,3405.0,3405.0,3405.0,3405.0,3405.0,3405.0,3405.0,3405.0,3405.0,3405.0,3405.0,3405.0,3405.0,3405.0,3405.0,3405.0,3405.0,3405.0,3405.0,3405.0,3405.0,3405.0,3405.0,3405.0,3405.0,3405.0,3405.0,3405.0,3405.0,3405.0,3405.0,3405.0,3405.0,3405.0,3405.0,3405.0,3405.0,3405.0,3405.0,3405.0,3405.0,3405.0,3405.0,5.0,,,,,,,,,,,,,,,,,,0.5,268.1292,271.1545,274.1358,277.1352,280.2195,283.4614,286.9426,290.7558,295.0076,299.8218,305.3438,311.7462,319.2369,328.0705,338.5658,351.1304,366.2998,384.7984,407.6392,436.2939,261.0,471.0,676.2094,60.744500000000016,301.3932000000001,-15.788599999999974
3406,3406,3406.0,3406.0,3406.0,3406.0,3406.0,3406.0,3406.0,3406.0,3406.0,3406.0,3406.0,3406.0,3406.0,3406.0,3406.0,3406.0,3406.0,3406.0,3406.0,3406.0,3406.0,3406.0,3406.0,3406.0,3406.0,3406.0,3406.0,3406.0,3406.0,3406.0,3406.0,3406.0,3406.0,3406.0,3406.0,3406.0,3406.0,3406.0,3406.0,3406.0,3406.0,3406.0,3406.0,3406.0,3406.0,3406.0,3406.0,3406.0,3406.0,3406.0,3406.0,3406.0,3406.0,3406.0,3406.0,3406.0,6.0,,,,,,,,,,,,,,,,,,0.6,264.9174,268.6467,272.2425,275.7659,279.2873,282.8876,286.6585,290.7034,295.1378,300.0915,305.7118,312.1701,319.6699,328.4599,338.8519,351.2471,366.1753,384.3552,406.7917,434.9398,266.0,472.0,736.9539,61.47130000000004,240.64870000000008,-17.91239999999999
3407,3407,3407.0,3407.0,3407.0,3407.0,3407.0,3407.0,3407.0,3407.0,3407.0,3407.0,3407.0,3407.0,3407.0,3407.0,3407.0,3407.0,3407.0,3407.0,3407.0,3407.0,3407.0,3407.0,3407.0,3407.0,3407.0,3407.0,3407.0,3407.0,3407.0,3407.0,3407.0,3407.0,3407.0,3407.0,3407.0,3407.0,3407.0,3407.0,3407.0,3407.0,3407.0,3407.0,3407.0,3407.0,3407.0,3407.0,3407.0,3407.0,3407.0,3407.0,3407.0,3407.0,3407.0,3407.0,3407.0,3407.0,7.0,,,,,,,,,,,,,,,,,,0.7,268.8042,271.5467,274.3058,277.1553,280.1647,283.4017,286.9355,290.8421,295.209,300.141,305.7663,312.2432,319.7686,328.5901,339.0224,351.4722,366.4763,384.7609,407.3394,435.6788,263.0,473.0,798.4252,59.93520000000001,179.17740000000003,-19.048299999999983
3408,3408,3408.0,3408.0,3408.0,3408.0,3408.0,3408.0,3408.0,3408.0,3408.0,3408.0,3408.0,3408.0,3408.0,3408.0,3408.0,3408.0,3408.0,3408.0,3408.0,3408.0,3408.0,3408.0,3408.0,3408.0,3408.0,3408.0,3408.0,3408.0,3408.0,3408.0,3408.0,3408.0,3408.0,3408.0,3408.0,3408.0,3408.0,3408.0,3408.0,3408.0,3408.0,3408.0,3408.0,3408.0,3408.0,3408.0,3408.0,3408.0,3408.0,3408.0,3408.0,3408.0,3408.0,3408.0,3408.0,3408.0,8.0,,,,,,,,,,,,,,,,,,0.8,266.5413,269.9382,273.2496,276.5391,279.8765,283.3396,287.0148,290.9987,295.3996,300.3409,305.9652,312.4415,319.9738,328.8138,339.2791,351.7787,366.8522,385.2302,407.9336,436.4422,264.0,473.0,858.3604,60.2097,119.24220000000004,-20.86039999999997
3409,3409,3409.0,3409.0,3409.0,3409.0,3409.0,3409.0,3409.0,3409.0,3409.0,3409.0,3409.0,3409.0,3409.0,3409.0,3409.0,3409.0,3409.0,3409.0,3409.0,3409.0,3409.0,3409.0,3409.0,3409.0,3409.0,3409.0,3409.0,3409.0,3409.0,3409.0,3409.0,3409.0,3409.0,3409.0,3409.0,3409.0,3409.0,3409.0,3409.0,3409.0,3409.0,3409.0,3409.0,3409.0,3409.0,3409.0,3409.0,3409.0,3409.0,3409.0,3409.0,3409.0,3409.0,3409.0,3409.0,3409.0,9.0,,,,,,,,,,,,,,,,,,0.9,267.2864,270.4589,273.5855,276.7347,279.9762,283.3834,287.0353,291.0194,295.4355,300.3991,306.0472,312.5446,320.0926,328.9414,339.4078,351.9006,366.9596,385.3164,407.9935,436.4728,266.0,472.0,918.5701,59.03250000000003,59.03250000000003,-22.666600000000017
3410,3410,3410.0,3410.0,3410.0,3410.0,3410.0,3410.0,3410.0,3410.0,3410.0,3410.0,3410.0,3410.0,3410.0,3410.0,3410.0,3410.0,3410.0,3410.0,3410.0,3410.0,3410.0,3410.0,3410.0,3410.0,3410.0,3410.0,3410.0,3410.0,3410.0,3410.0,3410.0,3410.0,3410.0,3410.0,3410.0,3410.0,3410.0,3410.0,3410.0,3410.0,3410.0,3410.0,3410.0,3410.0,3410.0,3410.0,3410.0,3410.0,3410.0,3410.0,3410.0,3410.0,3410.0,3410.0,3410.0,3410.0,0.0,,,,,,,,,,,,,,,,,,0.0,273.0,273.0,273.0,273.0,273.0,273.0,273.0,273.0,273.0,273.0,273.0,273.0,273.0,273.0,273.0,273.0,273.0,273.0,273.0,273.0,329.0,471.0,0.0,364.2545,942.2279,-20.0
3411,3411,3411.0,3411.0,3411.0,3411.0,3411.0,3411.0,3411.0,3411.0,3411.0,3411.0,3411.0,3411.0,3411.0,3411.0,3411.0,3411.0,3411.0,3411.0,3411.0,3411.0,3411.0,3411.0,3411.0,3411.0,3411.0,3411.0,3411.0,3411.0,3411.0,3411.0,3411.0,3411.0,3411.0,3411.0,3411.0,3411.0,3411.0,3411.0,3411.0,3411.0,3411.0,3411.0,3411.0,3411.0,3411.0,3411.0,3411.0,3411.0,3411.0,3411.0,3411.0,3411.0,3411.0,3411.0,3411.0,3411.0,1.0,,,,,,,,,,,,,,,,,,0.1,317.5669,307.6727,299.2908,292.3923,286.9181,282.7736,279.844,278.0253,277.2626,277.5879,279.152,282.2425,287.2838,294.8146,305.4455,319.8055,338.5008,362.1177,391.3136,427.0447,306.0,473.0,364.2545,125.7006,577.9734,-11.276400000000024
3412,3412,3412.0,3412.0,3412.0,3412.0,3412.0,3412.0,3412.0,3412.0,3412.0,3412.0,3412.0,3412.0,3412.0,3412.0,3412.0,3412.0,3412.0,3412.0,3412.0,3412.0,3412.0,3412.0,3412.0,3412.0,3412.0,3412.0,3412.0,3412.0,3412.0,3412.0,3412.0,3412.0,3412.0,3412.0,3412.0,3412.0,3412.0,3412.0,3412.0,3412.0,3412.0,3412.0,3412.0,3412.0,3412.0,3412.0,3412.0,3412.0,3412.0,3412.0,3412.0,3412.0,3412.0,3412.0,3412.0,3412.0,2.0,,,,,,,,,,,,,,,,,,0.2,301.4472,297.5954,294.3455,291.647,289.5009,287.9584,287.1151,287.1023,288.079,290.2249,293.7351,298.8186,305.6995,314.6223,325.8651,339.7628,356.7477,377.4187,402.653,433.7969,273.0,473.0,489.9551,61.77070000000003,452.2728,-7.241600000000005
3413,3413,3413.0,3413.0,3413.0,3413.0,3413.0,3413.0,3413.0,3413.0,3413.0,3413.0,3413.0,3413.0,3413.0,3413.0,3413.0,3413.0,3413.0,3413.0,3413.0,3413.0,3413.0,3413.0,3413.0,3413.0,3413.0,3413.0,3413.0,3413.0,3413.0,3413.0,3413.0,3413.0,3413.0,3413.0,3413.0,3413.0,3413.0,3413.0,3413.0,3413.0,3413.0,3413.0,3413.0,3413.0,3413.0,3413.0,3413.0,3413.0,3413.0,3413.0,3413.0,3413.0,3413.0,3413.0,3413.0,3413.0,3.0,,,,,,,,,,,,,,,,,,0.3,275.5345,277.9764,280.2617,282.3747,284.3591,286.3168,288.3984,290.7894,293.6951,297.3295,301.9085,307.6505,314.783,323.556,334.2623,347.2682,363.0581,382.3011,405.9569,435.4532,266.0,472.0,551.7258,56.41069999999991,390.5020999999999,-10.133199999999988
3414,3414,3414.0,3414.0,3414.0,3414.0,3414.0,3414.0,3414.0,3414.0,3414.0,3414.0,3414.0,3414.0,3414.0,3414.0,3414.0,3414.0,3414.0,3414.0,3414.0,3414.0,3414.0,3414.0,3414.0,3414.0,3414.0,3414.0,3414.0,3414.0,3414.0,3414.0,3414.0,3414.0,3414.0,3414.0,3414.0,3414.0,3414.0,3414.0,3414.0,3414.0,3414.0,3414.0,3414.0,3414.0,3414.0,3414.0,3414.0,3414.0,3414.0,3414.0,3414.0,3414.0,3414.0,3414.0,3414.0,3414.0,4.0,,,,,,,,,,,,,,,,,,0.4,269.306,272.4789,275.5383,278.5204,281.4829,284.5066,287.6944,291.1691,295.0703,299.5529,304.7875,310.964,318.298,327.0433,337.5098,350.0902,365.3018,383.8485,406.7214,435.369,267.0,472.0,608.1365,57.4692,334.0914,-13.29340000000002
3415,3415,3415.0,3415.0,3415.0,3415.0,3415.0,3415.0,3415.0,3415.0,3415.0,3415.0,3415.0,3415.0,3415.0,3415.0,3415.0,3415.0,3415.0,3415.0,3415.0,3415.0,3415.0,3415.0,3415.0,3415.0,3415.0,3415.0,3415.0,3415.0,3415.0,3415.0,3415.0,3415.0,3415.0,3415.0,3415.0,3415.0,3415.0,3415.0,3415.0,3415.0,3415.0,3415.0,3415.0,3415.0,3415.0,3415.0,3415.0,3415.0,3415.0,3415.0,3415.0,3415.0,3415.0,3415.0,3415.0,3415.0,5.0,,,,,,,,,,,,,,,,,,0.5,269.8425,272.6171,275.3807,278.1926,281.1167,284.2232,287.591,291.3097,295.4828,300.2306,305.6944,312.0419,319.4759,328.2454,338.6631,351.131,366.1793,384.5266,407.1793,435.5981,268.0,473.0,665.6057,56.598100000000045,276.6222,-15.02679999999998
3416,3416,3416.0,3416.0,3416.0,3416.0,3416.0,3416.0,3416.0,3416.0,3416.0,3416.0,3416.0,3416.0,3416.0,3416.0,3416.0,3416.0,3416.0,3416.0,3416.0,3416.0,3416.0,3416.0,3416.0,3416.0,3416.0,3416.0,3416.0,3416.0,3416.0,3416.0,3416.0,3416.0,3416.0,3416.0,3416.0,3416.0,3416.0,3416.0,3416.0,3416.0,3416.0,3416.0,3416.0,3416.0,3416.0,3416.0,3416.0,3416.0,3416.0,3416.0,3416.0,3416.0,3416.0,3416.0,3416.0,3416.0,6.0,,,,,,,,,,,,,,,,,,0.6,270.6482,273.2547,275.8813,278.5908,281.4478,284.5211,287.8851,291.6236,295.8327,300.6249,306.1346,312.5242,319.9931,328.7895,339.2283,351.7159,366.7891,385.176,407.8945,436.4219,265.0,473.0,722.2038,55.92399999999998,220.0241,-16.27890000000002
3417,3417,3417.0,3417.0,3417.0,3417.0,3417.0,3417.0,3417.0,3417.0,3417.0,3417.0,3417.0,3417.0,3417.0,3417.0,3417.0,3417.0,3417.0,3417.0,3417.0,3417.0,3417.0,3417.0,3417.0,3417.0,3417.0,3417.0,3417.0,3417.0,3417.0,3417.0,3417.0,3417.0,3417.0,3417.0,3417.0,3417.0,3417.0,3417.0,3417.0,3417.0,3417.0,3417.0,3417.0,3417.0,3417.0,3417.0,3417.0,3417.0,3417.0,3417.0,3417.0,3417.0,3417.0,3417.0,3417.0,3417.0,7.0,,,,,,,,,,,,,,,,,,0.7,268.2983,271.484,274.6104,277.7359,280.9263,284.2567,287.8116,291.6866,295.9897,300.8442,306.3926,312.8031,320.279,329.0703,339.4929,351.9538,366.9908,385.3334,408.0018,436.476,268.0,472.0,778.1278,55.9348,164.1001,-18.193299999999965
3418,3418,3418.0,3418.0,3418.0,3418.0,3418.0,3418.0,3418.0,3418.0,3418.0,3418.0,3418.0,3418.0,3418.0,3418.0,3418.0,3418.0,3418.0,3418.0,3418.0,3418.0,3418.0,3418.0,3418.0,3418.0,3418.0,3418.0,3418.0,3418.0,3418.0,3418.0,3418.0,3418.0,3418.0,3418.0,3418.0,3418.0,3418.0,3418.0,3418.0,3418.0,3418.0,3418.0,3418.0,3418.0,3418.0,3418.0,3418.0,3418.0,3418.0,3418.0,3418.0,3418.0,3418.0,3418.0,3418.0,3418.0,8.0,,,,,,,,,,,,,,,,,,0.8,270.6264,273.2183,275.8432,278.5671,281.4553,284.5739,287.9931,291.791,296.0574,300.8988,306.4439,312.8501,320.3122,329.0746,339.4486,351.8378,366.7766,384.9908,407.4944,435.7565,268.0,471.0,834.0626,54.40240000000006,108.1653,-19.626100000000008
3419,3419,3419.0,3419.0,3419.0,3419.0,3419.0,3419.0,3419.0,3419.0,3419.0,3419.0,3419.0,3419.0,3419.0,3419.0,3419.0,3419.0,3419.0,3419.0,3419.0,3419.0,3419.0,3419.0,3419.0,3419.0,3419.0,3419.0,3419.0,3419.0,3419.0,3419.0,3419.0,3419.0,3419.0,3419.0,3419.0,3419.0,3419.0,3419.0,3419.0,3419.0,3419.0,3419.0,3419.0,3419.0,3419.0,3419.0,3419.0,3419.0,3419.0,3419.0,3419.0,3419.0,3419.0,3419.0,3419.0,3419.0,9.0,,,,,,,,,,,,,,,,,,0.9,270.7124,273.3806,276.0646,278.8257,281.7279,284.8394,288.2345,291.9963,296.2192,301.0134,306.5096,312.8654,320.2749,328.9803,339.2903,351.6049,366.4545,384.5589,406.9237,435.0042,269.0,472.0,888.465,53.762899999999945,53.762899999999945,-21.2106
3420,3420,3420.0,3420.0,3420.0,3420.0,3420.0,3420.0,3420.0,3420.0,3420.0,3420.0,3420.0,3420.0,3420.0,3420.0,3420.0,3420.0,3420.0,3420.0,3420.0,3420.0,3420.0,3420.0,3420.0,3420.0,3420.0,3420.0,3420.0,3420.0,3420.0,3420.0,3420.0,3420.0,3420.0,3420.0,3420.0,3420.0,3420.0,3420.0,3420.0,3420.0,3420.0,3420.0,3420.0,3420.0,3420.0,3420.0,3420.0,3420.0,3420.0,3420.0,3420.0,3420.0,3420.0,3420.0,3420.0,0.0,,,,,,,,,,,,,,,,,,,0.0,273.0,273.0,273.0,273.0,273.0,273.0,273.0,273.0,273.0,273.0,273.0,273.0,273.0,273.0,273.0,273.0,273.0,273.0,273.0,273.0,388.0,472.0,0.0,352.7057,1534.1731,5.3489999999999895
3421,3421,3421.0,3421.0,3421.0,3421.0,3421.0,3421.0,3421.0,3421.0,3421.0,3421.0,3421.0,3421.0,3421.0,3421.0,3421.0,3421.0,3421.0,3421.0,3421.0,3421.0,3421.0,3421.0,3421.0,3421.0,3421.0,3421.0,3421.0,3421.0,3421.0,3421.0,3421.0,3421.0,3421.0,3421.0,3421.0,3421.0,3421.0,3421.0,3421.0,3421.0,3421.0,3421.0,3421.0,3421.0,3421.0,3421.0,3421.0,3421.0,3421.0,3421.0,3421.0,3421.0,3421.0,3421.0,3421.0,1.0,,,,,,,,,,,,,,,,,,,0.1,363.7391,343.2394,326.1123,312.1072,300.9948,292.5121,286.3603,282.2385,279.8949,279.1806,280.0923,282.796,287.6265,295.061,305.6706,320.0609,338.8254,362.5456,391.8806,427.7954,345.0,431.0,352.7057,97.37350000000004,1181.4674,5.3489999999999895
3422,3422,3422.0,3422.0,3422.0,3422.0,3422.0,3422.0,3422.0,3422.0,3422.0,3422.0,3422.0,3422.0,3422.0,3422.0,3422.0,3422.0,3422.0,3422.0,3422.0,3422.0,3422.0,3422.0,3422.0,3422.0,3422.0,3422.0,3422.0,3422.0,3422.0,3422.0,3422.0,3422.0,3422.0,3422.0,3422.0,3422.0,3422.0,3422.0,3422.0,3422.0,3422.0,3422.0,3422.0,3422.0,3422.0,3422.0,3422.0,3422.0,3422.0,3422.0,3422.0,3422.0,3422.0,3422.0,3422.0,2.0,,,,,,,,,,,,,,,,,,,0.2,334.0288,324.8348,317.0698,310.5026,305.0074,300.549,297.162,294.929,293.9582,294.3654,296.2614,299.7459,304.9087,311.8388,320.6434,331.476,344.5763,360.3228,379.3022,402.4088,267.0,271.0,450.0792,60.86439999999999,1084.0938999999998,5.3489999999999895
3423,3423,3423.0,3423.0,3423.0,3423.0,3423.0,3423.0,3423.0,3423.0,3423.0,3423.0,3423.0,3423.0,3423.0,3423.0,3423.0,3423.0,3423.0,3423.0,3423.0,3423.0,3423.0,3423.0,3423.0,3423.0,3423.0,3423.0,3423.0,3423.0,3423.0,3423.0,3423.0,3423.0,3423.0,3423.0,3423.0,3423.0,3423.0,3423.0,3423.0,3423.0,3423.0,3423.0,3423.0,3423.0,3423.0,3423.0,3423.0,3423.0,3423.0,3423.0,3423.0,3423.0,3423.0,3423.0,3423.0,3.0,,,,,,,,,,,,,,,,,,,0.3,272.6219,277.8275,282.3862,286.1695,289.1669,291.4753,293.2666,294.7439,296.0926,297.4378,298.8107,300.1305,301.2033,301.7415,301.4044,299.8572,296.8425,292.2503,286.1723,278.9202,371.0,420.0,510.9436,129.31699999999995,1023.2295,5.3489999999999895
3424,3424,3424.0,3424.0,3424.0,3424.0,3424.0,3424.0,3424.0,3424.0,3424.0,3424.0,3424.0,3424.0,3424.0,3424.0,3424.0,3424.0,3424.0,3424.0,3424.0,3424.0,3424.0,3424.0,3424.0,3424.0,3424.0,3424.0,3424.0,3424.0,3424.0,3424.0,3424.0,3424.0,3424.0,3424.0,3424.0,3424.0,3424.0,3424.0,3424.0,3424.0,3424.0,3424.0,3424.0,3424.0,3424.0,3424.0,3424.0,3424.0,3424.0,3424.0,3424.0,3424.0,3424.0,3424.0,3424.0,4.0,,,,,,,,,,,,,,,,,,,0.4,352.5315,337.1168,324.4922,314.4567,306.794,301.2421,297.4993,295.2572,294.2441,294.2683,295.2528,297.2551,300.4717,305.2232,311.9237,321.0387,333.0434,348.4015,367.5858,391.168,268.0,273.0,640.2606,83.61720000000003,893.9125,5.3489999999999895
3425,3425,3425.0,3425.0,3425.0,3425.0,3425.0,3425.0,3425.0,3425.0,3425.0,3425.0,3425.0,3425.0,3425.0,3425.0,3425.0,3425.0,3425.0,3425.0,3425.0,3425.0,3425.0,3425.0,3425.0,3425.0,3425.0,3425.0,3425.0,3425.0,3425.0,3425.0,3425.0,3425.0,3425.0,3425.0,3425.0,3425.0,3425.0,3425.0,3425.0,3425.0,3425.0,3425.0,3425.0,3425.0,3425.0,3425.0,3425.0,3425.0,3425.0,3425.0,3425.0,3425.0,3425.0,3425.0,3425.0,5.0,,,,,,,,,,,,,,,,,,,0.5,273.8475,279.2376,283.8892,287.6408,290.4683,292.4725,293.8426,294.8069,295.5815,296.3254,297.1081,297.8917,298.5308,298.7901,298.3803,297.0117,294.4571,290.6149,285.5564,279.5425,373.0,272.0,723.8778,173.83460000000002,810.2953,5.3489999999999895
3426,3426,3426.0,3426.0,3426.0,3426.0,3426.0,3426.0,3426.0,3426.0,3426.0,3426.0,3426.0,3426.0,3426.0,3426.0,3426.0,3426.0,3426.0,3426.0,3426.0,3426.0,3426.0,3426.0,3426.0,3426.0,3426.0,3426.0,3426.0,3426.0,3426.0,3426.0,3426.0,3426.0,3426.0,3426.0,3426.0,3426.0,3426.0,3426.0,3426.0,3426.0,3426.0,3426.0,3426.0,3426.0,3426.0,3426.0,3426.0,3426.0,3426.0,3426.0,3426.0,3426.0,3426.0,3426.0,3426.0,6.0,,,,,,,,,,,,,,,,,,,0.6,354.1592,338.4375,325.5395,315.2379,307.2916,301.4097,297.2503,294.4432,292.6197,291.4398,290.6103,289.892,289.0996,288.0967,286.7905,285.1275,283.0906,280.6968,277.9956,275.0638,265.0,276.0,897.7124,226.9336,636.4607,5.3489999999999895
3427,3427,3427.0,3427.0,3427.0,3427.0,3427.0,3427.0,3427.0,3427.0,3427.0,3427.0,3427.0,3427.0,3427.0,3427.0,3427.0,3427.0,3427.0,3427.0,3427.0,3427.0,3427.0,3427.0,3427.0,3427.0,3427.0,3427.0,3427.0,3427.0,3427.0,3427.0,3427.0,3427.0,3427.0,3427.0,3427.0,3427.0,3427.0,3427.0,3427.0,3427.0,3427.0,3427.0,3427.0,3427.0,3427.0,3427.0,3427.0,3427.0,3427.0,3427.0,3427.0,3427.0,3427.0,3427.0,3427.0,7.0,,,,,,,,,,,,,,,,,,,0.7,271.3564,277.148,282.048,285.8522,288.4972,290.0477,290.662,290.5472,289.9173,288.9611,287.8247,286.6071,285.3661,284.1292,282.906,281.6976,280.5045,279.3294,278.1795,277.0651,344.0,438.0,1124.646,226.2068,409.5271,5.3489999999999895
3428,3428,3428.0,3428.0,3428.0,3428.0,3428.0,3428.0,3428.0,3428.0,3428.0,3428.0,3428.0,3428.0,3428.0,3428.0,3428.0,3428.0,3428.0,3428.0,3428.0,3428.0,3428.0,3428.0,3428.0,3428.0,3428.0,3428.0,3428.0,3428.0,3428.0,3428.0,3428.0,3428.0,3428.0,3428.0,3428.0,3428.0,3428.0,3428.0,3428.0,3428.0,3428.0,3428.0,3428.0,3428.0,3428.0,3428.0,3428.0,3428.0,3428.0,3428.0,3428.0,3428.0,3428.0,3428.0,3428.0,8.0,,,,,,,,,,,,,,,,,,,0.8,331.0643,320.1325,311.0746,303.7716,298.0776,293.812,290.7758,288.7853,287.7114,287.5174,288.2865,290.2362,293.7156,299.1826,307.1643,318.2078,332.8359,351.5343,374.7978,403.2683,355.0,370.0,1350.8528,91.49260000000004,183.3203000000001,5.3489999999999895
3429,3429,3429.0,3429.0,3429.0,3429.0,3429.0,3429.0,3429.0,3429.0,3429.0,3429.0,3429.0,3429.0,3429.0,3429.0,3429.0,3429.0,3429.0,3429.0,3429.0,3429.0,3429.0,3429.0,3429.0,3429.0,3429.0,3429.0,3429.0,3429.0,3429.0,3429.0,3429.0,3429.0,3429.0,3429.0,3429.0,3429.0,3429.0,3429.0,3429.0,3429.0,3429.0,3429.0,3429.0,3429.0,3429.0,3429.0,3429.0,3429.0,3429.0,3429.0,3429.0,3429.0,3429.0,3429.0,3429.0,9.0,,,,,,,,,,,,,,,,,,,0.9,341.3738,329.9947,320.5483,312.8126,306.6247,301.8607,298.4236,296.2371,295.2408,295.3859,296.6298,298.9318,302.2498,306.5446,311.7906,317.9975,325.238,333.6809,343.6227,355.5164,270.0,273.0,1442.3454,91.82770000000004,91.82770000000004,5.3489999999999895
3430,3430,3430.0,3430.0,3430.0,3430.0,3430.0,3430.0,3430.0,3430.0,3430.0,3430.0,3430.0,3430.0,3430.0,3430.0,3430.0,3430.0,3430.0,3430.0,3430.0,3430.0,3430.0,3430.0,3430.0,3430.0,3430.0,3430.0,3430.0,3430.0,3430.0,3430.0,3430.0,3430.0,3430.0,3430.0,3430.0,3430.0,3430.0,3430.0,3430.0,3430.0,3430.0,3430.0,3430.0,3430.0,3430.0,3430.0,3430.0,3430.0,3430.0,3430.0,3430.0,3430.0,3430.0,3430.0,3430.0,0.0,,,,,,,,,,,,,,,,,,,0.0,273.0,273.0,273.0,273.0,273.0,273.0,273.0,273.0,273.0,273.0,273.0,273.0,273.0,273.0,273.0,273.0,273.0,273.0,273.0,273.0,386.0,471.0,0.0,353.0924,1628.5413000000003,4.973600000000033
3431,3431,3431.0,3431.0,3431.0,3431.0,3431.0,3431.0,3431.0,3431.0,3431.0,3431.0,3431.0,3431.0,3431.0,3431.0,3431.0,3431.0,3431.0,3431.0,3431.0,3431.0,3431.0,3431.0,3431.0,3431.0,3431.0,3431.0,3431.0,3431.0,3431.0,3431.0,3431.0,3431.0,3431.0,3431.0,3431.0,3431.0,3431.0,3431.0,3431.0,3431.0,3431.0,3431.0,3431.0,3431.0,3431.0,3431.0,3431.0,3431.0,3431.0,3431.0,3431.0,3431.0,3431.0,3431.0,3431.0,1.0,,,,,,,,,,,,,,,,,,,0.1,362.1888,342.0517,325.2187,311.4506,300.5253,292.1862,286.1405,282.0933,279.7988,279.113,280.0363,282.7368,287.5501,294.9529,305.5146,319.8388,338.5163,362.1248,391.3168,427.046,344.0,432.0,353.0924,98.4225,1275.4489000000003,4.973600000000033
3432,3432,3432.0,3432.0,3432.0,3432.0,3432.0,3432.0,3432.0,3432.0,3432.0,3432.0,3432.0,3432.0,3432.0,3432.0,3432.0,3432.0,3432.0,3432.0,3432.0,3432.0,3432.0,3432.0,3432.0,3432.0,3432.0,3432.0,3432.0,3432.0,3432.0,3432.0,3432.0,3432.0,3432.0,3432.0,3432.0,3432.0,3432.0,3432.0,3432.0,3432.0,3432.0,3432.0,3432.0,3432.0,3432.0,3432.0,3432.0,3432.0,3432.0,3432.0,3432.0,3432.0,3432.0,3432.0,3432.0,2.0,,,,,,,,,,,,,,,,,,,0.2,333.1856,324.1179,316.4577,309.98,304.563,300.1736,296.8476,294.6678,293.7429,294.1897,296.1209,299.6392,304.8386,311.8134,320.6764,331.5869,344.7903,360.6701,379.8187,403.1383,267.0,274.0,451.5149,60.55459999999994,1177.0264000000002,4.973600000000033
3433,3433,3433.0,3433.0,3433.0,3433.0,3433.0,3433.0,3433.0,3433.0,3433.0,3433.0,3433.0,3433.0,3433.0,3433.0,3433.0,3433.0,3433.0,3433.0,3433.0,3433.0,3433.0,3433.0,3433.0,3433.0,3433.0,3433.0,3433.0,3433.0,3433.0,3433.0,3433.0,3433.0,3433.0,3433.0,3433.0,3433.0,3433.0,3433.0,3433.0,3433.0,3433.0,3433.0,3433.0,3433.0,3433.0,3433.0,3433.0,3433.0,3433.0,3433.0,3433.0,3433.0,3433.0,3433.0,3433.0,3.0,,,,,,,,,,,,,,,,,,,0.3,272.568,277.7245,282.2428,285.997,288.9782,291.2832,293.0839,294.5822,295.9639,297.355,298.7893,300.1904,301.3709,302.0516,301.9014,300.5958,297.8866,293.6715,288.046,281.3216,373.0,273.0,512.0695,157.88420000000008,1116.4718000000005,4.973600000000033
3434,3434,3434.0,3434.0,3434.0,3434.0,3434.0,3434.0,3434.0,3434.0,3434.0,3434.0,3434.0,3434.0,3434.0,3434.0,3434.0,3434.0,3434.0,3434.0,3434.0,3434.0,3434.0,3434.0,3434.0,3434.0,3434.0,3434.0,3434.0,3434.0,3434.0,3434.0,3434.0,3434.0,3434.0,3434.0,3434.0,3434.0,3434.0,3434.0,3434.0,3434.0,3434.0,3434.0,3434.0,3434.0,3434.0,3434.0,3434.0,3434.0,3434.0,3434.0,3434.0,3434.0,3434.0,3434.0,3434.0,4.0,,,,,,,,,,,,,,,,,,,0.4,354.0682,338.2709,325.3281,315.0246,307.1275,301.3481,297.3412,294.7281,293.1275,292.1841,291.588,291.0836,290.4704,289.5996,288.3697,286.7229,284.643,282.1538,279.3166,276.2255,267.0,273.0,669.9537,217.617,958.5876,4.973600000000033
3435,3435,3435.0,3435.0,3435.0,3435.0,3435.0,3435.0,3435.0,3435.0,3435.0,3435.0,3435.0,3435.0,3435.0,3435.0,3435.0,3435.0,3435.0,3435.0,3435.0,3435.0,3435.0,3435.0,3435.0,3435.0,3435.0,3435.0,3435.0,3435.0,3435.0,3435.0,3435.0,3435.0,3435.0,3435.0,3435.0,3435.0,3435.0,3435.0,3435.0,3435.0,3435.0,3435.0,3435.0,3435.0,3435.0,3435.0,3435.0,3435.0,3435.0,3435.0,3435.0,3435.0,3435.0,3435.0,3435.0,5.0,,,,,,,,,,,,,,,,,,,0.5,272.9676,278.4208,283.0411,286.629,289.121,290.5772,291.1475,291.0279,290.4185,289.493,288.3806,287.1628,285.8788,284.5377,283.1313,281.6456,280.0704,278.4037,276.655,274.8443,199.0,377.0,887.5707,275.0499,740.9706000000001,4.973600000000033
3436,3436,3436.0,3436.0,3436.0,3436.0,3436.0,3436.0,3436.0,3436.0,3436.0,3436.0,3436.0,3436.0,3436.0,3436.0,3436.0,3436.0,3436.0,3436.0,3436.0,3436.0,3436.0,3436.0,3436.0,3436.0,3436.0,3436.0,3436.0,3436.0,3436.0,3436.0,3436.0,3436.0,3436.0,3436.0,3436.0,3436.0,3436.0,3436.0,3436.0,3436.0,3436.0,3436.0,3436.0,3436.0,3436.0,3436.0,3436.0,3436.0,3436.0,3436.0,3436.0,3436.0,3436.0,3436.0,3436.0,6.0,,,,,,,,,,,,,,,,,,,0.6,215.1859,229.8963,242.7933,253.679,262.5125,269.3993,274.5625,278.3072,280.9886,282.99,284.7126,286.5735,289.006,292.4547,297.3618,304.1439,313.1657,324.7236,339.0536,356.3777,374.0,473.0,1162.6206,218.1459,465.9207000000001,4.973600000000033
3437,3437,3437.0,3437.0,3437.0,3437.0,3437.0,3437.0,3437.0,3437.0,3437.0,3437.0,3437.0,3437.0,3437.0,3437.0,3437.0,3437.0,3437.0,3437.0,3437.0,3437.0,3437.0,3437.0,3437.0,3437.0,3437.0,3437.0,3437.0,3437.0,3437.0,3437.0,3437.0,3437.0,3437.0,3437.0,3437.0,3437.0,3437.0,3437.0,3437.0,3437.0,3437.0,3437.0,3437.0,3437.0,3437.0,3437.0,3437.0,3437.0,3437.0,3437.0,3437.0,3437.0,3437.0,3437.0,3437.0,7.0,,,,,,,,,,,,,,,,,,,0.7,351.4733,332.3408,316.5433,304.0507,294.7481,288.3947,284.6449,283.1082,283.4243,285.3293,288.7002,293.5736,300.1409,308.7247,319.748,333.7051,351.1524,372.7375,399.2958,432.0529,201.0,378.0,1380.7665,83.42959999999994,247.7748000000001,4.973600000000033
3438,3438,3438.0,3438.0,3438.0,3438.0,3438.0,3438.0,3438.0,3438.0,3438.0,3438.0,3438.0,3438.0,3438.0,3438.0,3438.0,3438.0,3438.0,3438.0,3438.0,3438.0,3438.0,3438.0,3438.0,3438.0,3438.0,3438.0,3438.0,3438.0,3438.0,3438.0,3438.0,3438.0,3438.0,3438.0,3438.0,3438.0,3438.0,3438.0,3438.0,3438.0,3438.0,3438.0,3438.0,3438.0,3438.0,3438.0,3438.0,3438.0,3438.0,3438.0,3438.0,3438.0,3438.0,3438.0,3438.0,8.0,,,,,,,,,,,,,,,,,,,0.8,218.6868,234.7013,248.5597,260.0253,269.1334,276.1599,281.5496,285.8295,289.5251,293.0963,296.8989,301.1709,306.0429,311.5655,317.7526,324.6321,332.3018,340.9824,351.0616,363.1283,361.0,471.0,1464.1961,116.4978000000001,164.3452000000002,4.973600000000033
3439,3439,3439.0,3439.0,3439.0,3439.0,3439.0,3439.0,3439.0,3439.0,3439.0,3439.0,3439.0,3439.0,3439.0,3439.0,3439.0,3439.0,3439.0,3439.0,3439.0,3439.0,3439.0,3439.0,3439.0,3439.0,3439.0,3439.0,3439.0,3439.0,3439.0,3439.0,3439.0,3439.0,3439.0,3439.0,3439.0,3439.0,3439.0,3439.0,3439.0,3439.0,3439.0,3439.0,3439.0,3439.0,3439.0,3439.0,3439.0,3439.0,3439.0,3439.0,3439.0,3439.0,3439.0,3439.0,3439.0,9.0,,,,,,,,,,,,,,,,,,,0.9,342.2405,326.3686,313.4105,303.3804,296.194,291.6416,289.4117,289.1479,290.5151,293.2591,297.2474,302.489,309.1356,317.4683,327.8787,340.8512,356.9602,376.9005,401.5731,432.2671,263.0,275.0,1580.6939,47.84740000000011,47.84740000000011,4.973600000000033
3440,3440,3440.0,3440.0,3440.0,3440.0,3440.0,3440.0,3440.0,3440.0,3440.0,3440.0,3440.0,3440.0,3440.0,3440.0,3440.0,3440.0,3440.0,3440.0,3440.0,3440.0,3440.0,3440.0,3440.0,3440.0,3440.0,3440.0,3440.0,3440.0,3440.0,3440.0,3440.0,3440.0,3440.0,3440.0,3440.0,3440.0,3440.0,3440.0,3440.0,3440.0,3440.0,3440.0,3440.0,3440.0,3440.0,3440.0,3440.0,3440.0,3440.0,3440.0,3440.0,3440.0,3440.0,3440.0,3440.0,0.0,,,,,,,,,,,,,,,,,,,0.0,273.0,273.0,273.0,273.0,273.0,273.0,273.0,273.0,273.0,273.0,273.0,273.0,273.0,273.0,273.0,273.0,273.0,273.0,273.0,273.0,387.0,473.0,0.0,352.6733,1330.1328999999998,5.5832000000000335
3441,3441,3441.0,3441.0,3441.0,3441.0,3441.0,3441.0,3441.0,3441.0,3441.0,3441.0,3441.0,3441.0,3441.0,3441.0,3441.0,3441.0,3441.0,3441.0,3441.0,3441.0,3441.0,3441.0,3441.0,3441.0,3441.0,3441.0,3441.0,3441.0,3441.0,3441.0,3441.0,3441.0,3441.0,3441.0,3441.0,3441.0,3441.0,3441.0,3441.0,3441.0,3441.0,3441.0,3441.0,3441.0,3441.0,3441.0,3441.0,3441.0,3441.0,3441.0,3441.0,3441.0,3441.0,3441.0,3441.0,1.0,,,,,,,,,,,,,,,,,,,0.1,362.964,342.6457,325.6658,311.7795,300.7611,292.351,286.254,282.1727,279.8593,279.169,280.1024,282.8295,287.6889,295.1618,305.8227,320.2809,339.1334,362.966,392.4442,428.5447,347.0,432.0,352.6733,96.9912,977.4596,5.5832000000000335
3442,3442,3442.0,3442.0,3442.0,3442.0,3442.0,3442.0,3442.0,3442.0,3442.0,3442.0,3442.0,3442.0,3442.0,3442.0,3442.0,3442.0,3442.0,3442.0,3442.0,3442.0,3442.0,3442.0,3442.0,3442.0,3442.0,3442.0,3442.0,3442.0,3442.0,3442.0,3442.0,3442.0,3442.0,3442.0,3442.0,3442.0,3442.0,3442.0,3442.0,3442.0,3442.0,3442.0,3442.0,3442.0,3442.0,3442.0,3442.0,3442.0,3442.0,3442.0,3442.0,3442.0,3442.0,3442.0,3442.0,2.0,,,,,,,,,,,,,,,,,,,0.2,335.5642,325.981,317.8959,311.0735,305.3831,300.7832,297.3009,295.0104,294.0119,294.4141,296.3223,299.8321,305.031,312.0075,320.869,331.7707,344.9553,360.8053,379.9146,403.1879,269.0,272.0,449.6645,59.383200000000045,880.4684,5.5832000000000335
3443,3443,3443.0,3443.0,3443.0,3443.0,3443.0,3443.0,3443.0,3443.0,3443.0,3443.0,3443.0,3443.0,3443.0,3443.0,3443.0,3443.0,3443.0,3443.0,3443.0,3443.0,3443.0,3443.0,3443.0,3443.0,3443.0,3443.0,3443.0,3443.0,3443.0,3443.0,3443.0,3443.0,3443.0,3443.0,3443.0,3443.0,3443.0,3443.0,3443.0,3443.0,3443.0,3443.0,3443.0,3443.0,3443.0,3443.0,3443.0,3443.0,3443.0,3443.0,3443.0,3443.0,3443.0,3443.0,3443.0,3.0,,,,,,,,,,,,,,,,,,,0.3,274.2773,279.1791,283.4745,287.0344,289.8463,292.0045,293.6781,295.0668,296.353,297.6587,299.0127,300.3321,301.4217,301.9934,301.7063,300.2265,297.2973,292.8103,286.8577,279.7523,197.0,395.0,509.0477,164.70789999999994,821.0852,5.5832000000000335
3444,3444,3444.0,3444.0,3444.0,3444.0,3444.0,3444.0,3444.0,3444.0,3444.0,3444.0,3444.0,3444.0,3444.0,3444.0,3444.0,3444.0,3444.0,3444.0,3444.0,3444.0,3444.0,3444.0,3444.0,3444.0,3444.0,3444.0,3444.0,3444.0,3444.0,3444.0,3444.0,3444.0,3444.0,3444.0,3444.0,3444.0,3444.0,3444.0,3444.0,3444.0,3444.0,3444.0,3444.0,3444.0,3444.0,3444.0,3444.0,3444.0,3444.0,3444.0,3444.0,3444.0,3444.0,3444.0,3444.0,4.0,,,,,,,,,,,,,,,,,,,0.4,213.9595,229.4354,243.1007,254.7706,264.4177,272.1582,278.2199,282.9042,286.5525,289.5258,292.1976,294.9576,298.2185,302.4188,308.0156,315.4653,325.2019,337.6226,353.1001,372.0405,365.0,473.0,673.7556,158.91880000000003,656.3773000000001,5.5832000000000335
3445,3445,3445.0,3445.0,3445.0,3445.0,3445.0,3445.0,3445.0,3445.0,3445.0,3445.0,3445.0,3445.0,3445.0,3445.0,3445.0,3445.0,3445.0,3445.0,3445.0,3445.0,3445.0,3445.0,3445.0,3445.0,3445.0,3445.0,3445.0,3445.0,3445.0,3445.0,3445.0,3445.0,3445.0,3445.0,3445.0,3445.0,3445.0,3445.0,3445.0,3445.0,3445.0,3445.0,3445.0,3445.0,3445.0,3445.0,3445.0,3445.0,3445.0,3445.0,3445.0,3445.0,3445.0,3445.0,3445.0,5.0,,,,,,,,,,,,,,,,,,,0.5,344.7962,327.6514,313.5862,302.6158,294.6524,289.4747,286.7524,286.1082,287.1903,289.7362,293.6161,298.8506,305.6079,314.1848,324.9818,338.4824,355.2504,375.9635,401.5078,433.1708,346.0,445.0,832.6744,44.13940000000002,497.4585000000001,5.5832000000000335
3446,3446,3446.0,3446.0,3446.0,3446.0,3446.0,3446.0,3446.0,3446.0,3446.0,3446.0,3446.0,3446.0,3446.0,3446.0,3446.0,3446.0,3446.0,3446.0,3446.0,3446.0,3446.0,3446.0,3446.0,3446.0,3446.0,3446.0,3446.0,3446.0,3446.0,3446.0,3446.0,3446.0,3446.0,3446.0,3446.0,3446.0,3446.0,3446.0,3446.0,3446.0,3446.0,3446.0,3446.0,3446.0,3446.0,3446.0,3446.0,3446.0,3446.0,3446.0,3446.0,3446.0,3446.0,3446.0,3446.0,6.0,,,,,,,,,,,,,,,,,,,0.6,334.4148,324.7561,316.7706,310.2935,305.2256,301.5153,299.1423,298.1053,298.4134,300.0816,303.1313,307.5948,313.5241,321.0052,330.1774,341.2616,354.5965,370.6908,390.295,414.5147,272.0,271.0,876.8138,32.53239999999994,453.3191000000001,5.5832000000000335
3447,3447,3447.0,3447.0,3447.0,3447.0,3447.0,3447.0,3447.0,3447.0,3447.0,3447.0,3447.0,3447.0,3447.0,3447.0,3447.0,3447.0,3447.0,3447.0,3447.0,3447.0,3447.0,3447.0,3447.0,3447.0,3447.0,3447.0,3447.0,3447.0,3447.0,3447.0,3447.0,3447.0,3447.0,3447.0,3447.0,3447.0,3447.0,3447.0,3447.0,3447.0,3447.0,3447.0,3447.0,3447.0,3447.0,3447.0,3447.0,3447.0,3447.0,3447.0,3447.0,3447.0,3447.0,3447.0,3447.0,7.0,,,,,,,,,,,,,,,,,,,0.7,276.8389,281.3958,285.4658,288.9352,291.7955,294.1315,296.0915,297.8452,299.5383,301.2526,302.9754,304.5828,305.8407,306.4257,305.9668,304.1069,300.5771,295.2709,288.3013,280.0221,268.0,272.0,909.3462,140.85439999999994,420.7867000000001,5.5832000000000335
3448,3448,3448.0,3448.0,3448.0,3448.0,3448.0,3448.0,3448.0,3448.0,3448.0,3448.0,3448.0,3448.0,3448.0,3448.0,3448.0,3448.0,3448.0,3448.0,3448.0,3448.0,3448.0,3448.0,3448.0,3448.0,3448.0,3448.0,3448.0,3448.0,3448.0,3448.0,3448.0,3448.0,3448.0,3448.0,3448.0,3448.0,3448.0,3448.0,3448.0,3448.0,3448.0,3448.0,3448.0,3448.0,3448.0,3448.0,3448.0,3448.0,3448.0,3448.0,3448.0,3448.0,3448.0,3448.0,3448.0,8.0,,,,,,,,,,,,,,,,,,,0.8,271.5629,274.9608,278.1395,281.0559,283.6801,285.9932,287.9842,289.6443,290.9615,291.9169,292.4823,292.6215,292.2939,291.4606,290.0925,288.1784,285.7325,282.7996,279.4571,275.813,344.0,452.0,1050.2006,191.4411,279.93230000000017,5.5832000000000335
3449,3449,3449.0,3449.0,3449.0,3449.0,3449.0,3449.0,3449.0,3449.0,3449.0,3449.0,3449.0,3449.0,3449.0,3449.0,3449.0,3449.0,3449.0,3449.0,3449.0,3449.0,3449.0,3449.0,3449.0,3449.0,3449.0,3449.0,3449.0,3449.0,3449.0,3449.0,3449.0,3449.0,3449.0,3449.0,3449.0,3449.0,3449.0,3449.0,3449.0,3449.0,3449.0,3449.0,3449.0,3449.0,3449.0,3449.0,3449.0,3449.0,3449.0,3449.0,3449.0,3449.0,3449.0,3449.0,3449.0,9.0,,,,,,,,,,,,,,,,,,,0.9,330.8103,319.6639,310.4682,303.1349,297.5381,293.5033,290.8239,289.2959,288.7621,289.1542,290.5281,293.0837,297.1668,303.2502,311.894,323.6949,339.2419,359.105,383.8925,414.4144,374.0,282.0,1241.6417,88.49120000000016,88.49120000000016,5.5832000000000335
3450,3450,3450.0,3450.0,3450.0,3450.0,3450.0,3450.0,3450.0,3450.0,3450.0,3450.0,3450.0,3450.0,3450.0,3450.0,3450.0,3450.0,3450.0,3450.0,3450.0,3450.0,3450.0,3450.0,3450.0,3450.0,3450.0,3450.0,3450.0,3450.0,3450.0,3450.0,3450.0,3450.0,3450.0,3450.0,3450.0,3450.0,3450.0,3450.0,3450.0,3450.0,3450.0,3450.0,3450.0,3450.0,3450.0,3450.0,3450.0,3450.0,3450.0,3450.0,3450.0,3450.0,3450.0,3450.0,3450.0,0.0,,,,,,,,,,,,,,,,,,,0.0,273.0,273.0,273.0,273.0,273.0,273.0,273.0,273.0,273.0,273.0,273.0,273.0,273.0,273.0,273.0,273.0,273.0,273.0,273.0,273.0,389.0,473.0,0.0,352.4422,1689.9718999999998,5.944099999999992
3451,3451,3451.0,3451.0,3451.0,3451.0,3451.0,3451.0,3451.0,3451.0,3451.0,3451.0,3451.0,3451.0,3451.0,3451.0,3451.0,3451.0,3451.0,3451.0,3451.0,3451.0,3451.0,3451.0,3451.0,3451.0,3451.0,3451.0,3451.0,3451.0,3451.0,3451.0,3451.0,3451.0,3451.0,3451.0,3451.0,3451.0,3451.0,3451.0,3451.0,3451.0,3451.0,3451.0,3451.0,3451.0,3451.0,3451.0,3451.0,3451.0,3451.0,3451.0,3451.0,3451.0,3451.0,3451.0,3451.0,1.0,,,,,,,,,,,,,,,,,,,0.1,364.5139,343.833,326.5588,312.4353,301.2295,292.6754,286.4713,282.3133,279.9471,279.2218,280.1331,282.8467,287.6982,295.1666,305.8251,320.282,339.1339,362.9662,392.4443,428.5447,348.0,430.0,352.4422,96.62439999999998,1337.5296999999998,5.944099999999992
3452,3452,3452.0,3452.0,3452.0,3452.0,3452.0,3452.0,3452.0,3452.0,3452.0,3452.0,3452.0,3452.0,3452.0,3452.0,3452.0,3452.0,3452.0,3452.0,3452.0,3452.0,3452.0,3452.0,3452.0,3452.0,3452.0,3452.0,3452.0,3452.0,3452.0,3452.0,3452.0,3452.0,3452.0,3452.0,3452.0,3452.0,3452.0,3452.0,3452.0,3452.0,3452.0,3452.0,3452.0,3452.0,3452.0,3452.0,3452.0,3452.0,3452.0,3452.0,3452.0,3452.0,3452.0,3452.0,3452.0,2.0,,,,,,,,,,,,,,,,,,,0.2,336.4055,326.6944,318.503,311.589,305.8174,301.1441,297.5945,295.242,294.1855,294.5321,296.384,299.8329,304.9609,311.8497,320.5994,331.3571,344.3569,359.9719,378.7834,401.6781,269.0,272.0,449.0666,59.89980000000003,1240.9053,5.944099999999992
3453,3453,3453.0,3453.0,3453.0,3453.0,3453.0,3453.0,3453.0,3453.0,3453.0,3453.0,3453.0,3453.0,3453.0,3453.0,3453.0,3453.0,3453.0,3453.0,3453.0,3453.0,3453.0,3453.0,3453.0,3453.0,3453.0,3453.0,3453.0,3453.0,3453.0,3453.0,3453.0,3453.0,3453.0,3453.0,3453.0,3453.0,3453.0,3453.0,3453.0,3453.0,3453.0,3453.0,3453.0,3453.0,3453.0,3453.0,3453.0,3453.0,3453.0,3453.0,3453.0,3453.0,3453.0,3453.0,3453.0,3.0,,,,,,,,,,,,,,,,,,,0.3,274.3278,279.2752,283.6072,287.1916,290.0147,292.1708,293.8299,295.1934,296.4458,297.7118,299.0226,300.2984,301.3469,301.8835,301.5708,300.0781,297.1511,292.682,286.7623,279.7014,200.0,394.0,508.9664,163.57010000000002,1181.0055,5.944099999999992
3454,3454,3454.0,3454.0,3454.0,3454.0,3454.0,3454.0,3454.0,3454.0,3454.0,3454.0,3454.0,3454.0,3454.0,3454.0,3454.0,3454.0,3454.0,3454.0,3454.0,3454.0,3454.0,3454.0,3454.0,3454.0,3454.0,3454.0,3454.0,3454.0,3454.0,3454.0,3454.0,3454.0,3454.0,3454.0,3454.0,3454.0,3454.0,3454.0,3454.0,3454.0,3454.0,3454.0,3454.0,3454.0,3454.0,3454.0,3454.0,3454.0,3454.0,3454.0,3454.0,3454.0,3454.0,3454.0,3454.0,4.0,,,,,,,,,,,,,,,,,,,0.4,216.4114,231.3835,244.6046,255.8986,265.24,272.7407,278.6203,283.1691,286.7175,289.6158,292.2284,294.9371,298.1483,302.2952,307.8298,315.2044,324.8487,337.1556,352.4929,371.2593,364.0,471.0,672.5365,156.6603,1017.4354,5.944099999999992
3455,3455,3455.0,3455.0,3455.0,3455.0,3455.0,3455.0,3455.0,3455.0,3455.0,3455.0,3455.0,3455.0,3455.0,3455.0,3455.0,3455.0,3455.0,3455.0,3455.0,3455.0,3455.0,3455.0,3455.0,3455.0,3455.0,3455.0,3455.0,3455.0,3455.0,3455.0,3455.0,3455.0,3455.0,3455.0,3455.0,3455.0,3455.0,3455.0,3455.0,3455.0,3455.0,3455.0,3455.0,3455.0,3455.0,3455.0,3455.0,3455.0,3455.0,3455.0,3455.0,3455.0,3455.0,3455.0,3455.0,5.0,,,,,,,,,,,,,,,,,,,0.5,344.1216,327.2542,313.4159,302.6189,294.7751,289.6663,286.9692,286.315,287.3609,289.8519,293.6636,298.8191,305.4865,313.9603,324.6366,337.9934,354.5866,375.0834,400.354,431.6594,344.0,205.0,829.1968,70.9425,860.7751,5.944099999999992
3456,3456,3456.0,3456.0,3456.0,3456.0,3456.0,3456.0,3456.0,3456.0,3456.0,3456.0,3456.0,3456.0,3456.0,3456.0,3456.0,3456.0,3456.0,3456.0,3456.0,3456.0,3456.0,3456.0,3456.0,3456.0,3456.0,3456.0,3456.0,3456.0,3456.0,3456.0,3456.0,3456.0,3456.0,3456.0,3456.0,3456.0,3456.0,3456.0,3456.0,3456.0,3456.0,3456.0,3456.0,3456.0,3456.0,3456.0,3456.0,3456.0,3456.0,3456.0,3456.0,3456.0,3456.0,3456.0,3456.0,6.0,,,,,,,,,,,,,,,,,,,0.6,332.8456,323.5436,315.8446,309.5801,304.6375,300.9364,298.4025,296.9406,296.4058,296.5746,297.1199,297.5929,297.4207,295.9269,292.3826,286.09,276.4937,263.3025,246.5937,226.8646,269.0,273.0,900.1393,211.3034,789.8326,5.944099999999992
3457,3457,3457.0,3457.0,3457.0,3457.0,3457.0,3457.0,3457.0,3457.0,3457.0,3457.0,3457.0,3457.0,3457.0,3457.0,3457.0,3457.0,3457.0,3457.0,3457.0,3457.0,3457.0,3457.0,3457.0,3457.0,3457.0,3457.0,3457.0,3457.0,3457.0,3457.0,3457.0,3457.0,3457.0,3457.0,3457.0,3457.0,3457.0,3457.0,3457.0,3457.0,3457.0,3457.0,3457.0,3457.0,3457.0,3457.0,3457.0,3457.0,3457.0,3457.0,3457.0,3457.0,3457.0,3457.0,3457.0,7.0,,,,,,,,,,,,,,,,,,,0.7,274.1552,278.9207,283.0433,286.3561,288.7913,290.3692,291.1733,291.3185,290.9221,290.0864,288.8926,287.4074,285.6949,283.828,281.8947,279.9928,278.2153,276.63,275.2604,274.0766,199.0,379.0,1111.4427,279.34860000000003,578.5292,5.944099999999992
3458,3458,3458.0,3458.0,3458.0,3458.0,3458.0,3458.0,3458.0,3458.0,3458.0,3458.0,3458.0,3458.0,3458.0,3458.0,3458.0,3458.0,3458.0,3458.0,3458.0,3458.0,3458.0,3458.0,3458.0,3458.0,3458.0,3458.0,3458.0,3458.0,3458.0,3458.0,3458.0,3458.0,3458.0,3458.0,3458.0,3458.0,3458.0,3458.0,3458.0,3458.0,3458.0,3458.0,3458.0,3458.0,3458.0,3458.0,3458.0,3458.0,3458.0,3458.0,3458.0,3458.0,3458.0,3458.0,3458.0,8.0,,,,,,,,,,,,,,,,,,,0.8,215.1972,229.9181,242.8241,253.7161,262.552,269.4357,274.5884,278.3138,280.9663,282.9312,284.6144,286.442,288.8595,292.3271,297.3031,304.2193,313.4522,325.3053,340.0175,357.8124,377.0,473.0,1390.7913,217.4157,299.1805999999999,5.944099999999992
3459,3459,3459.0,3459.0,3459.0,3459.0,3459.0,3459.0,3459.0,3459.0,3459.0,3459.0,3459.0,3459.0,3459.0,3459.0,3459.0,3459.0,3459.0,3459.0,3459.0,3459.0,3459.0,3459.0,3459.0,3459.0,3459.0,3459.0,3459.0,3459.0,3459.0,3459.0,3459.0,3459.0,3459.0,3459.0,3459.0,3459.0,3459.0,3459.0,3459.0,3459.0,3459.0,3459.0,3459.0,3459.0,3459.0,3459.0,3459.0,3459.0,3459.0,3459.0,3459.0,3459.0,3459.0,3459.0,3459.0,9.0,,,,,,,,,,,,,,,,,,,0.9,353.8143,334.1443,317.9056,305.054,295.4651,288.8899,284.9742,283.319,283.555,285.41,288.7538,293.6165,300.1839,308.7737,319.8043,333.7663,351.213,372.7908,399.3354,432.0738,201.0,376.0,1608.207,81.7648999999999,81.7648999999999,5.944099999999992
3460,3460,3460.0,3460.0,3460.0,3460.0,3460.0,3460.0,3460.0,3460.0,3460.0,3460.0,3460.0,3460.0,3460.0,3460.0,3460.0,3460.0,3460.0,3460.0,3460.0,3460.0,3460.0,3460.0,3460.0,3460.0,3460.0,3460.0,3460.0,3460.0,3460.0,3460.0,3460.0,3460.0,3460.0,3460.0,3460.0,3460.0,3460.0,3460.0,3460.0,3460.0,3460.0,3460.0,3460.0,3460.0,3460.0,3460.0,3460.0,3460.0,3460.0,3460.0,3460.0,3460.0,3460.0,3460.0,3460.0,0.0,,,,,,,,,,,,,,,,,,,0.0,273.0,273.0,273.0,273.0,273.0,273.0,273.0,273.0,273.0,273.0,273.0,273.0,273.0,273.0,273.0,273.0,273.0,273.0,273.0,273.0,387.0,471.0,0.0,352.9729,1639.5518,5.236199999999997
3461,3461,3461.0,3461.0,3461.0,3461.0,3461.0,3461.0,3461.0,3461.0,3461.0,3461.0,3461.0,3461.0,3461.0,3461.0,3461.0,3461.0,3461.0,3461.0,3461.0,3461.0,3461.0,3461.0,3461.0,3461.0,3461.0,3461.0,3461.0,3461.0,3461.0,3461.0,3461.0,3461.0,3461.0,3461.0,3461.0,3461.0,3461.0,3461.0,3461.0,3461.0,3461.0,3461.0,3461.0,3461.0,3461.0,3461.0,3461.0,3461.0,3461.0,3461.0,3461.0,3461.0,3461.0,3461.0,3461.0,1.0,,,,,,,,,,,,,,,,,,,0.1,362.9642,342.6458,325.6657,311.7789,300.7598,292.3485,286.2492,282.1636,279.8427,279.1394,280.0516,282.7454,287.5548,294.9553,305.5158,319.8394,338.5166,362.1249,391.3169,427.0461,345.0,432.0,352.9729,98.21390000000002,1286.5789,5.236199999999997
3462,3462,3462.0,3462.0,3462.0,3462.0,3462.0,3462.0,3462.0,3462.0,3462.0,3462.0,3462.0,3462.0,3462.0,3462.0,3462.0,3462.0,3462.0,3462.0,3462.0,3462.0,3462.0,3462.0,3462.0,3462.0,3462.0,3462.0,3462.0,3462.0,3462.0,3462.0,3462.0,3462.0,3462.0,3462.0,3462.0,3462.0,3462.0,3462.0,3462.0,3462.0,3462.0,3462.0,3462.0,3462.0,3462.0,3462.0,3462.0,3462.0,3462.0,3462.0,3462.0,3462.0,3462.0,3462.0,3462.0,2.0,,,,,,,,,,,,,,,,,,,0.2,333.998,324.7759,316.9877,310.4036,304.8984,300.4362,297.0506,294.8226,293.8592,294.2756,296.1833,299.6837,304.8697,311.8347,320.6907,331.5963,344.7962,360.6737,379.8208,403.1392,265.0,274.0,451.1868,60.4187,1188.365,5.236199999999997
3463,3463,3463.0,3463.0,3463.0,3463.0,3463.0,3463.0,3463.0,3463.0,3463.0,3463.0,3463.0,3463.0,3463.0,3463.0,3463.0,3463.0,3463.0,3463.0,3463.0,3463.0,3463.0,3463.0,3463.0,3463.0,3463.0,3463.0,3463.0,3463.0,3463.0,3463.0,3463.0,3463.0,3463.0,3463.0,3463.0,3463.0,3463.0,3463.0,3463.0,3463.0,3463.0,3463.0,3463.0,3463.0,3463.0,3463.0,3463.0,3463.0,3463.0,3463.0,3463.0,3463.0,3463.0,3463.0,3463.0,3.0,,,,,,,,,,,,,,,,,,,0.3,271.0113,276.561,281.4142,285.4415,288.6345,291.0952,293.0033,294.5702,295.9913,297.4012,298.841,300.2399,301.4142,302.0873,301.9296,300.6172,297.9022,293.6823,288.0526,281.3248,378.0,271.0,511.6055,158.94330000000002,1127.9463,5.236199999999997
3464,3464,3464.0,3464.0,3464.0,3464.0,3464.0,3464.0,3464.0,3464.0,3464.0,3464.0,3464.0,3464.0,3464.0,3464.0,3464.0,3464.0,3464.0,3464.0,3464.0,3464.0,3464.0,3464.0,3464.0,3464.0,3464.0,3464.0,3464.0,3464.0,3464.0,3464.0,3464.0,3464.0,3464.0,3464.0,3464.0,3464.0,3464.0,3464.0,3464.0,3464.0,3464.0,3464.0,3464.0,3464.0,3464.0,3464.0,3464.0,3464.0,3464.0,3464.0,3464.0,3464.0,3464.0,3464.0,3464.0,4.0,,,,,,,,,,,,,,,,,,,0.4,357.903,341.1531,327.4352,316.513,308.1369,302.0007,297.7397,294.9535,293.2389,292.2201,291.5686,291.0129,290.3389,289.386,288.0424,286.2417,283.9608,281.2193,278.077,274.6294,266.0,271.0,670.5488,220.0679,969.003,5.236199999999997
3465,3465,3465.0,3465.0,3465.0,3465.0,3465.0,3465.0,3465.0,3465.0,3465.0,3465.0,3465.0,3465.0,3465.0,3465.0,3465.0,3465.0,3465.0,3465.0,3465.0,3465.0,3465.0,3465.0,3465.0,3465.0,3465.0,3465.0,3465.0,3465.0,3465.0,3465.0,3465.0,3465.0,3465.0,3465.0,3465.0,3465.0,3465.0,3465.0,3465.0,3465.0,3465.0,3465.0,3465.0,3465.0,3465.0,3465.0,3465.0,3465.0,3465.0,3465.0,3465.0,3465.0,3465.0,3465.0,3465.0,5.0,,,,,,,,,,,,,,,,,,,0.5,272.3101,278.0664,282.9352,286.708,289.3199,290.8358,291.4148,291.2637,290.5936,289.5868,288.3783,287.0523,285.6483,284.1731,282.6154,280.9573,279.1844,277.2912,275.2834,273.1779,201.0,376.0,890.6167,277.06909999999993,748.9350999999999,5.236199999999997
3466,3466,3466.0,3466.0,3466.0,3466.0,3466.0,3466.0,3466.0,3466.0,3466.0,3466.0,3466.0,3466.0,3466.0,3466.0,3466.0,3466.0,3466.0,3466.0,3466.0,3466.0,3466.0,3466.0,3466.0,3466.0,3466.0,3466.0,3466.0,3466.0,3466.0,3466.0,3466.0,3466.0,3466.0,3466.0,3466.0,3466.0,3466.0,3466.0,3466.0,3466.0,3466.0,3466.0,3466.0,3466.0,3466.0,3466.0,3466.0,3466.0,3466.0,3466.0,3466.0,3466.0,3466.0,3466.0,3466.0,6.0,,,,,,,,,,,,,,,,,,,0.6,216.8153,231.1859,243.7843,254.418,263.0461,269.7695,274.8035,278.4442,281.0379,282.9603,284.6073,286.3926,288.7483,292.1191,296.9479,303.652,312.5954,324.0715,338.3101,355.5232,372.0,471.0,1167.6858,218.4013,471.866,5.236199999999997
3467,3467,3467.0,3467.0,3467.0,3467.0,3467.0,3467.0,3467.0,3467.0,3467.0,3467.0,3467.0,3467.0,3467.0,3467.0,3467.0,3467.0,3467.0,3467.0,3467.0,3467.0,3467.0,3467.0,3467.0,3467.0,3467.0,3467.0,3467.0,3467.0,3467.0,3467.0,3467.0,3467.0,3467.0,3467.0,3467.0,3467.0,3467.0,3467.0,3467.0,3467.0,3467.0,3467.0,3467.0,3467.0,3467.0,3467.0,3467.0,3467.0,3467.0,3467.0,3467.0,3467.0,3467.0,3467.0,3467.0,7.0,,,,,,,,,,,,,,,,,,,0.7,349.9792,331.2658,315.81,303.5855,294.4811,288.2617,284.5896,283.0847,283.3967,285.2707,288.5909,293.3985,299.8864,308.3769,319.2903,333.1163,350.4042,371.7912,398.0964,430.5182,200.0,376.0,1386.0871,85.95180000000005,253.4647,5.236199999999997
3468,3468,3468.0,3468.0,3468.0,3468.0,3468.0,3468.0,3468.0,3468.0,3468.0,3468.0,3468.0,3468.0,3468.0,3468.0,3468.0,3468.0,3468.0,3468.0,3468.0,3468.0,3468.0,3468.0,3468.0,3468.0,3468.0,3468.0,3468.0,3468.0,3468.0,3468.0,3468.0,3468.0,3468.0,3468.0,3468.0,3468.0,3468.0,3468.0,3468.0,3468.0,3468.0,3468.0,3468.0,3468.0,3468.0,3468.0,3468.0,3468.0,3468.0,3468.0,3468.0,3468.0,3468.0,3468.0,3468.0,8.0,,,,,,,,,,,,,,,,,,,0.8,217.8245,233.9663,247.9403,259.5081,268.7038,275.802,281.2467,285.5639,289.2783,292.8499,296.6338,300.8679,305.6818,311.1251,317.209,323.958,331.465,339.9435,349.7715,361.5243,362.0,473.0,1472.0389,119.62239999999996,167.51289999999997,5.236199999999997
3469,3469,3469.0,3469.0,3469.0,3469.0,3469.0,3469.0,3469.0,3469.0,3469.0,3469.0,3469.0,3469.0,3469.0,3469.0,3469.0,3469.0,3469.0,3469.0,3469.0,3469.0,3469.0,3469.0,3469.0,3469.0,3469.0,3469.0,3469.0,3469.0,3469.0,3469.0,3469.0,3469.0,3469.0,3469.0,3469.0,3469.0,3469.0,3469.0,3469.0,3469.0,3469.0,3469.0,3469.0,3469.0,3469.0,3469.0,3469.0,3469.0,3469.0,3469.0,3469.0,3469.0,3469.0,3469.0,3469.0,9.0,,,,,,,,,,,,,,,,,,,0.9,342.9664,326.8615,313.708,303.5187,296.2073,291.5609,289.2637,288.9543,290.2932,293.0234,297.0118,302.2698,308.9542,317.3536,327.8684,340.9922,357.3089,377.5219,402.5441,433.6844,263.0,275.0,1591.6613,47.890499999999975,47.890499999999975,5.236199999999997
3470,3470,3470.0,3470.0,3470.0,3470.0,3470.0,3470.0,3470.0,3470.0,3470.0,3470.0,3470.0,3470.0,3470.0,3470.0,3470.0,3470.0,3470.0,3470.0,3470.0,3470.0,3470.0,3470.0,3470.0,3470.0,3470.0,3470.0,3470.0,3470.0,3470.0,3470.0,3470.0,3470.0,3470.0,3470.0,3470.0,3470.0,3470.0,3470.0,3470.0,3470.0,3470.0,3470.0,3470.0,3470.0,3470.0,3470.0,3470.0,3470.0,3470.0,3470.0,3470.0,3470.0,3470.0,3470.0,3470.0,0.0,,,,,,,,,,,,,,,,,,,0.0,273.0,273.0,273.0,273.0,273.0,273.0,273.0,273.0,273.0,273.0,273.0,273.0,273.0,273.0,273.0,273.0,273.0,273.0,273.0,273.0,389.0,473.0,0.0,352.4422,1328.9438,5.463900000000024
3471,3471,3471.0,3471.0,3471.0,3471.0,3471.0,3471.0,3471.0,3471.0,3471.0,3471.0,3471.0,3471.0,3471.0,3471.0,3471.0,3471.0,3471.0,3471.0,3471.0,3471.0,3471.0,3471.0,3471.0,3471.0,3471.0,3471.0,3471.0,3471.0,3471.0,3471.0,3471.0,3471.0,3471.0,3471.0,3471.0,3471.0,3471.0,3471.0,3471.0,3471.0,3471.0,3471.0,3471.0,3471.0,3471.0,3471.0,3471.0,3471.0,3471.0,3471.0,3471.0,3471.0,3471.0,3471.0,3471.0,1.0,,,,,,,,,,,,,,,,,,,0.1,364.5139,343.833,326.5588,312.4353,301.2295,292.6754,286.4713,282.3133,279.9471,279.2218,280.1331,282.8467,287.6982,295.1666,305.8251,320.282,339.1339,362.9662,392.4443,428.5447,345.0,432.0,352.4422,96.5109,976.5016,5.463900000000024
3472,3472,3472.0,3472.0,3472.0,3472.0,3472.0,3472.0,3472.0,3472.0,3472.0,3472.0,3472.0,3472.0,3472.0,3472.0,3472.0,3472.0,3472.0,3472.0,3472.0,3472.0,3472.0,3472.0,3472.0,3472.0,3472.0,3472.0,3472.0,3472.0,3472.0,3472.0,3472.0,3472.0,3472.0,3472.0,3472.0,3472.0,3472.0,3472.0,3472.0,3472.0,3472.0,3472.0,3472.0,3472.0,3472.0,3472.0,3472.0,3472.0,3472.0,3472.0,3472.0,3472.0,3472.0,3472.0,3472.0,2.0,,,,,,,,,,,,,,,,,,,0.2,334.0595,324.8937,317.1521,310.602,305.1175,300.6639,297.2777,295.0437,294.0727,294.4829,296.3874,299.8877,305.0753,312.0408,320.8929,331.7872,344.9661,360.8121,379.9185,403.1897,269.0,274.0,448.9531,59.04419999999999,879.9907000000001,5.463900000000024
3473,3473,3473.0,3473.0,3473.0,3473.0,3473.0,3473.0,3473.0,3473.0,3473.0,3473.0,3473.0,3473.0,3473.0,3473.0,3473.0,3473.0,3473.0,3473.0,3473.0,3473.0,3473.0,3473.0,3473.0,3473.0,3473.0,3473.0,3473.0,3473.0,3473.0,3473.0,3473.0,3473.0,3473.0,3473.0,3473.0,3473.0,3473.0,3473.0,3473.0,3473.0,3473.0,3473.0,3473.0,3473.0,3473.0,3473.0,3473.0,3473.0,3473.0,3473.0,3473.0,3473.0,3473.0,3473.0,3473.0,3.0,,,,,,,,,,,,,,,,,,,0.3,274.2336,279.0973,283.3647,286.9089,289.7183,291.8856,293.5777,294.9914,296.3073,297.6469,299.0403,300.4079,301.56,302.2155,302.0419,300.7136,297.9819,293.7439,288.0947,281.3462,197.0,394.0,507.9973,163.45460000000003,820.9465,5.463900000000024
3474,3474,3474.0,3474.0,3474.0,3474.0,3474.0,3474.0,3474.0,3474.0,3474.0,3474.0,3474.0,3474.0,3474.0,3474.0,3474.0,3474.0,3474.0,3474.0,3474.0,3474.0,3474.0,3474.0,3474.0,3474.0,3474.0,3474.0,3474.0,3474.0,3474.0,3474.0,3474.0,3474.0,3474.0,3474.0,3474.0,3474.0,3474.0,3474.0,3474.0,3474.0,3474.0,3474.0,3474.0,3474.0,3474.0,3474.0,3474.0,3474.0,3474.0,3474.0,3474.0,3474.0,3474.0,3474.0,3474.0,4.0,,,,,,,,,,,,,,,,,,,0.4,213.9486,229.4151,243.0735,254.7403,264.3887,272.1353,278.2083,282.9086,286.5767,289.5719,292.2647,295.0406,298.3069,302.4952,308.0553,315.4366,325.0673,337.3404,352.6265,371.3292,363.0,473.0,671.4519,159.3152,657.4919,5.463900000000024
3475,3475,3475.0,3475.0,3475.0,3475.0,3475.0,3475.0,3475.0,3475.0,3475.0,3475.0,3475.0,3475.0,3475.0,3475.0,3475.0,3475.0,3475.0,3475.0,3475.0,3475.0,3475.0,3475.0,3475.0,3475.0,3475.0,3475.0,3475.0,3475.0,3475.0,3475.0,3475.0,3475.0,3475.0,3475.0,3475.0,3475.0,3475.0,3475.0,3475.0,3475.0,3475.0,3475.0,3475.0,3475.0,3475.0,3475.0,3475.0,3475.0,3475.0,3475.0,3475.0,3475.0,3475.0,3475.0,3475.0,5.0,,,,,,,,,,,,,,,,,,,0.5,343.2299,326.4427,312.6729,301.9436,294.1729,289.1446,286.5342,285.9704,287.1073,289.6882,293.5881,298.832,305.5915,314.1665,324.9601,338.4579,355.2253,375.9409,401.4908,433.1617,346.0,446.0,830.7671,44.72770000000003,498.1767,5.463900000000024
3476,3476,3476.0,3476.0,3476.0,3476.0,3476.0,3476.0,3476.0,3476.0,3476.0,3476.0,3476.0,3476.0,3476.0,3476.0,3476.0,3476.0,3476.0,3476.0,3476.0,3476.0,3476.0,3476.0,3476.0,3476.0,3476.0,3476.0,3476.0,3476.0,3476.0,3476.0,3476.0,3476.0,3476.0,3476.0,3476.0,3476.0,3476.0,3476.0,3476.0,3476.0,3476.0,3476.0,3476.0,3476.0,3476.0,3476.0,3476.0,3476.0,3476.0,3476.0,3476.0,3476.0,3476.0,3476.0,3476.0,6.0,,,,,,,,,,,,,,,,,,,0.6,334.3535,324.6391,316.6089,310.1014,305.0188,301.3088,298.9487,297.9341,298.2708,299.9714,303.056,307.5571,313.5284,321.0585,330.2905,341.4493,354.8787,371.0923,390.8478,415.2611,272.0,272.0,875.4948,32.26039999999989,453.449,5.463900000000024
3477,3477,3477.0,3477.0,3477.0,3477.0,3477.0,3477.0,3477.0,3477.0,3477.0,3477.0,3477.0,3477.0,3477.0,3477.0,3477.0,3477.0,3477.0,3477.0,3477.0,3477.0,3477.0,3477.0,3477.0,3477.0,3477.0,3477.0,3477.0,3477.0,3477.0,3477.0,3477.0,3477.0,3477.0,3477.0,3477.0,3477.0,3477.0,3477.0,3477.0,3477.0,3477.0,3477.0,3477.0,3477.0,3477.0,3477.0,3477.0,3477.0,3477.0,3477.0,3477.0,3477.0,3477.0,3477.0,3477.0,7.0,,,,,,,,,,,,,,,,,,,0.7,276.8189,281.3573,285.4115,288.8689,291.7217,294.0555,296.019,297.7821,299.4908,301.2274,302.9795,304.624,305.9281,306.5696,306.1796,304.4032,300.9738,295.7869,288.9571,280.8392,265.0,274.0,907.7552,140.02859999999998,421.18860000000006,5.463900000000024
3478,3478,3478.0,3478.0,3478.0,3478.0,3478.0,3478.0,3478.0,3478.0,3478.0,3478.0,3478.0,3478.0,3478.0,3478.0,3478.0,3478.0,3478.0,3478.0,3478.0,3478.0,3478.0,3478.0,3478.0,3478.0,3478.0,3478.0,3478.0,3478.0,3478.0,3478.0,3478.0,3478.0,3478.0,3478.0,3478.0,3478.0,3478.0,3478.0,3478.0,3478.0,3478.0,3478.0,3478.0,3478.0,3478.0,3478.0,3478.0,3478.0,3478.0,3478.0,3478.0,3478.0,3478.0,3478.0,3478.0,8.0,,,,,,,,,,,,,,,,,,,0.8,269.1537,273.0749,276.7035,279.9946,282.9206,285.4697,287.6409,289.437,290.8585,291.8983,292.5391,292.7545,292.5125,291.7822,290.5415,288.7856,286.5342,283.836,280.771,277.4482,344.0,449.0,1047.7838,190.86930000000007,281.1600000000001,5.463900000000024
3479,3479,3479.0,3479.0,3479.0,3479.0,3479.0,3479.0,3479.0,3479.0,3479.0,3479.0,3479.0,3479.0,3479.0,3479.0,3479.0,3479.0,3479.0,3479.0,3479.0,3479.0,3479.0,3479.0,3479.0,3479.0,3479.0,3479.0,3479.0,3479.0,3479.0,3479.0,3479.0,3479.0,3479.0,3479.0,3479.0,3479.0,3479.0,3479.0,3479.0,3479.0,3479.0,3479.0,3479.0,3479.0,3479.0,3479.0,3479.0,3479.0,3479.0,3479.0,3479.0,3479.0,3479.0,3479.0,3479.0,9.0,,,,,,,,,,,,,,,,,,,0.9,330.7129,319.4791,310.2148,302.838,297.2255,293.2017,290.5555,289.0762,288.5983,289.0444,290.4605,293.0355,297.1036,303.1246,311.6457,323.2512,338.5186,358.0071,382.3109,412.2153,374.0,281.0,1238.6531,90.29070000000002,90.29070000000002,5.463900000000024
3480,3480,3480.0,3480.0,3480.0,3480.0,3480.0,3480.0,3480.0,3480.0,3480.0,3480.0,3480.0,3480.0,3480.0,3480.0,3480.0,3480.0,3480.0,3480.0,3480.0,3480.0,3480.0,3480.0,3480.0,3480.0,3480.0,3480.0,3480.0,3480.0,3480.0,3480.0,3480.0,3480.0,3480.0,3480.0,3480.0,3480.0,3480.0,3480.0,3480.0,3480.0,3480.0,3480.0,3480.0,3480.0,3480.0,3480.0,3480.0,3480.0,3480.0,3480.0,3480.0,3480.0,3480.0,3480.0,0.0,,,,,,,,,,,,,,,,,,,,0.0,273.0,273.0,273.0,273.0,273.0,273.0,273.0,273.0,273.0,273.0,273.0,273.0,273.0,273.0,273.0,273.0,273.0,273.0,273.0,273.0,299.0,416.0,0.0,384.5998,2394.19,10.9649
3481,3481,3481.0,3481.0,3481.0,3481.0,3481.0,3481.0,3481.0,3481.0,3481.0,3481.0,3481.0,3481.0,3481.0,3481.0,3481.0,3481.0,3481.0,3481.0,3481.0,3481.0,3481.0,3481.0,3481.0,3481.0,3481.0,3481.0,3481.0,3481.0,3481.0,3481.0,3481.0,3481.0,3481.0,3481.0,3481.0,3481.0,3481.0,3481.0,3481.0,3481.0,3481.0,3481.0,3481.0,3481.0,3481.0,3481.0,3481.0,3481.0,3481.0,3481.0,3481.0,3481.0,3481.0,3481.0,1.0,,,,,,,,,,,,,,,,,,,,0.1,293.7731,289.2008,285.3034,282.0886,279.5429,277.6345,276.3251,275.5896,275.4392,275.9454,277.2603,279.629,283.39,288.9604,296.8044,307.3912,321.1552,338.4786,359.7218,385.324,444.0,401.0,384.5998,180.95649999999995,2009.5902,10.9649
3482,3482,3482.0,3482.0,3482.0,3482.0,3482.0,3482.0,3482.0,3482.0,3482.0,3482.0,3482.0,3482.0,3482.0,3482.0,3482.0,3482.0,3482.0,3482.0,3482.0,3482.0,3482.0,3482.0,3482.0,3482.0,3482.0,3482.0,3482.0,3482.0,3482.0,3482.0,3482.0,3482.0,3482.0,3482.0,3482.0,3482.0,3482.0,3482.0,3482.0,3482.0,3482.0,3482.0,3482.0,3482.0,3482.0,3482.0,3482.0,3482.0,3482.0,3482.0,3482.0,3482.0,3482.0,3482.0,2.0,,,,,,,,,,,,,,,,,,,,0.2,407.6004,377.7597,353.2968,333.5216,317.9522,306.1649,297.7331,292.2254,289.232,288.397,289.4421,292.177,296.497,302.3746,309.8509,319.0327,330.0999,343.3255,359.1116,378.0473,238.0,272.0,565.5563,102.26250000000005,1828.6337,10.9649
3483,3483,3483.0,3483.0,3483.0,3483.0,3483.0,3483.0,3483.0,3483.0,3483.0,3483.0,3483.0,3483.0,3483.0,3483.0,3483.0,3483.0,3483.0,3483.0,3483.0,3483.0,3483.0,3483.0,3483.0,3483.0,3483.0,3483.0,3483.0,3483.0,3483.0,3483.0,3483.0,3483.0,3483.0,3483.0,3483.0,3483.0,3483.0,3483.0,3483.0,3483.0,3483.0,3483.0,3483.0,3483.0,3483.0,3483.0,3483.0,3483.0,3483.0,3483.0,3483.0,3483.0,3483.0,3483.0,3.0,,,,,,,,,,,,,,,,,,,,0.3,251.3967,263.4657,273.6554,281.6675,287.4848,291.3373,293.6271,294.8321,295.4131,295.7389,296.0374,296.3756,296.6659,296.6964,296.1805,294.82,292.3749,288.7282,283.9322,278.2238,328.0,299.0,667.8188,184.32410000000004,1726.3712,10.9649
3484,3484,3484.0,3484.0,3484.0,3484.0,3484.0,3484.0,3484.0,3484.0,3484.0,3484.0,3484.0,3484.0,3484.0,3484.0,3484.0,3484.0,3484.0,3484.0,3484.0,3484.0,3484.0,3484.0,3484.0,3484.0,3484.0,3484.0,3484.0,3484.0,3484.0,3484.0,3484.0,3484.0,3484.0,3484.0,3484.0,3484.0,3484.0,3484.0,3484.0,3484.0,3484.0,3484.0,3484.0,3484.0,3484.0,3484.0,3484.0,3484.0,3484.0,3484.0,3484.0,3484.0,3484.0,3484.0,4.0,,,,,,,,,,,,,,,,,,,,0.4,318.2938,310.1299,303.4978,298.3538,294.5901,292.031,290.4504,289.602,289.2505,289.1976,289.2975,289.4622,289.6593,289.9043,290.2494,290.7715,291.5588,292.6995,294.274,296.3527,360.0,274.0,852.1429,212.8731,1542.0471,10.9649
3485,3485,3485.0,3485.0,3485.0,3485.0,3485.0,3485.0,3485.0,3485.0,3485.0,3485.0,3485.0,3485.0,3485.0,3485.0,3485.0,3485.0,3485.0,3485.0,3485.0,3485.0,3485.0,3485.0,3485.0,3485.0,3485.0,3485.0,3485.0,3485.0,3485.0,3485.0,3485.0,3485.0,3485.0,3485.0,3485.0,3485.0,3485.0,3485.0,3485.0,3485.0,3485.0,3485.0,3485.0,3485.0,3485.0,3485.0,3485.0,3485.0,3485.0,3485.0,3485.0,3485.0,3485.0,3485.0,5.0,,,,,,,,,,,,,,,,,,,,0.5,344.8184,332.1032,321.531,312.8584,305.8742,300.373,296.145,292.977,290.6581,288.9871,287.777,286.8576,286.0755,285.2949,284.3995,283.2975,281.9286,280.2713,278.348,276.224,330.0,276.0,1065.016,242.6081999999999,1329.174,10.9649
3486,3486,3486.0,3486.0,3486.0,3486.0,3486.0,3486.0,3486.0,3486.0,3486.0,3486.0,3486.0,3486.0,3486.0,3486.0,3486.0,3486.0,3486.0,3486.0,3486.0,3486.0,3486.0,3486.0,3486.0,3486.0,3486.0,3486.0,3486.0,3486.0,3486.0,3486.0,3486.0,3486.0,3486.0,3486.0,3486.0,3486.0,3486.0,3486.0,3486.0,3486.0,3486.0,3486.0,3486.0,3486.0,3486.0,3486.0,3486.0,3486.0,3486.0,3486.0,3486.0,3486.0,3486.0,3486.0,6.0,,,,,,,,,,,,,,,,,,,,0.6,322.555,316.3788,311.167,306.6878,302.7759,299.3219,296.2588,293.5457,291.1543,289.0581,287.2263,285.6224,284.2061,282.9364,281.776,280.6941,279.6687,278.6871,277.7451,276.8464,328.0,275.0,1307.6242,259.1469,1086.5658,10.9649
3487,3487,3487.0,3487.0,3487.0,3487.0,3487.0,3487.0,3487.0,3487.0,3487.0,3487.0,3487.0,3487.0,3487.0,3487.0,3487.0,3487.0,3487.0,3487.0,3487.0,3487.0,3487.0,3487.0,3487.0,3487.0,3487.0,3487.0,3487.0,3487.0,3487.0,3487.0,3487.0,3487.0,3487.0,3487.0,3487.0,3487.0,3487.0,3487.0,3487.0,3487.0,3487.0,3487.0,3487.0,3487.0,3487.0,3487.0,3487.0,3487.0,3487.0,3487.0,3487.0,3487.0,3487.0,3487.0,7.0,,,,,,,,,,,,,,,,,,,,0.7,320.3941,314.0549,308.7357,304.239,300.4077,297.1169,294.2684,291.7846,289.6046,287.679,285.9674,284.4356,283.054,281.7965,280.6402,279.5656,278.5567,277.6017,276.6927,275.8256,351.0,275.0,1566.7711,271.0702000000001,827.4189000000001,10.9649
3488,3488,3488.0,3488.0,3488.0,3488.0,3488.0,3488.0,3488.0,3488.0,3488.0,3488.0,3488.0,3488.0,3488.0,3488.0,3488.0,3488.0,3488.0,3488.0,3488.0,3488.0,3488.0,3488.0,3488.0,3488.0,3488.0,3488.0,3488.0,3488.0,3488.0,3488.0,3488.0,3488.0,3488.0,3488.0,3488.0,3488.0,3488.0,3488.0,3488.0,3488.0,3488.0,3488.0,3488.0,3488.0,3488.0,3488.0,3488.0,3488.0,3488.0,3488.0,3488.0,3488.0,3488.0,3488.0,8.0,,,,,,,,,,,,,,,,,,,,0.8,338.1802,327.44,318.4594,310.9878,304.8127,299.7421,295.5973,292.2133,289.4414,287.1525,285.2392,283.615,282.2131,280.9827,279.8864,278.8965,277.9929,277.1608,276.3895,275.6711,337.0,271.0,1837.8413,275.1954999999998,556.3487,10.9649
3489,3489,3489.0,3489.0,3489.0,3489.0,3489.0,3489.0,3489.0,3489.0,3489.0,3489.0,3489.0,3489.0,3489.0,3489.0,3489.0,3489.0,3489.0,3489.0,3489.0,3489.0,3489.0,3489.0,3489.0,3489.0,3489.0,3489.0,3489.0,3489.0,3489.0,3489.0,3489.0,3489.0,3489.0,3489.0,3489.0,3489.0,3489.0,3489.0,3489.0,3489.0,3489.0,3489.0,3489.0,3489.0,3489.0,3489.0,3489.0,3489.0,3489.0,3489.0,3489.0,3489.0,3489.0,3489.0,9.0,,,,,,,,,,,,,,,,,,,,0.9,327.803,320.1235,313.645,308.1231,303.3725,299.2557,295.6715,292.5442,289.8137,287.4283,285.3394,283.499,281.8586,280.3699,278.9864,277.6655,276.3706,275.0728,273.7519,272.3961,346.0,274.0,2113.0368,281.1532000000002,281.1532000000002,10.9649
3490,3490,3490.0,3490.0,3490.0,3490.0,3490.0,3490.0,3490.0,3490.0,3490.0,3490.0,3490.0,3490.0,3490.0,3490.0,3490.0,3490.0,3490.0,3490.0,3490.0,3490.0,3490.0,3490.0,3490.0,3490.0,3490.0,3490.0,3490.0,3490.0,3490.0,3490.0,3490.0,3490.0,3490.0,3490.0,3490.0,3490.0,3490.0,3490.0,3490.0,3490.0,3490.0,3490.0,3490.0,3490.0,3490.0,3490.0,3490.0,3490.0,3490.0,3490.0,3490.0,3490.0,3490.0,3490.0,0.0,,,,,,,,,,,,,,,,,,,,0.0,273.0,273.0,273.0,273.0,273.0,273.0,273.0,273.0,273.0,273.0,273.0,273.0,273.0,273.0,273.0,273.0,273.0,273.0,273.0,273.0,302.0,447.0,0.0,376.7369,2645.7943,15.58620000000002
3491,3491,3491.0,3491.0,3491.0,3491.0,3491.0,3491.0,3491.0,3491.0,3491.0,3491.0,3491.0,3491.0,3491.0,3491.0,3491.0,3491.0,3491.0,3491.0,3491.0,3491.0,3491.0,3491.0,3491.0,3491.0,3491.0,3491.0,3491.0,3491.0,3491.0,3491.0,3491.0,3491.0,3491.0,3491.0,3491.0,3491.0,3491.0,3491.0,3491.0,3491.0,3491.0,3491.0,3491.0,3491.0,3491.0,3491.0,3491.0,3491.0,3491.0,3491.0,3491.0,3491.0,3491.0,3491.0,1.0,,,,,,,,,,,,,,,,,,,,0.1,296.1617,291.0601,286.715,283.1335,280.3007,278.1827,276.7403,275.9515,275.8386,276.4956,278.1123,280.9882,285.5336,292.2507,301.6979,314.4417,331.0166,351.918,377.663,408.9557,470.0,323.0,376.7369,169.712,2269.0574,15.58620000000002
3492,3492,3492.0,3492.0,3492.0,3492.0,3492.0,3492.0,3492.0,3492.0,3492.0,3492.0,3492.0,3492.0,3492.0,3492.0,3492.0,3492.0,3492.0,3492.0,3492.0,3492.0,3492.0,3492.0,3492.0,3492.0,3492.0,3492.0,3492.0,3492.0,3492.0,3492.0,3492.0,3492.0,3492.0,3492.0,3492.0,3492.0,3492.0,3492.0,3492.0,3492.0,3492.0,3492.0,3492.0,3492.0,3492.0,3492.0,3492.0,3492.0,3492.0,3492.0,3492.0,3492.0,3492.0,3492.0,2.0,,,,,,,,,,,,,,,,,,,,0.2,427.2983,392.7448,364.6407,342.0211,324.247,310.7862,301.1162,294.7017,291.0095,289.5324,289.8051,291.4077,293.9613,297.1243,300.5976,304.1453,307.6254,311.0257,314.4908,318.33,294.0,232.0,546.4489,168.35270000000003,2099.3454,15.58620000000002
3493,3493,3493.0,3493.0,3493.0,3493.0,3493.0,3493.0,3493.0,3493.0,3493.0,3493.0,3493.0,3493.0,3493.0,3493.0,3493.0,3493.0,3493.0,3493.0,3493.0,3493.0,3493.0,3493.0,3493.0,3493.0,3493.0,3493.0,3493.0,3493.0,3493.0,3493.0,3493.0,3493.0,3493.0,3493.0,3493.0,3493.0,3493.0,3493.0,3493.0,3493.0,3493.0,3493.0,3493.0,3493.0,3493.0,3493.0,3493.0,3493.0,3493.0,3493.0,3493.0,3493.0,3493.0,3493.0,3.0,,,,,,,,,,,,,,,,,,,,0.3,296.8307,299.5672,301.7241,302.9947,303.2752,302.645,301.312,299.5405,297.5786,295.5985,293.6581,291.6859,289.4887,286.7783,283.2146,278.4604,272.2406,264.3984,254.9358,244.0274,316.0,273.0,714.8016,251.9277,1930.9927,15.58620000000002
3494,3494,3494.0,3494.0,3494.0,3494.0,3494.0,3494.0,3494.0,3494.0,3494.0,3494.0,3494.0,3494.0,3494.0,3494.0,3494.0,3494.0,3494.0,3494.0,3494.0,3494.0,3494.0,3494.0,3494.0,3494.0,3494.0,3494.0,3494.0,3494.0,3494.0,3494.0,3494.0,3494.0,3494.0,3494.0,3494.0,3494.0,3494.0,3494.0,3494.0,3494.0,3494.0,3494.0,3494.0,3494.0,3494.0,3494.0,3494.0,3494.0,3494.0,3494.0,3494.0,3494.0,3494.0,3494.0,4.0,,,,,,,,,,,,,,,,,,,,0.4,310.7465,306.4498,302.9402,300.0651,297.6809,295.6521,293.8536,292.1755,290.5283,288.8476,287.0978,285.2733,283.3985,281.5241,279.7191,278.0581,276.6053,275.3977,274.4324,273.6619,351.0,275.0,966.7293,276.1938,1679.065,15.58620000000002
3495,3495,3495.0,3495.0,3495.0,3495.0,3495.0,3495.0,3495.0,3495.0,3495.0,3495.0,3495.0,3495.0,3495.0,3495.0,3495.0,3495.0,3495.0,3495.0,3495.0,3495.0,3495.0,3495.0,3495.0,3495.0,3495.0,3495.0,3495.0,3495.0,3495.0,3495.0,3495.0,3495.0,3495.0,3495.0,3495.0,3495.0,3495.0,3495.0,3495.0,3495.0,3495.0,3495.0,3495.0,3495.0,3495.0,3495.0,3495.0,3495.0,3495.0,3495.0,3495.0,3495.0,3495.0,3495.0,5.0,,,,,,,,,,,,,,,,,,,,0.5,337.8605,326.8371,317.6411,310.0419,303.8317,298.8074,294.7679,291.5193,288.8844,286.7107,284.8761,283.2901,281.8909,280.6406,279.5186,278.5147,277.6233,276.8381,276.1494,275.5429,349.0,272.0,1242.9231,278.7655,1402.8712,15.58620000000002
3496,3496,3496.0,3496.0,3496.0,3496.0,3496.0,3496.0,3496.0,3496.0,3496.0,3496.0,3496.0,3496.0,3496.0,3496.0,3496.0,3496.0,3496.0,3496.0,3496.0,3496.0,3496.0,3496.0,3496.0,3496.0,3496.0,3496.0,3496.0,3496.0,3496.0,3496.0,3496.0,3496.0,3496.0,3496.0,3496.0,3496.0,3496.0,3496.0,3496.0,3496.0,3496.0,3496.0,3496.0,3496.0,3496.0,3496.0,3496.0,3496.0,3496.0,3496.0,3496.0,3496.0,3496.0,3496.0,6.0,,,,,,,,,,,,,,,,,,,,0.6,337.1087,327.1661,318.8115,311.7686,305.8211,300.7955,296.5494,292.9625,289.9311,287.3638,285.1794,283.3049,281.6752,280.2319,278.924,277.7076,276.5466,275.4126,274.285,273.1503,338.0,274.0,1521.6886,279.76800000000003,1124.1057,15.58620000000002
3497,3497,3497.0,3497.0,3497.0,3497.0,3497.0,3497.0,3497.0,3497.0,3497.0,3497.0,3497.0,3497.0,3497.0,3497.0,3497.0,3497.0,3497.0,3497.0,3497.0,3497.0,3497.0,3497.0,3497.0,3497.0,3497.0,3497.0,3497.0,3497.0,3497.0,3497.0,3497.0,3497.0,3497.0,3497.0,3497.0,3497.0,3497.0,3497.0,3497.0,3497.0,3497.0,3497.0,3497.0,3497.0,3497.0,3497.0,3497.0,3497.0,3497.0,3497.0,3497.0,3497.0,3497.0,3497.0,7.0,,,,,,,,,,,,,,,,,,,,0.7,328.6478,320.8441,314.265,308.6589,303.8338,299.6457,295.9883,292.7831,289.9702,287.5021,285.3389,283.4451,281.7887,280.3407,279.0746,277.9659,276.992,276.1308,275.3602,274.6577,344.0,271.0,1801.4566,280.3778000000002,844.3377,15.58620000000002
3498,3498,3498.0,3498.0,3498.0,3498.0,3498.0,3498.0,3498.0,3498.0,3498.0,3498.0,3498.0,3498.0,3498.0,3498.0,3498.0,3498.0,3498.0,3498.0,3498.0,3498.0,3498.0,3498.0,3498.0,3498.0,3498.0,3498.0,3498.0,3498.0,3498.0,3498.0,3498.0,3498.0,3498.0,3498.0,3498.0,3498.0,3498.0,3498.0,3498.0,3498.0,3498.0,3498.0,3498.0,3498.0,3498.0,3498.0,3498.0,3498.0,3498.0,3498.0,3498.0,3498.0,3498.0,3498.0,8.0,,,,,,,,,,,,,,,,,,,,0.8,333.0754,323.9393,316.2695,309.8138,304.3684,299.7651,295.8624,292.5402,289.697,287.2467,285.1166,283.2444,281.5765,280.0658,278.6705,277.3536,276.0828,274.8313,273.5773,272.3045,342.0,274.0,2081.8344,282.7192,563.9598999999998,15.58620000000002
3499,3499,3499.0,3499.0,3499.0,3499.0,3499.0,3499.0,3499.0,3499.0,3499.0,3499.0,3499.0,3499.0,3499.0,3499.0,3499.0,3499.0,3499.0,3499.0,3499.0,3499.0,3499.0,3499.0,3499.0,3499.0,3499.0,3499.0,3499.0,3499.0,3499.0,3499.0,3499.0,3499.0,3499.0,3499.0,3499.0,3499.0,3499.0,3499.0,3499.0,3499.0,3499.0,3499.0,3499.0,3499.0,3499.0,3499.0,3499.0,3499.0,3499.0,3499.0,3499.0,3499.0,3499.0,3499.0,9.0,,,,,,,,,,,,,,,,,,,,0.9,331.6093,322.9227,315.6153,309.4337,304.1783,299.6903,295.8424,292.5313,289.6724,287.1961,285.0449,283.1713,281.5364,280.1086,278.862,277.7746,276.8263,275.9973,275.2661,274.6089,342.0,273.0,2364.5536,281.24069999999983,281.24069999999983,15.58620000000002
3500,3500,3500.0,3500.0,3500.0,3500.0,3500.0,3500.0,3500.0,3500.0,3500.0,3500.0,3500.0,3500.0,3500.0,3500.0,3500.0,3500.0,3500.0,3500.0,3500.0,3500.0,3500.0,3500.0,3500.0,3500.0,3500.0,3500.0,3500.0,3500.0,3500.0,3500.0,3500.0,3500.0,3500.0,3500.0,3500.0,3500.0,3500.0,3500.0,3500.0,3500.0,3500.0,3500.0,3500.0,3500.0,3500.0,3500.0,3500.0,3500.0,3500.0,3500.0,3500.0,3500.0,3500.0,3500.0,0.0,,,,,,,,,,,,,,,,,,,,0.0,273.0,273.0,273.0,273.0,273.0,273.0,273.0,273.0,273.0,273.0,273.0,273.0,273.0,273.0,273.0,273.0,273.0,273.0,273.0,273.0,300.0,448.0,0.0,377.241,2522.2836,15.550400000000025
3501,3501,3501.0,3501.0,3501.0,3501.0,3501.0,3501.0,3501.0,3501.0,3501.0,3501.0,3501.0,3501.0,3501.0,3501.0,3501.0,3501.0,3501.0,3501.0,3501.0,3501.0,3501.0,3501.0,3501.0,3501.0,3501.0,3501.0,3501.0,3501.0,3501.0,3501.0,3501.0,3501.0,3501.0,3501.0,3501.0,3501.0,3501.0,3501.0,3501.0,3501.0,3501.0,3501.0,3501.0,3501.0,3501.0,3501.0,3501.0,3501.0,3501.0,3501.0,3501.0,3501.0,3501.0,3501.0,1.0,,,,,,,,,,,,,,,,,,,,0.1,294.5699,289.822,285.7769,282.4431,279.8084,277.8435,276.5154,275.8096,275.7559,276.456,278.1064,281.0132,285.5921,292.3506,301.8514,314.6652,331.3303,352.3463,378.2359,409.713,471.0,332.0,377.241,168.09310000000005,2145.0426,15.550400000000025
3502,3502,3502.0,3502.0,3502.0,3502.0,3502.0,3502.0,3502.0,3502.0,3502.0,3502.0,3502.0,3502.0,3502.0,3502.0,3502.0,3502.0,3502.0,3502.0,3502.0,3502.0,3502.0,3502.0,3502.0,3502.0,3502.0,3502.0,3502.0,3502.0,3502.0,3502.0,3502.0,3502.0,3502.0,3502.0,3502.0,3502.0,3502.0,3502.0,3502.0,3502.0,3502.0,3502.0,3502.0,3502.0,3502.0,3502.0,3502.0,3502.0,3502.0,3502.0,3502.0,3502.0,3502.0,3502.0,2.0,,,,,,,,,,,,,,,,,,,,0.2,427.9912,393.1991,364.9079,342.1461,324.2719,310.7504,301.0566,294.6524,291.0042,289.6076,290.0051,291.7911,294.6066,298.1359,302.1101,306.3252,310.6706,315.1622,319.9689,325.4214,287.0,272.0,545.3341,145.2446,1976.9495,15.550400000000025
3503,3503,3503.0,3503.0,3503.0,3503.0,3503.0,3503.0,3503.0,3503.0,3503.0,3503.0,3503.0,3503.0,3503.0,3503.0,3503.0,3503.0,3503.0,3503.0,3503.0,3503.0,3503.0,3503.0,3503.0,3503.0,3503.0,3503.0,3503.0,3503.0,3503.0,3503.0,3503.0,3503.0,3503.0,3503.0,3503.0,3503.0,3503.0,3503.0,3503.0,3503.0,3503.0,3503.0,3503.0,3503.0,3503.0,3503.0,3503.0,3503.0,3503.0,3503.0,3503.0,3503.0,3503.0,3503.0,3.0,,,,,,,,,,,,,,,,,,,,0.3,291.3052,295.326,298.5717,300.7407,301.7466,301.698,300.8422,299.4923,297.9538,296.4667,295.1695,294.0865,293.1365,292.1586,290.9484,289.3006,287.0531,284.1235,280.5343,276.418,304.0,269.0,690.5787,200.3176,1831.7049,15.550400000000025
3504,3504,3504.0,3504.0,3504.0,3504.0,3504.0,3504.0,3504.0,3504.0,3504.0,3504.0,3504.0,3504.0,3504.0,3504.0,3504.0,3504.0,3504.0,3504.0,3504.0,3504.0,3504.0,3504.0,3504.0,3504.0,3504.0,3504.0,3504.0,3504.0,3504.0,3504.0,3504.0,3504.0,3504.0,3504.0,3504.0,3504.0,3504.0,3504.0,3504.0,3504.0,3504.0,3504.0,3504.0,3504.0,3504.0,3504.0,3504.0,3504.0,3504.0,3504.0,3504.0,3504.0,3504.0,3504.0,4.0,,,,,,,,,,,,,,,,,,,,0.4,301.0897,298.8142,297.0445,295.6644,294.5677,293.6586,292.8536,292.0821,291.2869,290.4227,289.4524,288.3445,287.0699,285.6015,283.9147,281.9911,279.8217,277.4106,274.7776,271.9581,356.0,275.0,890.8963,252.9805,1631.3873000000003,15.550400000000025
3505,3505,3505.0,3505.0,3505.0,3505.0,3505.0,3505.0,3505.0,3505.0,3505.0,3505.0,3505.0,3505.0,3505.0,3505.0,3505.0,3505.0,3505.0,3505.0,3505.0,3505.0,3505.0,3505.0,3505.0,3505.0,3505.0,3505.0,3505.0,3505.0,3505.0,3505.0,3505.0,3505.0,3505.0,3505.0,3505.0,3505.0,3505.0,3505.0,3505.0,3505.0,3505.0,3505.0,3505.0,3505.0,3505.0,3505.0,3505.0,3505.0,3505.0,3505.0,3505.0,3505.0,3505.0,3505.0,5.0,,,,,,,,,,,,,,,,,,,,0.5,341.4414,329.2291,319.0874,310.7962,304.1446,298.9096,294.8542,291.7376,289.3307,287.4304,285.8696,284.5207,283.2944,282.1353,281.0144,279.9215,278.8577,277.8291,276.8416,275.8986,342.0,274.0,1143.8768,266.8306,1378.4068000000002,15.550400000000025
3506,3506,3506.0,3506.0,3506.0,3506.0,3506.0,3506.0,3506.0,3506.0,3506.0,3506.0,3506.0,3506.0,3506.0,3506.0,3506.0,3506.0,3506.0,3506.0,3506.0,3506.0,3506.0,3506.0,3506.0,3506.0,3506.0,3506.0,3506.0,3506.0,3506.0,3506.0,3506.0,3506.0,3506.0,3506.0,3506.0,3506.0,3506.0,3506.0,3506.0,3506.0,3506.0,3506.0,3506.0,3506.0,3506.0,3506.0,3506.0,3506.0,3506.0,3506.0,3506.0,3506.0,3506.0,3506.0,6.0,,,,,,,,,,,,,,,,,,,,0.6,331.7357,323.1618,315.9427,309.8215,304.6026,300.1376,296.3127,293.0378,290.2371,287.8432,285.7938,284.0302,282.4974,281.1458,279.9317,278.8185,277.7773,276.7866,275.8318,274.9044,335.0,274.0,1410.7074,272.5681,1111.5762000000002,15.550400000000025
3507,3507,3507.0,3507.0,3507.0,3507.0,3507.0,3507.0,3507.0,3507.0,3507.0,3507.0,3507.0,3507.0,3507.0,3507.0,3507.0,3507.0,3507.0,3507.0,3507.0,3507.0,3507.0,3507.0,3507.0,3507.0,3507.0,3507.0,3507.0,3507.0,3507.0,3507.0,3507.0,3507.0,3507.0,3507.0,3507.0,3507.0,3507.0,3507.0,3507.0,3507.0,3507.0,3507.0,3507.0,3507.0,3507.0,3507.0,3507.0,3507.0,3507.0,3507.0,3507.0,3507.0,3507.0,3507.0,7.0,,,,,,,,,,,,,,,,,,,,0.7,326.1368,318.7392,312.5107,307.219,302.6841,298.7677,295.3646,292.3946,289.795,287.5152,285.5125,283.7494,282.192,280.8092,279.5729,278.4577,277.4409,276.5029,275.6264,274.7965,342.0,273.0,1683.2755,277.19240000000013,839.0081000000002,15.550400000000025
3508,3508,3508.0,3508.0,3508.0,3508.0,3508.0,3508.0,3508.0,3508.0,3508.0,3508.0,3508.0,3508.0,3508.0,3508.0,3508.0,3508.0,3508.0,3508.0,3508.0,3508.0,3508.0,3508.0,3508.0,3508.0,3508.0,3508.0,3508.0,3508.0,3508.0,3508.0,3508.0,3508.0,3508.0,3508.0,3508.0,3508.0,3508.0,3508.0,3508.0,3508.0,3508.0,3508.0,3508.0,3508.0,3508.0,3508.0,3508.0,3508.0,3508.0,3508.0,3508.0,3508.0,3508.0,3508.0,8.0,,,,,,,,,,,,,,,,,,,,0.8,331.3867,322.5028,315.0453,308.7755,303.4992,299.0538,295.3007,292.121,289.4134,287.0921,285.0854,283.3336,281.7873,280.4052,279.1525,277.9999,276.9227,275.9,274.9145,273.9519,344.0,273.0,1960.4679,280.5061999999998,561.8157000000001,15.550400000000025
3509,3509,3509.0,3509.0,3509.0,3509.0,3509.0,3509.0,3509.0,3509.0,3509.0,3509.0,3509.0,3509.0,3509.0,3509.0,3509.0,3509.0,3509.0,3509.0,3509.0,3509.0,3509.0,3509.0,3509.0,3509.0,3509.0,3509.0,3509.0,3509.0,3509.0,3509.0,3509.0,3509.0,3509.0,3509.0,3509.0,3509.0,3509.0,3509.0,3509.0,3509.0,3509.0,3509.0,3509.0,3509.0,3509.0,3509.0,3509.0,3509.0,3509.0,3509.0,3509.0,3509.0,3509.0,3509.0,9.0,,,,,,,,,,,,,,,,,,,,0.9,333.0821,323.9477,316.2713,309.7993,304.3299,299.6984,295.7684,292.4255,289.5726,287.1275,285.0202,283.1914,281.5909,280.176,278.9106,277.7639,276.7096,275.725,274.7902,273.8873,339.0,273.0,2240.9741,281.3095000000003,281.3095000000003,15.550400000000025
3510,3510,3510.0,3510.0,3510.0,3510.0,3510.0,3510.0,3510.0,3510.0,3510.0,3510.0,3510.0,3510.0,3510.0,3510.0,3510.0,3510.0,3510.0,3510.0,3510.0,3510.0,3510.0,3510.0,3510.0,3510.0,3510.0,3510.0,3510.0,3510.0,3510.0,3510.0,3510.0,3510.0,3510.0,3510.0,3510.0,3510.0,3510.0,3510.0,3510.0,3510.0,3510.0,3510.0,3510.0,3510.0,3510.0,3510.0,3510.0,3510.0,3510.0,3510.0,3510.0,3510.0,3510.0,3510.0,0.0,,,,,,,,,,,,,,,,,,,,0.0,273.0,273.0,273.0,273.0,273.0,273.0,273.0,273.0,273.0,273.0,273.0,273.0,273.0,273.0,273.0,273.0,273.0,273.0,273.0,273.0,301.0,448.0,0.0,376.8913,2654.8194000000003,15.94440000000003
3511,3511,3511.0,3511.0,3511.0,3511.0,3511.0,3511.0,3511.0,3511.0,3511.0,3511.0,3511.0,3511.0,3511.0,3511.0,3511.0,3511.0,3511.0,3511.0,3511.0,3511.0,3511.0,3511.0,3511.0,3511.0,3511.0,3511.0,3511.0,3511.0,3511.0,3511.0,3511.0,3511.0,3511.0,3511.0,3511.0,3511.0,3511.0,3511.0,3511.0,3511.0,3511.0,3511.0,3511.0,3511.0,3511.0,3511.0,3511.0,3511.0,3511.0,3511.0,3511.0,3511.0,3511.0,3511.0,1.0,,,,,,,,,,,,,,,,,,,,0.1,295.3659,290.4412,286.2461,282.7885,280.0549,278.0137,276.6291,275.8829,275.8015,276.4833,278.1222,281.022,285.5969,292.3531,301.8527,314.6658,331.3306,352.3464,378.236,409.713,473.0,319.0,376.8913,170.7577,2277.9281,15.94440000000003
3512,3512,3512.0,3512.0,3512.0,3512.0,3512.0,3512.0,3512.0,3512.0,3512.0,3512.0,3512.0,3512.0,3512.0,3512.0,3512.0,3512.0,3512.0,3512.0,3512.0,3512.0,3512.0,3512.0,3512.0,3512.0,3512.0,3512.0,3512.0,3512.0,3512.0,3512.0,3512.0,3512.0,3512.0,3512.0,3512.0,3512.0,3512.0,3512.0,3512.0,3512.0,3512.0,3512.0,3512.0,3512.0,3512.0,3512.0,3512.0,3512.0,3512.0,3512.0,3512.0,3512.0,3512.0,3512.0,2.0,,,,,,,,,,,,,,,,,,,,0.2,429.516,394.3775,365.8211,342.8497,324.8058,311.1444,301.331,294.8178,291.0579,289.5298,289.7532,291.2926,293.7523,296.7733,300.0386,303.2946,306.3839,309.2812,312.1225,315.2113,297.0,236.0,547.649,171.02049999999997,2107.1704,15.94440000000003
3513,3513,3513.0,3513.0,3513.0,3513.0,3513.0,3513.0,3513.0,3513.0,3513.0,3513.0,3513.0,3513.0,3513.0,3513.0,3513.0,3513.0,3513.0,3513.0,3513.0,3513.0,3513.0,3513.0,3513.0,3513.0,3513.0,3513.0,3513.0,3513.0,3513.0,3513.0,3513.0,3513.0,3513.0,3513.0,3513.0,3513.0,3513.0,3513.0,3513.0,3513.0,3513.0,3513.0,3513.0,3513.0,3513.0,3513.0,3513.0,3513.0,3513.0,3513.0,3513.0,3513.0,3513.0,3513.0,3.0,,,,,,,,,,,,,,,,,,,,0.3,299.276,301.5333,303.2812,304.2069,304.1997,303.3315,301.8028,299.8715,297.7812,295.7029,293.6968,291.6989,289.5282,286.9137,283.5353,279.0763,273.2784,265.9943,257.2238,247.1261,316.0,273.0,718.6695,247.90150000000008,1936.1499,15.94440000000003
3514,3514,3514.0,3514.0,3514.0,3514.0,3514.0,3514.0,3514.0,3514.0,3514.0,3514.0,3514.0,3514.0,3514.0,3514.0,3514.0,3514.0,3514.0,3514.0,3514.0,3514.0,3514.0,3514.0,3514.0,3514.0,3514.0,3514.0,3514.0,3514.0,3514.0,3514.0,3514.0,3514.0,3514.0,3514.0,3514.0,3514.0,3514.0,3514.0,3514.0,3514.0,3514.0,3514.0,3514.0,3514.0,3514.0,3514.0,3514.0,3514.0,3514.0,3514.0,3514.0,3514.0,3514.0,3514.0,4.0,,,,,,,,,,,,,,,,,,,,0.4,310.8608,306.6679,303.2429,300.4276,298.0771,296.0586,294.2525,292.5567,290.8895,289.1931,287.436,285.6141,283.7495,281.8876,280.0899,278.4226,276.9427,275.6828,274.6399,273.7714,347.0,271.0,966.571,274.5159,1688.2484,15.94440000000003
3515,3515,3515.0,3515.0,3515.0,3515.0,3515.0,3515.0,3515.0,3515.0,3515.0,3515.0,3515.0,3515.0,3515.0,3515.0,3515.0,3515.0,3515.0,3515.0,3515.0,3515.0,3515.0,3515.0,3515.0,3515.0,3515.0,3515.0,3515.0,3515.0,3515.0,3515.0,3515.0,3515.0,3515.0,3515.0,3515.0,3515.0,3515.0,3515.0,3515.0,3515.0,3515.0,3515.0,3515.0,3515.0,3515.0,3515.0,3515.0,3515.0,3515.0,3515.0,3515.0,3515.0,3515.0,3515.0,5.0,,,,,,,,,,,,,,,,,,,,0.5,334.773,324.515,315.9551,308.8743,303.0749,298.365,294.5555,291.4652,288.9278,286.7993,284.9621,283.325,281.8211,280.403,279.0382,277.7039,276.3837,275.0642,273.7342,272.3829,352.0,274.0,1241.0869,282.4684,1413.7324999999998,15.94440000000003
3516,3516,3516.0,3516.0,3516.0,3516.0,3516.0,3516.0,3516.0,3516.0,3516.0,3516.0,3516.0,3516.0,3516.0,3516.0,3516.0,3516.0,3516.0,3516.0,3516.0,3516.0,3516.0,3516.0,3516.0,3516.0,3516.0,3516.0,3516.0,3516.0,3516.0,3516.0,3516.0,3516.0,3516.0,3516.0,3516.0,3516.0,3516.0,3516.0,3516.0,3516.0,3516.0,3516.0,3516.0,3516.0,3516.0,3516.0,3516.0,3516.0,3516.0,3516.0,3516.0,3516.0,3516.0,3516.0,6.0,,,,,,,,,,,,,,,,,,,,0.6,339.3508,328.7711,319.8943,312.4394,306.1821,300.9363,296.543,292.8638,289.7775,287.1793,284.9797,283.1041,281.4923,280.0967,278.8805,277.8154,276.8782,276.0485,275.3064,274.6311,339.0,272.0,1523.5553,280.4704999999999,1131.2641,15.94440000000003
3517,3517,3517.0,3517.0,3517.0,3517.0,3517.0,3517.0,3517.0,3517.0,3517.0,3517.0,3517.0,3517.0,3517.0,3517.0,3517.0,3517.0,3517.0,3517.0,3517.0,3517.0,3517.0,3517.0,3517.0,3517.0,3517.0,3517.0,3517.0,3517.0,3517.0,3517.0,3517.0,3517.0,3517.0,3517.0,3517.0,3517.0,3517.0,3517.0,3517.0,3517.0,3517.0,3517.0,3517.0,3517.0,3517.0,3517.0,3517.0,3517.0,3517.0,3517.0,3517.0,3517.0,3517.0,3517.0,7.0,,,,,,,,,,,,,,,,,,,,0.7,329.4881,321.5522,314.8588,309.15,304.2304,299.9552,296.2186,292.943,290.0692,287.5489,285.3391,283.399,281.6882,280.1673,278.7978,277.5435,276.3716,275.2533,274.1645,273.0856,335.0,272.0,1804.0258,281.8415,850.7936,15.94440000000003
3518,3518,3518.0,3518.0,3518.0,3518.0,3518.0,3518.0,3518.0,3518.0,3518.0,3518.0,3518.0,3518.0,3518.0,3518.0,3518.0,3518.0,3518.0,3518.0,3518.0,3518.0,3518.0,3518.0,3518.0,3518.0,3518.0,3518.0,3518.0,3518.0,3518.0,3518.0,3518.0,3518.0,3518.0,3518.0,3518.0,3518.0,3518.0,3518.0,3518.0,3518.0,3518.0,3518.0,3518.0,3518.0,3518.0,3518.0,3518.0,3518.0,3518.0,3518.0,3518.0,3518.0,3518.0,3518.0,8.0,,,,,,,,,,,,,,,,,,,,0.8,326.0621,318.5949,312.3061,306.9655,302.3921,298.4446,295.0132,292.0122,289.3741,287.0448,284.9795,283.1399,281.4922,280.0061,278.6536,277.4087,276.2475,275.1471,274.086,273.0437,347.0,273.0,2085.8673,284.80560000000014,568.9521,15.94440000000003
3519,3519,3519.0,3519.0,3519.0,3519.0,3519.0,3519.0,3519.0,3519.0,3519.0,3519.0,3519.0,3519.0,3519.0,3519.0,3519.0,3519.0,3519.0,3519.0,3519.0,3519.0,3519.0,3519.0,3519.0,3519.0,3519.0,3519.0,3519.0,3519.0,3519.0,3519.0,3519.0,3519.0,3519.0,3519.0,3519.0,3519.0,3519.0,3519.0,3519.0,3519.0,3519.0,3519.0,3519.0,3519.0,3519.0,3519.0,3519.0,3519.0,3519.0,3519.0,3519.0,3519.0,3519.0,3519.0,9.0,,,,,,,,,,,,,,,,,,,,0.9,335.2627,325.4332,317.1872,310.2708,304.4756,299.6235,295.5586,292.1443,289.2619,286.811,284.7083,282.8867,281.2932,279.8859,278.6317,277.5037,276.4791,275.5367,274.6563,273.8177,343.0,272.0,2370.6729,284.14649999999983,284.14649999999983,15.94440000000003
3520,3520,3520.0,3520.0,3520.0,3520.0,3520.0,3520.0,3520.0,3520.0,3520.0,3520.0,3520.0,3520.0,3520.0,3520.0,3520.0,3520.0,3520.0,3520.0,3520.0,3520.0,3520.0,3520.0,3520.0,3520.0,3520.0,3520.0,3520.0,3520.0,3520.0,3520.0,3520.0,3520.0,3520.0,3520.0,3520.0,3520.0,3520.0,3520.0,3520.0,3520.0,3520.0,3520.0,3520.0,3520.0,3520.0,3520.0,3520.0,3520.0,3520.0,3520.0,3520.0,3520.0,3520.0,3520.0,0.0,,,,,,,,,,,,,,,,,,,,0.0,273.0,273.0,273.0,273.0,273.0,273.0,273.0,273.0,273.0,273.0,273.0,273.0,273.0,273.0,273.0,273.0,273.0,273.0,273.0,273.0,299.0,413.0,0.0,385.3463,2261.7089,10.77710000000002
3521,3521,3521.0,3521.0,3521.0,3521.0,3521.0,3521.0,3521.0,3521.0,3521.0,3521.0,3521.0,3521.0,3521.0,3521.0,3521.0,3521.0,3521.0,3521.0,3521.0,3521.0,3521.0,3521.0,3521.0,3521.0,3521.0,3521.0,3521.0,3521.0,3521.0,3521.0,3521.0,3521.0,3521.0,3521.0,3521.0,3521.0,3521.0,3521.0,3521.0,3521.0,3521.0,3521.0,3521.0,3521.0,3521.0,3521.0,3521.0,3521.0,3521.0,3521.0,3521.0,3521.0,3521.0,3521.0,1.0,,,,,,,,,,,,,,,,,,,,0.1,293.7731,289.2007,285.3031,282.0878,279.5412,277.6309,276.3179,275.5758,275.4136,275.8998,277.1819,279.4989,283.182,288.6394,296.3259,306.7009,320.1891,337.1625,357.9675,383.0217,443.0,407.0,385.3463,182.791,1876.3626,10.77710000000002
3522,3522,3522.0,3522.0,3522.0,3522.0,3522.0,3522.0,3522.0,3522.0,3522.0,3522.0,3522.0,3522.0,3522.0,3522.0,3522.0,3522.0,3522.0,3522.0,3522.0,3522.0,3522.0,3522.0,3522.0,3522.0,3522.0,3522.0,3522.0,3522.0,3522.0,3522.0,3522.0,3522.0,3522.0,3522.0,3522.0,3522.0,3522.0,3522.0,3522.0,3522.0,3522.0,3522.0,3522.0,3522.0,3522.0,3522.0,3522.0,3522.0,3522.0,3522.0,3522.0,3522.0,3522.0,3522.0,2.0,,,,,,,,,,,,,,,,,,,,0.2,406.8402,377.1812,352.859,333.1925,317.7052,305.9771,297.5857,292.1048,289.1313,288.3185,289.4008,292.204,296.6435,302.7154,310.4862,320.0889,331.7285,345.7019,362.4376,382.5606,237.0,273.0,568.1373,99.01009999999997,1693.5716000000002,10.77710000000002
3523,3523,3523.0,3523.0,3523.0,3523.0,3523.0,3523.0,3523.0,3523.0,3523.0,3523.0,3523.0,3523.0,3523.0,3523.0,3523.0,3523.0,3523.0,3523.0,3523.0,3523.0,3523.0,3523.0,3523.0,3523.0,3523.0,3523.0,3523.0,3523.0,3523.0,3523.0,3523.0,3523.0,3523.0,3523.0,3523.0,3523.0,3523.0,3523.0,3523.0,3523.0,3523.0,3523.0,3523.0,3523.0,3523.0,3523.0,3523.0,3523.0,3523.0,3523.0,3523.0,3523.0,3523.0,3523.0,3.0,,,,,,,,,,,,,,,,,,,,0.3,250.5622,262.7807,273.1031,281.2319,287.1517,291.0959,293.4705,294.7576,295.4222,295.8364,296.2301,296.6703,297.0674,297.2055,296.7928,295.5256,293.1598,289.577,284.8325,279.1706,325.0,305.0,667.1474,180.2827000000001,1594.5615000000005,10.77710000000002
3524,3524,3524.0,3524.0,3524.0,3524.0,3524.0,3524.0,3524.0,3524.0,3524.0,3524.0,3524.0,3524.0,3524.0,3524.0,3524.0,3524.0,3524.0,3524.0,3524.0,3524.0,3524.0,3524.0,3524.0,3524.0,3524.0,3524.0,3524.0,3524.0,3524.0,3524.0,3524.0,3524.0,3524.0,3524.0,3524.0,3524.0,3524.0,3524.0,3524.0,3524.0,3524.0,3524.0,3524.0,3524.0,3524.0,3524.0,3524.0,3524.0,3524.0,3524.0,3524.0,3524.0,3524.0,3524.0,4.0,,,,,,,,,,,,,,,,,,,,0.4,315.8903,308.2323,302.0278,297.2421,293.776,291.4623,290.0848,289.4077,289.2077,289.2994,289.5509,289.8899,290.3013,290.8197,291.5177,292.4918,293.8486,295.6917,298.1131,301.1916,347.0,323.0,847.4301,189.5039999999999,1414.2788,10.77710000000002
3525,3525,3525.0,3525.0,3525.0,3525.0,3525.0,3525.0,3525.0,3525.0,3525.0,3525.0,3525.0,3525.0,3525.0,3525.0,3525.0,3525.0,3525.0,3525.0,3525.0,3525.0,3525.0,3525.0,3525.0,3525.0,3525.0,3525.0,3525.0,3525.0,3525.0,3525.0,3525.0,3525.0,3525.0,3525.0,3525.0,3525.0,3525.0,3525.0,3525.0,3525.0,3525.0,3525.0,3525.0,3525.0,3525.0,3525.0,3525.0,3525.0,3525.0,3525.0,3525.0,3525.0,3525.0,3525.0,5.0,,,,,,,,,,,,,,,,,,,,0.5,334.5695,324.1321,315.4442,308.318,302.5895,298.1016,294.699,292.2316,290.563,289.5795,289.1984,289.3731,290.0943,291.3882,293.3103,295.9376,299.3601,303.6732,308.9761,315.3757,329.0,273.0,1036.9341,184.3367000000001,1224.7748,10.77710000000002
3526,3526,3526.0,3526.0,3526.0,3526.0,3526.0,3526.0,3526.0,3526.0,3526.0,3526.0,3526.0,3526.0,3526.0,3526.0,3526.0,3526.0,3526.0,3526.0,3526.0,3526.0,3526.0,3526.0,3526.0,3526.0,3526.0,3526.0,3526.0,3526.0,3526.0,3526.0,3526.0,3526.0,3526.0,3526.0,3526.0,3526.0,3526.0,3526.0,3526.0,3526.0,3526.0,3526.0,3526.0,3526.0,3526.0,3526.0,3526.0,3526.0,3526.0,3526.0,3526.0,3526.0,3526.0,3526.0,6.0,,,,,,,,,,,,,,,,,,,,0.6,321.4067,315.0998,309.8239,305.3852,301.6436,298.5024,295.8961,293.7762,292.0977,290.8068,289.831,289.0736,288.413,287.7075,286.8082,285.5772,283.9105,281.7597,279.148,276.174,334.0,272.0,1221.2708,230.1704,1040.4381,10.77710000000002
3527,3527,3527.0,3527.0,3527.0,3527.0,3527.0,3527.0,3527.0,3527.0,3527.0,3527.0,3527.0,3527.0,3527.0,3527.0,3527.0,3527.0,3527.0,3527.0,3527.0,3527.0,3527.0,3527.0,3527.0,3527.0,3527.0,3527.0,3527.0,3527.0,3527.0,3527.0,3527.0,3527.0,3527.0,3527.0,3527.0,3527.0,3527.0,3527.0,3527.0,3527.0,3527.0,3527.0,3527.0,3527.0,3527.0,3527.0,3527.0,3527.0,3527.0,3527.0,3527.0,3527.0,3527.0,3527.0,7.0,,,,,,,,,,,,,,,,,,,,0.7,325.0738,317.6303,311.421,306.2468,301.9432,298.3692,295.4012,292.9283,290.8501,289.0749,287.5189,286.1055,284.7658,283.4397,282.0772,280.6403,279.1049,277.4615,275.7155,273.8854,341.0,274.0,1451.4412,259.36709999999994,810.2677000000001,10.77710000000002
3528,3528,3528.0,3528.0,3528.0,3528.0,3528.0,3528.0,3528.0,3528.0,3528.0,3528.0,3528.0,3528.0,3528.0,3528.0,3528.0,3528.0,3528.0,3528.0,3528.0,3528.0,3528.0,3528.0,3528.0,3528.0,3528.0,3528.0,3528.0,3528.0,3528.0,3528.0,3528.0,3528.0,3528.0,3528.0,3528.0,3528.0,3528.0,3528.0,3528.0,3528.0,3528.0,3528.0,3528.0,3528.0,3528.0,3528.0,3528.0,3528.0,3528.0,3528.0,3528.0,3528.0,3528.0,3528.0,8.0,,,,,,,,,,,,,,,,,,,,0.8,330.5844,321.8748,314.5829,308.4802,303.3788,299.1179,295.5567,292.571,290.0515,287.903,286.0449,284.4101,282.9446,281.6064,280.3635,279.1931,278.0789,277.0096,275.9773,274.9758,340.0,272.0,1710.8083,271.37390000000005,550.9006000000002,10.77710000000002
3529,3529,3529.0,3529.0,3529.0,3529.0,3529.0,3529.0,3529.0,3529.0,3529.0,3529.0,3529.0,3529.0,3529.0,3529.0,3529.0,3529.0,3529.0,3529.0,3529.0,3529.0,3529.0,3529.0,3529.0,3529.0,3529.0,3529.0,3529.0,3529.0,3529.0,3529.0,3529.0,3529.0,3529.0,3529.0,3529.0,3529.0,3529.0,3529.0,3529.0,3529.0,3529.0,3529.0,3529.0,3529.0,3529.0,3529.0,3529.0,3529.0,3529.0,3529.0,3529.0,3529.0,3529.0,3529.0,9.0,,,,,,,,,,,,,,,,,,,,0.9,329.9541,321.5557,314.4997,308.5471,303.5081,299.2291,295.5846,292.4699,289.7963,287.4878,285.478,283.7085,282.1276,280.6897,279.3548,278.0886,276.8626,275.6545,274.4481,273.2323,343.0,271.0,1982.1822,279.5267000000001,279.5267000000001,10.77710000000002
3530,3530,3530.0,3530.0,3530.0,3530.0,3530.0,3530.0,3530.0,3530.0,3530.0,3530.0,3530.0,3530.0,3530.0,3530.0,3530.0,3530.0,3530.0,3530.0,3530.0,3530.0,3530.0,3530.0,3530.0,3530.0,3530.0,3530.0,3530.0,3530.0,3530.0,3530.0,3530.0,3530.0,3530.0,3530.0,3530.0,3530.0,3530.0,3530.0,3530.0,3530.0,3530.0,3530.0,3530.0,3530.0,3530.0,3530.0,3530.0,3530.0,3530.0,3530.0,3530.0,3530.0,3530.0,3530.0,0.0,,,,,,,,,,,,,,,,,,,,0.0,273.0,273.0,273.0,273.0,273.0,273.0,273.0,273.0,273.0,273.0,273.0,273.0,273.0,273.0,273.0,273.0,273.0,273.0,273.0,273.0,299.0,415.0,0.0,384.8469,2410.541200000001,10.646200000000022
3531,3531,3531.0,3531.0,3531.0,3531.0,3531.0,3531.0,3531.0,3531.0,3531.0,3531.0,3531.0,3531.0,3531.0,3531.0,3531.0,3531.0,3531.0,3531.0,3531.0,3531.0,3531.0,3531.0,3531.0,3531.0,3531.0,3531.0,3531.0,3531.0,3531.0,3531.0,3531.0,3531.0,3531.0,3531.0,3531.0,3531.0,3531.0,3531.0,3531.0,3531.0,3531.0,3531.0,3531.0,3531.0,3531.0,3531.0,3531.0,3531.0,3531.0,3531.0,3531.0,3531.0,3531.0,3531.0,1.0,,,,,,,,,,,,,,,,,,,,0.1,293.7731,289.2008,285.3033,282.0883,279.5423,277.6333,276.3227,275.585,275.4307,275.9302,277.2342,279.5856,283.3207,288.8535,296.645,307.1613,320.8334,338.0402,359.1374,384.5569,442.0,405.0,384.8469,181.1713,2025.6943000000003,10.646200000000022
3532,3532,3532.0,3532.0,3532.0,3532.0,3532.0,3532.0,3532.0,3532.0,3532.0,3532.0,3532.0,3532.0,3532.0,3532.0,3532.0,3532.0,3532.0,3532.0,3532.0,3532.0,3532.0,3532.0,3532.0,3532.0,3532.0,3532.0,3532.0,3532.0,3532.0,3532.0,3532.0,3532.0,3532.0,3532.0,3532.0,3532.0,3532.0,3532.0,3532.0,3532.0,3532.0,3532.0,3532.0,3532.0,3532.0,3532.0,3532.0,3532.0,3532.0,3532.0,3532.0,3532.0,3532.0,3532.0,2.0,,,,,,,,,,,,,,,,,,,,0.2,406.0841,376.6121,352.4379,332.8901,317.4981,305.8462,297.5152,292.0816,289.1444,288.3574,289.4536,292.2551,296.6713,302.6903,310.3693,319.8317,331.2733,344.9834,361.3822,381.0843,238.0,271.0,566.0182,100.12149999999995,1844.5230000000004,10.646200000000022
3533,3533,3533.0,3533.0,3533.0,3533.0,3533.0,3533.0,3533.0,3533.0,3533.0,3533.0,3533.0,3533.0,3533.0,3533.0,3533.0,3533.0,3533.0,3533.0,3533.0,3533.0,3533.0,3533.0,3533.0,3533.0,3533.0,3533.0,3533.0,3533.0,3533.0,3533.0,3533.0,3533.0,3533.0,3533.0,3533.0,3533.0,3533.0,3533.0,3533.0,3533.0,3533.0,3533.0,3533.0,3533.0,3533.0,3533.0,3533.0,3533.0,3533.0,3533.0,3533.0,3533.0,3533.0,3533.0,3.0,,,,,,,,,,,,,,,,,,,,0.3,251.3374,263.3544,273.5051,281.4948,287.3078,291.1738,293.4927,294.7397,295.3722,295.755,296.1108,296.5003,296.8282,296.8733,296.3384,294.9156,292.3564,288.5395,283.5178,277.5349,325.0,298.0,666.1397,184.83890000000008,1744.4015000000004,10.646200000000022
3534,3534,3534.0,3534.0,3534.0,3534.0,3534.0,3534.0,3534.0,3534.0,3534.0,3534.0,3534.0,3534.0,3534.0,3534.0,3534.0,3534.0,3534.0,3534.0,3534.0,3534.0,3534.0,3534.0,3534.0,3534.0,3534.0,3534.0,3534.0,3534.0,3534.0,3534.0,3534.0,3534.0,3534.0,3534.0,3534.0,3534.0,3534.0,3534.0,3534.0,3534.0,3534.0,3534.0,3534.0,3534.0,3534.0,3534.0,3534.0,3534.0,3534.0,3534.0,3534.0,3534.0,3534.0,3534.0,4.0,,,,,,,,,,,,,,,,,,,,0.4,315.9117,308.2717,302.0786,297.2955,293.8212,291.4878,290.0778,289.3539,289.0893,289.0927,289.2234,289.3966,289.5814,289.7931,290.0836,290.5282,291.2144,292.2294,293.6532,295.5555,359.0,271.0,850.9786,216.2176000000001,1559.5626000000002,10.646200000000022
3535,3535,3535.0,3535.0,3535.0,3535.0,3535.0,3535.0,3535.0,3535.0,3535.0,3535.0,3535.0,3535.0,3535.0,3535.0,3535.0,3535.0,3535.0,3535.0,3535.0,3535.0,3535.0,3535.0,3535.0,3535.0,3535.0,3535.0,3535.0,3535.0,3535.0,3535.0,3535.0,3535.0,3535.0,3535.0,3535.0,3535.0,3535.0,3535.0,3535.0,3535.0,3535.0,3535.0,3535.0,3535.0,3535.0,3535.0,3535.0,3535.0,3535.0,3535.0,3535.0,3535.0,3535.0,3535.0,5.0,,,,,,,,,,,,,,,,,,,,0.5,343.9408,331.3181,320.8219,312.218,305.3,299.8638,295.6979,292.5855,290.3109,288.6672,287.4616,286.5171,285.6734,284.7872,283.7344,282.4157,280.7645,278.7548,276.4071,273.7875,333.0,275.0,1067.1962,248.70399999999995,1343.345,10.646200000000022
3536,3536,3536.0,3536.0,3536.0,3536.0,3536.0,3536.0,3536.0,3536.0,3536.0,3536.0,3536.0,3536.0,3536.0,3536.0,3536.0,3536.0,3536.0,3536.0,3536.0,3536.0,3536.0,3536.0,3536.0,3536.0,3536.0,3536.0,3536.0,3536.0,3536.0,3536.0,3536.0,3536.0,3536.0,3536.0,3536.0,3536.0,3536.0,3536.0,3536.0,3536.0,3536.0,3536.0,3536.0,3536.0,3536.0,3536.0,3536.0,3536.0,3536.0,3536.0,3536.0,3536.0,3536.0,3536.0,6.0,,,,,,,,,,,,,,,,,,,,0.6,324.8443,318.0614,312.3416,307.4482,303.2087,299.5039,296.254,293.404,290.9113,288.7365,286.8385,285.1735,283.6966,282.3656,281.1435,280.001,278.9173,277.8796,276.8813,275.9209,338.0,274.0,1315.9002,263.8958,1094.641,10.646200000000022
3537,3537,3537.0,3537.0,3537.0,3537.0,3537.0,3537.0,3537.0,3537.0,3537.0,3537.0,3537.0,3537.0,3537.0,3537.0,3537.0,3537.0,3537.0,3537.0,3537.0,3537.0,3537.0,3537.0,3537.0,3537.0,3537.0,3537.0,3537.0,3537.0,3537.0,3537.0,3537.0,3537.0,3537.0,3537.0,3537.0,3537.0,3537.0,3537.0,3537.0,3537.0,3537.0,3537.0,3537.0,3537.0,3537.0,3537.0,3537.0,3537.0,3537.0,3537.0,3537.0,3537.0,3537.0,3537.0,7.0,,,,,,,,,,,,,,,,,,,,0.7,328.309,320.2118,313.4235,307.7179,302.9113,298.8511,295.4089,292.4765,289.9627,287.7908,285.8972,284.2285,282.7402,281.3953,280.1624,279.0157,277.9344,276.9022,275.9071,274.9414,344.0,273.0,1579.796,272.8145999999999,830.7452000000001,10.646200000000022
3538,3538,3538.0,3538.0,3538.0,3538.0,3538.0,3538.0,3538.0,3538.0,3538.0,3538.0,3538.0,3538.0,3538.0,3538.0,3538.0,3538.0,3538.0,3538.0,3538.0,3538.0,3538.0,3538.0,3538.0,3538.0,3538.0,3538.0,3538.0,3538.0,3538.0,3538.0,3538.0,3538.0,3538.0,3538.0,3538.0,3538.0,3538.0,3538.0,3538.0,3538.0,3538.0,3538.0,3538.0,3538.0,3538.0,3538.0,3538.0,3538.0,3538.0,3538.0,3538.0,3538.0,3538.0,3538.0,8.0,,,,,,,,,,,,,,,,,,,,0.8,333.0141,323.8239,316.114,309.638,304.1959,299.6209,295.7703,292.5212,289.7677,287.4186,285.3967,283.6367,282.0838,280.6922,279.4238,278.2469,277.1357,276.0696,275.0326,274.0125,342.0,273.0,1852.6106,277.62030000000004,557.9306000000001,10.646200000000022
3539,3539,3539.0,3539.0,3539.0,3539.0,3539.0,3539.0,3539.0,3539.0,3539.0,3539.0,3539.0,3539.0,3539.0,3539.0,3539.0,3539.0,3539.0,3539.0,3539.0,3539.0,3539.0,3539.0,3539.0,3539.0,3539.0,3539.0,3539.0,3539.0,3539.0,3539.0,3539.0,3539.0,3539.0,3539.0,3539.0,3539.0,3539.0,3539.0,3539.0,3539.0,3539.0,3539.0,3539.0,3539.0,3539.0,3539.0,3539.0,3539.0,3539.0,3539.0,3539.0,3539.0,3539.0,3539.0,9.0,,,,,,,,,,,,,,,,,,,,0.9,331.6026,322.9116,315.604,309.4283,304.1861,299.7195,295.9011,292.6268,289.8103,287.3786,285.2696,283.4296,281.812,280.3764,279.0877,277.9157,276.8341,275.8203,274.8547,273.9199,346.0,272.0,2130.2309,280.3103000000001,280.3103000000001,10.646200000000022
3540,3540,3540.0,3540.0,3540.0,3540.0,3540.0,3540.0,3540.0,3540.0,3540.0,3540.0,3540.0,3540.0,3540.0,3540.0,3540.0,3540.0,3540.0,3540.0,3540.0,3540.0,3540.0,3540.0,3540.0,3540.0,3540.0,3540.0,3540.0,3540.0,3540.0,3540.0,3540.0,3540.0,3540.0,3540.0,3540.0,3540.0,3540.0,3540.0,3540.0,3540.0,3540.0,3540.0,3540.0,3540.0,3540.0,3540.0,3540.0,3540.0,3540.0,3540.0,3540.0,3540.0,3540.0,0.0,,,,,,,,,,,,,,,,,,,,,0.0,273.0,273.0,273.0,273.0,273.0,273.0,273.0,273.0,273.0,273.0,273.0,273.0,273.0,273.0,273.0,273.0,273.0,273.0,273.0,273.0,345.0,471.0,0.0,360.2498,1967.325,12.947299999999984
3541,3541,3541.0,3541.0,3541.0,3541.0,3541.0,3541.0,3541.0,3541.0,3541.0,3541.0,3541.0,3541.0,3541.0,3541.0,3541.0,3541.0,3541.0,3541.0,3541.0,3541.0,3541.0,3541.0,3541.0,3541.0,3541.0,3541.0,3541.0,3541.0,3541.0,3541.0,3541.0,3541.0,3541.0,3541.0,3541.0,3541.0,3541.0,3541.0,3541.0,3541.0,3541.0,3541.0,3541.0,3541.0,3541.0,3541.0,3541.0,3541.0,3541.0,3541.0,3541.0,3541.0,3541.0,1.0,,,,,,,,,,,,,,,,,,,,,0.1,330.1735,317.4213,306.656,297.809,290.7847,285.4465,281.6304,279.1784,277.9808,278.0194,279.402,282.3822,287.359,294.8536,305.465,319.8149,338.5052,362.1197,391.3145,427.0451,335.0,468.0,360.2498,113.09570000000002,1607.0752,12.947299999999984
3542,3542,3542.0,3542.0,3542.0,3542.0,3542.0,3542.0,3542.0,3542.0,3542.0,3542.0,3542.0,3542.0,3542.0,3542.0,3542.0,3542.0,3542.0,3542.0,3542.0,3542.0,3542.0,3542.0,3542.0,3542.0,3542.0,3542.0,3542.0,3542.0,3542.0,3542.0,3542.0,3542.0,3542.0,3542.0,3542.0,3542.0,3542.0,3542.0,3542.0,3542.0,3542.0,3542.0,3542.0,3542.0,3542.0,3542.0,3542.0,3542.0,3542.0,3542.0,3542.0,3542.0,3542.0,2.0,,,,,,,,,,,,,,,,,,,,,0.2,324.8648,316.2823,309.0522,303.0462,298.1958,294.4825,291.9287,290.5915,290.5566,291.934,294.8557,299.474,305.9629,314.5234,325.3946,338.877,355.3708,375.4406,399.9216,430.0958,392.0,361.0,473.3455,42.89519999999993,1493.9795,12.947299999999984
3543,3543,3543.0,3543.0,3543.0,3543.0,3543.0,3543.0,3543.0,3543.0,3543.0,3543.0,3543.0,3543.0,3543.0,3543.0,3543.0,3543.0,3543.0,3543.0,3543.0,3543.0,3543.0,3543.0,3543.0,3543.0,3543.0,3543.0,3543.0,3543.0,3543.0,3543.0,3543.0,3543.0,3543.0,3543.0,3543.0,3543.0,3543.0,3543.0,3543.0,3543.0,3543.0,3543.0,3543.0,3543.0,3543.0,3543.0,3543.0,3543.0,3543.0,3543.0,3543.0,3543.0,3543.0,3.0,,,,,,,,,,,,,,,,,,,,,0.3,370.157,352.1378,337.3823,325.5195,316.2712,309.3973,304.6692,301.8628,300.7579,301.1396,302.7976,305.5242,309.115,313.3769,318.1481,323.329,328.9216,335.0698,342.0921,350.4999,340.0,272.0,516.2407,72.43080000000009,1451.0843,12.947299999999984
3544,3544,3544.0,3544.0,3544.0,3544.0,3544.0,3544.0,3544.0,3544.0,3544.0,3544.0,3544.0,3544.0,3544.0,3544.0,3544.0,3544.0,3544.0,3544.0,3544.0,3544.0,3544.0,3544.0,3544.0,3544.0,3544.0,3544.0,3544.0,3544.0,3544.0,3544.0,3544.0,3544.0,3544.0,3544.0,3544.0,3544.0,3544.0,3544.0,3544.0,3544.0,3544.0,3544.0,3544.0,3544.0,3544.0,3544.0,3544.0,3544.0,3544.0,3544.0,3544.0,3544.0,3544.0,4.0,,,,,,,,,,,,,,,,,,,,,0.4,331.9798,325.5186,320.2375,315.8616,312.2116,309.1879,306.7442,304.8583,303.5009,302.6105,302.075,301.7235,301.3302,300.6289,299.3415,297.2155,294.0683,289.8291,284.5692,278.5096,349.0,272.0,588.6715,148.92219999999998,1378.6535,12.947299999999984
3545,3545,3545.0,3545.0,3545.0,3545.0,3545.0,3545.0,3545.0,3545.0,3545.0,3545.0,3545.0,3545.0,3545.0,3545.0,3545.0,3545.0,3545.0,3545.0,3545.0,3545.0,3545.0,3545.0,3545.0,3545.0,3545.0,3545.0,3545.0,3545.0,3545.0,3545.0,3545.0,3545.0,3545.0,3545.0,3545.0,3545.0,3545.0,3545.0,3545.0,3545.0,3545.0,3545.0,3545.0,3545.0,3545.0,3545.0,3545.0,3545.0,3545.0,3545.0,3545.0,3545.0,3545.0,5.0,,,,,,,,,,,,,,,,,,,,,0.5,338.135,329.2397,321.9637,316.0292,311.2066,307.2986,304.13,301.5422,299.3895,297.5376,295.862,294.2491,292.5971,290.8189,288.8451,286.6279,284.1443,281.398,278.4193,275.2623,372.0,272.0,737.5937,207.572,1229.7313,12.947299999999984
3546,3546,3546.0,3546.0,3546.0,3546.0,3546.0,3546.0,3546.0,3546.0,3546.0,3546.0,3546.0,3546.0,3546.0,3546.0,3546.0,3546.0,3546.0,3546.0,3546.0,3546.0,3546.0,3546.0,3546.0,3546.0,3546.0,3546.0,3546.0,3546.0,3546.0,3546.0,3546.0,3546.0,3546.0,3546.0,3546.0,3546.0,3546.0,3546.0,3546.0,3546.0,3546.0,3546.0,3546.0,3546.0,3546.0,3546.0,3546.0,3546.0,3546.0,3546.0,3546.0,3546.0,3546.0,6.0,,,,,,,,,,,,,,,,,,,,,0.6,355.8785,342.6007,331.6569,322.6618,315.3024,309.3082,304.4359,300.4644,297.1945,294.451,292.0838,289.9682,288.0039,286.1128,284.2371,282.3362,280.3852,278.3725,276.2975,274.1685,388.0,273.0,945.1657,242.30330000000004,1022.1593,12.947299999999984
3547,3547,3547.0,3547.0,3547.0,3547.0,3547.0,3547.0,3547.0,3547.0,3547.0,3547.0,3547.0,3547.0,3547.0,3547.0,3547.0,3547.0,3547.0,3547.0,3547.0,3547.0,3547.0,3547.0,3547.0,3547.0,3547.0,3547.0,3547.0,3547.0,3547.0,3547.0,3547.0,3547.0,3547.0,3547.0,3547.0,3547.0,3547.0,3547.0,3547.0,3547.0,3547.0,3547.0,3547.0,3547.0,3547.0,3547.0,3547.0,3547.0,3547.0,3547.0,3547.0,3547.0,3547.0,7.0,,,,,,,,,,,,,,,,,,,,,0.7,368.6823,352.8394,339.7725,328.9725,320.0477,312.6808,306.6036,301.5843,297.4214,293.9406,290.994,288.4585,286.2335,284.2391,282.4128,280.7069,279.0854,277.5218,275.9959,274.4927,388.0,273.0,1187.469,257.1679999999999,779.856,12.947299999999984
3548,3548,3548.0,3548.0,3548.0,3548.0,3548.0,3548.0,3548.0,3548.0,3548.0,3548.0,3548.0,3548.0,3548.0,3548.0,3548.0,3548.0,3548.0,3548.0,3548.0,3548.0,3548.0,3548.0,3548.0,3548.0,3548.0,3548.0,3548.0,3548.0,3548.0,3548.0,3548.0,3548.0,3548.0,3548.0,3548.0,3548.0,3548.0,3548.0,3548.0,3548.0,3548.0,3548.0,3548.0,3548.0,3548.0,3548.0,3548.0,3548.0,3548.0,3548.0,3548.0,3548.0,3548.0,8.0,,,,,,,,,,,,,,,,,,,,,0.8,369.1691,353.7662,341.0479,330.4714,321.6294,314.208,307.959,302.6822,298.2123,294.4111,291.1616,288.3641,285.9338,283.7982,281.8961,280.1758,278.5939,277.1141,275.7055,274.342,386.0,272.0,1444.637,260.66820000000007,522.6880000000001,12.947299999999984
3549,3549,3549.0,3549.0,3549.0,3549.0,3549.0,3549.0,3549.0,3549.0,3549.0,3549.0,3549.0,3549.0,3549.0,3549.0,3549.0,3549.0,3549.0,3549.0,3549.0,3549.0,3549.0,3549.0,3549.0,3549.0,3549.0,3549.0,3549.0,3549.0,3549.0,3549.0,3549.0,3549.0,3549.0,3549.0,3549.0,3549.0,3549.0,3549.0,3549.0,3549.0,3549.0,3549.0,3549.0,3549.0,3549.0,3549.0,3549.0,3549.0,3549.0,3549.0,3549.0,3549.0,3549.0,9.0,,,,,,,,,,,,,,,,,,,,,0.9,367.7556,352.8416,340.5249,330.2669,321.6631,314.4039,308.2482,303.0051,298.5206,294.6682,291.3422,288.4526,285.9217,283.6819,281.6738,279.8455,278.1514,276.552,275.013,273.5046,384.0,270.0,1705.3052,262.01980000000003,262.01980000000003,12.947299999999984
3550,3550,3550.0,3550.0,3550.0,3550.0,3550.0,3550.0,3550.0,3550.0,3550.0,3550.0,3550.0,3550.0,3550.0,3550.0,3550.0,3550.0,3550.0,3550.0,3550.0,3550.0,3550.0,3550.0,3550.0,3550.0,3550.0,3550.0,3550.0,3550.0,3550.0,3550.0,3550.0,3550.0,3550.0,3550.0,3550.0,3550.0,3550.0,3550.0,3550.0,3550.0,3550.0,3550.0,3550.0,3550.0,3550.0,3550.0,3550.0,3550.0,3550.0,3550.0,3550.0,3550.0,3550.0,0.0,,,,,,,,,,,,,,,,,,,,,0.0,273.0,273.0,273.0,273.0,273.0,273.0,273.0,273.0,273.0,273.0,273.0,273.0,273.0,273.0,273.0,273.0,273.0,273.0,273.0,273.0,345.0,473.0,0.0,359.9485,1932.7094,12.065999999999974
3551,3551,3551.0,3551.0,3551.0,3551.0,3551.0,3551.0,3551.0,3551.0,3551.0,3551.0,3551.0,3551.0,3551.0,3551.0,3551.0,3551.0,3551.0,3551.0,3551.0,3551.0,3551.0,3551.0,3551.0,3551.0,3551.0,3551.0,3551.0,3551.0,3551.0,3551.0,3551.0,3551.0,3551.0,3551.0,3551.0,3551.0,3551.0,3551.0,3551.0,3551.0,3551.0,3551.0,3551.0,3551.0,3551.0,3551.0,3551.0,3551.0,3551.0,3551.0,3551.0,3551.0,3551.0,1.0,,,,,,,,,,,,,,,,,,,,,0.1,330.1736,317.4214,306.6562,297.8095,290.7858,285.4488,281.6351,279.1874,277.9975,278.0491,279.4529,282.4663,287.4931,295.06,305.7716,320.2562,339.1219,362.961,392.4421,428.544,330.0,472.0,359.9485,112.4484,1572.7608999999998,12.065999999999974
3552,3552,3552.0,3552.0,3552.0,3552.0,3552.0,3552.0,3552.0,3552.0,3552.0,3552.0,3552.0,3552.0,3552.0,3552.0,3552.0,3552.0,3552.0,3552.0,3552.0,3552.0,3552.0,3552.0,3552.0,3552.0,3552.0,3552.0,3552.0,3552.0,3552.0,3552.0,3552.0,3552.0,3552.0,3552.0,3552.0,3552.0,3552.0,3552.0,3552.0,3552.0,3552.0,3552.0,3552.0,3552.0,3552.0,3552.0,3552.0,3552.0,3552.0,3552.0,3552.0,3552.0,3552.0,2.0,,,,,,,,,,,,,,,,,,,,,0.2,320.9332,313.2533,306.7759,301.3849,297.0248,293.692,291.427,290.3064,290.4359,291.9448,294.983,299.7187,306.3407,315.0631,326.1386,339.8807,356.7054,377.1978,402.2236,433.1152,385.0,378.0,472.3969,40.309000000000026,1460.3124999999998,12.065999999999974
3553,3553,3553.0,3553.0,3553.0,3553.0,3553.0,3553.0,3553.0,3553.0,3553.0,3553.0,3553.0,3553.0,3553.0,3553.0,3553.0,3553.0,3553.0,3553.0,3553.0,3553.0,3553.0,3553.0,3553.0,3553.0,3553.0,3553.0,3553.0,3553.0,3553.0,3553.0,3553.0,3553.0,3553.0,3553.0,3553.0,3553.0,3553.0,3553.0,3553.0,3553.0,3553.0,3553.0,3553.0,3553.0,3553.0,3553.0,3553.0,3553.0,3553.0,3553.0,3553.0,3553.0,3553.0,3.0,,,,,,,,,,,,,,,,,,,,,0.3,364.6157,347.7555,333.9387,322.8451,314.2311,307.8831,303.596,301.1688,300.4059,301.1213,303.138,306.2881,310.4137,315.3753,321.0705,327.463,334.6209,342.7561,352.26,363.7316,348.0,273.0,512.7059,62.21969999999999,1420.0034999999998,12.065999999999974
3554,3554,3554.0,3554.0,3554.0,3554.0,3554.0,3554.0,3554.0,3554.0,3554.0,3554.0,3554.0,3554.0,3554.0,3554.0,3554.0,3554.0,3554.0,3554.0,3554.0,3554.0,3554.0,3554.0,3554.0,3554.0,3554.0,3554.0,3554.0,3554.0,3554.0,3554.0,3554.0,3554.0,3554.0,3554.0,3554.0,3554.0,3554.0,3554.0,3554.0,3554.0,3554.0,3554.0,3554.0,3554.0,3554.0,3554.0,3554.0,3554.0,3554.0,3554.0,3554.0,3554.0,3554.0,4.0,,,,,,,,,,,,,,,,,,,,,0.4,338.0089,329.8907,323.2572,317.8256,313.4029,309.866,307.1366,305.1549,303.8525,303.1292,302.8365,302.7687,302.666,302.2288,301.1465,299.1382,296.0007,291.6557,286.1837,279.8337,350.0,270.0,574.9256,142.22449999999992,1357.7837999999997,12.065999999999974
3555,3555,3555.0,3555.0,3555.0,3555.0,3555.0,3555.0,3555.0,3555.0,3555.0,3555.0,3555.0,3555.0,3555.0,3555.0,3555.0,3555.0,3555.0,3555.0,3555.0,3555.0,3555.0,3555.0,3555.0,3555.0,3555.0,3555.0,3555.0,3555.0,3555.0,3555.0,3555.0,3555.0,3555.0,3555.0,3555.0,3555.0,3555.0,3555.0,3555.0,3555.0,3555.0,3555.0,3555.0,3555.0,3555.0,3555.0,3555.0,3555.0,3555.0,3555.0,3555.0,3555.0,3555.0,5.0,,,,,,,,,,,,,,,,,,,,,0.5,339.1125,330.2156,322.9406,316.9983,312.1548,308.2148,305.0089,302.3853,300.2033,298.3291,296.6343,294.9957,293.2977,291.4363,289.3248,286.8996,284.126,281.002,277.5598,273.8629,370.0,273.0,717.1501,204.0925000000001,1215.5593,12.065999999999974
3556,3556,3556.0,3556.0,3556.0,3556.0,3556.0,3556.0,3556.0,3556.0,3556.0,3556.0,3556.0,3556.0,3556.0,3556.0,3556.0,3556.0,3556.0,3556.0,3556.0,3556.0,3556.0,3556.0,3556.0,3556.0,3556.0,3556.0,3556.0,3556.0,3556.0,3556.0,3556.0,3556.0,3556.0,3556.0,3556.0,3556.0,3556.0,3556.0,3556.0,3556.0,3556.0,3556.0,3556.0,3556.0,3556.0,3556.0,3556.0,3556.0,3556.0,3556.0,3556.0,3556.0,3556.0,6.0,,,,,,,,,,,,,,,,,,,,,0.6,354.4331,341.6228,331.0692,322.3921,315.283,309.477,304.7377,300.8524,297.6305,294.9057,292.5365,290.4065,288.4238,286.519,284.6428,282.7629,280.8613,278.9308,276.9723,274.9921,386.0,272.0,921.2426,238.87349999999992,1011.4668,12.065999999999974
3557,3557,3557.0,3557.0,3557.0,3557.0,3557.0,3557.0,3557.0,3557.0,3557.0,3557.0,3557.0,3557.0,3557.0,3557.0,3557.0,3557.0,3557.0,3557.0,3557.0,3557.0,3557.0,3557.0,3557.0,3557.0,3557.0,3557.0,3557.0,3557.0,3557.0,3557.0,3557.0,3557.0,3557.0,3557.0,3557.0,3557.0,3557.0,3557.0,3557.0,3557.0,3557.0,3557.0,3557.0,3557.0,3557.0,3557.0,3557.0,3557.0,3557.0,3557.0,3557.0,3557.0,3557.0,7.0,,,,,,,,,,,,,,,,,,,,,0.7,367.1336,351.6561,338.8904,328.3409,319.6245,312.4298,306.4927,301.585,297.5075,294.088,291.18,288.6602,286.4271,284.3986,282.509,280.7073,278.9549,277.2237,275.4947,273.7558,385.0,274.0,1160.1161,255.0857000000001,772.5933,12.065999999999974
3558,3558,3558.0,3558.0,3558.0,3558.0,3558.0,3558.0,3558.0,3558.0,3558.0,3558.0,3558.0,3558.0,3558.0,3558.0,3558.0,3558.0,3558.0,3558.0,3558.0,3558.0,3558.0,3558.0,3558.0,3558.0,3558.0,3558.0,3558.0,3558.0,3558.0,3558.0,3558.0,3558.0,3558.0,3558.0,3558.0,3558.0,3558.0,3558.0,3558.0,3558.0,3558.0,3558.0,3558.0,3558.0,3558.0,3558.0,3558.0,3558.0,3558.0,3558.0,3558.0,3558.0,3558.0,8.0,,,,,,,,,,,,,,,,,,,,,0.8,366.8132,351.9242,339.6214,329.3823,320.8137,313.6121,307.5379,302.3979,298.0336,294.3131,291.1255,288.3778,285.9919,283.903,282.0575,280.4109,278.9261,277.5707,276.3159,275.1344,387.0,274.0,1415.2018,258.12480000000005,517.5075999999999,12.065999999999974
3559,3559,3559.0,3559.0,3559.0,3559.0,3559.0,3559.0,3559.0,3559.0,3559.0,3559.0,3559.0,3559.0,3559.0,3559.0,3559.0,3559.0,3559.0,3559.0,3559.0,3559.0,3559.0,3559.0,3559.0,3559.0,3559.0,3559.0,3559.0,3559.0,3559.0,3559.0,3559.0,3559.0,3559.0,3559.0,3559.0,3559.0,3559.0,3559.0,3559.0,3559.0,3559.0,3559.0,3559.0,3559.0,3559.0,3559.0,3559.0,3559.0,3559.0,3559.0,3559.0,3559.0,3559.0,9.0,,,,,,,,,,,,,,,,,,,,,0.9,368.4345,353.2524,340.7189,330.2956,321.5766,314.2485,308.0642,302.8256,298.3715,294.5694,291.3099,288.5018,286.0685,283.9456,282.0786,280.4205,278.9308,277.574,276.3187,275.1361,386.0,271.0,1673.3266,259.38279999999986,259.38279999999986,12.065999999999974
3560,3560,3560.0,3560.0,3560.0,3560.0,3560.0,3560.0,3560.0,3560.0,3560.0,3560.0,3560.0,3560.0,3560.0,3560.0,3560.0,3560.0,3560.0,3560.0,3560.0,3560.0,3560.0,3560.0,3560.0,3560.0,3560.0,3560.0,3560.0,3560.0,3560.0,3560.0,3560.0,3560.0,3560.0,3560.0,3560.0,3560.0,3560.0,3560.0,3560.0,3560.0,3560.0,3560.0,3560.0,3560.0,3560.0,3560.0,3560.0,3560.0,3560.0,3560.0,3560.0,3560.0,3560.0,0.0,,,,,,,,,,,,,,,,,,,,,0.0,273.0,273.0,273.0,273.0,273.0,273.0,273.0,273.0,273.0,273.0,273.0,273.0,273.0,273.0,273.0,273.0,273.0,273.0,273.0,273.0,346.0,473.0,0.0,359.721,1975.7343,12.905100000000004
3561,3561,3561.0,3561.0,3561.0,3561.0,3561.0,3561.0,3561.0,3561.0,3561.0,3561.0,3561.0,3561.0,3561.0,3561.0,3561.0,3561.0,3561.0,3561.0,3561.0,3561.0,3561.0,3561.0,3561.0,3561.0,3561.0,3561.0,3561.0,3561.0,3561.0,3561.0,3561.0,3561.0,3561.0,3561.0,3561.0,3561.0,3561.0,3561.0,3561.0,3561.0,3561.0,3561.0,3561.0,3561.0,3561.0,3561.0,3561.0,3561.0,3561.0,3561.0,3561.0,3561.0,3561.0,1.0,,,,,,,,,,,,,,,,,,,,,0.1,330.9595,318.0282,307.1144,298.1464,291.0263,285.6151,281.7463,279.2592,278.0422,278.076,279.4685,282.475,287.4978,295.0624,305.7729,320.2568,339.1222,362.9611,392.4422,428.544,332.0,471.0,359.721,111.7615,1616.0133,12.905100000000004
3562,3562,3562.0,3562.0,3562.0,3562.0,3562.0,3562.0,3562.0,3562.0,3562.0,3562.0,3562.0,3562.0,3562.0,3562.0,3562.0,3562.0,3562.0,3562.0,3562.0,3562.0,3562.0,3562.0,3562.0,3562.0,3562.0,3562.0,3562.0,3562.0,3562.0,3562.0,3562.0,3562.0,3562.0,3562.0,3562.0,3562.0,3562.0,3562.0,3562.0,3562.0,3562.0,3562.0,3562.0,3562.0,3562.0,3562.0,3562.0,3562.0,3562.0,3562.0,3562.0,3562.0,3562.0,2.0,,,,,,,,,,,,,,,,,,,,,0.2,322.5391,314.528,307.7736,302.1538,297.6075,294.1259,291.744,290.5328,290.5923,292.0463,295.0392,299.7342,306.315,314.9911,326.0103,339.6818,356.4165,376.7942,401.6731,432.3733,393.0,356.0,471.4825,42.05829999999997,1504.2518,12.905100000000004
3563,3563,3563.0,3563.0,3563.0,3563.0,3563.0,3563.0,3563.0,3563.0,3563.0,3563.0,3563.0,3563.0,3563.0,3563.0,3563.0,3563.0,3563.0,3563.0,3563.0,3563.0,3563.0,3563.0,3563.0,3563.0,3563.0,3563.0,3563.0,3563.0,3563.0,3563.0,3563.0,3563.0,3563.0,3563.0,3563.0,3563.0,3563.0,3563.0,3563.0,3563.0,3563.0,3563.0,3563.0,3563.0,3563.0,3563.0,3563.0,3563.0,3563.0,3563.0,3563.0,3563.0,3563.0,3.0,,,,,,,,,,,,,,,,,,,,,0.3,370.8558,352.5891,337.6371,325.6282,316.2825,309.3551,304.6102,301.8131,300.7315,301.1371,302.8045,305.5092,309.0279,313.1467,317.6811,322.5087,327.6101,333.1107,339.3133,346.714,343.0,272.0,513.5408,74.97379999999998,1462.1935,12.905100000000004
3564,3564,3564.0,3564.0,3564.0,3564.0,3564.0,3564.0,3564.0,3564.0,3564.0,3564.0,3564.0,3564.0,3564.0,3564.0,3564.0,3564.0,3564.0,3564.0,3564.0,3564.0,3564.0,3564.0,3564.0,3564.0,3564.0,3564.0,3564.0,3564.0,3564.0,3564.0,3564.0,3564.0,3564.0,3564.0,3564.0,3564.0,3564.0,3564.0,3564.0,3564.0,3564.0,3564.0,3564.0,3564.0,3564.0,3564.0,3564.0,3564.0,3564.0,3564.0,3564.0,3564.0,3564.0,4.0,,,,,,,,,,,,,,,,,,,,,0.4,334.3348,327.3336,321.6047,316.8629,312.9192,309.6634,307.0384,305.0102,303.5388,302.5534,301.935,301.5093,301.0502,300.2949,298.9708,296.8324,293.7028,289.5145,284.3375,278.3866,351.0,273.0,588.5146,150.84720000000004,1387.2197,12.905100000000004
3565,3565,3565.0,3565.0,3565.0,3565.0,3565.0,3565.0,3565.0,3565.0,3565.0,3565.0,3565.0,3565.0,3565.0,3565.0,3565.0,3565.0,3565.0,3565.0,3565.0,3565.0,3565.0,3565.0,3565.0,3565.0,3565.0,3565.0,3565.0,3565.0,3565.0,3565.0,3565.0,3565.0,3565.0,3565.0,3565.0,3565.0,3565.0,3565.0,3565.0,3565.0,3565.0,3565.0,3565.0,3565.0,3565.0,3565.0,3565.0,3565.0,3565.0,3565.0,3565.0,3565.0,3565.0,5.0,,,,,,,,,,,,,,,,,,,,,0.5,339.7804,330.5956,323.0777,316.9369,311.9354,307.8706,304.5646,301.8574,299.6032,297.6679,295.9287,294.2737,292.6038,290.8346,288.9001,286.7552,284.379,281.7757,278.9745,276.0265,371.0,271.0,739.3618,207.3064,1236.3725,12.905100000000004
3566,3566,3566.0,3566.0,3566.0,3566.0,3566.0,3566.0,3566.0,3566.0,3566.0,3566.0,3566.0,3566.0,3566.0,3566.0,3566.0,3566.0,3566.0,3566.0,3566.0,3566.0,3566.0,3566.0,3566.0,3566.0,3566.0,3566.0,3566.0,3566.0,3566.0,3566.0,3566.0,3566.0,3566.0,3566.0,3566.0,3566.0,3566.0,3566.0,3566.0,3566.0,3566.0,3566.0,3566.0,3566.0,3566.0,3566.0,3566.0,3566.0,3566.0,3566.0,3566.0,3566.0,3566.0,6.0,,,,,,,,,,,,,,,,,,,,,0.6,355.1831,342.1621,331.4285,322.5973,315.357,309.4411,304.6122,300.6567,297.3826,294.6213,292.2269,290.077,288.0705,286.1267,284.1829,282.1936,280.1289,277.9736,275.7259,273.3954,386.0,273.0,946.6682,242.1582,1029.0661,12.905100000000004
3567,3567,3567.0,3567.0,3567.0,3567.0,3567.0,3567.0,3567.0,3567.0,3567.0,3567.0,3567.0,3567.0,3567.0,3567.0,3567.0,3567.0,3567.0,3567.0,3567.0,3567.0,3567.0,3567.0,3567.0,3567.0,3567.0,3567.0,3567.0,3567.0,3567.0,3567.0,3567.0,3567.0,3567.0,3567.0,3567.0,3567.0,3567.0,3567.0,3567.0,3567.0,3567.0,3567.0,3567.0,3567.0,3567.0,3567.0,3567.0,3567.0,3567.0,3567.0,3567.0,3567.0,3567.0,7.0,,,,,,,,,,,,,,,,,,,,,0.7,367.1405,351.6667,338.8995,328.3413,319.6087,312.3906,306.4246,301.4841,297.3727,293.9214,290.987,288.451,286.2175,284.2106,282.3718,280.6568,279.0321,277.4726,275.9582,274.4722,389.0,271.0,1188.8264,257.98950000000013,786.9079000000002,12.905100000000004
3568,3568,3568.0,3568.0,3568.0,3568.0,3568.0,3568.0,3568.0,3568.0,3568.0,3568.0,3568.0,3568.0,3568.0,3568.0,3568.0,3568.0,3568.0,3568.0,3568.0,3568.0,3568.0,3568.0,3568.0,3568.0,3568.0,3568.0,3568.0,3568.0,3568.0,3568.0,3568.0,3568.0,3568.0,3568.0,3568.0,3568.0,3568.0,3568.0,3568.0,3568.0,3568.0,3568.0,3568.0,3568.0,3568.0,3568.0,3568.0,3568.0,3568.0,3568.0,3568.0,3568.0,3568.0,8.0,,,,,,,,,,,,,,,,,,,,,0.8,369.8861,354.2503,341.3442,330.6225,321.6744,314.1811,307.8883,302.5877,298.1059,294.2965,291.0343,288.212,285.7369,283.5293,281.5205,279.6522,277.8754,276.1503,274.4452,272.735,387.0,271.0,1446.8159,264.3301999999999,528.9184,12.905100000000004
3569,3569,3569.0,3569.0,3569.0,3569.0,3569.0,3569.0,3569.0,3569.0,3569.0,3569.0,3569.0,3569.0,3569.0,3569.0,3569.0,3569.0,3569.0,3569.0,3569.0,3569.0,3569.0,3569.0,3569.0,3569.0,3569.0,3569.0,3569.0,3569.0,3569.0,3569.0,3569.0,3569.0,3569.0,3569.0,3569.0,3569.0,3569.0,3569.0,3569.0,3569.0,3569.0,3569.0,3569.0,3569.0,3569.0,3569.0,3569.0,3569.0,3569.0,3569.0,3569.0,3569.0,3569.0,9.0,,,,,,,,,,,,,,,,,,,,,0.9,368.5342,353.4418,340.9788,330.5993,321.8937,314.5486,308.3192,303.0113,298.4678,294.5592,291.177,288.2291,285.6362,283.3298,281.2501,279.345,277.5688,275.881,274.2453,272.6286,385.0,272.0,1711.1461,264.58820000000014,264.58820000000014,12.905100000000004
3570,3570,3570.0,3570.0,3570.0,3570.0,3570.0,3570.0,3570.0,3570.0,3570.0,3570.0,3570.0,3570.0,3570.0,3570.0,3570.0,3570.0,3570.0,3570.0,3570.0,3570.0,3570.0,3570.0,3570.0,3570.0,3570.0,3570.0,3570.0,3570.0,3570.0,3570.0,3570.0,3570.0,3570.0,3570.0,3570.0,3570.0,3570.0,3570.0,3570.0,3570.0,3570.0,3570.0,3570.0,3570.0,3570.0,3570.0,3570.0,3570.0,3570.0,3570.0,3570.0,3570.0,3570.0,0.0,,,,,,,,,,,,,,,,,,,,,0.0,273.0,273.0,273.0,273.0,273.0,273.0,273.0,273.0,273.0,273.0,273.0,273.0,273.0,273.0,273.0,273.0,273.0,273.0,273.0,273.0,347.0,472.0,0.0,359.646,2073.5836,13.5539
3571,3571,3571.0,3571.0,3571.0,3571.0,3571.0,3571.0,3571.0,3571.0,3571.0,3571.0,3571.0,3571.0,3571.0,3571.0,3571.0,3571.0,3571.0,3571.0,3571.0,3571.0,3571.0,3571.0,3571.0,3571.0,3571.0,3571.0,3571.0,3571.0,3571.0,3571.0,3571.0,3571.0,3571.0,3571.0,3571.0,3571.0,3571.0,3571.0,3571.0,3571.0,3571.0,3571.0,3571.0,3571.0,3571.0,3571.0,3571.0,3571.0,3571.0,3571.0,3571.0,3571.0,3571.0,1.0,,,,,,,,,,,,,,,,,,,,,0.1,331.7451,318.6347,307.5721,298.4828,291.2661,285.7801,281.8551,279.3265,278.0786,278.088,279.4586,282.4417,287.4354,294.9617,305.6208,320.0368,338.8142,362.5407,391.8786,427.7948,344.0,395.0,359.646,112.46499999999996,1713.9375999999995,13.5539
3572,3572,3572.0,3572.0,3572.0,3572.0,3572.0,3572.0,3572.0,3572.0,3572.0,3572.0,3572.0,3572.0,3572.0,3572.0,3572.0,3572.0,3572.0,3572.0,3572.0,3572.0,3572.0,3572.0,3572.0,3572.0,3572.0,3572.0,3572.0,3572.0,3572.0,3572.0,3572.0,3572.0,3572.0,3572.0,3572.0,3572.0,3572.0,3572.0,3572.0,3572.0,3572.0,3572.0,3572.0,3572.0,3572.0,3572.0,3572.0,3572.0,3572.0,3572.0,3572.0,3572.0,3572.0,2.0,,,,,,,,,,,,,,,,,,,,,0.2,331.9924,321.8419,313.3073,306.2296,300.5107,296.0966,292.9658,291.1178,290.5642,291.3193,293.3918,296.7792,301.4668,307.4351,314.6773,323.2283,333.2029,344.84,358.5503,374.9652,395.0,352.0,472.111,76.33040000000005,1601.4725999999998,13.5539
3573,3573,3573.0,3573.0,3573.0,3573.0,3573.0,3573.0,3573.0,3573.0,3573.0,3573.0,3573.0,3573.0,3573.0,3573.0,3573.0,3573.0,3573.0,3573.0,3573.0,3573.0,3573.0,3573.0,3573.0,3573.0,3573.0,3573.0,3573.0,3573.0,3573.0,3573.0,3573.0,3573.0,3573.0,3573.0,3573.0,3573.0,3573.0,3573.0,3573.0,3573.0,3573.0,3573.0,3573.0,3573.0,3573.0,3573.0,3573.0,3573.0,3573.0,3573.0,3573.0,3573.0,3573.0,3.0,,,,,,,,,,,,,,,,,,,,,0.3,372.6884,354.3031,339.2173,327.0089,317.3608,310.0039,304.6885,301.1766,299.242,298.675,299.2851,300.9027,303.3811,306.6008,310.4796,314.9873,320.1655,326.1485,333.1809,341.6309,344.0,273.0,548.4414,99.34889999999996,1525.1421999999998,13.5539
3574,3574,3574.0,3574.0,3574.0,3574.0,3574.0,3574.0,3574.0,3574.0,3574.0,3574.0,3574.0,3574.0,3574.0,3574.0,3574.0,3574.0,3574.0,3574.0,3574.0,3574.0,3574.0,3574.0,3574.0,3574.0,3574.0,3574.0,3574.0,3574.0,3574.0,3574.0,3574.0,3574.0,3574.0,3574.0,3574.0,3574.0,3574.0,3574.0,3574.0,3574.0,3574.0,3574.0,3574.0,3574.0,3574.0,3574.0,3574.0,3574.0,3574.0,3574.0,3574.0,3574.0,3574.0,4.0,,,,,,,,,,,,,,,,,,,,,0.4,335.1318,327.9431,322.0193,317.0574,312.856,309.2991,306.3303,303.9239,302.0547,300.6731,299.6868,298.9521,298.2752,297.4248,296.1564,294.2454,291.5258,287.9274,283.5018,278.4293,356.0,271.0,647.7903,166.7264,1425.7932999999998,13.5539
3575,3575,3575.0,3575.0,3575.0,3575.0,3575.0,3575.0,3575.0,3575.0,3575.0,3575.0,3575.0,3575.0,3575.0,3575.0,3575.0,3575.0,3575.0,3575.0,3575.0,3575.0,3575.0,3575.0,3575.0,3575.0,3575.0,3575.0,3575.0,3575.0,3575.0,3575.0,3575.0,3575.0,3575.0,3575.0,3575.0,3575.0,3575.0,3575.0,3575.0,3575.0,3575.0,3575.0,3575.0,3575.0,3575.0,3575.0,3575.0,3575.0,3575.0,3575.0,3575.0,3575.0,3575.0,5.0,,,,,,,,,,,,,,,,,,,,,0.5,343.6251,333.4662,325.1234,318.2845,312.6943,308.1353,304.4162,301.3652,298.8268,296.6592,294.7338,292.9337,291.1547,289.3066,287.3155,285.1274,282.7109,280.0598,277.1931,274.1531,377.0,270.0,814.5167,219.56730000000005,1259.0668999999998,13.5539
3576,3576,3576.0,3576.0,3576.0,3576.0,3576.0,3576.0,3576.0,3576.0,3576.0,3576.0,3576.0,3576.0,3576.0,3576.0,3576.0,3576.0,3576.0,3576.0,3576.0,3576.0,3576.0,3576.0,3576.0,3576.0,3576.0,3576.0,3576.0,3576.0,3576.0,3576.0,3576.0,3576.0,3576.0,3576.0,3576.0,3576.0,3576.0,3576.0,3576.0,3576.0,3576.0,3576.0,3576.0,3576.0,3576.0,3576.0,3576.0,3576.0,3576.0,3576.0,3576.0,3576.0,3576.0,6.0,,,,,,,,,,,,,,,,,,,,,0.6,359.9057,345.8447,334.2507,324.7003,316.856,310.4322,305.1771,300.8652,297.2951,294.2896,291.6966,289.3877,287.2577,285.2222,283.2154,281.1885,279.1076,276.9525,274.7144,272.3943,389.0,270.0,1034.084,251.4259,1039.4996,13.5539
3577,3577,3577.0,3577.0,3577.0,3577.0,3577.0,3577.0,3577.0,3577.0,3577.0,3577.0,3577.0,3577.0,3577.0,3577.0,3577.0,3577.0,3577.0,3577.0,3577.0,3577.0,3577.0,3577.0,3577.0,3577.0,3577.0,3577.0,3577.0,3577.0,3577.0,3577.0,3577.0,3577.0,3577.0,3577.0,3577.0,3577.0,3577.0,3577.0,3577.0,3577.0,3577.0,3577.0,3577.0,3577.0,3577.0,3577.0,3577.0,3577.0,3577.0,3577.0,3577.0,3577.0,3577.0,7.0,,,,,,,,,,,,,,,,,,,,,0.7,369.6086,353.7218,340.6167,329.7666,320.7695,313.3037,307.1021,301.9373,297.6131,293.9608,290.836,288.1169,285.7016,283.5062,281.4626,279.5159,277.6226,275.7487,273.8672,271.9569,388.0,274.0,1285.5099,263.6576,788.0736999999999,13.5539
3578,3578,3578.0,3578.0,3578.0,3578.0,3578.0,3578.0,3578.0,3578.0,3578.0,3578.0,3578.0,3578.0,3578.0,3578.0,3578.0,3578.0,3578.0,3578.0,3578.0,3578.0,3578.0,3578.0,3578.0,3578.0,3578.0,3578.0,3578.0,3578.0,3578.0,3578.0,3578.0,3578.0,3578.0,3578.0,3578.0,3578.0,3578.0,3578.0,3578.0,3578.0,3578.0,3578.0,3578.0,3578.0,3578.0,3578.0,3578.0,3578.0,3578.0,3578.0,3578.0,3578.0,3578.0,8.0,,,,,,,,,,,,,,,,,,,,,0.8,369.2291,353.8805,341.2051,330.6552,321.8199,314.3835,308.0983,302.766,298.2255,294.3441,291.0123,288.1398,285.6522,283.4894,281.6022,279.9498,278.4967,277.2096,276.055,274.9976,386.0,272.0,1549.1675,262.27019999999993,524.4160999999999,13.5539
3579,3579,3579.0,3579.0,3579.0,3579.0,3579.0,3579.0,3579.0,3579.0,3579.0,3579.0,3579.0,3579.0,3579.0,3579.0,3579.0,3579.0,3579.0,3579.0,3579.0,3579.0,3579.0,3579.0,3579.0,3579.0,3579.0,3579.0,3579.0,3579.0,3579.0,3579.0,3579.0,3579.0,3579.0,3579.0,3579.0,3579.0,3579.0,3579.0,3579.0,3579.0,3579.0,3579.0,3579.0,3579.0,3579.0,3579.0,3579.0,3579.0,3579.0,3579.0,3579.0,3579.0,3579.0,9.0,,,,,,,,,,,,,,,,,,,,,0.9,367.7669,352.8629,340.5534,330.2988,321.6938,314.4287,308.2625,303.0055,298.505,294.6364,291.2959,288.3952,285.8578,283.6166,281.612,279.791,278.1068,276.5186,274.9911,273.4938,386.0,272.0,1811.4377,262.1459,262.1459,13.5539
3580,3580,3580.0,3580.0,3580.0,3580.0,3580.0,3580.0,3580.0,3580.0,3580.0,3580.0,3580.0,3580.0,3580.0,3580.0,3580.0,3580.0,3580.0,3580.0,3580.0,3580.0,3580.0,3580.0,3580.0,3580.0,3580.0,3580.0,3580.0,3580.0,3580.0,3580.0,3580.0,3580.0,3580.0,3580.0,3580.0,3580.0,3580.0,3580.0,3580.0,3580.0,3580.0,3580.0,3580.0,3580.0,3580.0,3580.0,3580.0,3580.0,3580.0,3580.0,3580.0,3580.0,3580.0,0.0,,,,,,,,,,,,,,,,,,,,,0.0,273.0,273.0,273.0,273.0,273.0,273.0,273.0,273.0,273.0,273.0,273.0,273.0,273.0,273.0,273.0,273.0,273.0,273.0,273.0,273.0,345.0,472.0,0.0,360.0983,1956.9342,13.411699999999996
3581,3581,3581.0,3581.0,3581.0,3581.0,3581.0,3581.0,3581.0,3581.0,3581.0,3581.0,3581.0,3581.0,3581.0,3581.0,3581.0,3581.0,3581.0,3581.0,3581.0,3581.0,3581.0,3581.0,3581.0,3581.0,3581.0,3581.0,3581.0,3581.0,3581.0,3581.0,3581.0,3581.0,3581.0,3581.0,3581.0,3581.0,3581.0,3581.0,3581.0,3581.0,3581.0,3581.0,3581.0,3581.0,3581.0,3581.0,3581.0,3581.0,3581.0,3581.0,3581.0,3581.0,3581.0,1.0,,,,,,,,,,,,,,,,,,,,,0.1,330.1736,317.4213,306.6561,297.8093,290.7853,285.4476,281.6328,279.1829,277.9891,278.0342,279.4275,282.4243,287.4261,294.9568,305.6184,320.0356,338.8137,362.5405,391.8785,427.7947,328.0,470.0,360.0983,113.18200000000002,1596.8358999999998,13.411699999999996
3582,3582,3582.0,3582.0,3582.0,3582.0,3582.0,3582.0,3582.0,3582.0,3582.0,3582.0,3582.0,3582.0,3582.0,3582.0,3582.0,3582.0,3582.0,3582.0,3582.0,3582.0,3582.0,3582.0,3582.0,3582.0,3582.0,3582.0,3582.0,3582.0,3582.0,3582.0,3582.0,3582.0,3582.0,3582.0,3582.0,3582.0,3582.0,3582.0,3582.0,3582.0,3582.0,3582.0,3582.0,3582.0,3582.0,3582.0,3582.0,3582.0,3582.0,3582.0,3582.0,3582.0,3582.0,2.0,,,,,,,,,,,,,,,,,,,,,0.2,319.3573,312.0359,305.8568,300.7079,296.5379,293.3483,291.1855,290.1321,290.2994,291.8215,294.8513,299.5585,306.1316,314.7829,325.7617,339.3768,356.0375,376.3195,401.0733,431.6062,384.0,377.0,473.2803,41.36869999999999,1483.6538999999998,13.411699999999996
3583,3583,3583.0,3583.0,3583.0,3583.0,3583.0,3583.0,3583.0,3583.0,3583.0,3583.0,3583.0,3583.0,3583.0,3583.0,3583.0,3583.0,3583.0,3583.0,3583.0,3583.0,3583.0,3583.0,3583.0,3583.0,3583.0,3583.0,3583.0,3583.0,3583.0,3583.0,3583.0,3583.0,3583.0,3583.0,3583.0,3583.0,3583.0,3583.0,3583.0,3583.0,3583.0,3583.0,3583.0,3583.0,3583.0,3583.0,3583.0,3583.0,3583.0,3583.0,3583.0,3583.0,3583.0,3.0,,,,,,,,,,,,,,,,,,,,,0.3,363.7797,347.0442,333.3263,322.3141,313.7693,307.4804,303.2428,300.8547,300.1197,300.8506,302.8701,306.0102,310.1135,315.0413,320.6913,327.0275,334.1164,342.1671,351.5661,362.9045,358.0,271.0,514.649,65.31679999999994,1442.2851999999998,13.411699999999996
3584,3584,3584.0,3584.0,3584.0,3584.0,3584.0,3584.0,3584.0,3584.0,3584.0,3584.0,3584.0,3584.0,3584.0,3584.0,3584.0,3584.0,3584.0,3584.0,3584.0,3584.0,3584.0,3584.0,3584.0,3584.0,3584.0,3584.0,3584.0,3584.0,3584.0,3584.0,3584.0,3584.0,3584.0,3584.0,3584.0,3584.0,3584.0,3584.0,3584.0,3584.0,3584.0,3584.0,3584.0,3584.0,3584.0,3584.0,3584.0,3584.0,3584.0,3584.0,3584.0,3584.0,3584.0,4.0,,,,,,,,,,,,,,,,,,,,,0.4,345.746,335.7468,327.5667,320.8893,315.4901,311.2117,307.9384,305.5711,304.0029,303.0985,302.6793,302.5147,302.3249,301.7948,300.6012,298.4533,295.1402,290.578,284.844,278.1861,345.0,270.0,579.9658,145.64150000000006,1376.9683999999995,13.411699999999996
3585,3585,3585.0,3585.0,3585.0,3585.0,3585.0,3585.0,3585.0,3585.0,3585.0,3585.0,3585.0,3585.0,3585.0,3585.0,3585.0,3585.0,3585.0,3585.0,3585.0,3585.0,3585.0,3585.0,3585.0,3585.0,3585.0,3585.0,3585.0,3585.0,3585.0,3585.0,3585.0,3585.0,3585.0,3585.0,3585.0,3585.0,3585.0,3585.0,3585.0,3585.0,3585.0,3585.0,3585.0,3585.0,3585.0,3585.0,3585.0,3585.0,3585.0,3585.0,3585.0,3585.0,3585.0,5.0,,,,,,,,,,,,,,,,,,,,,0.5,335.4727,327.7251,321.3868,316.1686,311.846,308.2438,305.2225,302.6649,300.4654,298.5221,296.7324,294.9927,293.2016,291.2646,289.1009,286.6508,283.8809,280.7885,277.4021,273.7792,367.0,272.0,725.6073,204.4974,1231.3268999999998,13.411699999999996
3586,3586,3586.0,3586.0,3586.0,3586.0,3586.0,3586.0,3586.0,3586.0,3586.0,3586.0,3586.0,3586.0,3586.0,3586.0,3586.0,3586.0,3586.0,3586.0,3586.0,3586.0,3586.0,3586.0,3586.0,3586.0,3586.0,3586.0,3586.0,3586.0,3586.0,3586.0,3586.0,3586.0,3586.0,3586.0,3586.0,3586.0,3586.0,3586.0,3586.0,3586.0,3586.0,3586.0,3586.0,3586.0,3586.0,3586.0,3586.0,3586.0,3586.0,3586.0,3586.0,3586.0,3586.0,6.0,,,,,,,,,,,,,,,,,,,,,0.6,352.0345,339.7118,329.5601,321.2172,314.3859,308.8079,304.2514,300.507,297.3877,294.7306,292.398,290.2776,288.2807,286.3404,284.4085,282.4533,280.4562,278.4093,276.313,274.1732,387.0,271.0,930.1047,240.7098,1026.8294999999998,13.411699999999996
3587,3587,3587.0,3587.0,3587.0,3587.0,3587.0,3587.0,3587.0,3587.0,3587.0,3587.0,3587.0,3587.0,3587.0,3587.0,3587.0,3587.0,3587.0,3587.0,3587.0,3587.0,3587.0,3587.0,3587.0,3587.0,3587.0,3587.0,3587.0,3587.0,3587.0,3587.0,3587.0,3587.0,3587.0,3587.0,3587.0,3587.0,3587.0,3587.0,3587.0,3587.0,3587.0,3587.0,3587.0,3587.0,3587.0,3587.0,3587.0,3587.0,3587.0,3587.0,3587.0,3587.0,3587.0,7.0,,,,,,,,,,,,,,,,,,,,,0.7,367.8024,352.0462,339.0529,328.3267,319.4826,312.2045,306.2208,301.2936,297.2138,293.7998,290.8969,288.3757,286.1302,284.0751,282.143,280.2817,278.4519,276.6251,274.7818,272.9093,390.0,273.0,1170.8145,259.46590000000015,786.1197,13.411699999999996
3588,3588,3588.0,3588.0,3588.0,3588.0,3588.0,3588.0,3588.0,3588.0,3588.0,3588.0,3588.0,3588.0,3588.0,3588.0,3588.0,3588.0,3588.0,3588.0,3588.0,3588.0,3588.0,3588.0,3588.0,3588.0,3588.0,3588.0,3588.0,3588.0,3588.0,3588.0,3588.0,3588.0,3588.0,3588.0,3588.0,3588.0,3588.0,3588.0,3588.0,3588.0,3588.0,3588.0,3588.0,3588.0,3588.0,3588.0,3588.0,3588.0,3588.0,3588.0,3588.0,3588.0,3588.0,8.0,,,,,,,,,,,,,,,,,,,,,0.8,370.652,354.8266,341.7653,330.9163,321.8648,314.2886,307.9307,302.5805,298.063,294.231,290.9604,288.1472,285.7044,283.5604,281.6563,279.9437,278.3823,276.9375,275.5782,274.2751,386.0,271.0,1430.2804,263.0293999999999,526.6537999999998,13.411699999999996
3589,3589,3589.0,3589.0,3589.0,3589.0,3589.0,3589.0,3589.0,3589.0,3589.0,3589.0,3589.0,3589.0,3589.0,3589.0,3589.0,3589.0,3589.0,3589.0,3589.0,3589.0,3589.0,3589.0,3589.0,3589.0,3589.0,3589.0,3589.0,3589.0,3589.0,3589.0,3589.0,3589.0,3589.0,3589.0,3589.0,3589.0,3589.0,3589.0,3589.0,3589.0,3589.0,3589.0,3589.0,3589.0,3589.0,3589.0,3589.0,3589.0,3589.0,3589.0,3589.0,3589.0,3589.0,9.0,,,,,,,,,,,,,,,,,,,,,0.9,367.7868,352.8998,340.6017,330.3514,321.7433,314.4688,308.2888,303.0151,298.4964,294.6082,291.2455,288.3178,285.7457,283.4586,281.3935,279.4946,277.7128,276.0058,274.3376,272.6778,387.0,273.0,1693.3098,263.6243999999999,263.6243999999999,13.411699999999996
3590,3590,3590.0,3590.0,3590.0,3590.0,3590.0,3590.0,3590.0,3590.0,3590.0,3590.0,3590.0,3590.0,3590.0,3590.0,3590.0,3590.0,3590.0,3590.0,3590.0,3590.0,3590.0,3590.0,3590.0,3590.0,3590.0,3590.0,3590.0,3590.0,3590.0,3590.0,3590.0,3590.0,3590.0,3590.0,3590.0,3590.0,3590.0,3590.0,3590.0,3590.0,3590.0,3590.0,3590.0,3590.0,3590.0,3590.0,3590.0,3590.0,3590.0,3590.0,3590.0,3590.0,3590.0,0.0,,,,,,,,,,,,,,,,,,,,,0.0,273.0,273.0,273.0,273.0,273.0,273.0,273.0,273.0,273.0,273.0,273.0,273.0,273.0,273.0,273.0,273.0,273.0,273.0,273.0,273.0,345.0,472.0,0.0,360.0983,1970.3957,12.061499999999969
3591,3591,3591.0,3591.0,3591.0,3591.0,3591.0,3591.0,3591.0,3591.0,3591.0,3591.0,3591.0,3591.0,3591.0,3591.0,3591.0,3591.0,3591.0,3591.0,3591.0,3591.0,3591.0,3591.0,3591.0,3591.0,3591.0,3591.0,3591.0,3591.0,3591.0,3591.0,3591.0,3591.0,3591.0,3591.0,3591.0,3591.0,3591.0,3591.0,3591.0,3591.0,3591.0,3591.0,3591.0,3591.0,3591.0,3591.0,3591.0,3591.0,3591.0,3591.0,3591.0,3591.0,3591.0,1.0,,,,,,,,,,,,,,,,,,,,,0.1,330.1736,317.4213,306.6561,297.8093,290.7853,285.4476,281.6328,279.1829,277.9891,278.0342,279.4275,282.4243,287.4261,294.9568,305.6184,320.0356,338.8137,362.5405,391.8785,427.7947,329.0,473.0,360.0983,113.2072,1610.2974,12.061499999999969
3592,3592,3592.0,3592.0,3592.0,3592.0,3592.0,3592.0,3592.0,3592.0,3592.0,3592.0,3592.0,3592.0,3592.0,3592.0,3592.0,3592.0,3592.0,3592.0,3592.0,3592.0,3592.0,3592.0,3592.0,3592.0,3592.0,3592.0,3592.0,3592.0,3592.0,3592.0,3592.0,3592.0,3592.0,3592.0,3592.0,3592.0,3592.0,3592.0,3592.0,3592.0,3592.0,3592.0,3592.0,3592.0,3592.0,3592.0,3592.0,3592.0,3592.0,3592.0,3592.0,3592.0,3592.0,2.0,,,,,,,,,,,,,,,,,,,,,0.2,320.145,312.6439,306.3149,301.0442,296.7782,293.516,291.3016,290.2151,290.3663,291.8888,294.9369,299.6838,306.323,315.0741,326.195,340.0045,356.9232,377.5413,402.7308,433.8346,386.0,373.0,473.3055,40.52190000000002,1497.0902,12.061499999999969
3593,3593,3593.0,3593.0,3593.0,3593.0,3593.0,3593.0,3593.0,3593.0,3593.0,3593.0,3593.0,3593.0,3593.0,3593.0,3593.0,3593.0,3593.0,3593.0,3593.0,3593.0,3593.0,3593.0,3593.0,3593.0,3593.0,3593.0,3593.0,3593.0,3593.0,3593.0,3593.0,3593.0,3593.0,3593.0,3593.0,3593.0,3593.0,3593.0,3593.0,3593.0,3593.0,3593.0,3593.0,3593.0,3593.0,3593.0,3593.0,3593.0,3593.0,3593.0,3593.0,3593.0,3593.0,3.0,,,,,,,,,,,,,,,,,,,,,0.3,365.3573,348.2853,334.2968,323.0675,314.3507,307.9287,303.5907,301.1287,300.3392,301.0263,303.0021,306.0855,310.1033,314.8985,320.349,326.3983,333.0939,340.6274,349.37,359.8961,348.0,271.0,513.8274,65.25400000000002,1456.5683,12.061499999999969
3594,3594,3594.0,3594.0,3594.0,3594.0,3594.0,3594.0,3594.0,3594.0,3594.0,3594.0,3594.0,3594.0,3594.0,3594.0,3594.0,3594.0,3594.0,3594.0,3594.0,3594.0,3594.0,3594.0,3594.0,3594.0,3594.0,3594.0,3594.0,3594.0,3594.0,3594.0,3594.0,3594.0,3594.0,3594.0,3594.0,3594.0,3594.0,3594.0,3594.0,3594.0,3594.0,3594.0,3594.0,3594.0,3594.0,3594.0,3594.0,3594.0,3594.0,3594.0,3594.0,3594.0,3594.0,4.0,,,,,,,,,,,,,,,,,,,,,0.4,338.0237,329.9174,323.2897,317.8559,313.4212,309.8615,307.0979,305.07,303.7086,302.913,302.5339,302.3651,302.1467,301.5795,300.3537,298.1888,294.8814,290.3513,284.6752,278.096,350.0,270.0,579.0814,146.1798,1391.3143,12.061499999999969
3595,3595,3595.0,3595.0,3595.0,3595.0,3595.0,3595.0,3595.0,3595.0,3595.0,3595.0,3595.0,3595.0,3595.0,3595.0,3595.0,3595.0,3595.0,3595.0,3595.0,3595.0,3595.0,3595.0,3595.0,3595.0,3595.0,3595.0,3595.0,3595.0,3595.0,3595.0,3595.0,3595.0,3595.0,3595.0,3595.0,3595.0,3595.0,3595.0,3595.0,3595.0,3595.0,3595.0,3595.0,3595.0,3595.0,3595.0,3595.0,3595.0,3595.0,3595.0,3595.0,3595.0,3595.0,5.0,,,,,,,,,,,,,,,,,,,,,0.5,339.1058,330.2009,322.9153,316.9586,312.0961,308.1314,304.895,302.2349,300.011,298.0909,296.3485,294.664,292.9262,291.0364,288.9133,286.4981,283.7598,280.6974,277.3409,273.7484,371.0,271.0,725.2612,207.423,1245.1345,12.061499999999969
3596,3596,3596.0,3596.0,3596.0,3596.0,3596.0,3596.0,3596.0,3596.0,3596.0,3596.0,3596.0,3596.0,3596.0,3596.0,3596.0,3596.0,3596.0,3596.0,3596.0,3596.0,3596.0,3596.0,3596.0,3596.0,3596.0,3596.0,3596.0,3596.0,3596.0,3596.0,3596.0,3596.0,3596.0,3596.0,3596.0,3596.0,3596.0,3596.0,3596.0,3596.0,3596.0,3596.0,3596.0,3596.0,3596.0,3596.0,3596.0,3596.0,3596.0,3596.0,3596.0,3596.0,3596.0,6.0,,,,,,,,,,,,,,,,,,,,,0.6,355.1962,342.1897,331.473,322.6608,315.4407,309.5441,304.7308,300.784,297.5093,294.736,292.3179,290.1337,288.0857,286.0978,284.1137,282.0942,280.015,277.8642,275.6399,273.3481,388.0,271.0,932.6842,243.60209999999995,1037.7115,12.061499999999969
3597,3597,3597.0,3597.0,3597.0,3597.0,3597.0,3597.0,3597.0,3597.0,3597.0,3597.0,3597.0,3597.0,3597.0,3597.0,3597.0,3597.0,3597.0,3597.0,3597.0,3597.0,3597.0,3597.0,3597.0,3597.0,3597.0,3597.0,3597.0,3597.0,3597.0,3597.0,3597.0,3597.0,3597.0,3597.0,3597.0,3597.0,3597.0,3597.0,3597.0,3597.0,3597.0,3597.0,3597.0,3597.0,3597.0,3597.0,3597.0,3597.0,3597.0,3597.0,3597.0,3597.0,3597.0,7.0,,,,,,,,,,,,,,,,,,,,,0.7,368.6898,352.8553,339.7988,329.0107,320.0984,312.7427,306.6728,301.6538,297.4811,293.9773,290.9916,288.3977,286.0918,283.9905,282.0275,280.1514,278.3229,276.5126,274.6987,272.8652,390.0,272.0,1176.2863,260.8103000000001,794.1094,12.061499999999969
3598,3598,3598.0,3598.0,3598.0,3598.0,3598.0,3598.0,3598.0,3598.0,3598.0,3598.0,3598.0,3598.0,3598.0,3598.0,3598.0,3598.0,3598.0,3598.0,3598.0,3598.0,3598.0,3598.0,3598.0,3598.0,3598.0,3598.0,3598.0,3598.0,3598.0,3598.0,3598.0,3598.0,3598.0,3598.0,3598.0,3598.0,3598.0,3598.0,3598.0,3598.0,3598.0,3598.0,3598.0,3598.0,3598.0,3598.0,3598.0,3598.0,3598.0,3598.0,3598.0,3598.0,3598.0,8.0,,,,,,,,,,,,,,,,,,,,,0.8,370.7108,354.9403,341.9259,331.1124,322.0825,314.5137,308.1493,302.7804,298.234,294.3647,291.05,288.1863,285.6861,283.4762,281.495,279.6914,278.0219,276.4494,274.9412,273.4675,387.0,269.0,1437.0966,265.3189,533.2991,12.061499999999969
3599,3599,3599.0,3599.0,3599.0,3599.0,3599.0,3599.0,3599.0,3599.0,3599.0,3599.0,3599.0,3599.0,3599.0,3599.0,3599.0,3599.0,3599.0,3599.0,3599.0,3599.0,3599.0,3599.0,3599.0,3599.0,3599.0,3599.0,3599.0,3599.0,3599.0,3599.0,3599.0,3599.0,3599.0,3599.0,3599.0,3599.0,3599.0,3599.0,3599.0,3599.0,3599.0,3599.0,3599.0,3599.0,3599.0,3599.0,3599.0,3599.0,3599.0,3599.0,3599.0,3599.0,3599.0,9.0,,,,,,,,,,,,,,,,,,,,,0.9,368.5753,353.5209,341.0896,330.7331,322.0407,314.6984,308.4624,303.1398,298.5744,294.6371,291.2182,288.2225,285.5657,283.1721,280.9736,278.9095,276.9263,274.9785,273.0281,271.0439,388.0,271.0,1702.4155,267.9802,267.9802,12.061499999999969
