,Unnamed: 0,Unnamed: 0.1,Unnamed: 0.1.1,Unnamed: 0.1.1.1,Unnamed: 0.1.1.1.1,t,x0,x1,u,L,inst_cost,ctg,path_diff
0,0.0,0.0,0.0,0.0,0.0,0.0,0.0,-1.0,-1.4307273507136316,0.0,0.1055921011,7.829785545,-2.5
1,1.0,1.0,1.0,1.0,1.0,0.1,-0.1020836208,-1.0409891142,1.6434681042831727,0.1055921011,0.0872227747999999,7.7241934439,-1.8209891142000003
2,2.0,2.0,2.0,2.0,2.0,0.2,-0.1931967277,-0.7855291969,-6.459995927787979,0.1928148759,0.141596994,7.6369706691,-1.0055291969
3,3.0,3.0,3.0,3.0,3.0,0.3,-0.2991994091,-1.3255261083,-17.697048955754635,0.3344118699,0.6409432949,7.4953736751,-1.1455261083
4,4.0,4.0,4.0,4.0,4.0,0.4,-0.5109479091,-2.8834825039,-7.489526874361147,0.9753551648,1.0392648665,6.8544303802,-2.4634825039
5,5.0,5.0,5.0,5.0,5.0,0.5,-0.8215776683,-3.3218054321,-10.26211460244648,2.0146200313,1.4949637397000002,5.8151655137,-2.8218054321
6,6.0,6.0,6.0,6.0,6.0,0.6,-1.1873306821,-3.9822638786,11.96819685645103,3.509583771,1.3076138088000002,4.320201774,-3.5622638786
7,7.0,7.0,7.0,7.0,7.0,0.7,-1.5083980622,-2.4643768129,11.944926577671218,4.8171975798,0.6582392385000002,3.0125879652,-2.2843768129
8,8.0,8.0,8.0,8.0,8.0,0.8,-1.6851319236,-1.0931502937,-14.13527700448828,5.4754368183,0.7203266458999993,2.3543487267,-1.3131502937
9,9.0,9.0,9.0,9.0,9.0,0.9,-1.8575372348,-2.334272683,-19.84401410851506,6.1957634642,1.6340220808000003,1.6340220808000003,-3.1142726830000003
10,10.0,10.0,10.0,10.0,0.0,0.0,0.0,-1.0,-14.649571107773976,0.0,0.3977718592,3.0230578177,-2.5
11,11.0,11.0,11.0,11.0,1.0,0.1,-0.1660286825,-2.2989284283,12.35460238731318,0.3977718592,0.352182156,2.6252859585,-3.0789284283
12,12.0,12.0,12.0,12.0,2.0,0.2,-0.3250363332,-0.9044605389,-3.806726539561499,0.7499540152,0.1312049945,2.2731038025,-1.1244605389
13,13.0,13.0,13.0,13.0,3.0,0.3,-0.4295218919,-1.1806476341,-15.124409305570108,0.8811590097,0.499632983,2.141898808,-1.0006476341
14,14.0,14.0,14.0,14.0,4.0,0.4,-0.6150384595,-2.507571997,11.989418957783684,1.3807919927,0.4656595191999999,1.6422658249999995,-2.087571997
15,15.0,15.0,15.0,15.0,5.0,0.5,-0.7956676805,-1.1280008803,-0.4382315261612,1.8464515119,0.1924669603000002,1.1766063057999998,-0.6280008802999999
16,16.0,16.0,16.0,16.0,6.0,0.6,-0.9051313801,-1.0623603333,-0.6779578342229478,2.0389184722,0.2009832997999998,0.9841393454999996,-0.6423603333
17,17.0,17.0,17.0,17.0,7.0,0.7,-1.0095082401,-1.0257792567,-3.6825181630983472,2.239901772,0.2541118238999997,0.7831560456999997,-0.8457792566999998
18,18.0,18.0,18.0,18.0,8.0,0.8,-1.124937891,-1.2786014221,12.52091028141271,2.4940135959,0.2661929358000003,0.5290442218,-1.4986014221
19,19.0,19.0,19.0,19.0,9.0,0.9,-1.1860443054,0.0345960205,-12.25291827886167,2.7602065317,0.2628512859999996,0.2628512859999996,-0.7454039795000003
20,20.0,20.0,20.0,20.0,0.0,0.0,0.0,-1.0,-19.767086277720985,0.0,0.5868874196,5.1959953671,0.7886020915
21,21.0,21.0,21.0,21.0,1.0,0.1,-0.1907842401,-2.7859243877,-4.536942921726435,0.5868874196,0.8463469041,4.6091079475,0.7886020915
22,22.0,22.0,22.0,22.0,2.0,0.2,-0.4778472386,-2.9525556813,5.6287688757348455,1.4332343237,0.7031910149,3.7627610434,0.7886020915
23,23.0,23.0,23.0,23.0,3.0,0.3,-0.7315913484,-2.1359346839,-3.873110420876252,2.1364253386,0.5717339251999998,3.0595700285,0.7886020915
24,24.0,24.0,24.0,24.0,4.0,0.4,-0.9535875271,-2.3012495473,0.358322846557396,2.7081592638,0.5862851028000002,2.4878361033000003,0.7886020915
25,25.0,25.0,25.0,25.0,5.0,0.5,-1.1708469974,-2.0481577924,5.968466574464216,3.2944443666,0.4573947511999998,1.9015510005,0.7886020915
26,26.0,26.0,26.0,26.0,6.0,0.6,-1.3368834146,-1.2852747177,18.6162095407617,3.7518391178,0.4009520757999998,1.4441562493000002,0.7886020915
27,27.0,27.0,27.0,27.0,7.0,0.7,-1.3691392698,0.6086020915,-15.642555779792133,4.1527911936,0.3317973214000007,1.0432041735000004,0.7886020915
28,28.0,28.0,28.0,28.0,8.0,0.8,-1.3868924826,-0.9379002736,15.59322876165946,4.484588515,0.3420476188999997,0.7114068520999997,0.7886020915
29,29.0,29.0,29.0,29.0,9.0,0.9,-1.400714517,0.6352446369,10.499336666719524,4.8266361339,0.3693592331999999,0.3693592331999999,0.7886020915
30,30.0,30.0,30.0,30.0,0.0,0.0,0.0,-1.0,-18.543961245089207,0.0,0.5378294156,4.6032700823,-2.5
31,31.0,31.0,31.0,31.0,1.0,0.1,-0.184867473,-2.6695286515,19.6184623465726,0.5378294156,0.4913396945,4.0654406667,-3.4495286515
32,32.0,32.0,32.0,32.0,2.0,0.2,-0.3440039916,-0.5485458982,-3.69032903093386,1.0291691101,0.0708512221999999,3.5741009722,-0.7685458982
33,33.0,33.0,33.0,33.0,3.0,0.3,-0.4140560744,-0.8475267185,-14.950126145452789,1.1000203323,0.3839446397999999,3.50324975,-0.6675267185000001
34,34.0,34.0,34.0,34.0,4.0,0.4,-0.567028852,-2.1895665555,8.038836059099047,1.4839649721,0.3712198491,3.1193051102,-1.7695665555
35,35.0,35.0,35.0,35.0,5.0,0.5,-0.7365065773,-1.2162052243,-4.787366105061924,1.8551848212,0.2700030468999999,2.7480852611,-0.7162052243000001
36,36.0,36.0,36.0,36.0,6.0,0.6,-0.8754023281,-1.556046084,-9.244749191929271,2.1251878681,0.5124713033000003,2.4780822142,-1.1360460840000002
37,37.0,37.0,37.0,37.0,7.0,0.7,-1.0682004586,-2.2877228727,-2.857991807004048,2.6376591714,0.6807020991999999,1.9656109109,-2.1077228727
38,38.0,38.0,38.0,38.0,8.0,0.8,-1.299730847,-2.341991665,-0.6707195517878581,3.3183612706,0.7121105613999998,1.2849088116999998,-2.5619916650000003
39,39.0,39.0,39.0,39.0,9.0,0.9,-1.5258453932,-2.182949074,14.024243099207716,4.030471832,0.5727982503,0.5727982503,-2.9629490740000004
40,40.0,40.0,40.0,40.0,0.0,0.0,0.0,-1.0,-4.098938726759469,0.0,0.1417675095,10.8311758725,-2.5
41,41.0,41.0,41.0,41.0,1.0,0.1,-0.1149908672,-1.2949030055,-9.267725078743778,0.1417675095,0.334127773,10.689408363,-2.0749030055000004
42,42.0,42.0,42.0,42.0,2.0,0.2,-0.2830489898,-2.0536173907,-14.042703576287444,0.4758952825,0.8200200688999999,10.35528059,-2.2736173907
43,43.0,43.0,43.0,43.0,3.0,0.3,-0.5464069466,-3.1945297915,-8.468455986710953,1.2959153514,1.2800387795,9.5352605211,-3.0145297915
44,44.0,44.0,44.0,44.0,4.0,0.4,-0.8913722935,-3.6964100434,-11.45585411287704,2.5759541309,1.848035527,8.2552217416,-3.2764100434
45,45.0,45.0,45.0,45.0,5.0,0.5,-1.2985481521,-4.434819596,16.67707261441494,4.4239896579,1.5597207168000002,6.407186214599999,-3.934819596
46,46.0,46.0,46.0,46.0,6.0,0.6,-1.6399032599,-2.4257572268,-13.42988853475658,5.9837103747,1.2915757285999998,4.847465497799999,-2.0057572268
47,47.0,47.0,47.0,47.0,7.0,0.7,-1.935710663,-3.4729386772,1.2557951886732184,7.2752861033,1.4975304810999992,3.5558897692,-3.2929386772
48,48.0,48.0,48.0,48.0,8.0,0.8,-2.2601298449,-3.0229399764,11.610014714067106,8.7728165844,1.1899532407000013,2.0583592881,-3.2429399764
49,49.0,49.0,49.0,49.0,9.0,0.9,-2.4916380293,-1.6304303206,16.818014504693807,9.9627698251,0.8684060473999988,0.8684060473999988,-2.4104303206
50,50.0,50.0,50.0,50.0,0.0,0.0,0.0,-1.0,12.901313924550545,0.0,0.1086174818,1.5429457706,2.0344177053
51,51.0,51.0,51.0,51.0,1.0,0.1,-0.0327535338,0.3228849262,-5.944326998089245,0.1086174818,0.0207425688,1.4343282888,2.0344177053
52,52.0,52.0,52.0,52.0,2.0,0.2,-0.0307821485,-0.2735191589,-3.2981606266784844,0.1293600506,0.0240141335,1.41358572,2.0344177053
53,53.0,53.0,53.0,53.0,3.0,0.3,-0.0727654808,-0.5613518892,19.87360038243297,0.1533741841,0.2477140109999999,1.3895715865,2.0344177053
54,54.0,54.0,54.0,54.0,4.0,0.4,-0.0300482692,1.3832909374,2.971381187069561,0.4010881951,0.2181499936,1.1418575755,2.0344177053
55,55.0,55.0,55.0,55.0,5.0,0.5,0.1159630816,1.5344177053,1.8566766781691832,0.6192381887,0.2459170326999999,0.9237075819,2.0344177053
56,56.0,56.0,56.0,56.0,6.0,0.6,0.2709637571,1.5650846977,-11.022370755105651,0.8651552214,0.1750139299999999,0.6777905492,2.0344177053
57,57.0,57.0,57.0,57.0,7.0,0.7,0.3665814508,0.3672299284,-3.490951727031128,1.0401691514,0.0248186825,0.5027766192,2.0344177053
58,58.0,58.0,58.0,58.0,8.0,0.8,0.3846407748,7.54318e-05,17.321681537047354,1.0649878339,0.2599860038999999,0.4779579367,2.0344177053
59,59.0,59.0,59.0,59.0,9.0,0.9,0.4684401679,1.6484441923,-13.18061541905465,1.3249738378,0.2179719328,0.2179719328,2.0344177053
60,60.0,60.0,60.0,60.0,0.0,0.0,0.0,-1.0,13.838886062991016,0.0,0.1204106683,8.340751347,-2.5
61,61.0,61.0,61.0,61.0,1.0,0.1,-0.0282181053,0.4121067116,-19.08950894112378,0.1204106683,0.2393087518999999,8.2203406787,-0.3678932884000002
62,62.0,62.0,62.0,62.0,2.0,0.2,-0.0813448981,-1.4437173897,-17.7844346235333,0.3597194202,0.6811156434999999,7.9810319268,-1.6637173897
63,63.0,63.0,63.0,63.0,3.0,0.3,-0.3047634557,-2.9987422945,-11.842635948846368,1.0408350637,1.2731391943,7.2999162833,-2.8187422945
64,64.0,64.0,64.0,64.0,4.0,0.4,-0.6474192953,-3.8403500497,-14.49299747257963,2.313974258,2.0857593818,6.026777088999999,-3.4203500497
65,65.0,65.0,65.0,65.0,5.0,0.5,-1.0829852873,-4.854083805,17.4628644113249,4.3997336398,1.7822004313999995,3.9410177072,-4.354083805
66,66.0,66.0,66.0,66.0,6.0,0.6,-1.4604372867,-2.7303453645,17.923780276718148,6.1819340712,0.7371942762000003,2.1588172758,-2.3103453645000003
67,67.0,67.0,67.0,67.0,7.0,0.7,-1.6335591821,-0.7648454414,7.189846755466228,6.9191283474,0.3202568023000003,1.4216229995999994,-0.5848454413999998
68,68.0,68.0,68.0,68.0,8.0,0.8,-1.6715634868,-0.0078564611,-17.48018496754127,7.2393851497,0.5377696808999994,1.101366197299999,-0.2278564611000001
69,69.0,69.0,69.0,69.0,9.0,0.9,-1.7568701114,-1.6705683333,1.922667646952352,7.7771548306,0.5635965163999996,0.5635965163999996,-2.450568333300001
70,70.0,70.0,70.0,70.0,0.0,0.0,0.0,-1.0,17.366037725371662,0.0,0.1775312185,12.4149383773,-2.5
71,71.0,71.0,71.0,71.0,1.0,0.1,-0.0111557971,0.7477595696,-19.532369504571253,0.1775312185,0.22724619,12.2374071588,-0.0322404304000003
72,72.0,72.0,72.0,72.0,2.0,0.2,-0.0344832979,-1.1821498801,-17.368374722496934,0.4047774085,0.5585424792,12.0101609688,-1.4021498801
73,73.0,73.0,73.0,73.0,3.0,0.3,-0.2309978133,-2.7224728369,-5.9687879195877045,0.9633198877,0.8623276024,11.4516184896,-2.5424728369
74,74.0,74.0,74.0,74.0,4.0,0.4,-0.5189488296,-3.0314006126,12.320218782771292,1.8256474901,0.6596391459000002,10.5892908872,-2.6114006126
75,75.0,75.0,75.0,75.0,5.0,0.5,-0.7478267051,-1.5705008588,-19.3545727270846,2.485286636,0.8756831518999997,9.9296517413,-1.0705008588
76,76.0,76.0,76.0,76.0,6.0,0.6,-0.9909057817,-3.2628790549,-2.221093860019036,3.3609697879,1.1682135123,9.0539685894,-2.8428790549
77,77.0,77.0,77.0,77.0,7.0,0.7,-1.3121543974,-3.1637398251,-16.26431883246895,4.5291833002,1.8109921762,7.885755077100001,-2.9837398251
78,78.0,78.0,78.0,78.0,8.0,0.8,-1.691901368,-4.4104247378,-18.701270439748463,6.3401754764,3.169893087100001,6.074762900900001,-4.6304247378
79,79.0,79.0,79.0,79.0,9.0,0.9,-2.2020746555,-5.7703784943,19.66724530621196,9.5100685635,2.9048698137999995,2.9048698137999995,-6.5503784943
80,80.0,80.0,80.0,80.0,0.0,0.0,0.0,-1.0,15.31006929003619,0.0,0.141785999,0.8029607763999999,1.3614529923999998
81,81.0,81.0,81.0,81.0,1.0,0.1,-0.0211013769,0.5521083059,-4.841327974244599,0.141785999,0.0224019565,0.6611747773999999,1.3614529923999998
82,82.0,82.0,82.0,82.0,2.0,0.2,0.0080191516,0.0388549799,-0.777127973714471,0.1641879555,0.0003597773999999,0.6387728208999999,1.3614529923999998
83,83.0,83.0,83.0,83.0,3.0,0.3,0.0079574355,-0.0387961013,10.261986688931913,0.1645477329,0.0818448017,0.6384130434999999,1.3614529923999998
84,84.0,84.0,84.0,84.0,4.0,0.4,0.0539070107,0.9414529924,-5.937937276465558,0.2463925346,0.0590861857,0.5565682418,1.3614529923999998
85,85.0,85.0,85.0,85.0,5.0,0.5,0.1147738532,0.2867924223,-6.17435629721812,0.3054787203,0.0236849169999999,0.4974820560999999,1.3614529923999998
86,86.0,86.0,86.0,86.0,6.0,0.6,0.1121978174,-0.3280671716,-4.440424223356004,0.3291636373,0.0397246393,0.4737971391,1.3614529923999998
87,87.0,87.0,87.0,87.0,7.0,0.7,0.0594979113,-0.7194096879,19.3554247129356,0.3688882766,0.2243851815999999,0.4340724997999999,1.3614529923999998
88,88.0,88.0,88.0,88.0,8.0,0.8,0.084667297,1.1909633977,-16.07122913143894,0.5932734582,0.1656578299,0.2096873181999999,1.3614529923999998
89,89.0,89.0,89.0,89.0,9.0,0.9,0.1202591988,-0.4517514172,8.55771117005024,0.7589312881,0.0440294882999999,0.0440294882999999,1.3614529923999998
90,90.0,90.0,90.0,90.0,0.0,0.0,0.0,-1.0,-11.609968913106613,0.0,0.3055266488,5.244307578899999,-2.5
91,91.0,91.0,91.0,91.0,1.0,0.1,-0.1513248564,-2.0096720349,0.2461423118524877,0.3055266488,0.3680828534,4.938780930099999,-2.7896720349
92,92.0,92.0,92.0,92.0,2.0,0.2,-0.3413798746,-1.7950027855,-8.203456106906092,0.6736095022,0.4997188485,4.570698076699999,-2.0150027855
93,93.0,93.0,93.0,93.0,3.0,0.3,-0.5518805273,-2.4048477436,-10.07457189830168,1.1733283507,0.8732391795999999,4.0709792282,-2.2248477436
94,94.0,94.0,94.0,94.0,4.0,0.4,-0.8294669748,-3.1347184858,14.413940619877836,2.0465675303,0.7417704529,3.1977400486,-2.7147184858
95,95.0,95.0,95.0,95.0,5.0,0.5,-1.0580487388,-1.4647426599,-11.752154367544922,2.7883379832,0.5942528246000003,2.4559695957,-0.9647426599
96,96.0,96.0,96.0,96.0,6.0,0.6,-1.2542875373,-2.4437192981,2.8359046769819294,3.3825908078,0.6725089881000001,1.8617167711,-2.0237192981
97,97.0,97.0,97.0,97.0,7.0,0.7,-1.4731198188,-1.9412965489,13.560238227439967,4.0550997959,0.4908353233999998,1.1892077829999996,-1.7612965489
98,98.0,98.0,98.0,98.0,8.0,0.8,-1.5922620543,-0.4661304906,0.9382695235145632,4.5459351193,0.2767281487000002,0.6983724595999998,-0.6861304906000002
99,99.0,99.0,99.0,99.0,9.0,0.9,-1.6320830737,-0.332482519,-11.13530448203476,4.822663268,0.4216443108999996,0.4216443108999996,-1.1124825190000005
100,100.0,100.0,100.0,100.0,0.0,0.0,0.0,-1.0,-8.177409361883928,0.0,0.2193495641,2.668107742,-2.5
101,101.0,101.0,101.0,101.0,1.0,0.1,-0.13472013,-1.6830208061,16.87628154375583,0.2193495641,0.2336692248999999,2.4487581779000003,-2.4630208061000003
102,102.0,102.0,102.0,102.0,2.0,0.2,-0.2132431089,0.0831303271,-17.220872365260874,0.453018789,0.233395161,2.2150889530000004,-0.1368696728999999
103,103.0,103.0,103.0,103.0,3.0,0.3,-0.2886367178,-1.5635633006,-8.55253034399765,0.68641395,0.4164892112999999,1.981693792,-1.3835633006
104,104.0,104.0,104.0,104.0,4.0,0.4,-0.4788016111,-2.2286514417,7.544023833774148,1.1029031613,0.3772273385,1.5652045807,-1.8086514417
105,105.0,105.0,105.0,105.0,5.0,0.5,-0.6543922535,-1.2986584159,-2.4888260660513524,1.4801304998,0.2393161123,1.1879772422,-0.7986584159000001
106,106.0,106.0,106.0,106.0,6.0,0.6,-0.7900154003,-1.4119178756,-0.6153161002518424,1.7194466121,0.2628551376999999,0.9486611299,-0.9919178756
107,107.0,107.0,107.0,107.0,7.0,0.7,-0.9273537497,-1.3361111363,-0.6506487640501923,1.9823017498,0.2687722392,0.6858059922000002,-1.1561111362999998
108,108.0,108.0,108.0,108.0,8.0,0.8,-1.0576491724,-1.2708805899,15.817543160709576,2.251073989,0.2864507321,0.4170337530000001,-1.4908805899000002
109,109.0,109.0,109.0,109.0,9.0,0.9,-1.102073638,0.3552981917,-3.982636298938957,2.5375247211,0.1305830209,0.1305830209,-0.4247018083000002
110,110.0,110.0,110.0,110.0,0.0,0.0,0.0,-1.0,19.55848096557812,0.0,0.2231934235,1.6556224312,2.1763154215000005
111,111.0,111.0,111.0,111.0,1.0,0.1,-0.0005500329,0.9563981295,-0.151933502184395,0.2231934235,0.0818805349,1.4324290077,2.1763154215000005
112,112.0,112.0,112.0,112.0,2.0,0.2,0.08972831,0.8509264363,-0.018326406366107,0.3050739584,0.0672521675999999,1.3505484728,2.1763154215000005
113,113.0,113.0,113.0,113.0,3.0,0.3,0.1706160023,0.7682061034,-13.98521753970989,0.372326126,0.1179413228,1.2832963052,2.1763154215000005
114,114.0,114.0,114.0,114.0,4.0,0.4,0.176068138,-0.6357677863,3.989849129208807,0.4902674488,0.0288673143999999,1.1653549824,2.1763154215000005
115,115.0,115.0,115.0,115.0,5.0,0.5,0.1348674075,-0.1955821428,12.80695927812942,0.5191347632,0.1157064968,1.136487668,2.1763154215000005
116,116.0,116.0,116.0,116.0,6.0,0.6,0.1782079175,1.0417732749,11.07241901267934,0.63484126,0.3083403134,1.0207811712,2.1763154215000005
117,117.0,117.0,117.0,117.0,7.0,0.7,0.3309076722,1.9963154215,-18.431648913358355,0.9431815734,0.3188738183999999,0.7124408578000001,2.1763154215000005
118,118.0,118.0,118.0,118.0,8.0,0.8,0.4317206247,0.0523375777,1.6568107794591178,1.2620553918,0.0223492243,0.3935670394000001,2.1763154215000005
119,119.0,119.0,119.0,119.0,9.0,0.9,0.4447158348,0.2050234456,19.48931283943228,1.2844046161,0.3712178151,0.3712178151,2.1763154215000005
120,120.0,120.0,120.0,120.0,0.0,0.0,0.0,-1.0,11.428015096574985,0.0,0.0929625123,6.4595865845,-2.5
121,121.0,121.0,121.0,121.0,1.0,0.1,-0.0398804962,0.1826820058,-16.62468645862267,0.0929625123,0.1996147779,6.3666240722000005,-0.5973179942000002
122,122.0,122.0,122.0,122.0,2.0,0.2,-0.1029165592,-1.416750577,-6.514386115116881,0.2925772902,0.3033958026,6.1670092943000006,-1.636750577
123,123.0,123.0,123.0,123.0,3.0,0.3,-0.2692510054,-1.9018547423,-6.546068145639342,0.5959730928,0.4894672179999999,5.863613491700001,-1.7218547423
124,124.0,124.0,124.0,124.0,4.0,0.4,-0.4819024862,-2.3438100761,-7.8815578330538685,1.0854403108,0.7530208632000002,5.374146273700001,-1.9238100761
125,125.0,125.0,125.0,125.0,5.0,0.5,-0.7430713565,-2.8707969891,-7.493019483995255,1.838461174,1.0679588893,4.6211254105,-2.3707969891
126,126.0,126.0,126.0,126.0,6.0,0.6,-1.0525105165,-3.3106597774,3.4928114372777586,2.9064200633,1.0449718553,3.5531665212,-2.8906597774
127,127.0,127.0,127.0,127.0,7.0,0.7,-1.350665217,-2.6632239332,14.093221402401582,3.9513919186,0.6761861121999995,2.5081946659,-2.4832239332
128,128.0,128.0,128.0,128.0,8.0,0.8,-1.5359298898,-1.0686371203,-18.222806637725785,4.6275780308,0.8105049341000008,1.8320085537000008,-1.2886371203000002
129,129.0,129.0,129.0,129.0,9.0,0.9,-1.7257754917,-2.7010721821,-0.5893950293343586,5.4380829649,1.0215036195999998,1.0215036195999998,-3.4810721821
130,130.0,130.0,130.0,130.0,0.0,0.0,0.0,-1.0,0.3185707366177546,0.0,0.088133903,4.6967702752,-2.5
131,131.0,131.0,131.0,131.0,1.0,0.1,-0.0936215272,-0.8745213991,-10.637809627772462,0.088133903,0.2476648195999999,4.608636372199999,-1.6545213991000003
132,132.0,132.0,132.0,132.0,2.0,0.2,-0.2283027717,-1.8036211174,-10.12955740537594,0.3357987226,0.5547791716,4.3609715526,-2.0236211174000003
133,133.0,133.0,133.0,133.0,3.0,0.3,-0.4489408017,-2.595938828,-7.992409169281057,0.8905778942,0.8855730564,3.806192381,-2.415938828
134,134.0,134.0,134.0,134.0,4.0,0.4,-0.7346396778,-3.1094808688,7.354537263820511,1.7761509506,0.7898141626999999,2.9206193246,-2.6894808688
135,135.0,135.0,135.0,135.0,5.0,0.5,-0.9949689339,-2.1136978863,11.456655070735016,2.5659651133,0.4083988802,2.1308051619,-1.6136978863000002
136,136.0,136.0,136.0,136.0,6.0,0.6,-1.1406934154,-0.8223078977,-8.701025878093684,2.9743639935,0.3302026705000003,1.7224062816999997,-0.4023078977
137,137.0,137.0,137.0,137.0,7.0,0.7,-1.2610365079,-1.572067393,-1.9078336820354345,3.304566664,0.4339243080999999,1.3922036111999994,-1.3920673929999998
138,138.0,138.0,138.0,138.0,8.0,0.8,-1.4198673063,-1.6040199628,3.2318275602095703,3.7384909721,0.4175242570000002,0.9582793030999994,-1.8240199628
139,139.0,139.0,139.0,139.0,9.0,0.9,-1.5568763942,-1.1438281189,-8.941323617754616,4.1560152291,0.5407550460999992,0.5407550460999992,-1.9238281189
140,140.0,140.0,140.0,140.0,0.0,0.0,0.0,-1.0,19.575237518043664,0.0,0.2235723959,2.1931429793,2.6551586537
141,141.0,141.0,141.0,141.0,1.0,0.1,-0.0004689745,0.9579927263,-3.135397030289436,0.2235723959,0.064150914,1.9695705834,2.6551586537
142,142.0,142.0,142.0,142.0,2.0,0.2,0.0755288617,0.5684551871,4.766192356659133,0.2877233099,0.0734902862999999,1.9054196694,2.6551586537
143,143.0,143.0,143.0,143.0,3.0,0.3,0.1526804139,0.9679228705,6.296575300177722,0.3612135962,0.1767226964,1.8319293831,2.6551586537
144,144.0,144.0,144.0,144.0,4.0,0.4,0.2752496242,1.4750111902,3.001890321874061,0.5379362926,0.2571367488,1.6552066867000002,2.6551586537
145,145.0,145.0,145.0,145.0,5.0,0.5,0.4301368554,1.6203129912,8.081315492701961,0.7950730414,0.4369220171999999,1.3980699379,2.6551586537
146,146.0,146.0,146.0,146.0,6.0,0.6,0.6234227422,2.2351586537,-18.8463252953206,1.2319950586,0.4080906004,0.9611479207000002,2.6551586537
147,147.0,147.0,147.0,147.0,7.0,0.7,0.7449586804,0.228990186,12.40935740754977,1.640085659,0.2154483655000001,0.5530573203000002,2.6551586537
148,148.0,148.0,148.0,148.0,8.0,0.8,0.8267790889,1.3881055183,-14.6987183450599,1.8555340245,0.2404813833999999,0.3376089548000001,2.6551586537
149,149.0,149.0,149.0,149.0,9.0,0.9,0.8877709484,-0.1427581757,-4.092307714260723,2.0960154079,0.0971275714000001,0.0971275714000001,2.6551586537
150,150.0,150.0,150.0,150.0,0.0,0.0,0.0,-1.0,-8.61974580120723,0.0,0.2293834697,3.6355684062,-2.5
151,151.0,151.0,151.0,151.0,1.0,0.1,-0.1368598963,-1.7251146839,7.169387783813235,0.2293834697,0.2038285228999999,3.4061849364999994,-2.5051146839000005
152,152.0,152.0,152.0,152.0,2.0,0.2,-0.2663449908,-0.878690811,-1.3277610218283833,0.4332119926,0.0917122354999999,3.2023564136,-1.098690811
153,153.0,153.0,153.0,153.0,3.0,0.3,-0.3563862091,-0.9214256949,-17.846197864251998,0.5249242281,0.5024134816000001,3.1106441781,-0.7414256949000001
154,154.0,154.0,154.0,154.0,4.0,0.4,-0.5304009729,-2.5320307175,0.1895805594863517,1.0273377097,0.6198259533999999,2.6082306965,-2.1120307175
155,155.0,155.0,155.0,155.0,5.0,0.5,-0.7704386785,-2.2730349559,16.95511018990034,1.6471636631,0.4248553181999999,1.9884047431,-1.7730349559
156,156.0,156.0,156.0,156.0,6.0,0.6,-0.9047276277,-0.4432349877,-14.674972618217552,2.0720189813,0.3413947618000001,1.5635494249000002,-0.0232349876999999
157,157.0,157.0,157.0,157.0,7.0,0.7,-1.0178959699,-1.7975639073,10.376339102777386,2.4134137431,0.3295946621999999,1.2221546631,-1.6175639073
158,158.0,158.0,158.0,158.0,8.0,0.8,-1.1387621169,-0.63906385,-3.9501946797887832,2.7430084053,0.2108872210000001,0.8925600009000001,-0.8590638500000002
159,159.0,159.0,159.0,159.0,9.0,0.9,-1.2186851731,-0.9541602619,-18.35374301693816,2.9538956263,0.6816727799,0.6816727799,-1.7341602619000005
160,160.0,160.0,160.0,160.0,0.0,0.0,0.0,-1.0,-12.51383590934899,0.0,0.3313935033,11.988979268699998,-2.5
161,161.0,161.0,161.0,161.0,1.0,0.1,-0.1556972387,-2.0956863522,10.594298125545585,0.3313935033,0.29378824,11.6575857654,-2.8756863522
162,162.0,162.0,162.0,162.0,2.0,0.2,-0.3038791712,-0.8880746071,-13.907451141634354,0.6251817433,0.353737634,11.3637975254,-1.1080746070999998
163,163.0,163.0,163.0,163.0,3.0,0.3,-0.4556667949,-2.1270320977,-10.99168329425286,0.9789193773,0.7533488075999999,11.0100598914,-1.9470320977
164,164.0,164.0,164.0,164.0,4.0,0.4,-0.7112520372,-2.9706151847,-11.102986260165636,1.7322681849,1.2754439876,10.2567110838,-2.5506151847000003
165,165.0,165.0,165.0,165.0,5.0,0.5,-1.047653248,-3.7445125999,1.010862117930806,3.0077121725,1.3890060999000005,8.9812670962,-3.2445125999
166,166.0,166.0,166.0,166.0,6.0,0.6,-1.3991015511,-3.2919780851,-14.070495577581408,4.3967182724,1.8131811129,7.592260996299999,-2.8719780851
167,167.0,167.0,167.0,167.0,7.0,0.7,-1.7804395708,-4.3176896231,2.255994365383142,6.2098993853,2.0011601234,5.7790798834,-4.1376896231
168,168.0,168.0,168.0,168.0,8.0,0.8,-2.1804088123,-3.6921209451,1.4535197484427833,8.2110595087,1.7449866625000006,3.77791976,-3.9121209451
169,169.0,169.0,169.0,169.0,9.0,0.9,-2.5247294842,-3.2024482984,-10.100072747231192,9.9560461712,2.032933097499999,2.032933097499999,-3.9824482984
170,170.0,170.0,170.0,170.0,0.0,0.0,0.0,-1.0,14.564074665451765,0.0,0.1305090207,4.2049625917,4.1536226019
171,171.0,171.0,171.0,171.0,1.0,0.1,-0.0247100648,0.4811175314,-1.168102359917647,0.1305090207,0.017009145,4.074453571,4.1536226019
172,172.0,172.0,172.0,172.0,2.0,0.2,0.0154237187,0.3241735119,0.4848717100074466,0.1475181657,0.0112493154999999,4.057444426,4.1536226019
173,173.0,173.0,173.0,173.0,3.0,0.3,0.048618436,0.3394659655,-5.62965156127869,0.1587674812,0.0191053402999999,4.0461951105,4.1536226019
174,174.0,174.0,174.0,174.0,4.0,0.4,0.0536899376,-0.2285706922,6.924877341338913,0.1778728215,0.0295104196,4.0270897702,4.1536226019
175,175.0,175.0,175.0,175.0,5.0,0.5,0.0654370848,0.4521698948,19.796089216013257,0.2073832411,0.4184019470999999,3.9975793506,4.1536226019
176,176.0,176.0,176.0,176.0,6.0,0.6,0.2042286932,2.292987208,19.953661755830467,0.6257851882,1.2260765705,3.5791774035,4.1536226019
177,177.0,177.0,177.0,177.0,7.0,0.7,0.5189594749,3.9736226019,-4.427927801386167,1.8518617587,1.3382496199000002,2.353100833,4.1536226019
178,178.0,178.0,178.0,178.0,8.0,0.8,0.8756801178,3.1741091788,-16.298334616060018,3.1901113786,0.7606474804999999,1.0148512131,4.1536226019
179,179.0,179.0,179.0,179.0,9.0,0.9,1.0988948244,1.3210610106,-4.525493182167107,3.9507588591,0.2542037326000002,0.2542037326000002,4.1536226019
180,180.0,180.0,180.0,180.0,0.0,0.0,0.0,-1.0,5.919583256670084,0.0,0.0655794403,4.502935089599999,-2.5
181,181.0,181.0,181.0,181.0,1.0,0.1,-0.0665270812,-0.3415145932,-6.160983659468977,0.0655794403,0.0612494655,4.4373556493,-1.1215145932
182,182.0,182.0,182.0,182.0,2.0,0.2,-0.1288297436,-0.8953102967,-11.314094596210811,0.1268289058,0.2717975408,4.376106183799999,-1.1153102967
183,183.0,183.0,183.0,183.0,3.0,0.3,-0.2687607822,-1.8867887177,3.1263709730919267,0.3986264466,0.2899758106,4.104308643,-1.7067887177
184,184.0,184.0,184.0,184.0,4.0,0.4,-0.4331890293,-1.4097233733,5.320028015813662,0.6886022572,0.1594909972,3.8143328324,-0.9897233733
185,185.0,185.0,185.0,185.0,5.0,0.5,-0.541606822,-0.769302779,2.2379355667068914,0.8480932544,0.0752176226999999,3.6548418352,-0.269302779
186,186.0,186.0,186.0,186.0,6.0,0.6,-0.603989801,-0.4831262434,-14.597663928798234,0.9233108771,0.3000204123999999,3.5796242125,-0.0631262433999999
187,187.0,187.0,187.0,187.0,7.0,0.7,-0.7205803404,-1.8263020969,-19.339010191809724,1.2233312895,0.9961030357,3.2796038001000003,-1.6463020968999995
188,188.0,188.0,188.0,188.0,8.0,0.8,-0.9879268308,-3.4928566256,-0.470874418267023,2.2194343252,1.2557776913,2.2835007644000003,-3.7128566256
189,189.0,189.0,189.0,189.0,9.0,0.9,-1.3225942427,-3.2052766555,4.7758702718509305,3.4752120165,1.0277230731000002,1.0277230731000002,-3.9852766555
190,190.0,190.0,190.0,190.0,0.0,0.0,0.0,-1.0,-17.38629398146415,0.0,0.4936290008,9.9087754093,-2.5
191,191.0,191.0,191.0,191.0,1.0,0.1,-0.1792673543,-2.5593620438,10.556645718291756,0.4936290008,0.4477073674,9.4151464085,-3.3393620438000005
192,192.0,192.0,192.0,192.0,2.0,0.2,-0.37175601,-1.3112088163,-5.782416321680199,0.9413363682,0.271512009,8.9674390411,-1.5312088163
193,193.0,193.0,193.0,193.0,3.0,0.3,-0.5245060249,-1.7367004336,-16.430383427869263,1.2128483772,0.7911468682,8.6959270321,-1.5567004336
194,194.0,194.0,194.0,194.0,4.0,0.4,-0.7692555423,-3.134989259,-11.185824292015209,2.0039952454,1.3988471342,7.9047801639,-2.714989259
195,195.0,195.0,195.0,195.0,5.0,0.5,-1.1216997395,-3.901127491,-7.915668213937895,3.4028423796,1.8862264345,6.5059330297,-3.401127491
196,196.0,196.0,196.0,196.0,6.0,0.6,-1.5312323437,-4.2831617081,16.681035345862618,5.2890688141,1.5347117026,4.6197065952,-3.8631617081
197,197.0,197.0,197.0,197.0,7.0,0.7,-1.8581361233,-2.288154394,-1.0246745268806805,6.8237805167,0.8853169661999996,3.0849948926,-2.108154394
198,198.0,198.0,198.0,198.0,8.0,0.8,-2.0808401451,-2.1679178249,-5.900572029895326,7.7090974829,1.0524004831000005,2.1996779264000006,-2.3879178249
199,199.0,199.0,199.0,199.0,9.0,0.9,-2.3156876452,-2.5231275277,1.0734158388275183,8.761497966,1.1472774433,1.1472774433,-3.3031275277
200,200.0,200.0,200.0,200.0,0.0,0.0,0.0,-1.0,0.1137374275940743,0.0,0.0899218209,1.8988796147,2.4123168317
201,201.0,201.0,201.0,201.0,1.0,0.1,-0.094612383,-0.8940138743,14.074041418976693,0.0899218209,0.1201596950999999,1.8089577938,2.4123168317
202,202.0,202.0,202.0,202.0,2.0,0.2,-0.111607032,0.5303849166,5.96620761333298,0.210081516,0.0836002185,1.6887980987,2.4123168317
203,203.0,203.0,203.0,203.0,3.0,0.3,-0.0322731931,1.0476718391,7.136434803007141,0.2936817345,0.2086564044,1.6051978802,2.4123168317
204,204.0,204.0,204.0,204.0,4.0,0.4,0.1019478057,1.6270943205,-15.252988366348038,0.5023381389,0.2060107483,1.3965414758,2.4123168317
205,205.0,205.0,205.0,205.0,5.0,0.5,0.1830012249,0.0207420647,8.997816863246282,0.7083488872,0.0712271524,1.1905307275,2.4123168317
206,206.0,206.0,206.0,206.0,6.0,0.6,0.228501285,0.8750236909,15.137909323331913,0.7795760396,0.3837832093,1.1193035751,2.4123168317
207,207.0,207.0,207.0,207.0,7.0,0.7,0.3849990766,2.2323168317,-13.805811776150003,1.1633592489,0.34916268,0.7355203658,2.4123168317
208,208.0,208.0,208.0,208.0,8.0,0.8,0.5306476375,0.7060870932,6.184153615542019,1.5125219289,0.1488157165999999,0.3863576857999999,2.4123168317
209,209.0,209.0,209.0,209.0,9.0,0.9,0.627755736,1.2273943563,3.7343619976158138,1.6613376455,0.2375419692,0.2375419692,2.4123168317
210,210.0,210.0,210.0,210.0,0.0,0.0,0.0,-1.0,-11.600170596110328,0.0,0.3052534916,15.840577360199998,-2.5
211,211.0,211.0,211.0,211.0,1.0,0.1,-0.1512774579,-2.0087396018,-3.978574745330388,0.3052534916,0.4577687899,15.535323868599995,-2.7887396018
212,212.0,212.0,212.0,212.0,2.0,0.2,-0.3616803308,-2.1961942033,-12.297015376696253,0.7630222815,0.828537137,15.077555078699998,-2.4161942033
213,213.0,213.0,213.0,213.0,3.0,0.3,-0.6301616473,-3.1574144245,-17.473286098308357,1.5915594185,1.7173809366,14.249017941699998,-2.9774144245
214,214.0,214.0,214.0,214.0,4.0,0.4,-1.0151549492,-4.5197497325,3.2330956111417564,3.3089403551,1.8800066467,12.5316370051,-4.0997497325
215,215.0,215.0,215.0,215.0,5.0,0.5,-1.4296268132,-3.7819683073,-0.9935698269389768,5.1889470018,1.5928682195999997,10.651630358399998,-3.2819683073
216,216.0,216.0,216.0,216.0,6.0,0.6,-1.794334959,-3.5166171442,-15.174104634175364,6.7818152214,2.1875075070000003,9.0587621388,-3.0966171442
217,217.0,217.0,217.0,217.0,7.0,0.7,-2.2023888027,-4.6259737639,-0.552338879092396,8.9693227284,2.5536263128000005,6.871254631799999,-4.4459737639
218,218.0,218.0,218.0,218.0,8.0,0.8,-2.6452802493,-4.2383162053,5.716200505731905,11.5229490412,2.243454677199999,4.317628318999999,-4.458316205300001
219,219.0,219.0,219.0,219.0,9.0,0.9,-3.020957931,-3.291018473,-2.4466493178633755,13.7664037184,2.0741736418,2.0741736418,-4.0710184730000005
220,220.0,220.0,220.0,220.0,0.0,0.0,0.0,-1.0,4.305792886060264,0.0,0.0668665559,5.364450677400001,-2.5
221,221.0,221.0,221.0,221.0,1.0,0.1,-0.0743336662,-0.4950870452,-14.719554801077162,0.0668665559,0.2652059375,5.297584121500001,-1.2750870452000005
222,222.0,222.0,222.0,222.0,2.0,0.2,-0.1926520529,-1.8487241386,-1.3577025029436172,0.3320724934,0.3423517469,5.032378184000001,-2.0687241386
223,223.0,223.0,223.0,223.0,3.0,0.3,-0.3751491987,-1.8019972431,-8.601256232807405,0.6744242403,0.5176206503,4.6900264371,-1.6219972431
224,224.0,224.0,224.0,224.0,4.0,0.4,-0.5882397883,-2.4490322767,9.09608636769525,1.1920448906,0.4570170191999998,4.1724057868,-2.0290322767
225,225.0,225.0,225.0,225.0,5.0,0.5,-0.7772944671,-1.3503689612,-9.652427939135247,1.6490619098,0.4326519087,3.7153887676,-0.8503689612
226,226.0,226.0,226.0,226.0,6.0,0.6,-0.9524919173,-2.140414305,-16.943636930753797,2.0817138185,1.0941395447,3.2827368589,-1.7204143050000005
227,227.0,227.0,227.0,227.0,7.0,0.7,-1.2381427028,-3.5491272125,10.329895599593788,3.1758533632,1.0907811959,2.1885973142,-3.3691272125
228,228.0,228.0,228.0,228.0,8.0,0.8,-1.5259169895,-2.2283633658,5.295387709098698,4.2666345591,0.6302765195999998,1.0978161183,-2.4483633658
229,229.0,229.0,229.0,229.0,9.0,0.9,-1.7123579007,-1.5123836838,6.524307523897935,4.8969110787,0.4675395987000001,0.4675395987000001,-2.2923836838
230,230.0,230.0,230.0,230.0,0.0,0.0,0.0,-1.0,-11.471401532070209,0.0,0.3016781238,2.1402384176,1.2160717769
231,231.0,231.0,231.0,231.0,1.0,0.1,-0.1506545481,-1.9964856051,14.193257002877168,0.3016781238,0.2728663476,1.8385602938,1.2160717769
232,232.0,232.0,232.0,232.0,2.0,0.2,-0.2719865582,-0.4558278947,15.221549038647376,0.5745444714,0.1508097679,1.5656939462,1.2160717769
233,233.0,233.0,233.0,233.0,3.0,0.3,-0.2417313259,1.0360717769,-17.290880400390467,0.7253542393,0.1819008982,1.4148841783,1.2160717769
234,234.0,234.0,234.0,234.0,4.0,0.4,-0.2267792726,-0.7079683165,3.303713727515195,0.9072551375,0.0396390971,1.2329832801,1.2160717769
235,235.0,235.0,235.0,235.0,5.0,0.5,-0.2781699081,-0.3262063082,-16.04531095751244,0.9468942346,0.2757854900000001,1.193344183,1.2160717769
236,236.0,236.0,236.0,236.0,6.0,0.6,-0.3868304049,-1.8220769072,17.61014558322161,1.2226797246,0.2813451696,0.917558693,1.2160717769
237,237.0,237.0,237.0,237.0,7.0,0.7,-0.4750363271,0.0271435733,-14.12662091514976,1.5040248942,0.1828399491999999,0.6362135233999999,1.2160717769
238,238.0,238.0,238.0,238.0,8.0,0.8,-0.5407896457,-1.3197651996,14.671091701694998,1.6868648434,0.1905082371999999,0.4533735742,1.2160717769
239,239.0,239.0,239.0,239.0,9.0,0.9,-0.595411706,0.2019660309,15.680725387508351,1.8773730806,0.262865337,0.262865337,1.2160717769
240,240.0,240.0,240.0,240.0,0.0,0.0,0.0,-1.0,-2.4175187716820936,0.0,0.1176270859,3.2662844749000004,-2.5
241,241.0,241.0,241.0,241.0,1.0,0.1,-0.106857171,-1.1348947061,-15.411135597979593,0.1176270859,0.4711439507,3.1486573890000003,-1.9148947061000003
242,242.0,242.0,242.0,242.0,2.0,0.2,-0.2894067919,-2.4934586451,4.609823639677355,0.5887710366,0.4932049791,2.6775134383,-2.7134586451
243,243.0,243.0,243.0,243.0,3.0,0.3,-0.5043911776,-1.8174918954,10.47378691466242,1.0819760157,0.2490246093999999,2.1843084592,-1.6374918954
244,244.0,244.0,244.0,244.0,4.0,0.4,-0.6266824016,-0.64782198,-0.3272546903133531,1.3310006251,0.0834478176999999,1.9352838498,-0.2278219799999999
245,245.0,245.0,245.0,245.0,5.0,0.5,-0.6899144386,-0.6173154119,-7.110072168071081,1.4144484428,0.1687690402000001,1.8518360321,-0.1173154119
246,246.0,246.0,246.0,246.0,6.0,0.6,-0.783053939,-1.2351831284,-12.339376743749702,1.583217483,0.4742697356999998,1.6830669919,-0.8151831284000001
247,247.0,247.0,247.0,247.0,7.0,0.7,-0.9602878835,-2.2918868582,7.619864763104598,2.0574872187,0.4773060340000001,1.2087972562,-2.1118868582
248,248.0,248.0,248.0,248.0,8.0,0.8,-1.1415294427,-1.3486588227,-0.820842764073678,2.5347932527,0.3215243422,0.7314912221999998,-1.5686588227000002
249,249.0,249.0,249.0,249.0,9.0,0.9,-1.2738423562,-1.2984301856,-4.856809720498081,2.8563175949,0.4099668799999998,0.4099668799999998,-2.0784301856000003
250,250.0,250.0,250.0,250.0,0.0,0.0,0.0,-1.0,-12.553864800847036,0.0,0.3325696525,21.6510136751,-2.5
251,251.0,251.0,251.0,251.0,1.0,0.1,-0.1558908752,-2.0994956049,-3.39798004399416,0.3325696525,0.4807644806,21.3184440226,-2.8794956049
252,252.0,252.0,252.0,252.0,2.0,0.2,-0.3721218089,-2.2230626755,-3.154244257952051,0.8133341331,0.543405788,20.837679542,-2.4430626755
253,253.0,253.0,253.0,253.0,3.0,0.3,-0.5989322385,-2.3116766718,-11.829714390450498,1.3567399211,0.8991927640999999,20.294273754,-2.1316766718
254,254.0,254.0,254.0,254.0,4.0,0.4,-0.8761426415,-3.2174377078,-10.0234569895292,2.2559326852,1.4225285793000002,19.3950809899,-2.7974377078
255,255.0,255.0,255.0,255.0,5.0,0.5,-1.2308090021,-3.8651170462,-15.32983957666882,3.6784612645,2.2905754413,17.9725524106,-3.3651170462
256,256.0,256.0,256.0,256.0,6.0,0.6,-1.6727803988,-4.9561296071,-16.59623744304603,5.9690367058,3.5728204109999995,15.6819769693,-4.5361296071
257,257.0,257.0,257.0,257.0,7.0,0.7,-2.2247014736,-6.0638322767,-3.3490264945046206,9.5418571168,4.165377425500001,12.1091565583,-5.8838322767
258,258.0,258.0,258.0,258.0,8.0,0.8,-2.8179525878,-5.8054838119,-2.4926702996277825,13.7072345423,4.1562092297,7.9437791328,-6.025483811900001
259,259.0,259.0,259.0,259.0,9.0,0.9,-3.3824754592,-5.4902279705,6.023428076077131,17.863443772,3.7875699031,3.7875699031,-6.270227970500001
260,260.0,260.0,260.0,260.0,0.0,0.0,0.0,-1.0,16.681375278263452,0.0,0.1648672519,3.9213354619,3.1418137742
261,261.0,261.0,261.0,261.0,1.0,0.1,-0.0144677965,0.6826053243,-15.371838872753468,0.1648672519,0.1384869486,3.75646821,3.1418137742
262,262.0,262.0,262.0,262.0,2.0,0.2,-0.0238693171,-0.8451770423,13.49693414367647,0.3033542005,0.1090840488,3.6179812614,3.1418137742
263,263.0,263.0,263.0,263.0,3.0,0.3,-0.0390082409,0.5196552958,9.712358301327136,0.4124382493,0.1466161945,3.5088972126,3.1418137742
264,264.0,264.0,264.0,264.0,4.0,0.4,0.0574262297,1.3944566554,8.123505091731417,0.5590544438,0.3343984136,3.3622810181,3.1418137742
265,265.0,265.0,265.0,265.0,5.0,0.5,0.2294229118,2.0348104824,9.254067510436569,0.8934528574,0.6273491473999999,3.0278826045,3.1418137742
266,266.0,266.0,266.0,266.0,6.0,0.6,0.467826371,2.7218137742,-7.863445889250773,1.5208020048,0.5625047513999999,2.4005334571,3.1418137742
267,267.0,267.0,267.0,267.0,7.0,0.7,0.6888024251,1.7144931312,14.398613552088603,2.0833067562,0.7214734053000003,1.8380287057,3.1418137742
268,268.0,268.0,268.0,268.0,8.0,0.8,0.9216101314,2.9215467801,-9.017774927842495,2.8047801615,0.7112005652,1.1165553004,3.1418137742
269,269.0,269.0,269.0,269.0,9.0,0.9,1.1560095432,1.7853698756,-2.6395964350257586,3.5159807267,0.4053547352,0.4053547352,3.1418137742
270,270.0,270.0,270.0,270.0,0.0,0.0,0.0,-1.0,0.7367650832016359,0.0,0.0846943451,5.6501481023,-2.5
271,271.0,271.0,271.0,271.0,1.0,0.1,-0.0915985381,-0.8347249536,-19.58713220303278,0.0846943451,0.5247097554000001,5.5654537572,-1.6147249536
272,272.0,272.0,272.0,272.0,2.0,0.2,-0.2657842674,-2.6192524446,-9.433064065248296,0.6094041005,0.9349327606,5.0407440018,-2.8392524446
273,273.0,273.0,273.0,273.0,3.0,0.3,-0.5606707769,-3.2676723416,11.568512245222283,1.5443368611,0.7832995360000001,4.1058112412000005,-3.0876723416000003
274,274.0,274.0,274.0,274.0,4.0,0.4,-0.8156691939,-1.8558227001,-11.643768185737656,2.3276363971,0.7034831205000001,3.3225117052,-1.4358227001
275,275.0,275.0,275.0,275.0,5.0,0.5,-1.0485998541,-2.7872688585,5.784604427527079,3.0311195176,0.7235154128999999,2.6190285847,-2.2872688585
276,276.0,276.0,276.0,276.0,6.0,0.6,-1.2858613344,-1.9715469354,-1.33858343030807,3.7546349305,0.5693437787000004,1.8955131718,-1.5515469353999998
277,277.0,277.0,277.0,277.0,7.0,0.7,-1.4799542033,-1.9113124095,19.544692398090103,4.3239787092,0.5394393659999999,1.3261693930999998,-1.7313124095
278,278.0,278.0,278.0,278.0,8.0,0.8,-1.5672937784,0.1304964054,-13.177686418873536,4.8634180752,0.3769502671999998,0.7867300271,-0.0895035946000002
279,279.0,279.0,279.0,279.0,9.0,0.9,-1.6186214137,-1.1359446012,-1.0787129114183678,5.2403683424,0.4097797599000001,0.4097797599000001,-1.9159446012000003
280,280.0,280.0,280.0,280.0,0.0,0.0,0.0,-1.0,-17.636851496976913,0.0,0.5030113122,18.3030530319,-2.5
281,281.0,281.0,281.0,281.0,1.0,0.1,-0.1804794057,-2.583205744,-9.710026992976625,0.5030113122,0.9193038672,17.800041719699998,-3.363205744
282,282.0,282.0,282.0,282.0,2.0,0.2,-0.4732753959,-3.2614124531,2.163670541113269,1.4223151794,0.9440813362,16.880737852499998,-3.4814124531
283,283.0,283.0,283.0,283.0,3.0,0.3,-0.7731734376,-2.7451473572,-2.2912748547705952,2.3663965156,0.8275924882000001,15.9366565163,-2.5651473572
284,284.0,284.0,284.0,284.0,4.0,0.4,-1.0454926593,-2.701955621,-2.017301463130732,3.1939890038,0.8540601938000001,15.1090640281,-2.2819556210000003
285,285.0,285.0,285.0,285.0,5.0,0.5,-1.3123766677,-2.636801759,-11.116099247778894,4.0480491976,1.2089690807000002,14.255003834299998,-2.136801759
286,286.0,286.0,286.0,286.0,6.0,0.6,-1.6170747434,-3.443713608,-19.186602071540328,5.2570182783,2.3020311784,13.0460347536,-3.023713608
287,287.0,287.0,287.0,287.0,7.0,0.7,-2.0376010422,-4.9418475164,-9.472852904736529,7.5590494567,3.237631281399999,10.7440035752,-4.7618475164
288,288.0,288.0,288.0,288.0,8.0,0.8,-2.5537032684,-5.3730305807,-4.095570129450007,10.7966807381,3.627215342900002,7.5063722938,-5.593030580700001
289,289.0,289.0,289.0,289.0,9.0,0.9,-3.0848273581,-5.2514635039,-4.983040467541674,14.423896081,3.879156950899999,3.879156950899999,-6.0314635039
290,290.0,290.0,290.0,290.0,0.0,0.0,0.0,-1.0,-4.491842934628995,0.0,0.1480686456,4.3443989831,0.4411613002999996
291,291.0,291.0,291.0,291.0,1.0,0.1,-0.1168915085,-1.3322927849,-3.773883737751934,0.1480686456,0.2216288431999999,4.196330337499999,0.4411613002999996
292,292.0,292.0,292.0,292.0,2.0,0.2,-0.2619315711,-1.5646410962,-12.43692947926025,0.3696974888,0.5364813196,3.9747014943,0.4411613002999996
293,293.0,293.0,293.0,293.0,3.0,0.3,-0.4709894754,-2.5992761398,-9.653891491182812,0.9061788084,0.9532614186,3.4382201747,0.4411613002999996
294,294.0,294.0,294.0,294.0,4.0,0.4,-0.7650429523,-3.270611812,4.249029508936037,1.859440227,0.9429469403,2.4849587561,0.4411613002999996
295,295.0,295.0,295.0,295.0,5.0,0.5,-1.0557284743,-2.5550233391,17.742911523887337,2.8023871673,0.5685345259000001,1.5420118157999996,0.4411613002999996
296,296.0,296.0,296.0,296.0,6.0,0.6,-1.2130412347,-0.6234194263,-4.934295388284031,3.3709216932,0.2394022577999996,0.9734772898999996,0.4411613002999996
297,297.0,297.0,297.0,297.0,7.0,0.7,-1.2962367158,-1.033653484,16.776022812330716,3.610323951,0.3415836420000002,0.7340750320999998,0.4411613002999996
298,298.0,298.0,298.0,298.0,8.0,0.8,-1.3134492189,0.6611613003,-3.328590528137809,3.951907593,0.1942894135999995,0.3924913900999995,0.4411613002999996
299,299.0,299.0,299.0,299.0,9.0,0.9,-1.2666326487,0.2814856773,5.290564808187259,4.1461970066,0.1982019765,0.1982019765,0.4411613002999996
300,300.0,300.0,300.0,300.0,0.0,0.0,0.0,-1.0,-11.236549948073865,0.0,0.2952264632,11.98396206,-2.5
301,301.0,301.0,301.0,301.0,1.0,0.1,-0.1495184728,-1.974136522,-13.19412008949122,0.2952264632,0.7376471689,11.6887355968,-2.7541365220000005
302,302.0,302.0,302.0,302.0,2.0,0.2,-0.4012078658,-3.041859138,-8.396548078313518,1.0328736321,1.1594937559,10.951088427899998,-3.261859138
303,303.0,303.0,303.0,303.0,3.0,0.3,-0.731296845,-3.5514249666,17.741955855974297,2.192367388,0.9042962817999998,9.791594672,-3.3714249666
304,304.0,304.0,304.0,304.0,4.0,0.4,-0.9834343724,-1.5250918536,-10.915125264779878,3.0966636698,0.5738757021,8.8872983902,-1.1050918535999998
305,305.0,305.0,305.0,305.0,5.0,0.5,-1.1813671047,-2.4186716478,-15.224535652056264,3.6705393719,1.2271335118000004,8.3134226881,-1.9186716478
306,306.0,306.0,306.0,306.0,6.0,0.6,-1.4851815915,-3.6373107262,-13.453001643258652,4.8976728837,2.0733874028,7.086289176299999,-3.2173107262
307,307.0,307.0,307.0,307.0,7.0,0.7,-1.896395356,-4.571397126,7.307448170919379,6.9710602865,2.0794875243,5.012901773499999,-4.391397125999999
308,308.0,308.0,308.0,308.0,8.0,0.8,-2.2960725798,-3.4409750851,9.685084091286868,9.0505478108,1.4466268731000014,2.9334142492,-3.6609750851
309,309.0,309.0,309.0,309.0,9.0,0.9,-2.5766745483,-2.1918647075,-11.134025246329,10.4971746839,1.4867873760999988,1.4867873760999988,-2.9718647075000004
310,310.0,310.0,310.0,310.0,0.0,0.0,0.0,-1.0,-2.9955275776326538,0.0,0.125409038,2.4679641602,-2.5
311,311.0,311.0,311.0,311.0,1.0,0.1,-0.1096532288,-1.1898995289,-16.25358872387028,0.125409038,0.5213707039,2.3425551222000003,-1.9698995289000003
312,312.0,312.0,312.0,312.0,2.0,0.2,-0.3015125482,-2.623399082,5.847634403508501,0.6467797419,0.5304835749,1.8211844183,-2.8433990820000004
313,313.0,313.0,313.0,313.0,3.0,0.3,-0.5228746459,-1.8172735439,9.440907626960126,1.1772633168,0.2516909566,1.2907008434000002,-1.6372735439
314,314.0,314.0,314.0,314.0,4.0,0.4,-0.6501415745,-0.7459158526,-11.743942237096082,1.4289542734,0.2912834431,1.0390098868000002,-0.3259158526
315,315.0,315.0,315.0,315.0,5.0,0.5,-0.7779351954,-1.7925164554,12.047134878419492,1.7202377165,0.2846584101999998,0.7477264437000002,-1.2925164554
316,316.0,316.0,316.0,316.0,6.0,0.6,-0.8902386811,-0.4754994819,-0.6797943536418174,2.0048961267,0.1074205271000003,0.4630680335000003,-0.0554994818999999
317,317.0,317.0,317.0,317.0,7.0,0.7,-0.93877576,-0.4949418383,-0.2332622180431016,2.1123166538,0.1160691326999998,0.3556475064,-0.3149418382999998
318,318.0,318.0,318.0,318.0,8.0,0.8,-0.9870054202,-0.4700383999,7.842690759816033,2.2283857865,0.1358362474999999,0.2395783737000001,-0.6900383999000002
319,319.0,319.0,319.0,319.0,9.0,0.9,-0.9937974724,0.3210227283,-2.573178308809453,2.364222034,0.1037421262000002,0.1037421262000002,-0.4589772717000002
320,320.0,320.0,320.0,320.0,0.0,0.0,0.0,-1.0,11.461033897551882,0.0,0.0932748459,2.7697011652,2.6005482119
321,321.0,321.0,321.0,321.0,1.0,0.1,-0.0397207704,0.1858241602,11.437821518086135,0.0932748459,0.1283354574,2.6764263193,2.6005482119
322,322.0,322.0,322.0,322.0,2.0,0.2,0.0332922419,1.2565932997,3.900979576864167,0.2216103033,0.2009922252,2.5480908619,2.6005482119
323,323.0,323.0,323.0,323.0,3.0,0.3,0.1717436488,1.5082398504,-14.687853285760523,0.4226025285,0.1851113559999999,2.3470986367,2.6005482119
324,324.0,324.0,324.0,324.0,4.0,0.4,0.2442203688,-0.0330221981,6.562470726689522,0.6077138845,0.0394195045999999,2.1619872807,2.6005482119
325,325.0,325.0,325.0,325.0,5.0,0.5,0.2728233078,0.5946219355,8.148707474887466,0.6471333891,0.1396662297000001,2.1225677761,2.6005482119
326,326.0,326.0,326.0,326.0,6.0,0.6,0.3688276828,1.313488308,2.4512742313432447,0.7867996188,0.2095865889999999,1.9829015464,2.6005482119
327,327.0,327.0,327.0,327.0,7.0,0.7,0.5056801265,1.4217632875,16.120659433928616,0.9963862078,0.6375910241000001,1.7733149573999998,2.6005482119
328,328.0,328.0,328.0,328.0,8.0,0.8,0.7189611455,2.8205482119,-9.410907833385478,1.6339772319,0.6233447512000001,1.1357239332999998,2.6005482119
329,329.0,329.0,329.0,329.0,9.0,0.9,0.9418473183,1.6565712557,7.43974079095598,2.2573219831,0.5123791820999997,0.5123791820999997,2.6005482119
330,330.0,330.0,330.0,330.0,0.0,0.0,0.0,-1.0,-19.755728947866984,0.0,0.586420746,7.003104710199999,-2.5
331,331.0,331.0,331.0,331.0,1.0,0.1,-0.1907292999,-2.7848435949,2.9734579785105097,0.586420746,0.6458741054,6.416683964199999,-3.5648435949
332,332.0,332.0,332.0,332.0,2.0,0.2,-0.4413583454,-2.2368687515,-13.711672967227102,1.2322948514,0.9167939072,5.770809858799999,-2.4568687515
333,333.0,333.0,333.0,333.0,3.0,0.3,-0.7205536538,-3.3288407399,14.84236777624507,2.1490887586,0.8092497287999998,4.854015951599999,-3.1488407399
334,334.0,334.0,334.0,334.0,4.0,0.4,-0.9655360145,-1.5996216015,-12.160256018984304,2.9583384874,0.6410668763,4.0447662228,-1.1796216015
335,335.0,335.0,335.0,335.0,5.0,0.5,-1.1765844056,-2.6045988123,19.86395690762734,3.5994053637,0.6272790466,3.4036993465,-2.1045988123
336,336.0,336.0,336.0,336.0,6.0,0.6,-1.3283545125,-0.4664330146,-9.622972434089936,4.2266844103,0.3221515984000005,2.7764202999,-0.0464330145999999
337,337.0,337.0,337.0,337.0,7.0,0.7,-1.4192914289,-1.3377933417,-8.046170172980789,4.5488360087,0.5364479285999995,2.4542687015,-1.1577933417
338,338.0,338.0,338.0,338.0,8.0,0.8,-1.5855220434,-1.9761797445,-9.048229391326794,5.0852839373,0.8701826084000004,1.9178207729,-2.1961797445
339,339.0,339.0,339.0,339.0,9.0,0.9,-1.8173505539,-2.6491741731,-1.267025050492915,5.9554665457,1.0476381644999997,1.0476381644999997,-3.4291741731000003
340,340.0,340.0,340.0,340.0,0.0,0.0,0.0,-1.0,-11.68654369249289,0.0,0.3076667549,11.410587074,-2.5
341,341.0,341.0,341.0,341.0,1.0,0.1,-0.1516952806,-2.0169590886,-15.596730385478708,0.3076667549,0.858643439,11.1029203191,-2.7969590886000004
342,342.0,342.0,342.0,342.0,2.0,0.2,-0.4190821676,-3.3092452402,-13.735469084282087,1.1663101939,1.5942858399000002,10.2442768801,-3.5292452402
343,343.0,343.0,343.0,343.0,3.0,0.3,-0.800442691,-4.3014316252,-10.435680709496488,2.7605960338,2.2785359966,8.6499910402,-4.1214316252000005
344,344.0,344.0,344.0,344.0,4.0,0.4,-1.2602597675,-4.8851826196,6.8191697752517015,5.0391320304,2.1211760964,6.3714550436,-4.4651826196
345,345.0,345.0,345.0,345.0,5.0,0.5,-1.6921591633,-3.7713662463,11.006516038268916,7.1603081268,1.356795846299999,4.2502789472,-3.2713662463
346,346.0,346.0,346.0,346.0,6.0,0.6,-1.9978093362,-2.3650644696,0.8424926584483714,8.5171039731,0.9354812592000012,2.893483100900001,-1.9450644696
347,347.0,347.0,347.0,347.0,7.0,0.7,-2.218800338,-2.059824202,16.018412417583313,9.4525852323,0.8191233352999987,1.9580018417,-1.879824202
348,348.0,348.0,348.0,348.0,8.0,0.8,-2.3373318728,-0.3394514254,-0.0876858689599373,10.2717085676,0.5648072015000007,1.138878506400001,-0.5594514254000003
349,349.0,349.0,349.0,349.0,9.0,0.9,-2.3700603785,-0.3154915067,1.8197124528472808,10.8365157691,0.5740713049000004,0.5740713049000004,-1.0954915067000002
350,350.0,350.0,350.0,350.0,0.0,0.0,0.0,-1.0,-3.028637820410495,0.0,0.1258711999,2.8806133222000003,0.4344413755
351,351.0,351.0,351.0,351.0,1.0,0.1,-0.1098133974,-1.1930503846,18.22100632436077,0.1258711999,0.202800158,2.7547421223,0.4344413755
352,352.0,352.0,352.0,352.0,2.0,0.2,-0.1352045251,0.6544413755,-12.499898190162376,0.3286713579,0.0927506502999999,2.5519419643,0.4344413755
353,353.0,353.0,353.0,353.0,3.0,0.3,-0.1333933866,-0.597359582,-17.16034402384123,0.4214220082,0.3673256252,2.459191314,0.4344413755
354,354.0,354.0,354.0,354.0,4.0,0.4,-0.2732514146,-2.1735359564,19.60725019332252,0.7887476334,0.3655550948,2.0918656888,0.4344413755
355,355.0,355.0,355.0,355.0,5.0,0.5,-0.3852422536,-0.1008200981,-8.948150925497846,1.1543027282,0.090303811,1.726310594,0.4344413755
356,356.0,356.0,356.0,356.0,6.0,0.6,-0.4381225033,-0.9427549409,-10.51207377897014,1.2446065392,0.2850042557999999,1.6360067829999998,0.4344413755
357,357.0,357.0,357.0,357.0,7.0,0.7,-0.5786884976,-1.8533963245,10.130672883640289,1.529610795,0.2670114443,1.3510025272,0.4344413755
358,358.0,358.0,358.0,358.0,8.0,0.8,-0.7060562933,-0.7129612405,-19.84726347088944,1.7966222393,0.5530270510999999,1.0839910829,0.4344413755
359,359.0,359.0,359.0,359.0,9.0,0.9,-0.8699130291,-2.5338308517,19.02261694701435,2.3496492904,0.5309640318,0.5309640318,0.4344413755
360,360.0,360.0,360.0,360.0,0.0,0.0,0.0,-1.0,11.316086526497546,0.0,0.0919168902,3.5004567007,-2.5
361,361.0,361.0,361.0,361.0,1.0,0.1,-0.0404219414,0.1720305941,-15.843046266140558,0.0919168902,0.1815454251,3.4085398105,-0.6079694059000003
362,362.0,362.0,362.0,362.0,2.0,0.2,-0.1006905,-1.352005474,-16.868711653032108,0.2734623153,0.60665961,3.2269943854,-1.572005474
363,363.0,363.0,363.0,363.0,3.0,0.3,-0.3109518386,-2.8286153007,11.047258344306911,0.8801219253,0.5598430261999999,2.6203347754,-2.6486153007000004
364,364.0,364.0,364.0,364.0,4.0,0.4,-0.5266899714,-1.5081513334,-9.857894378059452,1.4399649515,0.4576583869000001,2.0604917492,-1.0881513334
365,365.0,365.0,365.0,365.0,5.0,0.5,-0.7178963035,-2.3027344391,11.83782090788872,1.8976233384,0.4130138794,1.6028333623,-1.8027344391
366,366.0,366.0,366.0,366.0,6.0,0.6,-0.8797660884,-0.9570825634,-5.766136611469538,2.3106372178,0.2475335265999998,1.1898194829,-0.5370825633999999
367,367.0,367.0,367.0,367.0,7.0,0.7,-0.9987377905,-1.4147245225,9.642726488614189,2.5581707444,0.2437554119,0.9422859563,-1.2347245225
368,368.0,368.0,368.0,368.0,8.0,0.8,-1.0867207169,-0.3624689473,-14.163842235434917,2.8019261563,0.3479568703,0.6985305444000001,-0.5824689473000002
369,369.0,369.0,369.0,369.0,9.0,0.9,-1.18973063,-1.6758432576,6.212075702760608,3.1498830266,0.3505736741,0.3505736741,-2.4558432576
370,370.0,370.0,370.0,370.0,0.0,0.0,0.0,-1.0,-6.504779267926573,0.0,0.1842729769,10.4136136204,-2.5
371,371.0,371.0,371.0,371.0,1.0,0.1,-0.1266289216,-1.5238490052,-16.42270951521407,0.1842729769,0.6609886699,10.2293406435,-2.3038490052
372,372.0,372.0,372.0,372.0,2.0,0.2,-0.351085845,-2.9416630334,-19.02136880630946,0.8452616468,1.6125407237,9.5683519736,-3.1616630334
373,373.0,373.0,373.0,373.0,3.0,0.3,-0.7230362493,-4.4718495096,-11.218765572136324,2.4578023705,2.4622823389,7.9558112499,-4.2918495096
374,374.0,374.0,374.0,374.0,4.0,0.4,-1.20285907,-5.1139032461,19.190126360916075,4.9200847094,1.982315775,5.493528910999999,-4.6939032461
375,375.0,375.0,375.0,375.0,5.0,0.5,-1.5966806725,-2.8010690076,17.489050178632247,6.9024004844,0.8056230880999999,3.5112131359999994,-2.3010690076
376,376.0,376.0,376.0,376.0,6.0,0.6,-1.7786357761,-0.8702088861,-17.679761693672482,7.7080235725,0.8032921483000006,2.7055900478999995,-0.4502088861
377,377.0,377.0,377.0,377.0,7.0,0.7,-1.9469710206,-2.469849811,19.96114690777455,8.5113157208,0.8428225534999996,1.9022978995999988,-2.289849811
378,378.0,378.0,378.0,378.0,8.0,0.8,-2.085447883,-0.3352582578,-4.827156412563035,9.3541382743,0.4887321698000004,1.0594753460999993,-0.5552582578000003
379,379.0,379.0,379.0,379.0,9.0,0.9,-2.1407029369,-0.7627188452,13.43214086122093,9.8428704441,0.5707431762999988,0.5707431762999988,-1.5427188452000002
380,380.0,380.0,380.0,380.0,0.0,0.0,0.0,-1.0,-10.25588099010783,0.0,0.2692517159,1.863067541,1.6333468364
381,381.0,381.0,381.0,381.0,1.0,0.1,-0.1447745674,-1.8808135316,9.320981885056275,0.2692517159,0.2372019819,1.5938158251,1.6333468364
382,382.0,382.0,382.0,382.0,2.0,0.2,-0.2786682071,-0.8148217034,17.130083533660738,0.5064536978,0.1797307629999999,1.3566138432,1.6333468364
383,383.0,383.0,383.0,383.0,3.0,0.3,-0.2733434126,0.8928618554,3.9402132016679614,0.6861844608,0.121776731,1.1768830802,1.6333468364
384,384.0,384.0,384.0,384.0,4.0,0.4,-0.1693158821,1.1828556451,-10.5632479299871,0.8079611918,0.1056845685999999,1.0551063492,1.6333468364
385,385.0,385.0,385.0,385.0,5.0,0.5,-0.107851131,0.065066101,12.131581129900638,0.9136457604,0.1274232674000001,0.9494217806,1.6333468364
386,386.0,386.0,386.0,386.0,6.0,0.6,-0.0429737533,1.2133468364,-5.85778836026218,1.0410690278,0.0969137713999999,0.8219985131999998,1.6333468364
387,387.0,387.0,387.0,387.0,7.0,0.7,0.0441550338,0.5404392132,-0.305600399686476,1.1379827992,0.0255607973,0.7250847417999999,1.6333468364
388,388.0,388.0,388.0,388.0,8.0,0.8,0.0941065283,0.4599276787,-19.225232346856743,1.1635435965,0.2390321907999999,0.6995239444999999,1.6333468364
389,389.0,389.0,389.0,389.0,9.0,0.9,0.0448739861,-1.4133630137,-12.270597403941052,1.4025757873,0.4604917536999999,0.4604917536999999,1.6333468364
390,390.0,390.0,390.0,390.0,0.0,0.0,0.0,-1.0,-17.424158341739627,0.0,0.4950403369,8.834146091000001,-2.5
391,391.0,391.0,391.0,391.0,1.0,0.1,-0.17945052,-2.5629653141,4.211096179273891,0.4950403369,0.5211877825,8.3391057541,-3.3429653141
392,392.0,392.0,392.0,392.0,2.0,0.2,-0.4029780916,-1.9183281246,-5.012580925213133,1.0162281194,0.4667039149,7.8179179716,-2.1383281246
393,393.0,393.0,393.0,393.0,3.0,0.3,-0.6097789745,-2.2127853343,7.165634358984111,1.4829320343,0.3917460157999999,7.3512140567,-2.0327853343
394,394.0,394.0,394.0,394.0,4.0,0.4,-0.785690308,-1.3203105649,-16.947437629744158,1.8746780501,0.6704162087999999,6.9594680409,-0.9003105648999999
395,395.0,395.0,395.0,395.0,5.0,0.5,-0.9933163066,-2.8074283292,-0.3890892033042732,2.5450942589,0.8526017998,6.2890518321,-2.3074283292
396,396.0,396.0,396.0,396.0,6.0,0.6,-1.2623605911,-2.5772929651,-15.049891313809368,3.3976960587,1.3367151184000003,5.4364500323,-2.1572929651
397,397.0,397.0,397.0,397.0,7.0,0.7,-1.5804250644,-3.7642176231,4.831547977123314,4.7344111771,1.4472362937999996,4.099734913899999,-3.5842176231
398,398.0,398.0,398.0,398.0,8.0,0.8,-1.9152654453,-2.9462224446,6.48479027627689,6.1816474709,1.0673838050000004,2.6524986201,-3.1662224446
399,399.0,399.0,399.0,399.0,9.0,0.9,-2.1642660819,-2.0487427804,-19.649573944431147,7.2490312759,1.585114815099999,1.585114815099999,-2.8287427804000003
400,400.0,400.0,400.0,400.0,0.0,0.0,0.0,-1.0,-16.945719167525155,0.0,0.4773777569,5.510025923200001,-2.5
401,401.0,401.0,401.0,401.0,1.0,0.1,-0.1771361099,-2.5174358068,-6.561267251706058,0.4773777569,0.7690229740000001,5.0326481663,-3.2974358068000003
402,402.0,402.0,402.0,402.0,2.0,0.2,-0.4484414263,-2.9022572156,12.28958588955841,1.2464007309,0.5954311350999999,4.2636251923,-3.1222572156000004
403,403.0,403.0,403.0,403.0,3.0,0.3,-0.6651778677,-1.4565621853,0.2779470952017568,1.841831866,0.2428905852000003,3.6681940572,-1.2765621853
404,404.0,404.0,404.0,404.0,4.0,0.4,-0.8024435756,-1.2915017678,2.859665677533144,2.0847224512,0.1984542292999997,3.4253034719999995,-0.8715017678
405,405.0,405.0,405.0,405.0,5.0,0.5,-0.9115128759,-0.8964658998,-10.391610395615013,2.2831766805,0.3392044279999999,3.2268492427,-0.3964658998
406,406.0,406.0,406.0,406.0,6.0,0.6,-1.0470912493,-1.800048566,1.6576407648947509,2.6223811085,0.3971202681000001,2.8876448147,-1.380048566
407,407.0,407.0,407.0,407.0,7.0,0.7,-1.2103699947,-1.471005744,-5.16964790855174,3.0195013766,0.4532414109,2.4905245466,-1.2910057439999998
408,408.0,408.0,408.0,408.0,8.0,0.8,-1.3753622838,-1.8229782458,-14.372904496369271,3.4727427875,0.9272828942999998,2.0372831357,-2.0429782458
409,409.0,409.0,409.0,409.0,9.0,0.9,-1.6183693752,-3.017261604,0.9993205953969452,4.4000256818,1.1100002414,1.1100002414,-3.797261604000001
410,410.0,410.0,410.0,410.0,0.0,0.0,0.0,-1.0,-10.26649912163891,0.0,0.2695246135,2.4463953386999995,1.9522112685
411,411.0,411.0,411.0,411.0,1.0,0.1,-0.1448259318,-1.8818239804,-9.900972008486404,0.2695246135,0.5758190471,2.1768707252,1.9522112685
412,412.0,412.0,412.0,412.0,2.0,0.2,-0.3718002938,-2.6449468192,19.12816196975212,0.8453436606,0.4942417088999999,1.6010516781,1.9522112685
413,413.0,413.0,413.0,413.0,3.0,0.3,-0.5309693584,-0.5729615576,0.8171844324670765,1.3395853695,0.0571400189999999,1.1068099692,1.9522112685
414,414.0,414.0,414.0,414.0,4.0,0.4,-0.5815408245,-0.4406716483,19.450370250065355,1.3967253885,0.2788702901,1.0496699502,1.9522112685
415,415.0,415.0,415.0,415.0,5.0,0.5,-0.5293867162,1.4522112685,-12.567689251487725,1.6755956786,0.1767637271,0.7707996601,1.9522112685
416,416.0,416.0,416.0,416.0,6.0,0.6,-0.4519857121,0.1180413391,10.2369609257764,1.8523594057,0.1155331690000001,0.594035933,1.9522112685
417,417.0,417.0,417.0,417.0,7.0,0.7,-0.3912325623,1.080984282,-11.078810096258852,1.9678925747,0.1095779976000002,0.4785027639999999,1.9522112685
418,418.0,418.0,418.0,418.0,8.0,0.8,-0.3419559346,-0.0761733553,16.27098366851601,2.0774705723,0.2138361221999996,0.3689247663999997,1.9522112685
419,419.0,419.0,419.0,419.0,9.0,0.9,-0.2704952376,1.4794643144,-5.18452806155581,2.2913066945,0.1550886442000001,0.1550886442000001,1.9522112685
420,420.0,420.0,420.0,420.0,0.0,0.0,0.0,-1.0,17.56233658877676,0.0,0.1813021771,2.8923950275000005,-2.5
421,421.0,421.0,421.0,421.0,1.0,0.1,-0.0102062174,0.7664398763,-8.120356165592595,0.1813021771,0.0502852585,2.7110928504000005,-0.0135601237000002
422,422.0,422.0,422.0,422.0,2.0,0.2,0.023448653,-0.0792506106,-12.90614533059486,0.2315874356,0.144706106,2.6608075919000003,-0.2992506105999999
423,423.0,423.0,423.0,423.0,3.0,0.3,-0.0465254568,-1.2998910339,-6.843512728730769,0.3762935416,0.2732758157,2.5161014859,-1.1198910339
424,424.0,424.0,424.0,424.0,4.0,0.4,-0.2033312939,-1.8274364697,-5.372778377568439,0.6495693573,0.4243189850000001,2.2428256702,-1.4074364697
425,425.0,425.0,425.0,425.0,5.0,0.5,-0.4032252721,-2.1648203292,15.447579883343494,1.0738883423,0.3385315679999998,1.8185066852,-1.6648203292
426,426.0,426.0,426.0,426.0,6.0,0.6,-0.534508773,-0.48877884,-4.700326208313378,1.4124199103,0.0923928040000001,1.4799751172000002,-0.0687788399999999
427,427.0,427.0,427.0,427.0,7.0,0.7,-0.6037597169,-0.889560517,-1.3635449068979746,1.5048127143,0.1264019843999999,1.3875823132,-0.7095605169999999
428,428.0,428.0,428.0,428.0,8.0,0.8,-0.6950083511,-0.9346663735,-15.058713640621692,1.6312146987,0.4488970663999998,1.2611803288,-1.1546663735000002
429,429.0,429.0,429.0,429.0,9.0,0.9,-0.8567988228,-2.2787472659,-8.814200876467542,2.0801117651,0.8122832624000003,0.8122832624000003,-3.0587472659
430,430.0,430.0,430.0,430.0,0.0,0.0,0.0,-1.0,-4.102881466432189,0.0,0.1418294981,7.6549468336,-2.5
431,431.0,431.0,431.0,431.0,1.0,0.1,-0.1150099399,-1.2952782068,8.200190768087143,0.1418294981,0.1130648236999999,7.5131173355,-2.0752782068
432,432.0,432.0,432.0,432.0,2.0,0.2,-0.19860421,-0.3916648598,-7.558168861088369,0.2548943218,0.0922812867,7.4000525118,-0.6116648598
433,433.0,433.0,433.0,433.0,3.0,0.3,-0.2724380586,-1.0736478974,-13.505033166728232,0.3471756085,0.3956491876999999,7.3077712251,-0.8936478974000002
434,434.0,434.0,434.0,434.0,4.0,0.4,-0.439938647,-2.2566506256,-16.68394162754915,0.7428247962,1.0617591197,6.9121220374,-1.8366506256
435,435.0,435.0,435.0,435.0,5.0,0.5,-0.7353945475,-3.6295888879,-5.2936070650766,1.8045839159,1.4764108008,5.8503629177,-3.1295888879
436,436.0,436.0,436.0,436.0,6.0,0.6,-1.1064025044,-3.7879416375,19.13386969622391,3.2809947167,1.0994643930000003,4.3739521169,-3.3679416375
437,437.0,437.0,437.0,437.0,7.0,0.7,-1.374314411,-1.6066427612,-15.152237154939144,4.3804591097,0.8587643031000001,3.2744877239,-1.4266427612
438,438.0,438.0,438.0,438.0,8.0,0.8,-1.6005036898,-2.895677198,-5.955086142377702,5.2392234128,1.2519487559,2.4157234208,-3.115677198
439,439.0,439.0,439.0,439.0,9.0,0.9,-1.9048710457,-3.1868184563,7.811322528332923,6.4911721687,1.1637746649,1.1637746649,-3.9668184563
440,440.0,440.0,440.0,440.0,0.0,0.0,0.0,-1.0,19.1476017088688,0.0,0.2140431382,1.9959714011,1.4828802754
441,441.0,441.0,441.0,441.0,1.0,0.1,-0.0025376276,0.9172977985,9.17245937750078,0.2140431382,0.2210286259999999,1.7819282628999995,1.4828802754
442,442.0,442.0,442.0,442.0,2.0,0.2,0.1291258332,1.7028802754,-14.416057854468397,0.4350717642,0.2123459154999999,1.5608996368999997,1.4828802754
443,443.0,443.0,443.0,443.0,3.0,0.3,0.221439823,0.1689605001,6.643664242766558,0.6474176797,0.0542806838,1.3485537213999996,1.4828802754
444,444.0,444.0,444.0,444.0,4.0,0.4,0.2696567252,0.7851100223,-15.757178021934086,0.7016983635,0.1527727969,1.2942730375999996,1.4828802754
445,445.0,445.0,445.0,445.0,5.0,0.5,0.2681458039,-0.7890968586,4.726456146110337,0.8544711604,0.0464140261,1.1415002406999997,1.4828802754
446,446.0,446.0,446.0,446.0,6.0,0.6,0.2159171632,-0.2642226033,0.9460323814683632,0.9008851865,0.0089823243999999,1.0950862145999998,1.4828802754
447,447.0,447.0,447.0,447.0,7.0,0.7,0.1953490781,-0.1490512801,14.9388625912055,0.9098675109,0.1670399568999999,1.0861038902,1.4828802754
448,448.0,448.0,448.0,448.0,8.0,0.8,0.2534304834,1.2867535737,4.805801021558413,1.0769074678,0.2354089812000002,0.9190639333,1.4828802754
449,449.0,449.0,449.0,449.0,9.0,0.9,0.3991282395,1.6216359199,15.4372924870936,1.312316449,0.6836549520999999,0.6836549520999999,1.4828802754
450,450.0,450.0,450.0,450.0,0.0,0.0,0.0,-1.0,-18.669617627025083,0.0,0.5427576329,8.0672331736,-2.5
451,451.0,451.0,451.0,451.0,1.0,0.1,-0.1854753255,-2.6814864372,3.449592929966528,0.5427576329,0.587619064,7.5244755407,-3.4614864372
452,452.0,452.0,452.0,452.0,2.0,0.2,-0.423965373,-2.0980370967,13.200863168972894,1.1303766969,0.3147548841000001,6.9368564767,-2.3180370967000004
453,453.0,453.0,453.0,453.0,3.0,0.3,-0.5597619185,-0.6421542343,-18.551107144765467,1.445131581,0.4625826112,6.6221015926,-0.4621542343
454,454.0,454.0,454.0,454.0,4.0,0.4,-0.710610428,-2.3464164392,6.395222176462937,1.9077141922,0.4627461746000001,6.1595189814,-1.9264164392
455,455.0,455.0,455.0,455.0,5.0,0.5,-0.9029653013,-1.5145393483,-19.232001346714647,2.3704603668,0.8730510910999998,5.696772806799999,-1.0145393483
456,456.0,456.0,456.0,456.0,6.0,0.6,-1.1401260067,-3.2005787776,-1.943952639008269,3.2435114579,1.1571767645000004,4.8237217157,-2.7805787776
457,457.0,457.0,457.0,457.0,7.0,0.7,-1.4541054126,-3.0809946356,-11.345635701247373,4.4006882224,1.5450721535999996,3.6665449512,-2.9009946356
458,458.0,458.0,458.0,458.0,8.0,0.8,-1.8021843866,-3.8674792317,17.170425533780026,5.945760376,1.3783200535000004,2.1214727976,-4.0874792317
459,459.0,459.0,459.0,459.0,9.0,0.9,-2.0871633923,-1.8654576727,18.664442876040013,7.3240804295,0.7431527440999997,0.7431527440999997,-2.6454576727
460,460.0,460.0,460.0,460.0,0.0,0.0,0.0,-1.0,-10.864382820534717,0.0,0.285185551,10.0652268307,-2.5
461,461.0,461.0,461.0,461.0,1.0,0.1,-0.1477181449,-1.9387201372,-19.49485757279232,0.285185551,0.9986845531,9.7800412797,-2.7187201372
462,462.0,462.0,462.0,462.0,2.0,0.2,-0.4265164888,-3.6094075505,-4.602794269323463,1.2838701041,1.3865265795,8.7813567266,-3.8294075505
463,463.0,463.0,463.0,463.0,3.0,0.3,-0.7922626418,-3.7039408245,6.247790736623969,2.6703966836,1.1587321852,7.3948301471,-3.5239408245000003
464,464.0,464.0,464.0,464.0,4.0,0.4,-1.1145160225,-2.7569083701,-14.349488936731872,3.8291288688,1.3763148613,6.2360979619000005,-2.3369083701
465,465.0,465.0,465.0,465.0,5.0,0.5,-1.4462850285,-3.8600882578,19.470185355320105,5.2054437301,1.2337980689000003,4.8597831006000005,-3.3600882578
466,466.0,466.0,466.0,466.0,6.0,0.6,-1.719435743,-1.6399190078,4.078357008717219,6.439241799,0.5179661258999992,3.6259850317,-1.2199190078000002
467,467.0,467.0,467.0,467.0,7.0,0.7,-1.8557658752,-1.0957531747,-12.24777100259312,6.9572079249,0.7239822180000006,3.1080189058000007,-0.9157531746999998
468,468.0,468.0,468.0,468.0,8.0,0.8,-2.0192882595,-2.1570078906,-6.802753848771319,7.6811901429,1.0482060506999993,2.3840366878,-2.3770078906000003
469,469.0,469.0,469.0,469.0,9.0,0.9,-2.2574620731,-2.599109462,-5.402088524177904,8.7293961936,1.3358306371000008,1.3358306371000008,-3.379109462
470,470.0,470.0,470.0,470.0,0.0,0.0,0.0,-1.0,-3.779001409838262,0.0,0.1368213448,2.0397856548,0.7342588022000003
471,471.0,471.0,471.0,471.0,1.0,0.1,-0.1134431961,-1.2644569448,7.498593220067722,0.1368213448,0.1072591845,1.90296431,0.7342588022000003
472,472.0,472.0,472.0,472.0,2.0,0.2,-0.1974983561,-0.4305424629,3.723819197736784,0.2440805293,0.0180166967,1.7957051255000005,0.7342588022000003
473,473.0,473.0,473.0,473.0,3.0,0.3,-0.220456217,-0.0352026823,-11.554905734366434,0.262097226,0.1177086224999999,1.7776884288000003,0.7342588022000003
474,474.0,474.0,474.0,474.0,4.0,0.4,-0.279702101,-1.1314473716,-14.638365047264683,0.3798058485,0.4525713845,1.6599798063000004,0.7342588022000003
475,475.0,475.0,475.0,475.0,5.0,0.5,-0.4581854366,-2.4168005408,17.660057386984953,0.832377233,0.4253609388,1.2074084218000003,0.7342588022000003
476,476.0,476.0,476.0,476.0,6.0,0.6,-0.602745349,-0.5062348897,10.637784864403791,1.2577381718,0.1032635744999999,0.7820474830000002,0.7342588022000003
477,477.0,477.0,477.0,477.0,7.0,0.7,-0.5994605544,0.5542588022,-18.647058908832577,1.3610017463,0.2520854007000002,0.6787839085000003,0.7342588022000003
478,478.0,478.0,478.0,478.0,8.0,0.8,-0.6369193699,-1.2729882732,-0.9113184979210408,1.613087147,0.2071803892999999,0.4266985078,0.7342588022000003
479,479.0,479.0,479.0,479.0,9.0,0.9,-0.7624686789,-1.238570814,15.222371637889644,1.8202675363,0.2195181185000001,0.2195181185000001,0.7342588022000003
480,480.0,480.0,480.0,480.0,0.0,0.0,0.0,-1.0,-15.472148295852016,0.0,0.4253083587,12.3505420323,-2.5
481,481.0,481.0,481.0,481.0,1.0,0.1,-0.1700078322,-2.3772069974,18.115911817324545,0.4253083587,0.3945403959999999,11.9252336736,-3.1572069974000003
482,482.0,482.0,482.0,482.0,2.0,0.2,-0.3085947517,-0.4270288961,-9.51049815615621,0.8198487547,0.1384676746000001,11.5306932776,-0.6470288960999999
483,483.0,483.0,483.0,483.0,3.0,0.3,-0.3952381809,-1.2914352825,-16.340204752839995,0.9583164293,0.5821849944,11.392225603,-1.1114352825
484,484.0,484.0,484.0,484.0,4.0,0.4,-0.5971788981,-2.7235150407,-13.342893340635127,1.5405014237,1.2027020926999998,10.8100406086,-2.3035150407
485,485.0,485.0,485.0,485.0,5.0,0.5,-0.9209007854,-3.7340824874,-10.602176712528816,2.7432035164,1.8398071512,9.6073385159,-3.2340824874
486,486.0,486.0,486.0,486.0,6.0,0.6,-1.3275327033,-4.3876682407,-5.780435668057905,4.5830106676,2.2432478107,7.7675313647,-3.9676682407
487,487.0,487.0,487.0,487.0,7.0,0.7,-1.7730368452,-4.5202076657,2.829773984745163,6.8262584783,2.1388092632000006,5.524283554,-4.3402076657
488,488.0,488.0,488.0,488.0,8.0,0.8,-2.1895026062,-3.8207645062,1.5389689108484497,8.9650677415,1.8353867625999989,3.3854742907999995,-4.0407645062
489,489.0,489.0,489.0,489.0,9.0,0.9,-2.5456519968,-3.3107182245,6.988871410380007,10.8004545041,1.5500875282000006,1.5500875282000006,-4.0907182245
490,490.0,490.0,490.0,490.0,0.0,0.0,0.0,-1.0,3.345398614543633,0.0,0.0696345357,10.5576926878,-2.5
491,491.0,491.0,491.0,491.0,1.0,0.1,-0.0789794885,-0.5864806501,-4.938084343721073,0.0696345357,0.0785242803,10.4880581521,-1.3664806501000002
492,492.0,492.0,492.0,492.0,2.0,0.2,-0.1586780799,-1.000590493,-14.857960739310675,0.148158816,0.4096507810999999,10.4095338718,-1.220590493
493,493.0,493.0,493.0,493.0,3.0,0.3,-0.3257710321,-2.3192936147,-14.993892567396054,0.5578095971,1.0065327358,9.9998830907,-2.1392936147
494,494.0,494.0,494.0,494.0,4.0,0.4,-0.6190127232,-3.5254411804,-3.443038911956563,1.5643423329,1.3102595519000002,8.993350354899999,-3.1054411804
495,495.0,495.0,495.0,495.0,5.0,0.5,-0.9711582491,-3.5175995456,-2.587399440196481,2.8746018848,1.3415386315000002,7.683090802999999,-3.0175995456
496,496.0,496.0,496.0,496.0,6.0,0.6,-1.3184184815,-3.4290792573,-17.742238162544023,4.2161405163,2.1018769304,6.341552171499999,-3.0090792573000003
497,497.0,497.0,497.0,497.0,7.0,0.7,-1.7305651457,-4.7911564093,10.976718069750092,6.3180174467,2.0812755769000004,4.2396752411,-4.6111564093
498,498.0,498.0,498.0,498.0,8.0,0.8,-2.1334053096,-3.2906444385,10.153648363111142,8.3992930236,1.2809563692,2.158399664199999,-3.5106444385000004
499,499.0,499.0,499.0,499.0,9.0,0.9,-2.3974346991,-2.0112502127,11.69989474054898,9.6802493928,0.8774432949999991,0.8774432949999991,-2.7912502127
500,500.0,500.0,500.0,500.0,0.0,0.0,0.0,-1.0,7.744598785996331,0.0,0.0692071906,2.5562224818999995,3.2846006539
501,501.0,501.0,501.0,501.0,1.0,0.1,-0.0576987199,-0.1678414015,9.186590178650585,0.0692071906,0.0571703621999999,2.4870152913,3.2846006539
502,502.0,502.0,502.0,502.0,2.0,0.2,-0.0292315781,0.7223504746,2.3323469547498945,0.1263775528,0.0670153245,2.4298449291,3.2846006539
503,503.0,503.0,503.0,503.0,3.0,0.3,0.0507916547,0.8755619372,4.932385986831726,0.1933928773,0.1294026023,2.3628296046,3.2846006539
504,504.0,504.0,504.0,504.0,4.0,0.4,0.1579723971,1.2616197935,7.090252327897364,0.3227954796,0.2714752091,2.2334270023,3.2846006539
505,505.0,505.0,505.0,505.0,5.0,0.5,0.3123299096,1.8162875138,12.832309986343382,0.5942706887,0.6615452124000001,1.9619517932,3.2846006539
506,506.0,506.0,506.0,506.0,6.0,0.6,0.5472477681,2.8646006539,-5.550015172128756,1.2558159011,0.6710078230999998,1.3004065807999998,3.2846006539
507,507.0,507.0,507.0,507.0,7.0,0.7,0.7930028147,2.0638440902,-13.762160078905206,1.9268237242,0.3580610609000001,0.6293987577,3.2846006539
508,508.0,508.0,508.0,508.0,8.0,0.8,0.9228302452,0.5578006518,-9.73224593088311,2.2848847851,0.1429533777,0.2713376967999998,3.2846006539
509,509.0,509.0,509.0,509.0,9.0,0.9,0.9288335082,-0.4214272044,8.614081199552587,2.4278381628,0.1283843190999998,0.1283843190999998,3.2846006539
510,510.0,510.0,510.0,510.0,0.0,0.0,0.0,-1.0,-15.87133083979124,0.0,0.4390663559,5.9146971938,-2.5
511,511.0,511.0,511.0,511.0,1.0,0.1,-0.171938845,-2.415194239,1.5651762835432628,0.4390663559,0.5050404277,5.475630837900001,-3.195194239
512,512.0,512.0,512.0,512.0,2.0,0.2,-0.394203551,-2.0364119046,-15.151336883669586,0.9441067836,0.8684578116,4.970590410200001,-2.2564119046
513,513.0,513.0,513.0,513.0,3.0,0.3,-0.661287105,-3.284462039,-3.048683152738448,1.8125645952,1.1449177152,4.102132598600001,-3.1044620390000004
514,514.0,514.0,514.0,514.0,4.0,0.4,-0.9885927443,-3.262024715,16.973492068592215,2.9574823104,0.8218368861999998,2.9572148834000003,-2.842024715
515,515.0,515.0,515.0,515.0,5.0,0.5,-1.2169076708,-1.3363605816,5.4788267497125815,3.7793191966,0.2818975205999998,2.1353779972000004,-0.8363605815999999
516,516.0,516.0,516.0,516.0,6.0,0.6,-1.3175757643,-0.6878098131,-12.987969455113326,4.0612167172,0.4487075738000001,1.8534804766000008,-0.2678098130999999
517,517.0,517.0,517.0,517.0,7.0,0.7,-1.4458571504,-1.8583253725,5.911324441979001,4.509924291,0.4748866985999997,1.4047729028000004,-1.6783253724999998
518,518.0,518.0,518.0,518.0,8.0,0.8,-1.5941045714,-1.1189455073,-2.8944017406325884,4.9848109896,0.4229351949,0.9298862042000008,-1.3389455073000005
519,519.0,519.0,519.0,519.0,9.0,0.9,-1.7145869535,-1.2879032993,-2.805848231776956,5.4077461845,0.5069510093000007,0.5069510093000007,-2.0679032993
520,520.0,520.0,520.0,520.0,0.0,0.0,0.0,-1.0,17.361781186521178,0.0,0.1774501405,5.511799202300001,-2.5
521,521.0,521.0,521.0,521.0,1.0,0.1,-0.0111763878,0.7473545064,-13.126133436531973,0.1774501405,0.1012563312,5.3343490618,-0.0326454936000002
522,522.0,522.0,522.0,522.0,2.0,0.2,-0.0035527933,-0.5728824317,-19.46115104909254,0.2787064717,0.4378661733999999,5.2330927306,-0.7928824317
523,523.0,523.0,523.0,523.0,3.0,0.3,-0.1522114927,-2.3703388372,-5.465307025372486,0.7165726451,0.6588600814,4.7952265572,-2.1903388372
524,524.0,524.0,524.0,524.0,4.0,0.4,-0.4042170194,-2.664864013,8.539073522251101,1.3754327265,0.5239297682000001,4.1363664758,-2.244864013
525,525.0,525.0,525.0,525.0,5.0,0.5,-0.6165052866,-1.5986683936,-7.204216494451533,1.8993624947,0.4280194196,3.6124367076,-1.0986683936
526,526.0,526.0,526.0,526.0,6.0,0.6,-0.8034885616,-2.132106768,-10.720429345109077,2.3273819143,0.7979641037,3.184417288,-1.712106768
527,527.0,527.0,527.0,527.0,7.0,0.7,-1.0582445547,-2.9493937095,13.194851271854148,3.125346018,0.7164410987999998,2.3864531843,-2.7693937095
528,528.0,528.0,528.0,528.0,8.0,0.8,-1.2750876126,-1.4130655244,-17.53004960233482,3.8417871168,0.8426870097999997,1.6700120854999998,-1.6330655244000003
529,529.0,529.0,529.0,529.0,9.0,0.9,-1.4943584845,-2.9467996127,17.772485119753732,4.6844741266,0.8273250757000001,0.8273250757000001,-3.7267996127
530,530.0,530.0,530.0,530.0,0.0,0.0,0.0,-1.0,14.93791170929252,0.0,0.1360475204,1.1150622422,1.6930197295
531,531.0,531.0,531.0,531.0,1.0,0.1,-0.0229016587,0.5166928296,0.8995767726210033,0.1360475204,0.0290863336999999,0.9790147218,1.6930197295
532,532.0,532.0,532.0,532.0,2.0,0.2,0.0306197889,0.5531290593,-9.986484736785744,0.1651338541,0.058605513,0.9499283881,1.6930197295
533,533.0,533.0,533.0,533.0,3.0,0.3,0.0349482079,-0.4498478334,17.132314420573003,0.2237393671,0.1863238485999999,0.8913228751000001,1.6930197295
534,534.0,534.0,534.0,534.0,4.0,0.4,0.0750156873,1.2233161293,-2.7061353368413243,0.4100632157,0.1133568401999999,0.7049990265000001,1.6930197295
535,535.0,535.0,535.0,535.0,5.0,0.5,0.1783388944,0.8493793885,-9.270446883991031,0.5234200559,0.0678343814,0.5916421863000001,1.6930197295
536,536.0,536.0,536.0,536.0,6.0,0.6,0.2143230032,-0.1136494087,16.979929811400254,0.5912544373,0.2227139659999999,0.5238078049,1.6930197295
537,537.0,537.0,537.0,537.0,7.0,0.7,0.2856468461,1.5130197295,-17.78715944876781,0.8139684033,0.2307846379999999,0.3010938389000001,1.6930197295
538,538.0,538.0,538.0,538.0,8.0,0.8,0.3435857952,-0.3236351644,7.383562313083523,1.0447530413,0.0435420622,0.0703092009000001,1.6930197295
539,539.0,539.0,539.0,539.0,9.0,0.9,0.3485050557,0.4098018063,-4.125793554743424,1.0882951035,0.0267671387000001,0.0267671387000001,1.6930197295
540,540.0,540.0,540.0,540.0,0.0,0.0,0.0,-1.0,-9.38543678015462,0.0,0.2475014883,10.7329817279,-2.5
541,541.0,541.0,541.0,541.0,1.0,0.1,-0.1405638632,-1.7979798148,-18.47970716835865,0.2475014883,0.8775272675000001,10.4854802396,-2.5779798148
542,542.0,542.0,542.0,542.0,2.0,0.2,-0.401058291,-3.3854561039,-9.798819145569198,1.1250287558,1.4517958024999995,9.6079529721,-3.6054561039
543,543.0,543.0,543.0,543.0,3.0,0.3,-0.7706281984,-3.995768111,10.54462967493075,2.5768245583,1.2460718912000002,8.1561571696,-3.815768111
544,544.0,544.0,544.0,544.0,4.0,0.4,-1.0998670361,-2.6120663058,-11.237048843156195,3.8228964495,1.1420513370999998,6.9100852784,-2.1920663058
545,545.0,545.0,545.0,545.0,5.0,0.5,-1.4027963082,-3.432841918,-2.472402102220414,4.9649477866,1.3982518333999998,5.768033941300001,-2.932841918
546,546.0,546.0,546.0,546.0,6.0,0.6,-1.7414350079,-3.3414434286,10.974446779629725,6.36319962,1.1333711821000003,4.369782107900001,-2.9214434286
547,547.0,547.0,547.0,547.0,7.0,0.7,-2.0063277191,-1.9791060394,-13.871520449083564,7.4965708021,1.2113156359999993,3.2364109258000004,-1.7991060393999998
548,548.0,548.0,548.0,548.0,8.0,0.8,-2.261766948,-3.1108188554,15.906106925824062,8.7078864381,1.2036650029000011,2.025095289800001,-3.3308188554
549,549.0,549.0,549.0,549.0,9.0,0.9,-2.4808559557,-1.3011191551,17.083561009558792,9.911551441,0.8214302869000001,0.8214302869000001,-2.081119155100001
550,550.0,550.0,550.0,550.0,0.0,0.0,0.0,-1.0,-5.662678104181067,0.0,0.168328451,3.8910076622,-2.5
551,551.0,551.0,551.0,551.0,1.0,0.1,-0.1225553281,-1.4437124823,-10.78005465890191,0.168328451,0.4286257318,3.7226792112,-2.2237124823000003
552,552.0,552.0,552.0,552.0,2.0,0.2,-0.3120903168,-2.3321829595,8.61030076695327,0.5969541828,0.3882867191,3.2940534794,-2.5521829595
553,553.0,553.0,553.0,553.0,3.0,0.3,-0.4923752482,-1.2908679514,-11.867121251815828,0.9852409019,0.436982842,2.9057667603,-1.1108679514000002
554,554.0,554.0,554.0,554.0,4.0,0.4,-0.6726237881,-2.2973315367,16.21882739111131,1.4222237439,0.4113806753,2.4687839183,-1.8773315367
555,555.0,555.0,555.0,555.0,5.0,0.5,-0.8127865694,-0.5352860163,-16.93495541804652,1.8336044192,0.4153956228,2.0574032429999995,-0.0352860162999999
556,556.0,556.0,556.0,556.0,6.0,0.6,-0.9456471263,-2.0959210012,3.928556350556285,2.249000042,0.4446450241000002,1.6420076201999998,-1.6759210012
557,557.0,557.0,557.0,557.0,7.0,0.7,-1.126096545,-1.5226159474,9.550058048039316,2.6936450661,0.2925856550999999,1.1973625960999996,-1.3426159474
558,558.0,558.0,558.0,558.0,8.0,0.8,-1.2247949672,-0.4689117204,-15.141513192744856,2.9862307212,0.4317473999999999,0.9047769409999996,-0.6889117204000001
559,559.0,559.0,559.0,559.0,9.0,0.9,-1.3426636273,-1.8651943796,18.200998018120416,3.4179781212,0.4730295409999998,0.4730295409999998,-2.6451943796000004
560,560.0,560.0,560.0,560.0,0.0,0.0,0.0,-1.0,-0.6112664438188311,0.0,0.0967965094,1.2359560492,1.1511426782999998
561,561.0,561.0,561.0,561.0,1.0,0.1,-0.0981195251,-0.9630071192,12.993074835923784,0.0967965094,0.1089302735,1.1391595397999998,1.1511426782999998
562,562.0,562.0,562.0,562.0,2.0,0.2,-0.1269088302,0.3650896694,-16.14337761797408,0.2057267829,0.1715149239,1.0302292663,1.1511426782999998
563,563.0,563.0,563.0,563.0,3.0,0.3,-0.1702582181,-1.2058987045,19.149175061048417,0.3772417068,0.2234118675999999,0.8587143423999999,1.1511426782999998
564,564.0,564.0,564.0,564.0,4.0,0.4,-0.1923820948,0.7311426783,-16.463932948481677,0.6006535744,0.1622361215,0.6353024747999999,1.1511426782999998
565,565.0,565.0,565.0,565.0,5.0,0.5,-0.2024475684,-0.9051851429,2.62433931795372,0.7628896959,0.0642239916,0.4730663532999999,1.1511426782999998
566,566.0,566.0,566.0,566.0,6.0,0.6,-0.27589228,-0.5693064995,-3.115966346449266,0.8271136875,0.0628562938,0.4088423616999999,1.1511426782999998
567,567.0,567.0,567.0,567.0,7.0,0.7,-0.3451422146,-0.8116531995,3.592644595671416,0.8899699813,0.0581092253999999,0.3459860678999998,1.1511426782999998
568,568.0,568.0,568.0,568.0,8.0,0.8,-0.4050020831,-0.3925288716,-1.5314805785999042,0.9480792067,0.0395126187,0.2878768424999999,1.1511426782999998
569,569.0,569.0,569.0,569.0,9.0,0.9,-0.4497645556,-0.5009144569,18.99759048644262,0.9875918254,0.2483642237999999,0.2483642237999999,1.1511426782999998
570,570.0,570.0,570.0,570.0,0.0,0.0,0.0,-1.0,-4.21168882444892,0.0,0.1435501242,7.882498735599999,-2.5
571,571.0,571.0,571.0,571.0,1.0,0.1,-0.1155362867,-1.3056325958,-19.25218560309361,0.1435501242,0.6869666654,7.738948611399999,-2.0856325958
572,572.0,572.0,572.0,572.0,2.0,0.2,-0.3329145286,-3.0134729141,3.345018083977479,0.8305167896,0.7638331941,7.051981945999999,-3.2334729141
573,573.0,573.0,573.0,573.0,3.0,0.3,-0.603503148,-2.4083824863,-12.166750915887242,1.5943499837,0.9663119208,6.288148751899999,-2.2283824863
574,574.0,574.0,574.0,574.0,4.0,0.4,-0.8915467161,-3.3370140098,4.531050811646953,2.5606619045,0.9990223396000002,5.321836831099999,-2.9170140098
575,575.0,575.0,575.0,575.0,5.0,0.5,-1.1871869727,-2.5882686721,-12.73547704863044,3.5596842441,1.2154751556999996,4.322814491499999,-2.0882686721
576,576.0,576.0,576.0,576.0,6.0,0.6,-1.4951001392,-3.5539032105,9.290947118618504,4.7751593998,1.1892001734000006,3.1073393358,-3.1339032105
577,577.0,577.0,577.0,577.0,7.0,0.7,-1.7883548172,-2.3315538206,8.45100777492187,5.9643595732,0.7285674014999994,1.9181391624,-2.1515538206
578,578.0,578.0,578.0,578.0,8.0,0.8,-1.9693503569,-1.3054575034,1.7145950030390935,6.6929269747,0.5486548008000005,1.1895717608999998,-1.5254575034000002
579,579.0,579.0,579.0,579.0,9.0,0.9,-2.0852869788,-1.0180613812,18.3792968619532,7.2415817755,0.6409169600999993,0.6409169600999993,-1.7980613812
580,580.0,580.0,580.0,580.0,0.0,0.0,0.0,-1.0,-10.447699760096397,0.0,0.2742098216,25.8444530855,-2.5
581,581.0,581.0,581.0,581.0,1.0,0.1,-0.1457024749,-1.8990675011,-18.33036067602294,0.2742098216,0.9218515334,25.5702432639,-2.6790675011000005
582,582.0,582.0,582.0,582.0,2.0,0.2,-0.4150942121,-3.4627118315,-11.551583246020654,1.196061355,1.5943964750999997,24.648391730499995,-3.6827118315
583,583.0,583.0,583.0,583.0,3.0,0.3,-0.8004946703,-4.2324696979,10.063424706059967,2.7904578301,1.4186986598,23.0539952554,-4.0524696979
584,584.0,584.0,584.0,584.0,4.0,0.4,-1.1545864158,-2.8720354818,-19.030537941339126,4.2091564899,1.7122598050000004,21.6352965956,-2.4520354818
585,585.0,585.0,585.0,585.0,5.0,0.5,-1.519955391,-4.4097203007,-7.712979627843005,5.9214162949,2.4251492006,19.9230367906,-3.9097203007
586,586.0,586.0,586.0,586.0,6.0,0.6,-1.9769061556,-4.7240674989,-13.093408509247396,8.3465654955,3.2196142289,17.497887589999998,-4.3040674989
587,587.0,587.0,587.0,587.0,7.0,0.7,-2.4897990256,-5.5205154799,-19.02203087153801,11.5661797244,4.786401456600002,14.2782733611,-5.3405154799000005
588,588.0,588.0,588.0,588.0,8.0,0.8,-3.1071631877,-6.8053544049,2.822500505708444,16.352581181,5.211087600999999,9.491871904499998,-7.0253544049
589,589.0,589.0,589.0,589.0,9.0,0.9,-3.7411245599,-5.8891429821,10.53123122583746,21.563668782,4.280784303499999,4.280784303499999,-6.6691429821
590,590.0,590.0,590.0,590.0,0.0,0.0,0.0,-1.0,-0.999393739349653,0.0,0.1008268485,6.758968568700001,3.6996236346
591,591.0,591.0,591.0,591.0,1.0,0.1,-0.0999970672,-0.9999423067,6.153694821656277,0.1008268485,0.0675033981,6.6581417202000015,3.6996236346
592,592.0,592.0,592.0,592.0,2.0,0.2,-0.1653861668,-0.3191837249,-4.354650977352335,0.1683302466,0.0407242015999999,6.590638322100001,3.6996236346
593,593.0,593.0,593.0,593.0,3.0,0.3,-0.216825731,-0.7032092585,0.915266208675412,0.2090544482,0.0459185249,6.549914120500001,3.6996236346
594,594.0,594.0,594.0,594.0,4.0,0.4,-0.2793173982,-0.5491909704,15.12505985190642,0.2549729731,0.1452105088,6.503995595600001,3.6996236346
595,595.0,595.0,595.0,595.0,5.0,0.5,-0.2584136011,0.9424112177,18.45419587456435,0.4001834819,0.5172736143000001,6.358785086800001,3.6996236346
596,596.0,596.0,596.0,596.0,6.0,0.6,-0.07946066,2.608877864,9.868160263418147,0.9174570962,0.9299758877,5.841511472500001,3.6996236346
597,597.0,597.0,597.0,597.0,7.0,0.7,0.2165432765,3.2996899538,3.9066543028232488,1.8474329839,1.1314740140999997,4.9115355848,3.6996236346
598,598.0,598.0,598.0,598.0,8.0,0.8,0.5494484743,3.3574501863,15.14962141111269,2.978906998,1.7236075568999998,3.780061570700001,3.6996236346
599,599.0,599.0,599.0,599.0,9.0,0.9,0.9422371671,4.4796236346,2.374228949010316,4.7025145549,2.0564540138000007,2.0564540138000007,3.6996236346
600,600.0,600.0,600.0,600.0,0.0,0.0,0.0,-1.0,-9.361144038937748,0.0,0.2469120782,3.3360277653,-2.5
601,601.0,601.0,601.0,601.0,1.0,0.1,-0.1404463491,-1.7956680548,17.830334442336813,0.2469120782,0.2636396392999999,3.0891156871,-2.5756680548000004
602,602.0,602.0,602.0,602.0,2.0,0.2,-0.2250739779,0.0719930182,-15.0915948504066,0.5105517175,0.1810883059,2.8254760478,-0.1480069817999999
603,603.0,603.0,603.0,603.0,3.0,0.3,-0.2912272634,-1.3710131814,-5.009460252785022,0.6916400234,0.2664460978,2.6443877419,-1.1910131814
604,604.0,604.0,604.0,604.0,4.0,0.4,-0.4459292862,-1.7172571837,-13.880271185027194,0.9580861212,0.6699556705,2.3779416441,-1.2972571836999998
605,605.0,605.0,605.0,605.0,5.0,0.5,-0.6764925745,-2.874721014,9.220538094565882,1.6280417917,0.642312159,1.7079859735999998,-2.374721014
606,606.0,606.0,606.0,606.0,6.0,0.6,-0.9054548681,-1.7237049109,5.861005929200868,2.2703539507,0.3016713486999998,1.0656738145999998,-1.3037049109
607,607.0,607.0,607.0,607.0,7.0,0.7,-1.0411352223,-1.0019239638,-2.1486467244786844,2.5720252994,0.2337984730000002,0.7640024659,-0.8219239637999998
608,608.0,608.0,608.0,608.0,8.0,0.8,-1.1468740758,-1.1110497828,13.6719979847012,2.8058237724,0.2645081593,0.5302039928999998,-1.3310497828000003
609,609.0,609.0,609.0,609.0,9.0,0.9,-1.1864674196,0.2957433595,10.8528440618454,3.0703319317,0.2656958335999997,0.2656958335999997,-0.4842566405000001
610,610.0,610.0,610.0,610.0,0.0,0.0,0.0,-1.0,-19.79259481387705,0.0,0.5879363293,7.9186103268,-2.5
611,611.0,611.0,611.0,611.0,1.0,0.1,-0.1909076355,-2.7883518459,-0.0605952827861031,0.5879363293,0.7174193318,7.3306739975,-3.5683518459
612,612.0,612.0,612.0,612.0,2.0,0.2,-0.4565476424,-2.5287713673,-10.513028589349195,1.3053556611,0.9460233657,6.6132546657,-2.7487713673
613,613.0,613.0,613.0,613.0,3.0,0.3,-0.7480479766,-3.288573892,-14.096475737432977,2.2513790268,1.6485556057,5.667231299999999,-3.108573892
614,614.0,614.0,614.0,614.0,4.0,0.4,-1.1291877209,-4.3170817214,17.983618282334078,3.8999346325,1.4200574480999997,4.0186756943,-3.8970817214
615,615.0,615.0,615.0,615.0,5.0,0.5,-1.4530181272,-2.1948894869,15.564561482681547,5.3199920806,0.5587897904000005,2.5986182462,-1.6948894869000002
616,616.0,616.0,616.0,616.0,6.0,0.6,-1.586597171,-0.5048542948,-1.103513286150367,5.878781871,0.2892765115999998,2.0398284557999995,-0.0848542947999999
617,617.0,617.0,617.0,617.0,7.0,0.7,-1.6399775601,-0.5618252344,-14.565483721706194,6.1680583826,0.5604613208,1.7505519441999997,-0.3818252343999998
618,618.0,618.0,618.0,618.0,8.0,0.8,-1.7639016904,-1.8944494762,3.828858232341045,6.7285197034,0.6136711192000002,1.1900906233999995,-2.1144494762
619,619.0,619.0,619.0,619.0,9.0,0.9,-1.9256605802,-1.3498047632,16.97814749385882,7.3421908226,0.5764195041999995,0.5764195041999995,-2.1298047632
620,620.0,620.0,620.0,620.0,0.0,0.0,0.0,-1.0,-11.903958465566138,0.0,0.3137948163,5.5396133364,1.0229145657999998
621,621.0,621.0,621.0,621.0,1.0,0.1,-0.1527470067,-2.0376488398,-11.48449527826644,0.3137948163,0.7028090392000002,5.225818520100001,1.0229145657999998
622,622.0,622.0,622.0,622.0,2.0,0.2,-0.4022102293,-2.9366351451,-7.946947494292891,1.0166038555,1.0759666993,4.523009480900001,1.0229145657999998
623,623.0,623.0,623.0,623.0,3.0,0.3,-0.720110877,-3.4134292468,7.252035070520506,2.0925705548,0.9514163570999998,3.4470427816000004,1.0229145657999998
624,624.0,624.0,624.0,624.0,4.0,0.4,-1.0098604925,-2.3984761242,12.8411425123071,3.0439869119,0.4982974806000002,2.4956264245000006,1.0229145657999998
625,625.0,625.0,625.0,625.0,5.0,0.5,-1.1759878779,-0.9482344877,-6.0575677323756985,3.5422843925,0.3150574498999998,1.9973289439000004,1.0229145657999998
626,626.0,626.0,626.0,626.0,6.0,0.6,-1.2955260994,-1.4344530393,15.99434559670688,3.8573418424,0.3651091683000005,1.6822714940000003,1.0229145657999998
627,627.0,627.0,627.0,627.0,7.0,0.7,-1.3546612534,0.2241166743,-10.93370920105468,4.2224510107,0.2645330959999992,1.3171623257,1.0229145657999998
628,628.0,628.0,628.0,628.0,8.0,0.8,-1.3862245615,-0.8376909377,18.9779290219794,4.4869841067,0.4060442549000003,1.0526292297000008,1.0229145657999998
629,629.0,629.0,629.0,629.0,9.0,0.9,-1.3741376178,1.0480150208,16.546749344511838,4.8930283616,0.6465849748000005,0.6465849748000005,1.0229145657999998
630,630.0,630.0,630.0,630.0,0.0,0.0,0.0,-1.0,2.231830771937801,0.0,0.0747148065,11.242725710199998,-2.5
631,631.0,631.0,631.0,631.0,1.0,0.1,-0.0843662807,-0.6924506421,-10.779679472549564,0.0747148065,0.2070665119999999,11.1680109037,-1.4724506421
632,632.0,632.0,632.0,632.0,2.0,0.2,-0.2024074856,-1.6523773845,-8.132147143073958,0.2817813185,0.4317418121999999,10.960944391699998,-1.8723773845
633,633.0,633.0,633.0,633.0,3.0,0.3,-0.39899055,-2.2690090343,-7.01587659674046,0.7135231307,0.6782064981000001,10.529202579499998,-2.0890090343
634,634.0,634.0,634.0,634.0,4.0,0.4,-0.6488540383,-2.7207332057,-11.441897455833448,1.3917296288,1.1234743373,9.850996081399998,-2.3007332057000003
635,635.0,635.0,635.0,635.0,5.0,0.5,-0.9631152864,-3.5506617032,-3.047406695951601,2.5152039661,1.3791126634,8.727521744099999,-3.0506617032
636,636.0,636.0,636.0,636.0,6.0,0.6,-1.3157470182,-3.502770641,-5.521094807905097,3.8943166295,1.5361810291000002,7.3484090807,-3.082770641
637,637.0,637.0,637.0,637.0,7.0,0.7,-1.6757871036,-3.6948400364,-2.065673964048038,5.4304976586,1.6561854445000002,5.8122280516,-3.5148400364
638,638.0,638.0,638.0,638.0,8.0,0.8,-2.0373910417,-3.5398034947,-9.698738495556722,7.0866831031,2.0187418949,4.1560426071,-3.7598034947
639,639.0,639.0,639.0,639.0,9.0,0.9,-2.421164638,-4.1259037479,2.591949129591981,9.105424998,2.1373007122,2.1373007122,-4.9059037479
640,640.0,640.0,640.0,640.0,0.0,0.0,0.0,-1.0,-12.289352202749551,0.0,0.3248457035,8.9762593304,-2.5
641,641.0,641.0,641.0,641.0,1.0,0.1,-0.1546113173,-2.074323903,7.666190465623291,0.3248457035,0.2996448081,8.6514136269,-2.854323903
642,642.0,642.0,642.0,642.0,2.0,0.2,-0.3149248229,-1.1473913508,0.9605870058146522,0.6244905116,0.1237834888,8.3517688188,-1.3673913508
643,643.0,643.0,643.0,643.0,3.0,0.3,-0.419466765,-0.9467907081,-16.13715986480259,0.7482740004,0.4547969127999999,8.22798533,-0.7667907081
644,644.0,644.0,644.0,644.0,4.0,0.4,-0.5876278884,-2.3923455713,-17.87103836779153,1.2030709132,1.2188935522,7.773188417199999,-1.9723455713
645,645.0,645.0,645.0,645.0,5.0,0.5,-0.9017393398,-3.8653379566,-5.989024977169763,2.4219644654,1.7148081855000004,6.554294864999999,-3.3653379566
646,646.0,646.0,646.0,646.0,6.0,0.6,-1.2985463751,-4.067433419,-1.018885538848295,4.1367726509,1.7632088260999996,4.839486679499999,-3.647433419
647,647.0,647.0,647.0,647.0,7.0,0.7,-1.6905430279,-3.7773253201,19.20266129468792,5.899981477,1.274731848,3.0762778534,-3.5973253201
648,648.0,648.0,648.0,648.0,8.0,0.8,-1.9571120063,-1.5904902122,-10.56272955655395,7.174713325,0.8928539411999994,1.8015460054,-1.8104902122
649,649.0,649.0,649.0,649.0,9.0,0.9,-2.1595618864,-2.4443132878,10.673309503306058,8.0675672662,0.9086920642000004,0.9086920642000004,-3.2243132878000003
650,650.0,650.0,650.0,650.0,0.0,0.0,0.0,-1.0,18.44493181055981,0.0,0.1990284123,9.2415842714,0.0704299166999997
651,651.0,651.0,651.0,651.0,1.0,0.1,-0.0059367356,0.8504299167,-19.779484828583776,0.1990284123,0.2299106576999999,9.0425558591,0.0704299166999997
652,652.0,652.0,652.0,652.0,2.0,0.2,-0.0206892687,-1.1127660331,-9.191724838092007,0.42893907,0.2742334344,8.8126452014,0.0704299166999997
653,653.0,653.0,653.0,653.0,3.0,0.3,-0.1710471648,-1.8815806208,-8.63029283195646,0.7031725044,0.5362531897999999,8.538411767000001,0.0704299166999997
654,654.0,654.0,654.0,654.0,4.0,0.4,-0.3918515683,-2.5238055005,-18.58229258231768,1.2394256942,1.3120408794,8.002158577200001,0.0704299166999997
655,655.0,655.0,655.0,655.0,5.0,0.5,-0.7219137348,-4.0519725923,0.2537739578803375,2.5514665736,1.5642432771,6.690117697800001,0.0704299166999997
656,656.0,656.0,656.0,656.0,6.0,0.6,-1.1062825536,-3.6422263777,-6.9362780763584695,4.1157098507,1.6386607905000004,5.125874420700001,0.0704299166999997
657,657.0,657.0,657.0,657.0,7.0,0.7,-1.4864394872,-3.9556972517,19.84505776797888,5.7543706412,1.2975453488,3.4872136302000003,0.0704299166999997
658,658.0,658.0,658.0,658.0,8.0,0.8,-1.7668752,-1.6907557621,-16.760989283227158,7.05191599,1.0955443190999992,2.1896682814000004,0.0704299166999997
659,659.0,659.0,659.0,659.0,9.0,0.9,-2.0088512663,-3.1248786241,19.42104897679368,8.1474603091,1.0941239623000012,1.0941239623000012,0.0704299166999997
660,660.0,660.0,660.0,660.0,0.0,0.0,0.0,-1.0,-10.729913402033402,0.0,0.2816127972,4.6259908118,-2.5
661,661.0,661.0,661.0,661.0,1.0,0.1,-0.1470676601,-1.9259236801,-18.420335373647426,0.2816127972,0.9400305159,4.3443780146,-2.7059236801
662,662.0,662.0,662.0,662.0,2.0,0.2,-0.4194503453,-3.4955745323,11.407848808877176,1.2216433131,0.8848217881,3.4043474987000004,-3.7155745323
663,663.0,663.0,663.0,663.0,3.0,0.3,-0.6969137147,-2.0773262819,-6.605100081164096,2.1064651012,0.6164332386,2.5195257106000004,-1.8973262819
664,664.0,664.0,664.0,664.0,4.0,0.4,-0.9265491395,-2.5082008653,11.63618009426537,2.7228983398,0.5216480293000001,1.9030924720000004,-2.0882008653
665,665.0,665.0,665.0,665.0,5.0,0.5,-1.1089471257,-1.1621848697,-4.481983463372625,3.2445463691,0.3234601699000001,1.3814444427000003,-0.6621848696999999
666,666.0,666.0,666.0,666.0,6.0,0.6,-1.2412248748,-1.4781054669,6.262587139254805,3.568006539,0.3156963548999996,1.0579842728000002,-1.0581054668999998
667,667.0,667.0,667.0,667.0,7.0,0.7,-1.3515904032,-0.7414812246,4.769734491588554,3.8837028939,0.2265910177000005,0.7422879179000006,-0.5614812245999998
668,668.0,668.0,668.0,668.0,8.0,0.8,-1.3990784204,-0.2170197582,8.126928631119345,4.1102939116,0.2367477261999999,0.5156969002,-0.4370197582000001
669,669.0,669.0,669.0,669.0,9.0,0.9,-1.3804174734,0.5770121579,6.529485012820775,4.3470416378,0.2789491740000001,0.2789491740000001,-0.2029878421000002
670,670.0,670.0,670.0,670.0,0.0,0.0,0.0,-1.0,-8.09656033780044,0.0,0.2175498541,3.9099566065,-2.5
671,671.0,671.0,671.0,671.0,1.0,0.1,-0.1343290295,-1.6753270042,1.0839369246592376,0.2175498541,0.2436529039,3.6924067524,-2.4553270042
672,672.0,672.0,672.0,672.0,2.0,0.2,-0.2885140147,-1.4127483266,-19.407303194673304,0.461202758,0.7495902542999999,3.4487538485,-1.6327483266
673,673.0,673.0,673.0,673.0,3.0,0.3,-0.5168360188,-3.125156642,16.933914715106056,1.2107930123,0.6794748806000002,2.6991635942,-2.945156642
674,674.0,674.0,674.0,674.0,4.0,0.4,-0.7323175841,-1.2162836052,-4.490458085661221,1.8902678929,0.2637728750000001,2.0196887136,-0.7962836051999999
675,675.0,675.0,675.0,675.0,5.0,0.5,-0.8697845217,-1.5278624761,6.545139150675382,2.1540407679,0.2428536432999997,1.7559158386,-1.0278624761
676,676.0,676.0,676.0,676.0,6.0,0.6,-0.9835182447,-0.759614838,-14.79413568062334,2.3968944112,0.4404644125999999,1.5130621953000003,-0.3396148379999999
677,677.0,677.0,677.0,677.0,7.0,0.7,-1.1273705798,-2.095176071,11.487661123624946,2.8373588238,0.4333148913000002,1.0725977827000004,-1.915176071
678,678.0,678.0,678.0,678.0,8.0,0.8,-1.2711823421,-0.8025981963,-1.7719678813702018,3.2706737151,0.2462362945,0.6392828914000002,-1.0225981963000002
679,679.0,679.0,679.0,679.0,9.0,0.9,-1.3561304796,-0.894846847,-8.193879162407644,3.5169100096,0.3930465969000001,0.3930465969000001,-1.6748468470000002
680,680.0,680.0,680.0,680.0,0.0,0.0,0.0,-1.0,-3.4755295761331126,0.0,0.1322828356,2.2460979312,0.7189008601000002
681,681.0,681.0,681.0,681.0,1.0,0.1,-0.1119751902,-1.2355777674,11.911968712745558,0.1322828356,0.1222935394,2.1138150956,0.7189008601000002
682,682.0,682.0,682.0,682.0,2.0,0.2,-0.1719327906,0.0155767043,-3.634958057189074,0.254576375,0.0133428917999999,1.9915215562,0.7189008601000002
683,683.0,683.0,683.0,683.0,3.0,0.3,-0.188034285,-0.331817607,-15.844601963025053,0.2679192668,0.2661901661,1.9781786644,0.7189008601000002
684,684.0,684.0,684.0,684.0,4.0,0.4,-0.2962578761,-1.8080542123,-7.600521249139698,0.5341094329,0.4835536725,1.7119884983,0.7189008601000002
685,685.0,685.0,685.0,685.0,5.0,0.5,-0.5050835956,-2.3592806177,10.865735597629785,1.0176631054,0.4043407089999999,1.2284348258,0.7189008601000002
686,686.0,686.0,686.0,686.0,6.0,0.6,-0.6770367367,-1.1007539168,16.12928147730291,1.4220038144,0.2092049998,0.8240941168,0.7189008601000002
687,687.0,687.0,687.0,687.0,7.0,0.7,-0.7037633659,0.5389008601,-17.936386105408324,1.6312088142,0.249187061,0.6148891169999999,0.7189008601000002
688,688.0,688.0,688.0,688.0,8.0,0.8,-0.7392458506,-1.2192552658,19.11272478236161,1.8803958752,0.2782660415999998,0.3657020559999999,0.7189008601000002
689,689.0,689.0,689.0,689.0,9.0,0.9,-0.7628172577,0.7155886197,-3.788667619786192,2.1586619168,0.0874360144000001,0.0874360144000001,0.7189008601000002
690,690.0,690.0,690.0,690.0,0.0,0.0,0.0,-1.0,-7.627886446478316,0.0,0.2073257074,21.3173075658,-2.5
691,691.0,691.0,691.0,691.0,1.0,0.1,-0.132061858,-1.6307267866,-19.81343208514729,0.2073257074,0.8578352939999999,21.1099818584,-2.4107267866
692,692.0,692.0,692.0,692.0,2.0,0.2,-0.3830918881,-3.361039965,-12.06249634530478,1.0651610014,1.5419402080000002,20.2521465644,-3.5810399649999995
693,693.0,693.0,693.0,693.0,3.0,0.3,-0.7612884854,-4.1890930023,-0.3683595909856052,2.6071012094,1.698950155,18.7102063564,-4.0090930023
694,694.0,694.0,694.0,694.0,4.0,0.4,-1.1617152624,-3.8255021844,1.123207447897169,4.3060513644,1.4704541619000002,17.0112562014,-3.4055021844
695,695.0,695.0,695.0,695.0,5.0,0.5,-1.5203264602,-3.3545702418,-17.68779735318768,5.7765055263,2.1047425303,15.5408020395,-2.8545702418
696,696.0,696.0,696.0,696.0,6.0,0.6,-1.9251193074,-4.71855713,-8.050738873752298,7.8812480566,2.8857984453,13.4360595092,-4.29855713
697,697.0,697.0,697.0,697.0,7.0,0.7,-2.4130930949,-5.0356572298,-11.08068220529523,10.7670465019,3.620766595700001,10.5502610639,-4.8556572298
698,698.0,698.0,698.0,698.0,8.0,0.8,-2.9459017506,-5.6109167947,0.7634624936561991,14.3878130976,3.851724030599998,6.9294944682,-5.8309167947
699,699.0,699.0,699.0,699.0,9.0,0.9,-3.4761578338,-5.0043144621,18.040281358989823,18.2395371282,3.0777704376000017,3.0777704376000017,-5.7843144621
700,700.0,700.0,700.0,700.0,0.0,0.0,0.0,-1.0,-18.77866412198893,0.0,0.5470551434,12.0379790125,-2.5
701,701.0,701.0,701.0,701.0,1.0,0.1,-0.186002829,-2.6918635832,-16.37986209496987,0.5470551434,1.2859208296999998,11.4909238691,-3.4718635832
702,702.0,702.0,702.0,702.0,2.0,0.2,-0.5214037425,-3.9944488792,9.67947998103636,1.8329759731,1.2216050470000002,10.2050030394,-4.2144488792
703,703.0,703.0,703.0,703.0,3.0,0.3,-0.8547021242,-2.6932024994,17.156715801410634,3.0545810201,0.5690821996,8.983397992399999,-2.5132024994
704,704.0,704.0,704.0,704.0,4.0,0.4,-1.0280000575,-0.804232986,-6.676549540448548,3.6236632197,0.2595938297,8.414315792799998,-0.384232986
705,705.0,705.0,705.0,705.0,5.0,0.5,-1.1368296388,-1.3630583587,-17.500756096735955,3.8832570494,0.7843218474000002,8.154721963099998,-0.8630583587
706,706.0,706.0,706.0,706.0,6.0,0.6,-1.351200023,-2.8987635842,-19.554717644972367,4.6675788968,1.8176089642,7.370400115699999,-2.4787635842
707,707.0,707.0,707.0,707.0,7.0,0.7,-1.7216481902,-4.4837871815,16.491814413812207,6.485187861,1.739153237,5.552791151499999,-4.303787181500001
708,708.0,708.0,708.0,708.0,8.0,0.8,-2.0685593999,-2.4876945304,-15.191102407770796,8.224341098,1.5807321536999996,3.8136379144999992,-2.7076945304000004
709,709.0,709.0,709.0,709.0,9.0,0.9,-2.3787806347,-3.6965835364,-8.267641212469044,9.8050732517,2.2329057608,2.2329057608,-4.4765835364
710,710.0,710.0,710.0,710.0,0.0,0.0,0.0,-1.0,17.040694650713768,0.0,0.1714187355,6.355648389,3.2853778866
711,711.0,711.0,711.0,711.0,1.0,0.1,-0.0127296176,0.7167990826,17.322846458591492,0.1714187355,0.40236731,6.1842296535,3.2853778866
712,712.0,712.0,712.0,712.0,2.0,0.2,0.1392806782,2.2970734327,10.7910049848294,0.5737860455,0.8047634804,5.7818623435,3.2853778866
713,713.0,713.0,713.0,713.0,3.0,0.3,0.4100767228,3.1053778866,-2.6172192297097325,1.3785495259,0.8375559180000001,4.9770988631,3.2853778866
714,714.0,714.0,714.0,714.0,4.0,0.4,0.6929321129,2.5608005735,-4.239140555599157,2.2161054439,0.5766011022999997,4.1395429451,3.2853778866
715,715.0,715.0,715.0,715.0,5.0,0.5,0.9161179698,1.9137006611,9.64291999859293,2.7927065462,0.6796787666000004,3.5629418428,3.2853778866
716,716.0,716.0,716.0,716.0,6.0,0.6,1.1448775065,2.6492331242,-14.223021717937115,3.4723853128,0.6151531110999997,2.8832630762,3.2853778866
717,717.0,717.0,717.0,717.0,7.0,0.7,1.3281828624,1.0436255966,9.345495979915594,4.0875384239,0.4522050814999998,2.2681099651,3.2853778866
718,718.0,718.0,718.0,718.0,8.0,0.8,1.4727045951,1.8336534619,13.336461898892374,4.5397435054,0.9212612566000002,1.8159048836,3.2853778866
719,719.0,719.0,719.0,719.0,9.0,0.9,1.71171387,2.9282903768,-17.710941119195162,5.461004762,0.8946436269999998,0.8946436269999998,3.2853778866
720,720.0,720.0,720.0,720.0,0.0,0.0,0.0,-1.0,10.534698570161602,0.0,0.0851823994,2.6714145797,-2.5
721,721.0,721.0,721.0,721.0,1.0,0.1,-0.0442018408,0.0976716978,-7.284648355217946,0.0851823994,0.0376460643,2.5862321803,-0.6823283022000003
722,722.0,722.0,722.0,722.0,2.0,0.2,-0.0701460372,-0.6048489413,-16.621394587331007,0.1228284637,0.3495930586,2.548586116,-0.8248489413
723,723.0,723.0,723.0,723.0,3.0,0.3,-0.2081096328,-2.1290248044,13.604005099352683,0.4724215223,0.3068509863999999,2.1989930574,-1.9490248044000005
724,724.0,724.0,724.0,724.0,4.0,0.4,-0.3449048749,-0.6318290524,-4.470716645456054,0.7792725087,0.0926459451,1.892142071,-0.2118290523999999
725,725.0,725.0,725.0,725.0,5.0,0.5,-0.4266580972,-0.9971474946,-1.8821923358564128,0.8719184538,0.1329167841,1.7994961259,-0.4971474945999999
726,726.0,726.0,726.0,726.0,6.0,0.6,-0.5306541752,-1.0813706503,7.749446477876781,1.0048352379,0.1112746963999999,1.6665793418,-0.6613706503
727,727.0,727.0,727.0,727.0,7.0,0.7,-0.5960728879,-0.2410072897,-12.796330155534251,1.1161099343,0.2053072856,1.5553046454,-0.0610072896999998
728,728.0,728.0,728.0,728.0,8.0,0.8,-0.6809089585,-1.4358042347,-9.756975155916226,1.3214172199,0.4497634946,1.3499973598,-1.6558042347000002
729,729.0,729.0,729.0,729.0,9.0,0.9,-0.8647423639,-2.2276683449,-11.81899886914671,1.7711807145,0.9002338651999999,0.9002338651999999,-3.0076683449000003
730,730.0,730.0,730.0,730.0,0.0,0.0,0.0,-1.0,15.138837968724545,0.0,0.1391178343,7.986680806400001,-2.5
731,731.0,731.0,731.0,731.0,1.0,0.1,-0.0219296944,0.5358134913,-9.222118029445523,0.1391178343,0.0501288810999999,7.8475629721,-0.2441865087000003
732,732.0,732.0,732.0,732.0,2.0,0.2,-0.015551526,-0.3927764801,-5.405576407072452,0.1892467154,0.0570842938,7.797434091,-0.6127764801
733,733.0,733.0,733.0,733.0,3.0,0.3,-0.0790781785,-0.8698074683,-7.4655023628944495,0.2463310092,0.1743855985999999,7.7403497972,-0.6898074683000001
734,734.0,734.0,734.0,734.0,4.0,0.4,-0.1979650566,-1.4974708265,-13.279464794941514,0.4207166078,0.534951286,7.565964198600001,-1.0774708265
735,735.0,735.0,735.0,735.0,5.0,0.5,-0.4047065693,-2.6186757933,-12.745169899415082,0.9556678938,1.0865520002000002,7.0310129126000005,-2.1186757933
736,736.0,736.0,736.0,736.0,6.0,0.6,-0.7155599505,-3.582339402,2.3121461332277065,2.042219894,1.1717015149,5.9444609124,-3.162339402
737,737.0,737.0,737.0,737.0,7.0,0.7,-1.0452802354,-3.0214045038,-3.658796574108152,3.2139214089,1.0824947962999998,4.7727593975,-2.8414045038
738,738.0,738.0,738.0,738.0,8.0,0.8,-1.3505038316,-3.082060565,-13.96103761416144,4.2964162052,1.6412070652999995,3.6902646012,-3.302060565
739,739.0,739.0,739.0,739.0,9.0,0.9,-1.7113360616,-4.1173320964,-3.5818708682994966,5.9376232705,2.0490575359000003,2.0490575359000003,-4.8973320964
740,740.0,740.0,740.0,740.0,0.0,0.0,0.0,-1.0,-15.570540428719609,0.0,0.4286755154,5.3882077572,1.3049047038
741,741.0,741.0,741.0,741.0,1.0,0.1,-0.170483796,-2.3865702468,-18.608849731273875,0.4286755154,1.2095590015000002,4.9595322418,1.3049047038
742,742.0,742.0,742.0,742.0,2.0,0.2,-0.4876147936,-3.9303242224,6.361955290711382,1.6382345169,1.2519256120999998,3.7499732403,1.3049047038
743,743.0,743.0,743.0,743.0,3.0,0.3,-0.8308592862,-2.9508842008,10.608713292951643,2.890160129,0.6887350031000001,2.4980476282,1.3049047038
744,744.0,744.0,744.0,744.0,4.0,0.4,-1.0603544584,-1.6605176992,1.7792618250838643,3.5788951321,0.3553583742000001,1.8093126251,1.3049047038
745,745.0,745.0,745.0,745.0,5.0,0.5,-1.2097668167,-1.3331791584,8.804645024047353,3.9342535063,0.2763658089999996,1.4539542509,1.3049047038
746,746.0,746.0,746.0,746.0,6.0,0.6,-1.294044631,-0.3684368417,15.324087974545868,4.2106193153,0.3169058293000004,1.1775884419000002,1.3049047038
747,747.0,747.0,747.0,747.0,7.0,0.7,-1.2549773791,1.1249047038,-16.848772925292227,4.5275251446,0.3236358693999994,0.8606826125999998,1.3049047038
748,748.0,748.0,748.0,748.0,8.0,0.8,-1.2294330754,-0.5855168923,7.063828376497646,4.851161014,0.1893447754000004,0.5370467432000003,1.3049047038
749,749.0,749.0,749.0,749.0,9.0,0.9,-1.250982568,0.1424154379,-15.9172942917003,5.0405057894,0.3477019677999999,0.3477019677999999,1.3049047038
750,750.0,750.0,750.0,750.0,0.0,0.0,0.0,-1.0,-9.775286107372557,0.0,0.2570911132,7.016309017700001,-2.5
751,751.0,751.0,751.0,751.0,1.0,0.1,-0.1424497292,-1.8350788815,3.6458996700419775,0.2570911132,0.2606655311,6.759217904500001,-2.615078881500001
752,752.0,752.0,752.0,752.0,2.0,0.2,-0.299443839,-1.3134948047,6.470225999500727,0.5177566443,0.1257897758999999,6.498552373400001,-1.5334948047
753,753.0,753.0,753.0,753.0,3.0,0.3,-0.3931402237,-0.5727758201,-10.738471771222988,0.6435464202,0.1980848972,6.3727625975,-0.3927758201000001
754,754.0,754.0,754.0,754.0,4.0,0.4,-0.4995935095,-1.5401697115,-17.103001627367775,0.8416313174,0.7269916687000001,6.1746777003,-1.1201697115
755,755.0,755.0,755.0,755.0,5.0,0.5,-0.7288943895,-3.0211689941,-12.556975404164326,1.5686229861,1.3796463964,5.4476860316,-2.5211689941
756,756.0,756.0,756.0,756.0,6.0,0.6,-1.0771399793,-3.9286209447,14.207483995504283,2.9482693825,1.2123402113000004,4.0680396352,-3.5086209447
757,757.0,757.0,757.0,757.0,7.0,0.7,-1.3822701782,-2.2027423463,-4.54208411501368,4.1606095938,0.7713849062999998,2.8556994239,-2.0227423463
758,758.0,758.0,758.0,758.0,8.0,0.8,-1.6138605262,-2.4253604098,-3.129685532504695,4.9319945001,0.9117864631000004,2.0843145176,-2.6453604098000003
759,759.0,759.0,759.0,759.0,9.0,0.9,-1.8598036169,-2.4923858723,-7.416034803539189,5.8437809632,1.1725280545,1.1725280545,-3.2723858723
760,760.0,760.0,760.0,760.0,0.0,0.0,0.0,-1.0,3.855858214336706,0.0,0.06797739,14.554730512400004,-2.5
761,761.0,761.0,761.0,761.0,1.0,0.1,-0.0765101868,-0.5379039918,-18.81982322938366,0.06797739,0.4065450949,14.486753122400003,-1.3179039918000002
762,762.0,762.0,762.0,762.0,2.0,0.2,-0.2187378624,-2.2776586391,-15.402242773970409,0.4745224849,0.9931477786,14.080208027500005,-2.4976586391
763,763.0,763.0,763.0,763.0,3.0,0.3,-0.5099927285,-3.5266280504,-17.31186392713299,1.4676702635,1.974422226,13.087060248900002,-3.3466280504
764,764.0,764.0,764.0,764.0,4.0,0.4,-0.9293401985,-4.8384669731,-10.39348923969937,3.4420924895,2.8061641023,11.112638022900002,-4.4184669731
765,765.0,765.0,765.0,765.0,5.0,0.5,-1.4400593322,-5.3670967634,19.188312702831084,6.2482565918,2.2560445411000005,8.306473920600002,-4.8670967634
766,766.0,766.0,766.0,766.0,6.0,0.6,-1.8579842807,-3.0303405446,-15.298381219337896,8.5043011329,1.854525710299999,6.050429379500001,-2.6103405446
767,767.0,767.0,767.0,767.0,7.0,0.7,-2.2203639699,-4.1977989773,8.163682664421223,10.3588268432,1.9227108549,4.195903669200002,-4.0177989773
768,768.0,768.0,768.0,768.0,8.0,0.8,-2.5803467724,-3.0214479084,18.10180688718049,12.2815376981,1.3251056085000013,2.273192814300001,-3.2414479084
769,769.0,769.0,769.0,769.0,9.0,0.9,-2.7803095039,-1.0113044882,-4.091530852288008,13.6066433066,0.9480872058000004,0.9480872058000004,-1.7913044882000002
770,770.0,770.0,770.0,770.0,0.0,0.0,0.0,-1.0,-1.2263877677626276,0.0,0.1032970542,1.3224934119,1.4070043829
771,771.0,771.0,771.0,771.0,1.0,0.1,-0.1010951389,-1.0215436379,-3.760989372199866,0.1032970542,0.1433890146999999,1.2191963577,1.4070043829
772,772.0,772.0,772.0,772.0,2.0,0.2,-0.2165013466,-1.2822363674,14.2049587891955,0.2466860689,0.153954678,1.075807343,1.4070043829
773,773.0,773.0,773.0,773.0,3.0,0.3,-0.2698069524,0.1915651173,-8.735556469464413,0.4006407469,0.0574957272999999,0.921852665,1.4070043829
774,774.0,774.0,774.0,774.0,4.0,0.4,-0.2938346505,-0.6579628315,6.230315288894985,0.4581364742,0.0435000402,0.8643569377,1.4070043829
775,775.0,775.0,775.0,775.0,5.0,0.5,-0.3263094519,-0.0024565012,2.126960482132656,0.5016365144,0.0140464327999999,0.8208568975,1.4070043829
776,776.0,776.0,776.0,776.0,6.0,0.6,-0.3162541821,0.2001842772,10.99035079529973,0.5156829472,0.1297087363,0.8068104647000001,1.4070043829
777,777.0,777.0,777.0,777.0,7.0,0.7,-0.2440392083,1.2270043829,-19.055549140831616,0.6453916835,0.2233039137,0.6771017284,1.4070043829
778,778.0,778.0,778.0,778.0,8.0,0.8,-0.2194539552,-0.7031357843,-11.349120876183862,0.8686955972,0.2288566850999999,0.4537978147,1.4070043829
779,779.0,779.0,779.0,779.0,9.0,0.9,-0.3412665516,-1.7162352755,14.101169443035268,1.0975522823,0.2249411296000001,0.2249411296000001,1.4070043829
780,780.0,780.0,780.0,780.0,0.0,0.0,0.0,-1.0,-11.407230417787066,0.0,0.2999063937,37.6521520154,-2.5
781,781.0,781.0,781.0,781.0,1.0,0.1,-0.1503441256,-1.9903789162,-12.529827339052815,0.2999063937,0.7196393333,37.3522456217,-2.7703789162000003
782,782.0,782.0,782.0,782.0,2.0,0.2,-0.4003657276,-2.993340048,-19.02294903009105,1.019545727,1.6550564111,36.6326062884,-3.213340048
783,783.0,783.0,783.0,783.0,3.0,0.3,-0.7772416464,-4.5187590323,-12.634787798164954,2.6746021381,2.6022536173,34.9775498773,-4.3387590323000005
784,784.0,784.0,784.0,784.0,4.0,0.4,-1.268378319,-5.2911011396,-18.845768954674867,5.2768557554,3.972661499500001,32.37529626,-4.8711011396
785,785.0,785.0,785.0,785.0,5.0,0.5,-1.8630567607,-6.5809995932,-16.093056458926114,9.2495172549,5.585566067899999,28.4026347605,-6.0809995932
786,786.0,786.0,786.0,786.0,6.0,0.6,-2.5671701867,-7.4861918132,10.672201240380373,14.8350833228,5.2996825252000015,22.8170686926,-7.0661918132
787,787.0,787.0,787.0,787.0,7.0,0.7,-3.2279495216,-5.7581923542,-14.547996748437484,20.134765848,5.1844803985,17.517386167399998,-5.5781923542000005
788,788.0,788.0,788.0,788.0,8.0,0.8,-3.846288416,-6.5946531347,-7.439618275159923,25.3192462465,6.179607842500001,12.332905768899998,-6.8146531347
789,789.0,789.0,789.0,789.0,9.0,0.9,-4.5098400702,-6.6750633079,3.7962059715693215,31.498854089,6.153297926399997,6.153297926399997,-7.455063307900001
790,790.0,790.0,790.0,790.0,0.0,0.0,0.0,-1.0,-7.4709287399333455,0.0,0.2039812001,11.82015249,-2.5
791,791.0,791.0,791.0,791.0,1.0,0.1,-0.131302588,-1.615790286,12.74446990219009,0.2039812001,0.1852533789,11.6161712899,-2.3957902860000004
792,792.0,792.0,792.0,792.0,2.0,0.2,-0.2234150373,-0.2492308465,-3.8074195499853367,0.389234579,0.0318123296999999,11.430917911,-0.4692308464999999
793,793.0,793.0,793.0,793.0,3.0,0.3,-0.2655505776,-0.5878372612,-13.512162902479377,0.4210469087,0.2611471971999999,11.3991055813,-0.4078372612000001
794,794.0,794.0,794.0,794.0,4.0,0.4,-0.3868546596,-1.8177494694,-4.304292703976449,0.6821941059,0.4088531071,11.1379583841,-1.3977494694
795,795.0,795.0,795.0,795.0,5.0,0.5,-0.5806580181,-2.0543753813,-19.71446945770815,1.091047213,1.1153139847000002,10.729105277,-1.5543753813
796,796.0,796.0,796.0,796.0,6.0,0.6,-0.8715248046,-3.7349555406,-3.617495850365572,2.2063611977,1.5104053858,9.6137912923,-3.3149555406
797,797.0,797.0,797.0,797.0,7.0,0.7,-1.2444521544,-3.7237777758,-15.606608349543787,3.7167665835,2.192012967,8.1033859065,-3.5437777758
798,798.0,798.0,798.0,798.0,8.0,0.8,-1.6743121925,-4.8545785727,-0.3209597656209553,5.9087795505,2.5166778113999992,5.9113729395,-5.0745785727
799,799.0,799.0,799.0,799.0,9.0,0.9,-2.1378401351,-4.4231466067,-18.9764083200276,8.4254573619,3.3946951281000004,3.3946951281000004,-5.2031466067
800,800.0,800.0,800.0,800.0,0.0,0.0,0.0,-1.0,-14.967333307918317,0.0,0.4082793075,2.4990541482,1.7396145648999997
801,801.0,801.0,801.0,801.0,1.0,0.1,-0.1675658311,-2.3291674997,18.195365393057,0.4082793075,0.3823302593,2.0907748407,1.7396145648999997
802,802.0,802.0,802.0,802.0,2.0,0.2,-0.3011968378,-0.3759999537,-0.2762694796261833,0.7906095668,0.0240576084999999,1.7084445814,1.7396145648999997
803,803.0,803.0,803.0,803.0,3.0,0.3,-0.3383145904,-0.366509149,2.878628394936939,0.8146671753,0.0216762906999999,1.6843869729,1.7396145648999997
804,804.0,804.0,804.0,804.0,4.0,0.4,-0.3592673894,-0.0576935105,-17.56085579913575,0.836343466,0.2744317137000001,1.6627106822,1.7396145648999997
805,805.0,805.0,805.0,805.0,5.0,0.5,-0.4497068483,-1.7233396316,5.782935474443427,1.1107751797,0.2335752685999998,1.3882789685,1.7396145648999997
806,806.0,806.0,806.0,806.0,6.0,0.6,-0.5857299395,-1.0090229929,9.661999298434573,1.3443504483,0.1178728515,1.1547036999,1.7396145648999997
807,807.0,807.0,807.0,807.0,7.0,0.7,-0.6350120416,0.006459039,7.280502304680656,1.4622232998,0.0821418252999999,1.0368308484,1.7396145648999997
808,808.0,808.0,808.0,808.0,8.0,0.8,-0.5991785343,0.6986757622,19.83370515455401,1.5443651251,0.5168041154,0.9546890231,1.7396145648999997
809,809.0,809.0,809.0,809.0,9.0,0.9,-0.4367468215,2.5196145649,-10.244031476836382,2.0611692405,0.4378849077,0.4378849077,1.7396145648999997
810,810.0,810.0,810.0,810.0,0.0,0.0,0.0,-1.0,-4.334773182650773,0.0,0.1455196773,23.797962217100004,-2.5
811,811.0,811.0,811.0,811.0,1.0,0.1,-0.1161316963,-1.3173456219,-15.22893868580464,0.1455196773,0.5312151073,23.652442539800003,-2.0973456219
812,812.0,812.0,812.0,812.0,2.0,0.2,-0.3151624559,-2.641208731,-15.803995610158276,0.6767347846,1.2353136378,23.121227432500003,-2.861208731
813,813.0,813.0,813.0,813.0,3.0,0.3,-0.6429570892,-3.8938136586,-6.6026575415905455,1.9120484224,1.7145571568,21.8859137947,-3.7138136586
814,814.0,814.0,814.0,814.0,4.0,0.4,-1.0454417915,-4.1515947105,-16.824183509484758,3.6266055792,2.5879115506,20.1713566379,-3.731594710500001
815,815.0,815.0,815.0,815.0,5.0,0.5,-1.5219038972,-5.3575509558,-10.581446422603964,6.2145171298,3.5315470276999994,17.5834450873,-4.8575509558
816,816.0,816.0,816.0,816.0,6.0,0.6,-2.0829289665,-5.8546705287,-9.264264320332549,9.7460641575,4.237405429500001,14.0518980596,-5.4346705287
817,817.0,817.0,817.0,817.0,7.0,0.7,-2.6848892251,-6.1791367021,5.056101718860894,13.983469587,4.0863835019,9.8144926301,-5.9991367021
818,818.0,818.0,818.0,818.0,8.0,0.8,-3.2484532439,-5.1099625115,7.9921383993811475,18.0698530889,3.263035095900001,5.7281091282,-5.3299625115
819,819.0,819.0,819.0,819.0,9.0,0.9,-3.6960694398,-3.8631324757,18.91013316701545,21.3328881848,2.4650740322999987,2.4650740322999987,-4.6431324757
820,820.0,820.0,820.0,820.0,0.0,0.0,0.0,-1.0,-6.284472047570633,0.0,0.1799907049,19.3198360751,-2.5
821,821.0,821.0,821.0,821.0,1.0,0.1,-0.1255632034,-1.5028840013,-18.30464700228813,0.1799907049,0.7307071131999999,19.1398453702,-2.2828840013
822,822.0,822.0,822.0,822.0,2.0,0.2,-0.3571287599,-3.101783145,-11.15627607543213,0.9106978181,1.3147349638,18.409138257,-3.3217831450000004
823,823.0,823.0,823.0,823.0,3.0,0.3,-0.7062700418,-3.8682694707,-9.057045113631617,2.2254327819,1.8237710574,17.0944032932,-3.6882694707
824,824.0,824.0,824.0,824.0,4.0,0.4,-1.1181973507,-4.3620466732,-9.388411809284566,4.0492038393,2.3492910129,15.2706322358,-3.9420466732
825,825.0,825.0,825.0,825.0,5.0,0.5,-1.5787164849,-4.8403687199,4.818553467528627,6.3984948522,2.2584695853999994,12.9213412229,-4.3403687199
826,826.0,826.0,826.0,826.0,6.0,0.6,-2.0160290475,-3.9212008105,2.7024289483873503,8.6569644376,1.7891879071000003,10.6628716375,-3.5012008105
827,827.0,827.0,827.0,827.0,7.0,0.7,-2.3761080202,-3.290878943,-18.053715814308863,10.4461523447,2.4425093878999995,8.8736837304,-3.110878943
828,828.0,828.0,828.0,828.0,8.0,0.8,-2.7766099523,-4.6957485924,2.16337918152988,12.8886617326,2.812022563700001,6.4311743425,-4.9157485924
829,829.0,829.0,829.0,829.0,9.0,0.9,-3.2130045663,-4.0430160602,-18.48441441305338,15.7006842963,3.619151778799999,3.619151778799999,-4.8230160602000005
830,830.0,830.0,830.0,830.0,0.0,0.0,0.0,-1.0,18.286361445943754,0.0,0.1957506744,5.0003380651,1.6871089714
831,831.0,831.0,831.0,831.0,1.0,0.1,-0.0067038068,0.8353399514,12.097844493191763,0.1957506744,0.2736780338,4.8045873907,1.6871089714
832,832.0,832.0,832.0,832.0,2.0,0.2,0.1313116225,1.9071089714,-8.539389018095221,0.4694287082,0.2457540748,4.5309093569000005,1.6871089714
833,833.0,833.0,833.0,833.0,3.0,0.3,0.2714885269,0.9129931652,-18.265420204324908,0.715182783,0.2027715791,4.285155282100001,1.6871089714
834,834.0,834.0,834.0,834.0,4.0,0.4,0.270013894,-0.9120742223,-18.677917007126137,0.9179543621,0.5161532023000001,4.0823837030000005,1.6871089714
835,835.0,835.0,835.0,835.0,5.0,0.5,0.0928657153,-2.6027177444,-18.01756424499077,1.4341075644,1.3027551777,3.5662305007,1.6871089714
836,836.0,836.0,836.0,836.0,6.0,0.6,-0.2419739365,-4.069634517,12.542146528873444,2.7368627421,1.1845839102999998,2.263475323,1.6871089714
837,837.0,837.0,837.0,837.0,7.0,0.7,-0.5685792782,-2.4888145224,4.407863475376136,3.9214466524,0.5246580173000006,1.0788914127000004,1.6871089714
838,838.0,838.0,838.0,838.0,8.0,0.8,-0.7840985677,-1.8325088855,12.280862144181055,4.4461046697,0.2954730021999996,0.5542333953999998,1.6871089714
839,839.0,839.0,839.0,839.0,9.0,0.9,-0.8990771649,-0.4894440738,-11.07904403529166,4.7415776719,0.2587603932000002,0.2587603932000002,1.6871089714
840,840.0,840.0,840.0,840.0,0.0,0.0,0.0,-1.0,-19.96025586444087,0.0,0.5948567742,6.5909957082,-2.5
841,841.0,841.0,841.0,841.0,1.0,0.1,-0.1917186822,-2.8043069043,8.7519681257563,0.5948567742,0.5627309644999999,5.996138934,-3.5843069043000004
842,842.0,842.0,842.0,842.0,2.0,0.2,-0.4162468569,-1.7045819169,8.95914514212766,1.1575877387,0.2135787793999999,5.4334079695,-1.9245819169
843,843.0,843.0,843.0,843.0,3.0,0.3,-0.5351201648,-0.6897940949,-9.193688068776002,1.3711665181,0.2031196183000001,5.2198291901000005,-0.5097940949
844,844.0,844.0,844.0,844.0,4.0,0.4,-0.6452363022,-1.4990467643,1.4608047764551555,1.5742861364,0.2368943490999999,5.0167095718,-1.0790467643
845,845.0,845.0,845.0,845.0,5.0,0.5,-0.7808230072,-1.2173795817,-17.087789301142298,1.8111804855,0.6346557506999999,4.7798152227,-0.7173795816999999
846,846.0,846.0,846.0,846.0,6.0,0.6,-0.9793325819,-2.7276489371,-10.59372165169422,2.4458362362,1.1550072891000005,4.1451594720000005,-2.3076489371
847,847.0,847.0,847.0,847.0,7.0,0.7,-1.2901490121,-3.4762046721,-0.9514868771387412,3.6008435253,1.3399845482999997,2.9901521829,-3.2962046721
848,848.0,848.0,848.0,848.0,8.0,0.8,-1.6255571219,-3.23594525,14.397234393927654,4.9408280736,1.0047314967000007,1.6501676346000007,-3.45594525
849,849.0,849.0,849.0,849.0,9.0,0.9,-1.8638527992,-1.5579261333,-2.8802467268041454,5.9455595703,0.6454361379,0.6454361379,-2.3379261333000003
850,850.0,850.0,850.0,850.0,0.0,0.0,0.0,-1.0,-10.010414429376128,0.0,0.2629938696,4.0381175438,-2.5
851,851.0,851.0,851.0,851.0,1.0,0.1,-0.1435871432,-1.8574542998,-0.1423179134033887,0.2629938696,0.320835966,3.775123674200001,-2.6374542998000003
852,852.0,852.0,852.0,852.0,2.0,0.2,-0.3210358491,-1.6942373852,5.86743460971876,0.5838298356,0.2136329109,3.4542877082000003,-1.9142373852
853,853.0,853.0,853.0,853.0,3.0,0.3,-0.4538806292,-0.9746491441,3.5907200097377654,0.7974627465,0.0894118748999999,3.2406547973000004,-0.7946491441000001
854,854.0,854.0,854.0,854.0,4.0,0.4,-0.5292610891,-0.5401966832,-9.015487483284709,0.8868746214,0.1689156963000001,3.1512429224000007,-0.1201966831999999
855,855.0,855.0,855.0,855.0,5.0,0.5,-0.6242792705,-1.3467272501,-3.2321580314049783,1.0557903177,0.2606877616999998,2.9823272261000007,-0.8467272501
856,856.0,856.0,856.0,856.0,6.0,0.6,-0.7680726442,-1.5261496796,8.470280386567506,1.3164780794,0.2207798788999999,2.721639464400001,-1.1061496796
857,857.0,857.0,857.0,857.0,7.0,0.7,-0.872330726,-0.5748635591,-13.38242130741667,1.5372579583,0.3296955384000002,2.5008595855000006,-0.3948635590999998
858,858.0,858.0,858.0,858.0,8.0,0.8,-0.9917725941,-1.7936638218,-12.202150002402735,1.8669534967,0.7314015225999999,2.1711640471000004,-2.0136638218000003
859,859.0,859.0,859.0,859.0,9.0,0.9,-1.2214891728,-2.7841622433,-14.705090934391052,2.5983550193,1.4397625245000003,1.4397625245000003,-3.5641622433
860,860.0,860.0,860.0,860.0,0.0,0.0,0.0,-1.0,2.2796002226648007,0.0,0.0744556374,10.5510211726,5.0307872586
861,861.0,861.0,861.0,861.0,1.0,0.1,-0.0841351998,-0.6879047779,9.49263643920338,0.0744556374,0.0577392536,10.4765655352,5.0307872586
862,862.0,862.0,862.0,862.0,2.0,0.2,-0.1036781476,0.2809018138,-0.1467882359690904,0.132194891,0.0076171663999999,10.4188262816,5.0307872586
863,863.0,863.0,863.0,863.0,3.0,0.3,-0.0776568771,0.2402017197,15.303656169256245,0.1398120574,0.2283473512,10.4112091152,5.0307872586
864,864.0,864.0,864.0,864.0,4.0,0.4,0.0192314996,1.67367896,19.51357375612035,0.3681594086,0.8601552444,10.182861764,5.0307872586
865,865.0,865.0,865.0,865.0,5.0,0.5,0.2728984148,3.3713694203,8.369893428218749,1.228314653,1.3637156125,9.3227065196,5.0307872586
866,866.0,866.0,866.0,866.0,6.0,0.6,0.6342152619,3.8470419161,14.39472487700776,2.5920302655,2.0833673785,7.9589909071,5.0307872586
867,867.0,867.0,867.0,867.0,7.0,0.7,1.069942407,4.8507872586,4.782963405063985,4.675397644,2.5354619917,5.8756235286,5.0307872586
868,868.0,868.0,868.0,868.0,8.0,0.8,1.5546930397,4.8443329665,-17.70849532858098,7.2108596357,1.9149811431000003,3.3401615369,5.0307872586
869,869.0,869.0,869.0,869.0,9.0,0.9,1.9300291115,2.6981473618,10.1923719787044,9.1258407788,1.4251803937999998,1.4251803937999998,5.0307872586
870,870.0,870.0,870.0,870.0,0.0,0.0,0.0,-1.0,-17.798198930265055,0.0,0.5091069155,12.4012120932,-2.5
871,871.0,871.0,871.0,871.0,1.0,0.1,-0.1812599107,-2.5985599824,-15.784177176043253,0.5091069155,1.1970596429000002,11.8921051777,-3.3785599824
872,872.0,872.0,872.0,872.0,2.0,0.2,-0.5049002363,-3.8533373743,8.546835675926122,1.7061665584,1.1534259895,10.6950455348,-4.0733373743
873,873.0,873.0,873.0,873.0,3.0,0.3,-0.8302494089,-2.6733046342,2.4531554694249,2.8595925479,0.6850070118999998,9.5416195453,-2.4933046342000003
874,874.0,874.0,874.0,874.0,4.0,0.4,-1.0727809909,-2.1854575052,-17.07811711525634,3.5445995598,1.1531917518999997,8.8566125334,-1.7654575052
875,875.0,875.0,875.0,875.0,5.0,0.5,-1.3633687731,-3.6026814345,3.822935013943544,4.6977913117,1.2988752938,7.7034207815,-3.1026814345
876,876.0,876.0,876.0,876.0,6.0,0.6,-1.6877160307,-2.8960406756,0.6206259102886058,5.9966666055,1.0785319492000005,6.4045454877,-2.4760406756
877,877.0,877.0,877.0,877.0,7.0,0.7,-1.9603087137,-2.5613854015,-8.108478810484208,7.0751985547,1.276507221999999,5.3260135385,-2.3813854015
878,878.0,878.0,878.0,878.0,8.0,0.8,-2.2432805941,-3.0892614022,-8.947577440754944,8.3517057767,1.7605457771000008,4.0495063165000005,-3.3092614022
879,879.0,879.0,879.0,879.0,9.0,0.9,-2.5805455802,-3.6467541602,-7.98099493384699,10.1122515538,2.2889605394,2.2889605394,-4.4267541602
880,880.0,880.0,880.0,880.0,0.0,0.0,0.0,-1.0,14.38707078748265,0.0,0.1279656285,3.7607889601000006,-2.5
881,881.0,881.0,881.0,881.0,1.0,0.1,-0.0255663066,0.4642733853,-17.709578196521214,0.1279656285,0.1990688395999999,3.632823331600001,-0.3157266147000002
882,882.0,882.0,882.0,882.0,2.0,0.2,-0.0670534809,-1.26519726,-14.795691782036142,0.3270344681,0.4944354777,3.4337544920000007,-1.48519726
883,883.0,883.0,883.0,883.0,3.0,0.3,-0.2590258078,-2.5527941113,0.0104814999432498,0.8214699458,0.6055231322,2.9393190143000005,-2.3727941113
884,884.0,884.0,884.0,884.0,4.0,0.4,-0.5019055738,-2.3088661953,-1.481759543229476,1.426993078,0.5542957627,2.3337958821000004,-1.8888661953
885,885.0,885.0,885.0,885.0,5.0,0.5,-0.7287911707,-2.2301565527,16.351882669950086,1.9812888407,0.4027466496,1.7795001194000002,-1.7301565527
886,886.0,886.0,886.0,886.0,6.0,0.6,-0.8619177521,-0.4618417044,-11.24287635329878,2.3840354903,0.2502165154,1.3767534698,-0.0418417043999999
887,887.0,887.0,887.0,887.0,7.0,0.7,-0.9602541056,-1.4877929861,-6.854694725146167,2.6342520057,0.4401270684999998,1.1265369544,-1.3077929861
888,888.0,888.0,888.0,888.0,8.0,0.8,-1.1349954104,-1.9985211539,7.279922083515203,3.0743790742,0.4221548956000003,0.6864098859000003,-2.2185211539000003
889,889.0,889.0,889.0,889.0,9.0,0.9,-1.289964123,-1.1155602329,9.018144428925602,3.4965339698,0.2642549903,0.2642549903,-1.8955602329000003
890,890.0,890.0,890.0,890.0,0.0,0.0,0.0,-1.0,-16.78075396649534,0.0,0.4713739929,3.0437228112999994,2.2601696104
891,891.0,891.0,891.0,891.0,1.0,0.1,-0.1763381042,-2.5017372925,11.48699834175499,0.4713739929,0.4218673391,2.5723488184,2.2601696104
892,892.0,892.0,892.0,892.0,2.0,0.2,-0.3588425365,-1.170533026,17.955988680244054,0.893241332,0.2097601308,2.1504814793,2.2601696104
893,893.0,893.0,893.0,893.0,3.0,0.3,-0.3833728634,0.6495961689,-10.692063926593596,1.1030014628,0.0815278058999999,1.9407213485,2.2601696104
894,894.0,894.0,894.0,894.0,4.0,0.4,-0.3732775821,-0.429705505,13.79055680873654,1.1845292687,0.1308371589000001,1.8591935426,2.2601696104
895,895.0,895.0,895.0,895.0,5.0,0.5,-0.3474588782,0.9235314719,-14.534397834159307,1.3153664276,0.1374051231999999,1.7283563836999998,2.2601696104
896,896.0,896.0,896.0,896.0,6.0,0.6,-0.3298821289,-0.5474850608,17.30873884038153,1.4527715508,0.1946491619999999,1.5909512604999998,2.2601696104
897,897.0,897.0,897.0,897.0,7.0,0.7,-0.2982527323,1.1517594267,15.111131822865955,1.6474207128,0.4677211845,1.3963020985,2.2601696104
898,898.0,898.0,898.0,898.0,8.0,0.8,-0.1155497337,2.4801696104,0.5853673233553103,2.1151418973,0.5714177273000001,0.928580914,2.2601696104
899,899.0,899.0,899.0,899.0,9.0,0.9,0.1233012597,2.2998553493,-9.981959628281189,2.6865596246,0.3571631866999998,0.3571631866999998,2.2601696104
900,900.0,900.0,900.0,900.0,0.0,0.0,0.0,-1.0,-16.500138614847792,0.0,0.4612621296,20.358038471200004,-2.5
901,901.0,901.0,901.0,901.0,1.0,0.1,-0.1749806504,-2.475033211,-11.764066744702347,0.4612621296,0.9414722049,19.896776341600003,-3.255033211
902,902.0,902.0,902.0,902.0,2.0,0.2,-0.4674189121,-3.3590016239,-7.928248071775933,1.4027343345,1.3570571848999995,18.955304136700004,-3.5790016239
903,903.0,903.0,903.0,903.0,3.0,0.3,-0.8254227427,-3.7938226004,-7.421470342485538,2.7597915194,1.7096347378000003,17.598246951800004,-3.6138226004
904,904.0,904.0,904.0,904.0,4.0,0.4,-1.222353409,-4.1390389684,-11.722522011502168,4.4694262572,2.3128952789,15.888612214000002,-3.719038968400001
905,905.0,905.0,905.0,905.0,5.0,0.5,-1.6729402221,-4.8607043564,-14.35329964399731,6.7823215361,3.3153363862999994,13.5757169351,-4.3607043564
906,906.0,906.0,906.0,906.0,6.0,0.6,-2.2049303822,-5.7640441607,2.634495786364788,10.0976579224,3.4965246374000003,10.2603805488,-5.3440441607
907,907.0,907.0,907.0,907.0,7.0,0.7,-2.7407074647,-4.9648174996,6.649315933527372,13.5941825598,2.854655953199998,6.7638559114,-4.784817499599999
908,908.0,908.0,908.0,908.0,8.0,0.8,-3.1810069989,-3.859586372,10.856567439575006,16.448838513,2.189165890800002,3.909199958200002,-4.079586372
909,909.0,909.0,909.0,909.0,9.0,0.9,-3.4957773255,-2.4591593015,7.930870679797586,18.6380044038,1.7200340674000003,1.7200340674000003,-3.2391593015000004
910,910.0,910.0,910.0,910.0,0.0,0.0,0.0,-1.0,1.5809089531132583,0.0,0.0786147781,4.878117553400001,-2.5
911,911.0,911.0,911.0,911.0,1.0,0.1,-0.087515065,-0.7543940396,-17.067262462477473,0.0786147781,0.4064740856,4.799502775300001,-1.5343940396000002
912,912.0,912.0,912.0,912.0,2.0,0.2,-0.2418666344,-2.3067687165,7.1022703915759,0.4850888637,0.3867277502,4.3930286897,-2.5267687165000003
913,913.0,913.0,913.0,913.0,3.0,0.3,-0.4270281519,-1.4113801599,6.507618327305963,0.8718166139,0.1552339182000001,4.0063009395,-1.2313801599
914,914.0,914.0,914.0,914.0,4.0,0.4,-0.5298587632,-0.6577877158,-16.461795146716135,1.0270505321,0.3914321824,3.8510670213,-0.2377877157999999
915,915.0,915.0,915.0,915.0,5.0,0.5,-0.6720881112,-2.1617378825,13.585049355860429,1.4184827145,0.3640932383999999,3.4596348389,-1.6617378825000002
916,916.0,916.0,916.0,916.0,6.0,0.6,-0.8120881863,-0.6632328719,-17.490094356727074,1.7825759529,0.4688634868999999,3.0955416005,-0.2432328718999999
917,917.0,917.0,917.0,917.0,7.0,0.7,-0.9598100367,-2.2645204571,4.685126134963589,2.2514394398,0.4995109299,2.6266781136,-2.0845204571
918,918.0,918.0,918.0,918.0,8.0,0.8,-1.1526439526,-1.6031739277,-17.835981961042844,2.7509503697,0.9084359976000004,2.1271671837,-1.8231739277
919,919.0,919.0,919.0,919.0,9.0,0.9,-1.3914862268,-3.1479298497,-2.616480371168308,3.6593863673,1.2187311861,1.2187311861,-3.9279298497
920,920.0,920.0,920.0,920.0,0.0,0.0,0.0,-1.0,19.27398243251868,0.0,0.2168285169,8.8991701198,4.6463941935
921,921.0,921.0,921.0,921.0,1.0,0.1,-0.0019262712,0.9293245145,14.133612174091212,0.2168285169,0.3595634822999999,8.682341602900001,4.6463941935
922,922.0,922.0,922.0,922.0,2.0,0.2,0.1548808368,2.1858786238,12.49717540688463,0.5763919992,0.8153576032000001,8.3227781206,4.6463941935
923,923.0,923.0,923.0,923.0,3.0,0.3,0.423348738,3.1671282634,14.298243181732843,1.3917496024,1.5218356287,7.507420517400001,4.6463941935
924,924.0,924.0,924.0,924.0,4.0,0.4,0.793907126,4.2263941935,-14.730852653177834,2.9135852311,1.3266573772,5.985584888700001,4.6463941935
925,925.0,925.0,925.0,925.0,5.0,0.5,1.1248424352,2.422373619,5.705108621821928,4.2402426083,0.8404643785000001,4.658927511500001,4.6463941935
926,926.0,926.0,926.0,926.0,6.0,0.6,1.3829597586,2.7347671578,11.500336253044082,5.0807069868,1.3058568733999998,3.8184631330000007,4.6463941935
927,927.0,927.0,927.0,927.0,7.0,0.7,1.6988391626,3.5689213791,-14.935888546807492,6.3865638602,1.1941059401,2.512606259600001,4.6463941935
928,928.0,928.0,928.0,928.0,8.0,0.8,1.9662160497,1.8079556373,-16.762623509879468,7.5806698003,0.6599837390000003,1.318500319500001,4.6463941935
929,929.0,929.0,929.0,929.0,9.0,0.9,2.0571783711,0.0407309649,-17.664638158516368,8.2406535393,0.6585165805000006,0.6585165805000006,4.6463941935
930,930.0,930.0,930.0,930.0,0.0,0.0,0.0,-1.0,3.339011727313462,0.0,0.0696579465,7.222491026999999,-2.5
931,931.0,931.0,931.0,931.0,1.0,0.1,-0.0790103845,-0.5870884427,-17.943799357151086,0.0696579465,0.3893096666,7.1528330805,-1.3670884427000003
932,932.0,932.0,932.0,932.0,2.0,0.2,-0.2216808832,-2.2387978798,-19.14362630285099,0.4589676131,1.1528766112,6.7635234139,-2.4587978798
933,933.0,933.0,933.0,933.0,3.0,0.3,-0.5273364113,-3.847504982,18.93987244278328,1.6118442243,1.0193787364000002,5.6106468027,-3.667504982
934,934.0,934.0,934.0,934.0,4.0,0.4,-0.8018548386,-1.6789993104,-11.77723322961548,2.6312229607,0.6286402858,4.5912680663,-1.2589993104
935,935.0,935.0,935.0,935.0,5.0,0.5,-1.0186041792,-2.6399732928,2.870913295269549,3.2598632465,0.7005087199999998,3.9626277805,-2.1399732928
936,936.0,936.0,936.0,936.0,6.0,0.6,-1.2559429953,-2.1155431471,-16.580440745197347,3.9603719665,1.1383678663,3.2621190605000003,-1.6955431471
937,937.0,937.0,937.0,937.0,7.0,0.7,-1.5374700803,-3.4920601366,19.81665433436075,5.0987398328,1.0772113022000005,2.1237511942000005,-3.3120601366
938,938.0,938.0,938.0,938.0,8.0,0.8,-1.773922318,-1.2739424655,1.4548452798066478,6.175951135,0.4681867017999996,1.0465398920000002,-1.4939424655000002
939,939.0,939.0,939.0,939.0,9.0,0.9,-1.8881164872,-1.0142637683,-7.061790072849528,6.6441378368,0.5783531902000005,0.5783531902000005,-1.7942637683000002
940,940.0,940.0,940.0,940.0,0.0,0.0,0.0,-1.0,-16.671889466398994,0.0,0.4674359598,3.1809147441,-2.5
941,941.0,941.0,941.0,941.0,1.0,0.1,-0.1758114811,-2.4913774655,2.7759081241400736,0.4674359598,0.5151062069000001,2.7134787843,-3.2713774655
942,942.0,942.0,942.0,942.0,2.0,0.2,-0.3994691632,-1.990128971,15.581052234206249,0.9825421667,0.2969112756999998,2.1983725774,-2.210128971
943,943.0,943.0,943.0,943.0,3.0,0.3,-0.5134829214,-0.3180099894,-6.933973165200044,1.2794534424,0.0972658645999999,1.9014613017,-0.1380099894000001
944,944.0,944.0,944.0,944.0,4.0,0.4,-0.5772879396,-0.9476022877,3.0064145841119654,1.376719307,0.1011702169000001,1.8041954371,-0.5276022877
945,945.0,945.0,945.0,945.0,5.0,0.5,-0.6529208982,-0.5713278708,-17.223807765003244,1.4778895239,0.4092079234999999,1.7030252201999998,-0.0713278708
946,946.0,946.0,946.0,946.0,6.0,0.6,-0.7906084867,-2.1560210587,2.5623944477449143,1.8870974474,0.4562408338999999,1.2938172967,-1.7360210587
947,947.0,947.0,947.0,947.0,7.0,0.7,-0.9833856038,-1.7070044968,8.747178573888483,2.3433382813,0.3015472514000001,0.8375764628,-1.5270044967999998
948,948.0,948.0,948.0,948.0,8.0,0.8,-1.1035148031,-0.7121574402,-0.5571957013194151,2.6448855327,0.1795604519,0.5360292113999998,-0.9321574402000002
949,949.0,949.0,949.0,949.0,9.0,0.9,-1.1739816428,-0.6974101706,19.06863158111885,2.8244459846,0.3564687594999998,0.3564687594999998,-1.4774101706000002
950,950.0,950.0,950.0,950.0,0.0,0.0,0.0,-1.0,1.3588640499302471,0.0,0.0801019899,1.4442210991000002,2.4556247334
951,951.0,951.0,951.0,951.0,1.0,0.1,-0.0885891846,-0.7755244104,6.950620941352689,0.0801019899,0.0461344746999999,1.3641191092000002,2.4556247334
952,952.0,952.0,952.0,952.0,2.0,0.2,-0.1287670345,-0.0402844664,14.025529941977425,0.1262364646,0.1554653716,1.3179846345,2.4556247334
953,953.0,953.0,953.0,953.0,3.0,0.3,-0.0647532618,1.2982547551,5.934042677946948,0.2817018362,0.2512303046999999,1.1625192629,2.4556247334
954,954.0,954.0,954.0,954.0,4.0,0.4,0.0874974598,1.7394083014,4.011482616420334,0.5329321409,0.3538927819,0.9112889582,2.4556247334
955,955.0,955.0,955.0,955.0,5.0,0.5,0.2724292894,1.9556247334,-12.686169585635977,0.8868249228,0.2643627719999999,0.5573961762999999,2.4556247334
956,956.0,956.0,956.0,956.0,6.0,0.6,0.3971632965,0.5622737677,-13.16363922222111,1.1511876948,0.1181314098000001,0.2930334043,2.4556247334
957,957.0,957.0,957.0,957.0,7.0,0.7,0.3869926941,-0.7439195521,12.127269279853644,1.2693191046,0.1012525847999998,0.1749019944999998,2.4556247334
958,958.0,958.0,958.0,958.0,8.0,0.8,0.3748640368,0.4809360331,-7.188483784790671,1.3705716894,0.0464186434,0.0736494097,2.4556247334
959,959.0,959.0,959.0,959.0,9.0,0.9,0.3858574404,-0.2489057489,-2.02387384019881,1.4169903328,0.0272307662999999,0.0272307662999999,2.4556247334
960,960.0,960.0,960.0,960.0,0.0,0.0,0.0,-1.0,-15.795431528361812,0.0,0.4364305804,25.839222311299995,-2.5
961,961.0,961.0,961.0,961.0,1.0,0.1,-0.1715716883,-2.4079714646,-12.780457105829598,0.4364305804,0.9466876893,25.402791730899995,-3.1879714646000004
962,962.0,962.0,962.0,962.0,2.0,0.2,-0.4625448707,-3.3950439927,-16.45652576699648,1.3831182697,1.8139316656,24.4561040416,-3.6150439927
963,963.0,963.0,963.0,963.0,3.0,0.3,-0.8652328513,-4.6380085889,-10.878860259383924,3.1970499353,2.6270227323000004,22.642172376,-4.4580085889
964,964.0,964.0,964.0,964.0,4.0,0.4,-1.3592234182,-5.2319040478,-9.994815898456926,5.8240726676,3.3030540584,20.0151496437,-4.8119040478
965,965.0,965.0,965.0,965.0,5.0,0.5,-1.9054538607,-5.6851551952,-10.324247748098228,9.127126726,4.032935241600001,16.7120955853,-5.1851551952
966,966.0,966.0,966.0,966.0,6.0,0.6,-2.4964100977,-6.1266237331,14.658178106039005,13.1600619676,3.5316065984,12.679160343699998,-5.7066237331
967,967.0,967.0,967.0,967.0,7.0,0.7,-3.0085283325,-4.1486876876,-9.74826979245666,16.691668566,3.0448813900000005,9.147553745299998,-3.9686876876
968,968.0,968.0,968.0,968.0,8.0,0.8,-3.4504839805,-4.6815590189,3.3160598802428964,19.736549956,3.2043291276999994,6.1026723552999975,-4.9015590189000005
969,969.0,969.0,969.0,969.0,9.0,0.9,-3.8799526419,-3.9204843694,4.588314784163838,22.9408790837,2.898343227599998,2.898343227599998,-4.7004843694
970,970.0,970.0,970.0,970.0,0.0,0.0,0.0,-1.0,-3.7485677260250654,0.0,0.1363594797,14.888170888599998,-2.5
971,971.0,971.0,971.0,971.0,1.0,0.1,-0.1132959757,-1.2615607969,7.545669228934642,0.1363594797,0.1068157535,14.751811408899998,-2.0415607969000003
972,972.0,972.0,972.0,972.0,2.0,0.2,-0.1968478043,-0.4234420454,-19.41702820395456,0.2431752332,0.4022430319,14.6449956554,-0.6434420454
973,973.0,973.0,973.0,973.0,3.0,0.3,-0.3310719222,-2.2309207479,-17.280055463791705,0.6454182651,1.0644548397,14.2427526235,-2.0509207479
974,974.0,974.0,974.0,974.0,4.0,0.4,-0.6269629479,-3.6630352686,-8.87946914826854,1.7098731048,1.6427816601,13.1782977838,-3.2430352686
975,975.0,975.0,975.0,975.0,5.0,0.5,-1.0185007293,-4.1594444021,-12.063306396427045,3.3526547649,2.2955834778,11.5355161237,-3.6594444021
976,976.0,976.0,976.0,976.0,6.0,0.6,-1.4726786698,-4.9115971012,10.084829487586372,5.6482382427,2.1085885799,9.2399326459,-4.4915971012
977,977.0,977.0,977.0,977.0,7.0,0.7,-1.8912943993,-3.4844984228,-6.750013107039301,7.7568268226,1.7802835486000008,7.131344066,-3.3044984228
978,978.0,978.0,978.0,978.0,8.0,0.8,-2.2555408916,-3.7952532413,-15.052614487995362,9.5371103712,2.614762581799999,5.351060517399999,-4.0152532413
979,979.0,979.0,979.0,979.0,9.0,0.9,-2.6895227172,-4.8665328645,6.757947056994279,12.151872953,2.7362979356,2.7362979356,-5.6465328645
980,980.0,980.0,980.0,980.0,0.0,0.0,0.0,-1.0,17.117283380857636,0.0,0.172842239,4.120714973,3.2929881901
981,981.0,981.0,981.0,981.0,1.0,0.1,-0.0123591259,0.7240874639,17.37459555773527,0.172842239,0.406265822,3.947872734,3.2929881901
982,982.0,982.0,982.0,982.0,2.0,0.2,0.1405950833,2.3085928106,-7.408527374398005,0.579108061,0.3786417826,3.541606912,3.2929881901
983,983.0,983.0,983.0,983.0,3.0,0.3,0.3244486087,1.3838865477,-0.543938833585706,0.9577498436,0.1823886450999998,3.1629651294,3.2929881901
984,984.0,984.0,984.0,984.0,4.0,0.4,0.4535115459,1.2004297271,6.511835061090089,1.1401384887,0.2631641478000002,2.9805764843,3.2929881901
985,985.0,985.0,985.0,985.0,5.0,0.5,0.5992480445,1.7058767346,13.970271149616316,1.4033026365,0.6876179541,2.7174123365,3.2929881901
986,986.0,986.0,986.0,986.0,6.0,0.6,0.829163704,2.8729881901,-15.1361856190719,2.0909205906,0.6291153248999999,2.0297943824,3.2929881901
987,987.0,987.0,987.0,987.0,7.0,0.7,1.0293447246,1.1591886076,1.773367624135318,2.7200359155,0.2615107425,1.4006790575,3.2929881901
988,988.0,988.0,988.0,988.0,8.0,0.8,1.1482340418,1.2176360528,11.522947272380527,2.981546658,0.5194544570000001,1.139168315,3.2929881901
989,989.0,989.0,989.0,989.0,9.0,0.9,1.3198481798,2.1983166421,-1.1326374835272937,3.501001115,0.6197138579999999,0.6197138579999999,3.2929881901
990,990.0,990.0,990.0,990.0,0.0,0.0,0.0,-1.0,0.7482998809465471,0.0,0.0846034904,3.6985920142,-2.5
991,991.0,991.0,991.0,991.0,1.0,0.1,-0.0915427394,-0.8336272725,-12.633331713010044,0.0846034904,0.2900376503,3.6139885238,-1.6136272725000005
992,992.0,992.0,992.0,992.0,2.0,0.2,-0.231985568,-1.9565176152,-3.223989651026568,0.3746411407,0.4238363497,3.3239508735000003,-2.1765176152
993,993.0,993.0,993.0,993.0,3.0,0.3,-0.4337685822,-2.0771335661,0.7269914188831663,0.7984774904,0.4065283223,2.9001145238,-1.8971335661
994,994.0,994.0,994.0,994.0,4.0,0.4,-0.6279175153,-1.8102854911,-8.445940673935173,1.2050058127,0.5467795806,2.4935862015,-1.3902854910999998
995,995.0,995.0,995.0,995.0,5.0,0.5,-0.8410455101,-2.4417515638,14.58063982781151,1.7517853933,0.4777856390999999,1.9468066209,-1.9417515638
996,996.0,996.0,996.0,996.0,6.0,0.6,-1.0028763218,-0.8218567692,-14.717867197447156,2.2295710324,0.4600445031000002,1.4690209818,-0.4018567691999999
997,997.0,997.0,997.0,997.0,7.0,0.7,-1.1522827916,-2.1442370192,8.806688782083004,2.6896155355,0.4628917963999996,1.0089764786999995,-1.9642370192
998,998.0,998.0,998.0,998.0,8.0,0.8,-1.3137325322,-1.1021184003,1.267747402079081,3.1525073319,0.2851391812999999,0.5460846823000001,-1.3221184003000002
999,999.0,999.0,999.0,999.0,9.0,0.9,-1.4124806037,-0.8765955887,3.864037680546669,3.4376465132,0.2609455010000001,0.2609455010000001,-1.6565955887
1000,1000.0,1000.0,1000.0,1000.0,0.0,0.0,0.0,-1.0,-3.619523335269968,0.0,0.1344177553,5.326999620800001,-2.5
1001,1001.0,1001.0,1001.0,1001.0,1.0,0.1,-0.1126717338,-1.2492805997,-13.99200316354828,0.1344177553,0.4623516054,5.1925818655,-2.0292805997000003
1002,1002.0,1002.0,1002.0,1002.0,2.0,0.2,-0.2992416766,-2.4619109732,-3.0676963005441067,0.5967693607,0.6437868357000001,4.7302302601,-2.6819109732
1003,1003.0,1003.0,1003.0,1003.0,3.0,0.3,-0.5483631913,-2.5195590886,-0.6386002277940293,1.2405561964,0.6358224419,4.0864434244,-2.3395590886
1004,1004.0,1004.0,1004.0,1004.0,4.0,0.4,-0.7912203181,-2.3405619847,5.936893190351192,1.8763786383,0.4795945123,3.4506209824999994,-1.9205619847
1005,1005.0,1005.0,1005.0,1005.0,5.0,0.5,-0.985235219,-1.5528577647,0.1070521188502837,2.3559731506,0.3296371982999999,2.9710264701999995,-1.0528577647
1006,1006.0,1006.0,1006.0,1006.0,6.0,0.6,-1.1324915422,-1.3948962296,-0.0425536627920983,2.6856103489,0.3210488155999997,2.6413892719,-0.9748962296
1007,1007.0,1007.0,1007.0,1007.0,7.0,0.7,-1.265439743,-1.266203395,-13.101242219666284,3.0066591645,0.6164845153000003,2.3203404563,-1.0862033949999998
1008,1008.0,1008.0,1008.0,1008.0,8.0,0.8,-1.4493105168,-2.3924568433,3.164716380075877,3.6231436798,0.7020218709000003,1.7038559409999996,-2.6124568433000004
1009,1009.0,1009.0,1009.0,1009.0,9.0,0.9,-1.661673955,-1.863621767,-13.412720453942498,4.3251655507,1.0018340700999993,1.0018340700999993,-2.643621767
1010,1010.0,1010.0,1010.0,1010.0,0.0,0.0,0.0,-1.0,1.7557265686259704,0.0,0.0774999903,2.1781940817000005,2.0994815013
1011,1011.0,1011.0,1011.0,1011.0,1.0,0.1,-0.0866693993,-0.7377579438,15.325545355507536,0.0774999903,0.1380126625,2.1006940914000003,2.0994815013
1012,1012.0,1012.0,1012.0,1012.0,2.0,0.2,-0.0827402777,0.7908674701,12.65071831479429,0.2155126528,0.2770556223,1.9626814289,2.0994815013
1013,1013.0,1013.0,1013.0,1013.0,3.0,0.3,0.0537175226,1.9194815013,-6.3949320890331975,0.4925682751,0.2579258719999999,1.6856258066,2.0994815013
1014,1014.0,1014.0,1014.0,1014.0,4.0,0.4,0.2054454644,1.1282603506,-15.5538650759837,0.7504941471,0.1578044092,1.4276999346,2.0994815013
1015,1015.0,1015.0,1015.0,1015.0,5.0,0.5,0.2375730901,-0.4592537827,-9.46939637442962,0.9082985563,0.135149007,1.2698955254,2.0994815013
1016,1016.0,1016.0,1016.0,1016.0,6.0,0.6,0.1480618824,-1.3166822124,14.533097164927156,1.0434475633,0.156001552,1.1347465184,2.0994815013
1017,1017.0,1017.0,1017.0,1017.0,7.0,0.7,0.0930656653,0.1916237211,3.580790181343552,1.1994491153,0.0211030520999999,0.9787449664,2.0994815013
1018,1018.0,1018.0,1018.0,1018.0,8.0,0.8,0.1286226306,0.5141457739,10.868042294819151,1.2205521674,0.1731868746,0.9576419143,2.0994815013
1019,1019.0,1019.0,1019.0,1019.0,9.0,0.9,0.2301233362,1.4994492979,19.42120141163609,1.393739042,0.7844550397000001,0.7844550397000001,2.0994815013
1020,1020.0,1020.0,1020.0,1020.0,0.0,0.0,0.0,-1.0,-9.732279949041548,0.0,0.2560211568,4.262069795100001,-2.5
1021,1021.0,1021.0,1021.0,1021.0,1.0,0.1,-0.1422416905,-1.8309863044,7.248080128224252,0.2560211568,0.2311568906,4.006048638300001,-2.6109863044000003
1022,1022.0,1022.0,1022.0,1022.0,2.0,0.2,-0.2814211355,-0.9669988466,-3.0741977729466257,0.4871780474,0.1305193811,3.774891747700001,-1.1869988466
1023,1023.0,1023.0,1023.0,1023.0,3.0,0.3,-0.3883144503,-1.1675253091,-14.234530278012482,0.6176974285,0.4602308055,3.6443723666000007,-0.9875253091
1024,1024.0,1024.0,1024.0,1024.0,4.0,0.4,-0.5682775354,-2.4110152518,11.227765880257593,1.077928234,0.4284543407999999,3.184141561100001,-1.9910152518
1025,1025.0,1025.0,1025.0,1025.0,5.0,0.5,-0.7434025978,-1.1131136014,-13.628390007071864,1.5063825748,0.4674183799,2.7556872203000005,-0.6131136014
1026,1026.0,1026.0,1026.0,1026.0,6.0,0.6,-0.9152552965,-2.3040999034,-1.2796795834071162,1.9738009547,0.6154681006,2.2882688404000007,-1.8840999034
1027,1027.0,1027.0,1027.0,1027.0,7.0,0.7,-1.1407102163,-2.2066129419,-4.652397026015329,2.5892690553,0.7097601806,1.6728007398000004,-2.0266129419
1028,1028.0,1028.0,1028.0,1028.0,8.0,0.8,-1.3732028379,-2.4393600229,10.64958416045993,3.2990292359,0.6133841115999998,0.9630405592000004,-2.6593600229
1029,1029.0,1029.0,1029.0,1029.0,9.0,0.9,-1.5538223883,-1.1937820564,6.316279612144591,3.9124133475,0.3496564476000006,0.3496564476000006,-1.9737820564
1030,1030.0,1030.0,1030.0,1030.0,0.0,0.0,0.0,-1.0,-13.11466783862321,0.0,0.3493203371,9.9514690612,-2.5
1031,1031.0,1031.0,1031.0,1031.0,1.0,0.1,-0.158603714,-2.1528630698,19.50075670014867,0.3493203371,0.3531521113,9.6021487241,-2.9328630698
1032,1032.0,1032.0,1032.0,1032.0,2.0,0.2,-0.2691424123,-0.0922487016,-4.241918606578938,0.7024724484,0.0267573084,9.2489966128,-0.3122487015999999
1033,1033.0,1033.0,1033.0,1033.0,3.0,0.3,-0.2984408185,-0.487142156,-19.767195997566468,0.7292297568,0.4377202109999999,9.2222393044,-0.307142156
1034,1034.0,1034.0,1034.0,1034.0,4.0,0.4,-0.4404206273,-2.321881947,-6.688065981366913,1.1669499678,0.6977614164000001,8.784519093399998,-1.901881947
1035,1035.0,1035.0,1035.0,1035.0,5.0,0.5,-0.693729824,-2.7373793484,-19.51103034146335,1.8647113842,1.5456091283999998,8.086757676999998,-2.2373793484
1036,1036.0,1036.0,1036.0,1036.0,6.0,0.6,-1.0486089014,-4.3336033052,0.3485099173245416,3.4103205126,1.8481392426,6.541148548599999,-3.9136033052
1037,1037.0,1037.0,1037.0,1037.0,7.0,0.7,-1.4593202209,-3.8880409939,6.59291350591154,5.2584597552,1.4419995396000005,4.693009306,-3.7080409939
1038,1038.0,1038.0,1038.0,1038.0,8.0,0.8,-1.7974239577,-2.8906459065,-9.62144472209804,6.7004592948,1.4663737565999997,3.2510097664,-3.1106459065000003
1039,1039.0,1039.0,1039.0,1039.0,9.0,0.9,-2.1190480582,-3.5311662783,-3.621086171873408,8.1668330514,1.7846360097999998,1.7846360097999998,-4.3111662783
1040,1040.0,1040.0,1040.0,1040.0,0.0,0.0,0.0,-1.0,-11.381754729672506,0.0,0.2992048733,3.0836747546,0.0868204302999999
1041,1041.0,1041.0,1041.0,1041.0,1.0,0.1,-0.150220889,-1.9879545839,5.656441243567812,0.2992048733,0.2880976739999999,2.7844698813,0.0868204302999999
1042,1042.0,1042.0,1042.0,1042.0,2.0,0.2,-0.3120372508,-1.2604940978,8.006178216874527,0.5873025473,0.1175150734,2.4963722073000003,0.0868204302999999
1043,1043.0,1043.0,1043.0,1043.0,3.0,0.3,-0.393259903,-0.3786536239,-6.272854755376995,0.7048176207,0.0841825183,2.3788571339000004,0.0868204302999999
1044,1044.0,1044.0,1044.0,1044.0,4.0,0.4,-0.4596379898,-0.9395610127,4.591830117574464,0.789000139,0.0828068469,2.2946746156000004,0.0868204302999999
1045,1045.0,1045.0,1045.0,1045.0,5.0,0.5,-0.526836421,-0.4131795697,-8.776001307366666,0.8718069859,0.1421923581999998,2.2118677687000003,0.0868204302999999
1046,1046.0,1046.0,1046.0,1046.0,6.0,0.6,-0.608608845,-1.2090072764,-15.826074249979772,1.0139993441,0.5568056929,2.0696754105000004,0.0868204302999999
1047,1047.0,1047.0,1047.0,1047.0,7.0,0.7,-0.8002184361,-2.6000051104,4.209777784087226,1.570805037,0.6128272700999999,1.5128697176,0.0868204302999999
1048,1048.0,1048.0,1048.0,1048.0,8.0,0.8,-1.0272771562,-1.9519686119,5.875593796283592,2.1836323071,0.3933155364000003,0.9000424475000002,0.0868204302999999
1049,1049.0,1049.0,1049.0,1049.0,9.0,0.9,-1.1846090265,-1.2070773619,-10.905413097732506,2.5769478435,0.5067269110999999,0.5067269110999999,0.0868204302999999
1050,1050.0,1050.0,1050.0,1050.0,0.0,0.0,0.0,-1.0,-18.68961108792739,0.0,0.5435441309,30.0681982972,-2.5
1051,1051.0,1051.0,1051.0,1051.0,1.0,0.1,-0.1855720422,-2.6833890666,-9.459668252650957,0.5435441309,0.9666317205,29.524654166300003,-3.4633890666000005
1052,1052.0,1052.0,1052.0,1052.0,2.0,0.2,-0.4866903626,-3.3282375715,-18.86469793975533,1.5101758514,1.9080391771,28.5580224458,-3.5482375715
1053,1053.0,1053.0,1053.0,1053.0,3.0,0.3,-0.8946704693,-4.8067272587,-6.261584696176845,3.4182150285,2.5297378532,26.6499832687,-4.6267272587
1054,1054.0,1054.0,1054.0,1054.0,4.0,0.4,-1.382380471,-4.9451757266,-19.10401871195024,5.9479528817,3.6431811773,24.1202454155,-4.5251757266
1055,1055.0,1055.0,1055.0,1055.0,5.0,0.5,-1.9453903296,-6.2925677392,-1.7053798316490116,9.591134059,4.1988438175,20.4770642382,-5.7925677392
1056,1056.0,1056.0,1056.0,1056.0,6.0,0.6,-2.5524577124,-5.8560383396,13.717353409962024,13.7899778765,3.3265867995,16.2782204207,-5.4360383396000005
1057,1057.0,1057.0,1057.0,1057.0,7.0,0.7,-3.0433773459,-3.9933833651,-18.454573464378807,17.116564676,3.457301757100001,12.9516336212,-3.8133833651
1058,1058.0,1058.0,1058.0,1058.0,8.0,0.8,-3.5126704407,-5.3695476167,-13.127946428726831,20.5738664331,4.8330754154,9.494331864099998,-5.589547616700001
1059,1059.0,1059.0,1059.0,1059.0,9.0,0.9,-4.0871554542,-6.1078572462,14.215599876724674,25.4069418485,4.661256448699998,4.661256448699998,-6.8878572462
1060,1060.0,1060.0,1060.0,1060.0,0.0,0.0,0.0,-1.0,-11.09483276626159,0.0,0.2913765419,7.659338150100001,-2.5
1061,1061.0,1061.0,1061.0,1061.0,1.0,0.1,-0.1488329276,-1.960650349,-9.975023897052155,0.2913765419,0.6132822403,7.367961608200001,-2.740650349
1062,1062.0,1062.0,1062.0,1062.0,2.0,0.2,-0.3836668242,-2.7233188421,-3.5524717680651747,0.9046587822,0.7978168090000001,6.754679367900001,-2.9433188421
1063,1063.0,1063.0,1063.0,1063.0,3.0,0.3,-0.6600096043,-2.8022232388,12.61072059654378,1.7024755912,0.5808397693,5.9568625589,-2.6222232388
1064,1064.0,1064.0,1064.0,1064.0,4.0,0.4,-0.8656731034,-1.3354876801,-7.382594214555937,2.2833153605,0.3840611544999999,5.3760227896,-0.9154876801
1065,1065.0,1065.0,1065.0,1065.0,5.0,0.5,-1.0284743109,-1.910945894,-19.7938487431113,2.667376515,1.1242647208999998,4.9919616351,-1.410945894
1066,1066.0,1066.0,1066.0,1066.0,6.0,0.6,-1.3060759826,-3.6127290967,1.467845353152608,3.7916412359,1.3561896404999998,3.8676969142,-3.1927290967
1067,1067.0,1067.0,1067.0,1067.0,7.0,0.7,-1.6427719808,-3.1292485631,2.802937721596731,5.1478308764,1.1353743515000003,2.5115072737000004,-2.9492485631
1068,1068.0,1068.0,1068.0,1068.0,8.0,0.8,-1.9270004718,-2.5647262999,19.764734118471296,6.2832052279,0.8611298625000003,1.3761329222,-2.7847262999
1069,1069.0,1069.0,1069.0,1069.0,9.0,0.9,-2.0754561549,-0.439797205,-6.045154921897584,7.1443350904,0.5150030596999997,0.5150030596999997,-1.2197972050000003
1070,1070.0,1070.0,1070.0,1070.0,0.0,0.0,0.0,-1.0,-12.332584266553257,0.0,0.326100361,7.9552787017,1.0023898001999998
1071,1071.0,1071.0,1071.0,1071.0,1.0,0.1,-0.1548204488,-2.0784379778,10.067370020604097,0.326100361,0.2899839494,7.6291783407,1.0023898001999998
1072,1072.0,1072.0,1072.0,1072.0,2.0,0.2,-0.3039099532,-0.9226114713,17.414440361254556,0.6160843104,0.1873907849999999,7.3391943913,1.0023898001999998
1073,1073.0,1073.0,1073.0,1073.0,3.0,0.3,-0.3074671886,0.8223898002,-18.79677307404156,0.8034750954,0.2162073826,7.151803606300001,1.0023898001999998
1074,1074.0,1074.0,1074.0,1074.0,4.0,0.4,-0.3201342875,-1.0446204084,-15.63729796750136,1.019682478,0.4607178181,6.9355962237,1.0023898001999998
1075,1075.0,1075.0,1075.0,1075.0,5.0,0.5,-0.4951870396,-2.4332974531,-19.316327315883065,1.4804002961,1.3067143018,6.4748784056,1.0023898001999998
1076,1076.0,1076.0,1076.0,1076.0,6.0,0.6,-0.820187044,-4.0399301802,0.3312414835402286,2.7871145979,1.5714894577999998,5.168164103800001,1.0023898001999998
1077,1077.0,1077.0,1077.0,1077.0,7.0,0.7,-1.2030352308,-3.623957845,-4.878244784387494,4.3586040557,1.5629822878999995,3.5966746460000003,1.0023898001999998
1078,1078.0,1078.0,1078.0,1078.0,8.0,0.8,-1.5714982385,-3.7433193158,13.449588466883997,5.9215863436,1.2607635088000002,2.0336923581000006,1.0023898001999998
1079,1079.0,1079.0,1079.0,1079.0,9.0,0.9,-1.8626611486,-2.107197559,0.829778474819669,7.1823498524,0.7729288493000004,0.7729288493000004,1.0023898001999998
1080,1080.0,1080.0,1080.0,1080.0,0.0,0.0,0.0,-1.0,-11.941688265572754,0.0,0.3148660669,14.395851297400004,-2.5
1081,1081.0,1081.0,1081.0,1081.0,1.0,0.1,-0.1529295215,-2.041239305,1.9043718980742528,0.3148660669,0.3518404183999999,14.080985230500003,-2.821239305
1082,1082.0,1082.0,1082.0,1082.0,2.0,0.2,-0.3379668792,-1.6657647576,-16.535653636392972,0.6667064853,0.7425789958,13.729144812100005,-1.8857647576
1083,1083.0,1083.0,1083.0,1083.0,3.0,0.3,-0.5764752102,-3.0808217902,-18.716987868101565,1.4092854811,1.7244030099,12.986565816300002,-2.9008217902
1084,1084.0,1084.0,1084.0,1084.0,4.0,0.4,-0.9601960627,-4.5687997245,11.368029975169236,3.133688491,1.6625554075000002,11.262162806400005,-4.1487997245
1085,1085.0,1085.0,1085.0,1085.0,5.0,0.5,-1.3399829202,-3.0522098695,-6.917599923674654,4.7962438985,1.2998320452999996,9.599607398900002,-2.5522098695
1086,1086.0,1086.0,1086.0,1086.0,6.0,0.6,-1.6639024652,-3.4200503168,-11.727623624839971,6.0960759438,1.877566948,8.299775353600001,-3.0000503168
1087,1087.0,1087.0,1087.0,1087.0,7.0,0.7,-2.0460946671,-4.2106204774,1.5556075829677738,7.9736428918,2.0558250434,6.4222084056,-4.030620477399999
1088,1088.0,1088.0,1088.0,1088.0,8.0,0.8,-2.4392629913,-3.6618913949,-5.872047538962605,10.0294679352,2.128749690700001,4.366383362200001,-3.8818913949
1089,1089.0,1089.0,1089.0,1089.0,9.0,0.9,-2.8161434843,-3.8722156559,0.6915624668722664,12.1582176259,2.2376336715,2.2376336715,-4.6522156559
1090,1090.0,1090.0,1090.0,1090.0,0.0,0.0,0.0,-1.0,-5.172868832541617,0.0,0.1595827847,5.778922959,-2.5
1091,1091.0,1091.0,1091.0,1091.0,1.0,0.1,-0.120185916,-1.3971009672,-2.900041119481965,0.1595827847,0.2242935032,5.6193401743,-2.1771009672000003
1092,1092.0,1092.0,1092.0,1092.0,2.0,0.2,-0.2671663531,-1.5401246421,-15.031233034520582,0.3838762879,0.6213233464000001,5.395046671099999,-1.7601246421
1093,1093.0,1093.0,1093.0,1093.0,3.0,0.3,-0.4864409391,-2.8239733596,8.519208132044852,1.0051996343,0.6012201188999999,4.7737233247,-2.6439733596000004
1094,1094.0,1094.0,1094.0,1094.0,4.0,0.4,-0.7139665631,-1.7445269223,6.708729670298265,1.6064197532,0.2684413570999999,4.1725032058,-1.3245269223
1095,1095.0,1095.0,1095.0,1095.0,5.0,0.5,-0.8475275107,-0.9400930077,-15.607850580122742,1.8748611103,0.4947360075000002,3.9040618487,-0.4400930077
1096,1096.0,1096.0,1096.0,1096.0,6.0,0.6,-1.0124908533,-2.3359147231,4.073147942031412,2.3695971178,0.5473494830999996,3.4093258412,-1.9159147231
1097,1097.0,1097.0,1097.0,1097.0,7.0,0.7,-1.2150793547,-1.7260114276,-3.410011148600667,2.9169466009,0.5030712335,2.8619763581,-1.5460114276
1098,1098.0,1098.0,1098.0,1098.0,8.0,0.8,-1.3958263683,-1.8862655287,-18.06204687022604,3.4200178344,1.1256428080999998,2.3589051246,-2.1062655287000003
1099,1099.0,1099.0,1099.0,1099.0,9.0,0.9,-1.6627019474,-3.4255946367,6.221503441715367,4.5456606425,1.2332623165000005,1.2332623165000005,-4.205594636700001
1100,1100.0,1100.0,1100.0,1100.0,0.0,0.0,0.0,-1.0,-8.099483091924519,0.0,0.2176147306,1.6200573610000002,0.1968644620000001
1101,1101.0,1101.0,1101.0,1101.0,1.0,0.1,-0.1343431681,-1.6756051411,18.76248995503952,0.2176147306,0.2581839683,1.4024426304000002,0.1968644620000001
1102,1102.0,1102.0,1102.0,1102.0,2.0,0.2,-0.2030360739,0.2693367602,-6.722855895087241,0.4757986989,0.0308026429,1.1442586621000002,0.1968644620000001
1103,1103.0,1103.0,1103.0,1103.0,3.0,0.3,-0.2099264423,-0.3960584609,-3.7367868724360704,0.5066013418,0.0444799186,1.1134560192,0.1968644620000001
1104,1104.0,1104.0,1104.0,1104.0,4.0,0.4,-0.2656926497,-0.7139709407,-5.606447617839908,0.5510812604,0.1175388404999999,1.0689761006,0.1968644620000001
1105,1105.0,1105.0,1105.0,1105.0,5.0,0.5,-0.3607567085,-1.1795516438,-2.273730116418016,0.6686201009,0.1724717028,0.9514372601,0.1968644620000001
1106,1106.0,1106.0,1106.0,1106.0,6.0,0.6,-0.4840044673,-1.2836768966,12.382843267887123,0.8410918037,0.157218419,0.7789655572999999,0.1968644620000001
1107,1107.0,1107.0,1107.0,1107.0,7.0,0.7,-0.5462614991,0.016864462,1.2662542626169362,0.9983102227,0.0310440816999999,0.6217471383,0.1968644620000001
1108,1108.0,1108.0,1108.0,1108.0,8.0,0.8,-0.5385311537,0.1357595428,-18.48242187424777,1.0293543044,0.2870996427000001,0.5907030566,0.1968644620000001
1109,1109.0,1109.0,1109.0,1109.0,9.0,0.9,-0.6150191163,-1.6359946819,19.39074878789769,1.3164539471,0.3036034138999999,0.3036034138999999,0.1968644620000001
1110,1110.0,1110.0,1110.0,1110.0,0.0,0.0,0.0,-1.0,-18.453157648912924,0.0,0.5342840371,9.9102440618,-2.5
1111,1111.0,1111.0,1111.0,1111.0,1.0,0.1,-0.184428218,-2.6608875468,7.493347210521808,0.5342840371,0.5160586494,9.3759600247,-3.4408875468000004
1112,1112.0,1112.0,1112.0,1112.0,2.0,0.2,-0.4013967024,-1.6945843414,-7.212794238544809,1.0503426865,0.4379001111999998,8.8599013753,-1.9145843414
1113,1113.0,1113.0,1113.0,1113.0,3.0,0.3,-0.597549047,-2.2197114207,-15.03267068343915,1.4882427977,0.985541793,8.4220012641,-2.0397114207
1114,1114.0,1114.0,1114.0,1114.0,4.0,0.4,-0.8815018113,-3.4390257248,-6.978937760445859,2.4737845907,1.4419821856,7.436459471100001,-3.0190257248
1115,1115.0,1115.0,1115.0,1115.0,5.0,0.5,-1.2425283088,-3.7758930033,-3.743793165433836,3.9157667763,1.6376175525,5.9944772855,-3.2758930033
1116,1116.0,1116.0,1116.0,1116.0,6.0,0.6,-1.6199623323,-3.7728382963,6.53841419192154,5.5533843288,1.4233096120999995,4.356859733,-3.3528382963
1117,1117.0,1117.0,1117.0,1117.0,7.0,0.7,-1.9473668022,-2.7915924073,9.533900286931562,6.9766939409,0.9664679668000008,2.933550120900001,-2.6115924073
1118,1118.0,1118.0,1118.0,1118.0,8.0,0.8,-2.166902396,-1.6186667847,-6.368346773999605,7.9431619077,0.8726869895,1.9670821541,-1.8386667847
1119,1119.0,1119.0,1119.0,1119.0,9.0,0.9,-2.3517453109,-2.0706585473,-4.4934126126849705,8.8158488972,1.0943951646,1.0943951646,-2.8506585473
1120,1120.0,1120.0,1120.0,1120.0,0.0,0.0,0.0,-1.0,-5.885059898227031,0.0,0.1724275172,5.0183178721,-2.5
1121,1121.0,1121.0,1121.0,1121.0,1.0,0.1,-0.1236310798,-1.46487491,10.229131011644869,0.1724275172,0.1467221788,4.8458903549,-2.24487491
1122,1122.0,1122.0,1122.0,1122.0,2.0,0.2,-0.213549778,-0.3520431107,-3.804342719512274,0.319149696,0.0407057287,4.6991681761,-0.5720431106999999
1123,1123.0,1123.0,1123.0,1123.0,3.0,0.3,-0.2654542106,-0.68057295,-3.2569611479863703,0.3598554247,0.0799154873,4.6584624474,-0.50057295
1124,1124.0,1124.0,1124.0,1124.0,4.0,0.4,-0.3459745996,-0.9257486759,-19.25677268327744,0.439770912,0.5573739736000001,4.5785469601,-0.5057486758999999
1125,1125.0,1125.0,1125.0,1125.0,5.0,0.5,-0.5272242899,-2.6701762538,-3.716090831952567,0.9971448856,0.7917503319999999,4.0211729865,-2.1701762538
1126,1126.0,1126.0,1126.0,1126.0,6.0,0.6,-0.7993011187,-2.7697085083,-0.1185214638270757,1.7888952176,0.7859957830000002,3.2294226545,-2.3497085083
1127,1127.0,1127.0,1127.0,1127.0,7.0,0.7,-1.0634476026,-2.5174141707,-8.230389701400558,2.5748910006,0.961166069,2.4434268715,-2.3374141707
1128,1128.0,1128.0,1128.0,1128.0,8.0,0.8,-1.3428251497,-3.0610755937,7.6733384510236355,3.5360570696,0.9033333137,1.4822608025,-3.2810755937
1129,1129.0,1129.0,1129.0,1129.0,9.0,0.9,-1.5970060883,-2.03956081,6.093549656942408,4.4393903833,0.5789274887999998,0.5789274887999998,-2.81956081
1130,1130.0,1130.0,1130.0,1130.0,0.0,0.0,0.0,-1.0,3.945044889607967,0.0,0.0677311378,0.8236650964,0.9415196737
1131,1131.0,1131.0,1131.0,1131.0,1.0,0.1,-0.0760787536,-0.5294167574,10.325715472249769,0.0677311378,0.062925511,0.7559339586,0.9415196737
1132,1132.0,1132.0,1132.0,1132.0,2.0,0.2,-0.0765096184,0.5035856546,-17.838902398255815,0.1306566488,0.1998986247999999,0.6930084476,0.9415196737
1133,1133.0,1133.0,1133.0,1133.0,3.0,0.3,-0.1148813297,-1.241932874,7.103396084160739,0.3305552736,0.1034771883,0.4931098228,0.9415196737
1134,1134.0,1134.0,1134.0,1134.0,4.0,0.4,-0.1987047723,-0.4477698229,8.897179337176262,0.4340324619,0.0504111923,0.3896326344999999,0.9415196737
1135,1135.0,1135.0,1135.0,1135.0,5.0,0.5,-0.1982763352,0.4415196737,-1.786648943916255,0.4844436542,0.0163510247999999,0.3392214421999999,0.9415196737
1136,1136.0,1136.0,1136.0,1136.0,6.0,0.6,-0.1649029675,0.2294814116,-10.091928998234492,0.500794679,0.0691455940999999,0.3228704174,0.9415196737
1137,1137.0,1137.0,1137.0,1137.0,7.0,0.7,-0.1918837974,-0.7527306583,2.644307809260617,0.5699402731,0.0440342769,0.2537248233,0.9415196737
1138,1138.0,1138.0,1138.0,1138.0,8.0,0.8,-0.2507239513,-0.4294597235,14.606210676088992,0.61397455,0.1387508305,0.2096905463999999,0.9415196737
1139,1139.0,1139.0,1139.0,1139.0,9.0,0.9,-0.2209361045,1.0013734973,-7.185516106611885,0.7527253805,0.0709397158999999,0.0709397158999999,0.9415196737
1140,1140.0,1140.0,1140.0,1140.0,0.0,0.0,0.0,-1.0,-6.033877618451736,0.0,0.1752152948,3.7600844886,-2.5
1141,1141.0,1141.0,1141.0,1141.0,1.0,0.1,-0.1243509734,-1.4790367885,11.765529165030197,0.1752152948,0.1559170547999999,3.5848691938000004,-2.2590367885000004
1142,1142.0,1142.0,1142.0,1142.0,2.0,0.2,-0.2081851523,-0.2186496931,-12.030367549445511,0.3311323496,0.1510408651,3.428952139,-0.4386496930999999
1143,1143.0,1143.0,1143.0,1143.0,3.0,0.3,-0.2871883305,-1.3426832697,-5.117187490279758,0.4821732147,0.2600003667,3.2779112739,-1.1626832697
1144,1144.0,1144.0,1144.0,1144.0,4.0,0.4,-0.4397155235,-1.7018748258,-10.361854630714484,0.7421735814,0.5385357116999999,3.0179109072,-1.2818748258
1145,1145.0,1145.0,1145.0,1145.0,5.0,0.5,-0.6517949369,-2.5259808755,19.580772275020337,1.2807092931,0.4960033909000001,2.4793751955000003,-2.0259808755
1146,1146.0,1146.0,1146.0,1146.0,6.0,0.6,-0.7974534424,-0.4222451425,-18.98115335282493,1.776712684,0.4525600763000001,1.9833718046,-0.0022451424999999
1147,1147.0,1147.0,1147.0,1147.0,7.0,0.7,-0.9294551436,-2.1883587766,-2.3147724969233643,2.2292727603,0.5926293598999997,1.5308117282999998,-2.0083587766
1148,1148.0,1148.0,1148.0,1148.0,8.0,0.8,-1.1489024438,-2.2003887261,8.75645753893114,2.8219021202,0.4806825918999999,0.9381823684,-2.4203887261
1149,1149.0,1149.0,1149.0,1149.0,9.0,0.9,-1.3159387308,-1.1577066852,-8.344777681094811,3.3025847121,0.4574997765000002,0.4574997765000002,-1.9377066852
1150,1150.0,1150.0,1150.0,1150.0,0.0,0.0,0.0,-1.0,13.05783197991306,0.0,0.1104872198,3.6644568301,-2.5
1151,1151.0,1151.0,1151.0,1151.0,1.0,0.1,-0.0319963905,0.3377795885,-10.370911578401088,0.1104872198,0.0657895883,3.5539696103,-0.4422204115000002
1152,1152.0,1152.0,1152.0,1152.0,2.0,0.2,-0.0500208429,-0.681287117,-7.399448806651968,0.1762768081,0.1330283734,3.488180022,-0.901287117
1153,1153.0,1153.0,1153.0,1153.0,3.0,0.3,-0.1506480622,-1.3206047783,-3.429441404087377,0.3093051815,0.2136138053,3.3551516486,-1.1406047783
1154,1154.0,1154.0,1154.0,1154.0,4.0,0.4,-0.2929099389,-1.5212870421,-13.080564778533684,0.5229189868,0.5438624180999999,3.1415378433,-1.1012870421
1155,1155.0,1155.0,1155.0,1155.0,5.0,0.5,-0.5009556892,-2.6212977696,-2.6406518842355986,1.0667814049,0.7316197412000001,2.5976754252,-2.1212977696
1156,1156.0,1156.0,1156.0,1156.0,6.0,0.6,-0.7631790918,-2.6231395554,-3.244850681510858,1.7984011461,0.7900013509000001,1.866055684,-2.2031395554
1157,1157.0,1157.0,1157.0,1157.0,7.0,0.7,-1.028500474,-2.6823032413,13.000201636506064,2.588402497,0.6027321410999997,1.0760543330999996,-2.5023032413
1158,1158.0,1158.0,1158.0,1158.0,8.0,0.8,-1.2208680976,-1.1899154541,6.997646023852337,3.1911346381,0.2531716316000003,0.4733221919999999,-1.4099154541000003
1159,1159.0,1159.0,1159.0,1159.0,9.0,0.9,-1.3002538235,-0.4107651258,-4.0939405212302695,3.4443062697,0.2201505603999995,0.2201505603999995,-1.1907651258000005
1160,1160.0,1160.0,1160.0,1160.0,0.0,0.0,0.0,-1.0,17.802870949148264,0.0,0.1860080192,2.9841281828,2.7507374846999992
1161,1161.0,1161.0,1161.0,1161.0,1.0,0.1,-0.0090426522,0.7893297471,0.8427022060322926,0.1860080192,0.063213205,2.7981201636,2.7507374846999992
1162,1162.0,1162.0,1162.0,1162.0,2.0,0.2,0.0701485023,0.7944088132,1.5261987448708894,0.2492212242,0.0713543235,2.7349069586,2.7507374846999992
1163,1163.0,1163.0,1163.0,1163.0,3.0,0.3,0.1531292833,0.8640479067,-5.108407794089413,0.3205755477,0.0523279264,2.6635526351,2.7507374846999992
1164,1164.0,1164.0,1164.0,1164.0,4.0,0.4,0.2106428157,0.2956935949,1.4883195163638447,0.3729034741,0.0188842226,2.6112247087,2.7507374846999992
1165,1165.0,1165.0,1165.0,1165.0,5.0,0.5,0.2459809224,0.4091874398,2.09633409351515,0.3917876967,0.0337666117999999,2.5923404861,2.7507374846999992
1166,1166.0,1166.0,1166.0,1166.0,6.0,0.6,0.2950611236,0.569740648,6.1064194134152885,0.4255543085,0.1022278642,2.5585738743,2.7507374846999992
1167,1167.0,1167.0,1167.0,1167.0,7.0,0.7,0.3788184198,1.0966252932,14.148024894719349,0.5277821727,0.4324687201999999,2.4563460101,2.7507374846999992
1168,1168.0,1168.0,1168.0,1168.0,8.0,0.8,0.5516160144,2.338630188,14.865689259077598,0.9602508929,1.0375971183,2.0238772899,2.7507374846999992
1169,1169.0,1169.0,1169.0,1169.0,9.0,0.9,0.8460776436,3.5307374847,-10.35332800277681,1.9978480112,0.9862801716,0.9862801716,2.7507374846999992
1170,1170.0,1170.0,1170.0,1170.0,0.0,0.0,0.0,-1.0,-2.475955275754305,0.0,0.1183892539,11.438981294499998,-2.5
1171,1171.0,1171.0,1171.0,1171.0,1.0,0.1,-0.1071398499,-1.1404556777,-15.461833709975824,0.1183892539,0.4748835505,11.320592040599998,-1.9204556777
1172,1172.0,1172.0,1172.0,1172.0,2.0,0.2,-0.2904639151,-2.5033149835,-7.789227608946421,0.5932728044,0.8122931783,10.845708490099998,-2.7233149835
1173,1173.0,1173.0,1173.0,1173.0,3.0,0.3,-0.5663655956,-3.0063360639,-13.804999859247465,1.4055659827,1.4042196559000002,10.0334153118,-2.8263360639000004
1174,1174.0,1174.0,1174.0,1174.0,4.0,0.4,-0.9192368568,-4.0339647886,5.305690947655968,2.8097856386,1.4271850302999995,8.629195655899998,-3.6139647886
1175,1175.0,1175.0,1175.0,1175.0,5.0,0.5,-1.2774535045,-3.1451790461,-5.664632031093149,4.2369706689,1.2918098504,7.2020106256,-2.6451790461
1176,1176.0,1176.0,1176.0,1176.0,6.0,0.6,-1.6041576925,-3.3849380612,10.274920303171704,5.5287805193,1.116266736,5.9102007752,-2.9649380612000003
1177,1177.0,1177.0,1177.0,1177.0,7.0,0.7,-1.8765733462,-2.0850303772,-13.175172346254334,6.6450472553,1.1834151292,4.7939340392,-1.9050303772
1178,1178.0,1178.0,1178.0,1178.0,8.0,0.8,-2.1387241098,-3.1403968483,-3.68623816394134,7.8284623845,1.5379706194999994,3.61051891,-3.3603968483
1179,1179.0,1179.0,1179.0,1179.0,9.0,0.9,-2.4554042144,-3.19234056,-11.85688035780294,9.366433004,2.0725482905000003,2.0725482905000003,-3.97234056
1180,1180.0,1180.0,1180.0,1180.0,0.0,0.0,0.0,-1.0,-7.898700410145416,0.0,0.2131901301,11.548022538899998,-2.5
1181,1181.0,1181.0,1181.0,1181.0,1.0,0.1,-0.1333718984,-1.6564981426,-0.3337801787971557,0.2131901301,0.2585912213,11.3348324088,-2.4364981426000005
1182,1182.0,1182.0,1182.0,1182.0,2.0,0.2,-0.2926232591,-1.5306247998,-15.006446235535847,0.4717813514,0.6183258885,11.0762411875,-1.7506247998
1183,1183.0,1183.0,1183.0,1183.0,3.0,0.3,-0.5108739096,-2.8130187728,-17.32787761350139,1.0901072399,1.4482742572,10.457915299,-2.6330187728
1184,1184.0,1184.0,1184.0,1184.0,4.0,0.4,-0.8623902275,-4.1942902163,-18.6028382367294,2.5383814971,2.7031877902,9.0096410418,-3.7742902163
1185,1185.0,1185.0,1185.0,1185.0,5.0,0.5,-1.3515194235,-5.565444844,17.008457649116195,5.2415692873,2.439732543,6.3064532516,-5.065444844
1186,1186.0,1186.0,1186.0,1186.0,6.0,0.6,-1.7988645348,-3.4172539678,4.70417983436317,7.6813018303,1.3142892412,3.8667207086,-2.9972539678
1187,1187.0,1187.0,1187.0,1187.0,7.0,0.7,-2.1013033351,-2.6443971841,8.041008834797829,8.9955910715,0.9850650660000008,2.5524314674,-2.4643971841
1188,1188.0,1188.0,1188.0,1188.0,8.0,0.8,-2.3140531843,-1.6275464514,8.667499766713863,9.9806561375,0.7390943282000002,1.5673664013999993,-1.8475464514
1189,1189.0,1189.0,1189.0,1189.0,9.0,0.9,-2.4270074646,-0.6478421944,-11.57890908555331,10.7197504657,0.8282720731999991,0.8282720731999991,-1.4278421944000002
1190,1190.0,1190.0,1190.0,1190.0,0.0,0.0,0.0,-1.0,11.069940534588016,0.0,0.0896888,3.2260243693,1.5601687953
1191,1191.0,1191.0,1191.0,1191.0,1.0,0.1,-0.0416126525,0.1486067059,-5.619705287550154,0.0896888,0.0201943287,3.1363355693000003,1.5601687953
1192,1192.0,1192.0,1192.0,1192.0,2.0,0.2,-0.0546556928,-0.4003207825,-15.99640113565592,0.1098831287,0.2807602509,3.1161412406,1.5601687953
1193,1193.0,1193.0,1193.0,1193.0,3.0,0.3,-0.1701325266,-1.8844840623,-12.165087733558156,0.3906433796,0.6576434635000001,2.8353809897,1.5601687953
1194,1194.0,1194.0,1194.0,1194.0,4.0,0.4,-0.4083124091,-2.8628129531,12.11103912065051,1.0482868431,0.5757268687999999,2.1777375262,1.5601687953
1195,1195.0,1195.0,1195.0,1195.0,5.0,0.5,-0.6221589222,-1.437862528,15.768211716550546,1.6240137119,0.2277228253000001,1.6020106574,1.5601687953
1196,1196.0,1196.0,1196.0,1196.0,6.0,0.6,-0.682712201,0.1995119225,10.802430880798228,1.8517365372,0.1605989939000001,1.3742878321,1.5601687953
1197,1197.0,1197.0,1197.0,1197.0,7.0,0.7,-0.6114704381,1.2085132477,6.07406466562464,2.0123355311,0.2583847341999998,1.2136888382,1.5601687953
1198,1198.0,1198.0,1198.0,1198.0,8.0,0.8,-0.4670823449,1.6715316211,-1.5944156122469444,2.2707202653,0.2464638576999998,0.955304104,1.5601687953
1199,1199.0,1199.0,1199.0,1199.0,9.0,0.9,-0.3157279752,1.3607356901,19.218941267155103,2.517184123,0.7088402463000003,0.7088402463000003,1.5601687953
1200,1200.0,1200.0,1200.0,0.0,,0.0,0.0,-1.0,10.031453142530696,0.0,0.08136887,1.2199086141,1.4050509437
1201,1201.0,1201.0,1201.0,1.0,,0.1,-0.0466362493,0.0497815635,-10.825777396925648,0.08136887,0.0906137752,1.1385397441,1.4050509437
1202,1202.0,1202.0,1202.0,2.0,,0.2,-0.0942677164,-0.985164709,2.500946685463463,0.1719826452,0.0726729964,1.0479259689,1.4050509437
1203,1203.0,1203.0,1203.0,3.0,,0.3,-0.175920496,-0.6534172609,-5.379698277913944,0.2446556416,0.0986993704,0.9752529725,1.4050509437
1204,1204.0,1204.0,1204.0,4.0,,0.4,-0.2641252187,-1.103182366,20.0,0.343355012,0.2424057074999999,0.8765536021,1.4050509437
1205,1205.0,1205.0,1205.0,5.0,,0.5,-0.2723585284,0.9050509437,-20.0,0.5857607195,0.2409286806,0.6341478946,1.4050509437
1206,1206.0,1206.0,1206.0,6.0,,0.6,-0.2829798614,-1.0843277233,5.153908954894307,0.8266894001,0.0882043141999999,0.3932192139999999,1.4050509437
1207,1207.0,1207.0,1207.0,7.0,,0.7,-0.3612356664,-0.4906810228,7.509713764538375,0.9148937143,0.0479983577,0.3050148997999999,1.4050509437
1208,1208.0,1208.0,1208.0,8.0,,0.8,-0.3716025144,0.2706572017,5.5772696137068,0.962892072,0.0577249922,0.2570165420999999,1.4050509437
1209,1209.0,1209.0,1209.0,9.0,,0.9,-0.3188666546,0.7756483032,9.400463308572013,1.0206170642,0.1992915498999998,0.1992915498999998,1.4050509437
1210,1210.0,1210.0,1210.0,0.0,,0.0,0.0,-1.0,11.507084666635452,0.0,0.0937134016,1.1483149355000002,0.0762306740999996
1211,1211.0,1211.0,1211.0,1.0,,0.1,-0.0394980036,0.1902064703,-12.852715629671929,0.0937134016,0.1151375816,1.0546015339,0.0762306740999996
1212,1212.0,1212.0,1212.0,2.0,,0.2,-0.083571415,-1.0509916813,4.638943960749101,0.2088509832,0.0750410587,0.9394639523,0.0762306740999996
1213,1213.0,1213.0,1213.0,3.0,,0.3,-0.161145988,-0.5095227122,-7.538295510071561,0.2838920419,0.1082957832,0.8644228936,0.0762306740999996
1214,1214.0,1214.0,1214.0,4.0,,0.4,-0.2460993013,-1.1783989499,-4.041500229913341,0.3921878251,0.1919445107,0.7561271104,0.0762306740999996
1215,1215.0,1215.0,1215.0,5.0,,0.5,-0.3777887878,-1.4508594864,5.575659797225675,0.5841323358,0.162060781,0.5641825997,0.0762306740999996
1216,1216.0,1216.0,1216.0,6.0,,0.6,-0.4888846043,-0.7821976902,4.17564187363155,0.7461931168,0.0670457625,0.4021218186999999,0.0762306740999996
1217,1217.0,1217.0,1217.0,7.0,,0.7,-0.5431212163,-0.3103968909,5.218259444748368,0.8132388793,0.0463214765999999,0.3350760561999999,0.0762306740999996
1218,1218.0,1218.0,1218.0,8.0,,0.8,-0.5474167629,0.2157246002,6.946375167163319,0.8595603559,0.0845055459999999,0.2887545795999999,0.0762306740999996
1219,1219.0,1219.0,1219.0,9.0,,0.9,-0.4932853201,0.8562306741,8.220909579167968,0.9440659019,0.2042490336,0.2042490336,0.0762306740999996
1220,1220.0,1220.0,1220.0,0.0,,0.0,0.0,-1.0,11.124888853948972,0.0,0.0901776777,4.0298947584,3.8885943705
1221,1221.0,1221.0,1221.0,1.0,,0.1,-0.0413468445,0.1538357299,-12.283907416897495,0.0901776777,0.1074841321,3.9397170807,3.8885943705
1222,1222.0,1222.0,1222.0,2.0,,0.2,-0.0861298309,-1.0297720254,4.725129207741006,0.1976618098,0.0718126531999999,3.8322329486,3.8885943705
1223,1223.0,1223.0,1223.0,3.0,,0.3,-0.1612681724,-0.4821207631,-8.123803976396967,0.269474463,0.1139323409999999,3.7604202954,3.8885943705
1224,1224.0,1224.0,1224.0,4.0,,0.4,-0.246446192,-1.2093231412,-1.786919502776993,0.383406804,0.1643090707,3.6464879544,3.8885943705
1225,1225.0,1225.0,1225.0,5.0,,0.5,-0.3701725591,-1.2642887244,19.384937651296266,0.5477158747,0.2431014078999999,3.4821788837,3.8885943705
1226,1226.0,1226.0,1226.0,6.0,,0.6,-0.3967124991,0.7007449808,20.0,0.7908172826,0.5063456715000001,3.2390774758000003,3.8885943705
1227,1227.0,1227.0,1227.0,7.0,,0.7,-0.2332794492,2.5373119309,19.048866932734345,1.2971629541,1.3164931989,2.7327318043,3.8885943705
1228,1228.0,1228.0,1228.0,8.0,,0.8,0.1003248045,4.1085943705,-20.0,2.613656153,1.117439993,1.4162386054000002,3.8885943705
1229,1229.0,1229.0,1229.0,9.0,,0.9,0.3945609677,1.8143582073,-1.500322737450138,3.731096146,0.2987986124000001,0.2987986124000001,3.8885943705
1230,1230.0,1230.0,1230.0,0.0,,0.0,0.0,-1.0,10.785282685561,0.0,0.0872342901,4.2156805086,4.028749488599999
1231,1231.0,1231.0,1231.0,1.0,,0.1,-0.0429896606,0.1215179292,-10.437573032670093,0.0872342901,0.0783440411999999,4.128446218500001,4.028749488599999
1232,1232.0,1232.0,1232.0,2.0,,0.2,-0.0819166012,-0.8833124335,2.323719024178481,0.1655783313,0.0580057313,4.0501021773,4.028749488599999
1233,1233.0,1233.0,1233.0,3.0,,0.3,-0.1547341794,-0.5781229529,-7.307005300667402,0.2235840626,0.1156216241,3.992096446,4.028749488599999
1234,1234.0,1234.0,1234.0,4.0,,0.4,-0.2450968916,-1.2184607708,-1.6756129224364065,0.3392056867,0.1648611681,3.8764748219,4.028749488599999
1235,1235.0,1235.0,1235.0,5.0,,0.5,-0.3691544135,-1.2619645411,20.0,0.5040668548,0.2553863105999999,3.7116136538,4.028749488599999
1236,1236.0,1236.0,1236.0,6.0,,0.6,-0.3924978664,0.7613789118,20.0,0.7594531654,0.5249105913,3.4562273432,4.028749488599999
1237,1237.0,1237.0,1237.0,7.0,,0.7,-0.2232947296,2.592175775,20.0,1.2843637567,1.4037055930000002,2.9313167519000003,4.028749488599999
1238,1238.0,1238.0,1238.0,8.0,,0.8,0.1201315568,4.2487494886,-19.289808881107373,2.6880693497,1.2046059568,1.5276111589,4.028749488599999
1239,1239.0,1239.0,1239.0,9.0,,0.9,0.4311408515,2.0087593057,-4.930835991411496,3.8926753065,0.3230052021,0.3230052021,4.028749488599999
1240,1240.0,1240.0,1240.0,0.0,,0.0,0.0,-1.0,11.675381993145969,0.0,0.0953453664,1.1830818912,0.1338942750999998
1241,1241.0,1241.0,1241.0,1.0,,0.1,-0.0386838791,0.2062220784,-12.536773328315732,0.0953453664,0.1079228578999999,1.0877365248000002,0.1338942750999998
1242,1242.0,1242.0,1242.0,2.0,,0.2,-0.0797048532,-1.0064342804,3.7433974946400808,0.2032682243,0.0705770162999999,0.9798136669000002,0.1338942750999998
1243,1243.0,1243.0,1243.0,3.0,,0.3,-0.1573714392,-0.5544279448,-7.286972320112422,0.2738452406,0.1113378411,0.9092366506,0.1338942750999998
1244,1244.0,1244.0,1244.0,4.0,,0.4,-0.2453823633,-1.1951142528,-2.966378618575682,0.3851830817,0.1783054531,0.7978988095000001,0.1338942750999998
1245,1245.0,1245.0,1245.0,5.0,,0.5,-0.3734620646,-1.3636724133,2.052154975388251,0.5634885348,0.1657468955,0.6195933564,0.1338942750999998
1246,1246.0,1246.0,1246.0,6.0,,0.6,-0.4933054996,-1.0386134808,4.801055273309373,0.7292354303,0.1000220817999999,0.4538464609,0.1338942750999998
1247,1247.0,1247.0,1247.0,7.0,,0.7,-0.5689180324,-0.4828954207,6.269230729727526,0.8292575121,0.0594177570999999,0.3538243791000001,0.1338942750999998
1248,1248.0,1248.0,1248.0,8.0,,0.8,-0.5845447238,0.1596543437,8.085456594022544,0.8886752692,0.0987190192,0.2944066220000001,0.1338942750999998
1249,1249.0,1249.0,1249.0,9.0,,0.9,-0.5302389958,0.9138942751,6.986724841383776,0.9873942884,0.1956876028,0.1956876028,0.1338942750999998
1250,1250.0,1250.0,1250.0,0.0,,0.0,0.0,-1.0,11.952420996462186,0.0,0.0981317156,1.4045812011,1.3791356572
1251,1251.0,1251.0,1251.0,1.0,,0.1,-0.0373437256,0.2325858252,-12.943938708312338,0.0981317156,0.1134987765999999,1.3064494855,1.3791356572
1252,1252.0,1252.0,1252.0,2.0,,0.2,-0.0778255032,-1.021326268,3.769460509577307,0.2116304922,0.0726989492,1.1929507089,1.3791356572
1253,1253.0,1253.0,1253.0,3.0,,0.3,-0.1567831668,-0.5654225534,-6.517348407148373,0.2843294414,0.1005833949,1.1202517597,1.3791356572
1254,1254.0,1254.0,1254.0,4.0,,0.4,-0.2421173762,-1.1318231847,20.0,0.3849128363,0.2418873346999999,1.0196683648,1.3791356572
1255,1255.0,1255.0,1255.0,5.0,,0.5,-0.2530762182,0.8791356572,-20.0,0.626800171,0.2405238576,0.7777810301000001,1.3791356572
1256,1256.0,1256.0,1256.0,6.0,,0.6,-0.2661637025,-1.1077768584,19.491979222880506,0.8673240286,0.2315309077999999,0.5372571725,1.3791356572
1257,1257.0,1257.0,1257.0,7.0,,0.7,-0.2772917612,0.8525491226,-6.703856267539148,1.0988549364,0.0566159535999999,0.3057262647000001,1.3791356572
1258,1258.0,1258.0,1258.0,8.0,,0.8,-0.2285903441,0.1334620787,8.03925933331913,1.15547089,0.0680389646000001,0.2491103111000001,1.3791356572
1259,1259.0,1259.0,1259.0,9.0,,0.9,-0.1770004968,0.8857981648,7.630761175621274,1.2235098546,0.1810713465,0.1810713465,1.3791356572
1260,1260.0,1260.0,0.0,,,0.0,0.0,-1.0,-4.308740909843159,0.0,0.1451010795,5.605761553200001,3.9007702026
1261,1261.0,1261.0,1.0,,,0.1,-0.1160057673,-1.3148683236,-3.3036295101719864,0.1451010795,0.2084562681,5.460660473700001,3.9007702026
1262,1262.0,1262.0,2.0,,,0.2,-0.2571130581,-1.5041239839,-3.595137035390375,0.3535573476,0.2759690566999999,5.252204205600001,3.9007702026
1263,1263.0,1263.0,3.0,,,0.3,-0.4176405554,-1.7031101901,-4.556663150981335,0.6295264043,0.3760117768,4.976235148900001,3.9007702026
1264,1264.0,1264.0,4.0,,,0.4,-0.6017552336,-1.9746618271,20.0,1.0055381811,0.3638133196999999,4.6002233721,3.9007702026
1265,1265.0,1265.0,5.0,,,0.5,-0.6929208053,0.1165037446,20.0,1.3693515008,0.3890916947,4.2364100524,3.9007702026
1266,1266.0,1266.0,6.0,,,0.6,-0.5850857065,2.0086686459,20.0,1.7584431955,1.0747127183000005,3.8473183577,3.9007702026
1267,1267.0,1267.0,7.0,,,0.7,-0.2971872632,3.7207702026,-16.127732552125305,2.8331559138,0.9245832253999996,2.7726056394,3.9007702026
1268,1268.0,1268.0,8.0,,,0.8,-0.0211255627,1.8319352469,20.0,3.7577391392,0.961364605,1.848022414,3.9007702026
1269,1269.0,1269.0,9.0,,,0.9,0.2499545194,3.5608551647,-12.729597225538605,4.7191037442,0.8866578089999999,0.8866578089999999,3.9007702026
1270,1270.0,1270.0,0.0,,,0.0,0.0,-1.0,-2.996533697467844,0.0,0.1254230556,3.829487318,2.1346330768
1271,1271.0,1271.0,1.0,,,0.1,-0.1096580959,-1.1899952739,-5.408872350969709,0.1254230556,0.2135773653,3.7040642624,2.1346330768
1272,1272.0,1272.0,2.0,,,0.2,-0.2490660895,-1.5914745153,-1.754550443333922,0.3390004209,0.2683697777,3.4904868971,2.1346330768
1273,1273.0,1273.0,3.0,,,0.3,-0.4090023729,-1.6069932763,-6.262689052980675,0.6073701986,0.3819181747,3.2221171194,2.1346330768
1274,1274.0,1274.0,4.0,,,0.4,-0.5922232605,-2.0500412939,-2.710170386807909,0.9892883733,0.4859429581000001,2.8401989447,2.1346330768
1275,1275.0,1275.0,5.0,,,0.5,-0.8004206744,-2.1128609188,3.779800299437768,1.4752313314,0.4245023051999999,2.3542559866,2.1346330768
1276,1276.0,1276.0,6.0,,,0.6,-0.9832017053,-1.5520998579,20.0,1.8997336366,0.3662585030999998,1.9297536814,2.1346330768
1277,1277.0,1277.0,7.0,,,0.7,-1.0341551809,0.4988536177,20.0,2.2659921397,0.5324198595,1.5634951783000002,2.1346330768
1278,1278.0,1278.0,8.0,,,0.8,-0.88993464,2.3546330768,-12.863474953915691,2.7984119992,0.4258925027,1.0310753188,2.1346330768
1279,1279.0,1279.0,9.0,,,0.9,-0.7280875323,0.9064384737,20.0,3.2243045019,0.6051828161000001,0.6051828161000001,2.1346330768
1280,1280.0,1280.0,0.0,,,0.0,0.0,-1.0,-4.064252049851921,0.0,0.1412232443,5.5086903882,3.831475041
1281,1281.0,1281.0,1.0,,,0.1,-0.1148230732,-1.2916021318,-4.034767591454446,0.1412232443,0.2151201575,5.3674671439,3.831475041
1282,1282.0,1282.0,2.0,,,0.2,-0.2572531926,-1.5526487716,-2.0046743801549134,0.3563434018,0.2614068276,5.1523469864,3.831475041
1283,1283.0,1283.0,3.0,,,0.3,-0.4147045643,-1.5956648379,-5.587104555653306,0.6177502294,0.3621364340999999,4.890940158799999,3.831475041
1284,1284.0,1284.0,4.0,,,0.4,-0.5935793233,-1.9755005344,19.793507761708675,0.9798866635,0.3599750790999999,4.5288037247,3.831475041
1285,1285.0,1285.0,5.0,,,0.5,-0.6858235977,0.0960945162,19.38929869492776,1.3398617426,0.3643193534,4.1688286456,3.831475041
1286,1286.0,1286.0,6.0,,,0.6,-0.5828848618,1.9320856498,20.0,1.704181096,1.0335917807,3.8045092922,3.831475041
1287,1287.0,1287.0,7.0,,,0.7,-0.3022742531,3.651475041,-15.133509839269127,2.7377728767,0.8963117177000002,2.7709175115,3.831475041
1288,1288.0,1288.0,8.0,,,0.8,-0.0279973789,1.863847183,19.88329275875938,3.6340845944,0.9720049494999996,1.8746057938,3.831475041
1289,1289.0,1289.0,9.0,,,0.9,0.2455548978,3.5786241821,-12.183480412423275,4.6060895439,0.9026008443000002,0.9026008443000002,3.831475041
1290,1290.0,1290.0,0.0,,,0.0,0.0,-1.0,-4.116898802489263,0.0,0.1420500852,5.1844202738,3.749251936800001
1291,1291.0,1291.0,1.0,,,0.1,-0.1150777476,-1.2966121326,-2.5762360998118505,0.1420500852,0.1914638965,5.0423701886,3.749251936800001
1292,1292.0,1292.0,2.0,,,0.2,-0.2509290247,-1.4183844655,-6.135960425818475,0.3335139817,0.3027158427999999,4.8509062921,3.749251936800001
1293,1293.0,1293.0,3.0,,,0.3,-0.4155883607,-1.8673211721,-2.737064934782377,0.6362298245,0.3947337053999999,4.5481904493,3.749251936800001
1294,1294.0,1294.0,4.0,,,0.4,-0.6065278376,-1.9500881887,19.85876600953434,1.0309635299,0.3579660530999999,4.1534567439,3.749251936800001
1295,1295.0,1295.0,5.0,,,0.5,-0.6960381264,0.1252987011,19.246712048865923,1.388929583,0.3666010499000001,3.7954906908,3.749251936800001
1296,1296.0,1296.0,6.0,,,0.6,-0.5910100618,1.9449418413,19.013731351383445,1.7555306329,0.9927438112000002,3.4288896409,3.749251936800001
1297,1297.0,1297.0,7.0,,,0.7,-0.3139470221,3.5692519368,-16.66307156670226,2.7482744441,0.8441998203999996,2.4361458297,3.749251936800001
1298,1298.0,1298.0,8.0,,,0.8,-0.054894028,1.643891786,19.28032395053844,3.5924742645,0.8336976000999998,1.5919460093,3.749251936800001
1299,1299.0,1299.0,9.0,,,0.9,0.1948097695,3.3222203836,-12.945588732000228,4.4261718646,0.7582484092000001,0.7582484092000001,3.749251936800001
1300,1300.0,1300.0,0.0,,,0.0,0.0,-1.0,-2.924643690479117,0.0,0.1244255864,3.9837462405,2.3058073911
1301,1301.0,1301.0,1.0,,,0.1,-0.1093103346,-1.1831540344,-4.591251763216358,0.1244255864,0.1963110087999999,3.8593206541,2.3058073911
1302,1302.0,1302.0,2.0,,,0.2,-0.2441121368,-1.5074774086,-3.1272630045468235,0.3207365952,0.2671607316,3.6630096453,2.3058073911
1303,1303.0,1303.0,3.0,,,0.3,-0.402695597,-1.6616202488,-5.529683291441814,0.5878973268,0.3827011477000001,3.3958489137,2.3058073911
1304,1304.0,1304.0,4.0,,,0.4,-0.5875685809,-2.029715594,-4.310028933146688,0.9705984745,0.5160258580999999,3.013147766,2.3058073911
1305,1305.0,1305.0,5.0,,,0.5,-0.8015708618,-2.2467162065,7.337893164189708,1.4866243326,0.4327544869999999,2.4971219079,2.3058073911
1306,1306.0,1306.0,6.0,,,0.6,-0.9798778364,-1.3346199155,20.0,1.9193788196,0.3459181230000001,2.0643674209,2.3058073911
1307,1307.0,1307.0,7.0,,,0.7,-1.0101354928,0.695637741,19.92766575958812,2.2652969426,0.5802062774999999,1.7184492979,2.3058073911
1308,1308.0,1308.0,8.0,,,0.8,-0.847538567,2.5258073911,-12.547431679020368,2.8455032201,0.4745496999000003,1.1382430204,2.3058073911
1309,1309.0,1309.0,9.0,,,0.9,-0.6678732556,1.0913989118,20.0,3.32005292,0.6636933204999997,0.6636933204999997,2.3058073911
1310,1310.0,1310.0,0.0,,,0.0,0.0,-1.0,-4.271501645096112,0.0,0.144504182,5.726622527500001,3.8925349811
1311,1311.0,1311.0,1.0,,,0.1,-0.1158256254,-1.3113245391,-2.7716599326093,0.144504182,0.1985217499999999,5.5821183455000005,3.8925349811
1312,1312.0,1312.0,2.0,,,0.2,-0.2540223207,-1.4502938371,-4.73344391692316,0.343025932,0.2821708784,5.3835965955,3.8925349811
1313,1313.0,1313.0,3.0,,,0.3,-0.4149336668,-1.7627268827,-4.106623229351519,0.6251968104,0.3868129507000001,5.101425717100001,3.8925349811
1314,1314.0,1314.0,4.0,,,0.4,-0.6025447157,-1.9857781567,20.0,1.0120097611,0.3659684381999999,4.7146127664,3.8925349811
1315,1315.0,1315.0,5.0,,,0.5,-0.6947681461,0.1064452737,20.0,1.3779781993,0.3873680562999999,4.3486443282,3.8925349811
1316,1316.0,1316.0,6.0,,,0.6,-0.5878901911,1.9995673187,20.0,1.7653462556,1.0700503641,3.9612762719,3.8925349811
1317,1317.0,1317.0,7.0,,,0.7,-0.3008578535,3.7125349811,-15.010674873244724,2.8353966197,0.9297274673999998,2.8912259078,3.8925349811
1318,1318.0,1318.0,8.0,,,0.8,-0.0201760899,1.9307857302,20.0,3.7651240871,1.0131414466000002,1.9614984404,3.8925349811
1319,1319.0,1319.0,9.0,,,0.9,0.2603108507,3.6502987896,-11.807642548594233,4.7782655337,0.9483569938,0.9483569938,3.8925349811
1320,1320.0,0.0,,,,0.0,0.0,-1.0,20.0,0.0,0.2333309733,69.35889513350001,10.5311664594
1321,1321.0,1.0,,,,0.1,0.0015857789,0.9984142211,19.918952128150043,0.2333309733,0.5925987411,69.12556416020001,10.5311664594
1322,1322.0,2.0,,,,0.2,0.1929537481,2.7989414648,19.860608085963698,0.8259297144,1.5468334161,68.53296541910001,10.5311664594
1323,1323.0,3.0,,,,0.3,0.5553823333,4.4225736882,20.0,2.3727631305,2.9640714394,66.98613200300001,10.5311664594
1324,1324.0,4.0,,,,0.4,1.0729939261,5.9049620953,19.83867809724989,5.3368345699,4.736822496699999,64.02206056360001,10.5311664594
1325,1325.0,5.0,,,,0.5,1.7308933312,7.2309304999,19.148384555389768,10.0736570666,6.740709358100002,59.28523806690001,10.5311664594
1326,1326.0,6.0,,,,0.6,2.511635917,8.3650263697,19.64347799295081,16.8143664247,9.0182814607,52.5445287088,10.5311664594
1327,1327.0,7.0,,,,0.7,3.4026965927,9.4383134933,19.71950547553277,25.8326478854,11.5966579623,43.5262472481,10.5311664594
1328,1328.0,8.0,,,,0.8,4.396261136,10.4166994975,19.647819828154976,37.4293058477,14.4429858771,31.9295892858,10.5311664594
1329,1329.0,9.0,,,,0.9,5.4825823951,11.2951602212,19.029313898917195,51.8722917248,17.4866034087,17.4866034087,10.5311664594
1330,1330.0,0.0,,,,0.0,0.0,-1.0,20.0,0.0,0.2333309733,69.3908861441,10.6268964239
1331,1331.0,1.0,,,,0.1,0.0015857789,0.9984142211,19.4848667326579,0.2333309733,0.5748099462,69.1575551708,10.6268964239
1332,1332.0,2.0,,,,0.2,0.1908538956,2.7576327776,19.913458269091898,0.8081409195,1.5213114891,68.58274522459999,10.6268964239
1333,1333.0,3.0,,,,0.3,0.5496070976,4.3902254026,20.0,2.3294524086,2.9311762869000004,67.06143373549999,10.6268964239
1334,1334.0,4.0,,,,0.4,1.0641403468,5.8756921534,19.80843134639794,5.2606286955,4.6948391804,64.13025744859999,10.6268964239
1335,1335.0,5.0,,,,0.5,1.719108037,7.2015675978,20.0,9.9554678759,6.774773314199999,59.43541826819999,10.6268964239
1336,1336.0,6.0,,,,0.6,2.501175986,8.4194996488,19.30711732444233,16.7302411901,9.0697106726,52.66064495399999,10.6268964239
1337,1337.0,7.0,,,,0.7,3.3957934055,9.4555939618,19.20905596209462,25.7999518627,11.564162428500005,43.5909342814,10.6268964239
1338,1338.0,8.0,,,,0.8,4.3885332119,10.3837597516,20.0,37.3641142912,14.410801268299998,32.02677185289999,10.6268964239
1339,1339.0,9.0,,,,0.9,5.4734233288,11.2988696347,20.0,51.7749155595,17.615970584599992,17.615970584599992,10.6268964239
1340,1340.0,0.0,,,,0.0,0.0,-1.0,19.98743651955936,0.0,0.2330381459,70.93104143939999,10.7357573322
1341,1341.0,1.0,,,,0.1,0.0015250041,0.9972186479,20.0,0.2330381459,0.5955187873000001,70.6980032935,10.7357573322
1342,1342.0,2.0,,,,0.2,0.1931712619,2.8055723901,20.0,0.8285569332,1.5594965098,70.1024845062,10.7357573322
1343,1343.0,3.0,,,,0.3,0.5569051606,4.4418384913,20.0,2.388053443,2.9834478511,68.5429879964,10.7357573322
1344,1344.0,4.0,,,,0.4,1.0763500607,5.9223935913,20.0,5.3715012941,4.7737645394,65.5595401453,10.7357573322
1345,1345.0,5.0,,,,0.5,1.7366886708,7.2620549812,20.0,10.1452658335,6.873752321,60.7857756059,10.7357573322
1346,1346.0,6.0,,,,0.6,2.5245127533,8.4742308986,20.0,17.0190181545,9.254444606300002,53.9120232849,10.7357573322
1347,1347.0,7.0,,,,0.7,3.4276902635,9.5710533885,20.0,26.2734627608,11.9075297439,44.6575786786,10.7357573322
1348,1348.0,8.0,,,,0.8,4.4352435779,10.5635000741,19.555237163757617,38.1809925047,14.782192275500002,32.750048934700004,10.7357573322
1349,1349.0,9.0,,,,0.9,5.5350877825,11.4191795858,20.0,52.9631847802,17.967856659200002,17.967856659200002,10.7357573322
1350,1350.0,0.0,,,,0.0,0.0,-1.0,20.0,0.0,0.2333309733,69.45663901559999,10.6124303191
1351,1351.0,1.0,,,,0.1,0.0015857789,0.9984142211,20.0,0.2333309733,0.5959518044000001,69.22330804229999,10.6124303191
1352,1352.0,2.0,,,,0.2,0.1933458241,2.8066541759,20.0,0.8292827777,1.5602597382,68.62735623789999,10.6124303191
1353,1353.0,3.0,,,,0.3,0.5571826683,4.4428173317,19.594759893594897,2.3895425159,2.9550503135,67.06709649969999,10.6124303191
1354,1354.0,4.0,,,,0.4,1.0747604139,5.8847155755,19.14284550403648,5.3445928294,4.6523595058,64.11204618619999,10.6124303191
1355,1355.0,5.0,,,,0.5,1.7273670721,7.1463934676,19.99724571580237,9.9969523352,6.695051867700002,59.4596866804,10.6124303191
1356,1356.0,6.0,,,,0.6,2.5041708349,8.3693142765,19.49982761297953,16.6920042029,9.005692229999998,52.7646348127,10.6124303191
1357,1357.0,7.0,,,,0.7,3.3949446794,9.4285231932,19.971880132491528,25.6976964329,11.601754516800003,43.7589425827,10.6124303191
1358,1358.0,8.0,,,,0.8,4.388798386,10.4318574999,20.0,37.2994509497,14.5128877669,32.1571880659,10.6124303191
1359,1359.0,9.0,,,,0.9,5.4782657046,11.3423901812,19.434181239013093,51.8123387166,17.644300299,17.644300299,10.6124303191
1360,1360.0,0.0,,,,0.0,0.0,-1.0,20.0,0.0,0.2333309733,69.96903353989998,10.6406696059
1361,1361.0,1.0,,,,0.1,0.0015857789,0.9984142211,19.62408919450384,0.2333309733,0.5804820257000001,69.73570256659998,10.6406696059
1362,1362.0,2.0,,,,0.2,0.1915273728,2.7708815466,20.0,0.813812999,1.5354209822999998,69.15522054089999,10.6406696059
1363,1363.0,3.0,,,,0.3,0.5519600009,4.4104489185,20.0,2.3492339813,2.9515172815000006,67.6197995586,10.6406696059
1364,1364.0,4.0,,,,0.4,1.0684177725,5.893991147,20.0,5.3007512628,4.7355837303,64.66828227709999,10.6406696059
1365,1365.0,5.0,,,,0.5,1.7260535359,7.2363553835,20.0,10.0363349931,6.830271130599998,59.9326985468,10.6406696059
1366,1366.0,6.0,,,,0.6,2.5114319817,8.4509769378,19.05824352842768,16.8666061237,9.103296298500002,53.1024274162,10.6406696059
1367,1367.0,7.0,,,,0.7,3.4078409689,9.4603923034,20.0,25.9699024222,11.676720745799996,43.9991311177,10.6406696059
1368,1368.0,8.0,,,,0.8,4.404863434,10.4633698383,19.957944586138264,37.646623168,14.5902727271,32.3224103719,10.6406696059
1369,1369.0,9.0,,,,0.9,5.4971261061,11.3669016248,19.497865546180773,52.2368958951,17.732137644799998,17.732137644799998,10.6406696059
1370,1370.0,0.0,,,,0.0,0.0,-1.0,20.0,0.0,0.2333309733,69.0439787881,10.5550636801
1371,1371.0,1.0,,,,0.1,0.0015857789,0.9984142211,20.0,0.2333309733,0.5959518044000001,68.8106478148,10.5550636801
1372,1372.0,2.0,,,,0.2,0.1933458241,2.8066541759,19.72198828406088,0.8292827777,1.5442136568999998,68.2146960104,10.5550636801
1373,1373.0,3.0,,,,0.3,0.5558378099,4.4163610185,19.322916761307933,2.3734964346,2.9091514494000004,66.6704823535,10.5550636801
1374,1374.0,4.0,,,,0.4,1.0695828848,5.8349076198,19.25243755654299,5.282647884,4.5979147757000005,63.7613309041,10.5550636801
1375,1375.0,5.0,,,,0.5,1.7179798295,7.1117544307,20.0,9.8805626597,6.639594987799999,59.1634161284,10.5550636801
1376,1376.0,6.0,,,,0.6,2.4915005735,8.3382336867,20.0,16.5201576475,8.9990516149,52.523821140600006,10.5550636801
1377,1377.0,7.0,,,,0.7,3.3817362255,9.4479980346,20.0,25.5192092624,11.632466183899997,43.52476952570001,10.5550636801
1378,1378.0,8.0,,,,0.8,4.377579282,10.4521549782,19.02787793444613,37.1516754463,14.4205395715,31.89230334180001,10.5550636801
1379,1379.0,9.0,,,,0.9,5.4642766901,11.2682453635,19.53634680497313,51.5722150178,17.471763770300008,17.471763770300008,10.5550636801
1380,0.0,,,,,0.0,0.0,-1.0,5.19238000850415,0.0,0.065637215,25.1545455425,1.1822575926
1381,1.0,,,,,0.1,-0.0700448673,-0.4107171319,5.691255058193322,0.065637215,0.0209918516,25.0889083275,1.1822575926
1382,2.0,,,,,0.2,-0.081598792,0.1699622986,8.915997272175732,0.0866290666,0.0810670179,25.0679164759,1.1822575926
1383,3.0,,,,,0.3,-0.0222943587,1.0022575926,-19.112996687009915,0.1676960845,0.2132765679,24.986849458,1.1822575926
1384,4.0,,,,,0.4,-0.0193744879,-0.9119619469,-19.371175832302782,0.3809726524,0.5402784256,24.7735728901,1.1822575926
1385,5.0,,,,,0.5,-0.1998656331,-2.668588385,-19.762354936404048,0.921251078,1.4532309668,24.2332944645,1.1822575926
1386,6.0,,,,,0.6,-0.5494140329,-4.2952754788,-19.263132557754076,2.3744820448,2.7860939444,22.7800634977,1.1822575926
1387,7.0,,,,,0.7,-1.0513471712,-5.7196555963,-19.96966882838109,5.1605759892,4.5107720954,19.9939695533,1.1822575926
1388,8.0,,,,,0.8,-1.6922452649,-7.0757243854,-20.0,9.6713480846,6.5752594379,15.4831974579,1.1822575926
1389,9.0,,,,,0.9,-2.4623373119,-8.3056323384,-19.8333268764776,16.2466075225,8.90793802,8.90793802,1.1822575926
1390,0.0,,,,,0.0,0.0,-1.0,4.741457919356763,0.0,0.0661033888,25.3621274793,1.2829867019
1391,1.0,,,,,0.1,-0.072226168,-0.45362804,6.858792866746165,0.0661033888,0.0292449292,25.2960240905,1.2829867019
1392,2.0,,,,,0.2,-0.082215739,0.2422408176,9.287244266939668,0.095348318,0.0958570942,25.2667791613,1.2829867019
1393,3.0,,,,,0.3,-0.0142371966,1.1029867019,-19.92479708132668,0.1912054122,0.2326074560999999,25.1709220671,1.2829867019
1394,4.0,,,,,0.4,-0.0056587105,-0.8980714923,-19.95563716365423,0.4238128683,0.5586924092000001,24.938314611000003,1.2829867019
1395,5.0,,,,,0.5,-0.1876552625,-2.7116386567,-19.390592429422085,0.9825052775,1.4602629964,24.379622201800004,1.2829867019
1396,6.0,,,,,0.6,-0.539502146,-4.2988510162,-20.0,2.4427682739,2.8403017912000004,22.919359205400003,1.2829867019
1397,7.0,,,,,0.7,-1.0453400771,-5.7930130851,-20.0,5.2830700651,4.602576538499999,20.0790574142,1.2829867019
1398,8.0,,,,,0.8,-1.6933658001,-7.144987362,-19.08577568084004,9.8856466036,6.5902527815,15.4764808757,1.2829867019
1399,9.0,,,,,0.9,-2.465626949,-8.2813037812,-20.0,16.4758993851,8.8862280942,8.8862280942,1.2829867019
1400,0.0,,,,,0.0,0.0,-1.0,5.263981359474797,0.0,0.0655935139,25.7769239609,1.2755375442
1401,1.0,,,,,0.1,-0.0696985017,-0.4039033624,6.661420217214749,0.0655935139,0.0269555883,25.711330447,1.2755375442
1402,2.0,,,,,0.2,-0.0759109159,0.2684510736,8.959750210592729,0.0925491022,0.0935692024,25.6843748587,1.2755375442
1403,3.0,,,,,0.3,-0.0070223654,1.0955375442,-20.0,0.1861183046,0.2341673128999999,25.590805656299995,1.2755375442
1404,4.0,,,,,0.4,0.0004834705,-0.9119682918,-20.0,0.4202856175,0.5652027560999999,25.3566383434,1.2755375442
1405,5.0,,,,,0.5,-0.1830501576,-2.7284346637,-20.0,0.9854883736,1.5058147192,24.7914355873,1.2755375442
1406,6.0,,,,,0.6,-0.5394433419,-4.3720414794,-20.0,2.4913030928,2.9116802024000004,23.2856208681,1.2755375442
1407,7.0,,,,,0.7,-1.0522462758,-5.8592385455,-20.0,5.4029832952,4.6873360893000005,20.3739406657,1.2755375442
1408,8.0,,,,,0.8,-1.7065741898,-7.2049106315,-19.12740534369048,10.0903193845,6.689349030000001,15.6866045764,1.2755375442
1409,9.0,,,,,0.9,-2.4847391703,-8.3394861854,-20.0,16.7796684145,8.997255546399998,8.997255546399998,1.2755375442
1410,0.0,,,,,0.0,0.0,-1.0,5.193423845135559,0.0,0.0656365183,25.6538944958,1.2231686573
1411,1.0,,,,,0.1,-0.0700398178,-0.4106177977,5.693919987122406,0.0656365183,0.0210039937999999,25.5882579775,1.2231686573
1412,2.0,,,,,0.2,-0.0815713982,0.1703057814,9.342638391614772,0.0866405121,0.088062531,25.567253983699995,1.2231686573
1413,3.0,,,,,0.3,-0.020170435,1.0431686573,-20.0,0.1747030431,0.2334823099999999,25.4791914527,1.2231686573
1414,4.0,,,,,0.4,-0.0176481677,-0.9593536099,-20.0,0.4081853531,0.5821904269,25.2457091427,1.2231686573
1415,5.0,,,,,0.5,-0.2056910911,-2.7713106865,-19.006385719802743,0.99037578,1.480297297,24.6635187158,1.2231686573
1416,6.0,,,,,0.6,-0.5613579435,-4.3162824061,-20.0,2.470673077,2.8606819655000004,23.1832214188,1.2231686573
1417,7.0,,,,,0.7,-1.068854523,-5.8087858266,-20.0,5.3313550425,4.628688586299999,20.3225394533,1.2231686573
1418,8.0,,,,,0.8,-1.7183812009,-7.1592591487,-20.0,9.9600436288,6.7108260582,15.693850867,1.2231686573
1419,9.0,,,,,0.9,-2.4964229582,-8.3812173913,-19.14269443372021,16.670869687,8.9830248088,8.9830248088,1.2231686573
1420,0.0,,,,,0.0,0.0,-1.0,5.894329754066101,0.0,0.0655670875,25.285909214,1.277726138
1421,1.0,,,,,0.1,-0.0666492429,-0.3439177817,5.757462589957467,0.0655670875,0.020168189,25.2203421265,1.277726138
1422,2.0,,,,,0.2,-0.0715260952,0.2367053296,9.284597774126198,0.0857352765,0.0950005905,25.2001739375,1.277726138
1423,3.0,,,,,0.3,-0.0040871262,1.097726138,-19.26432354913672,0.180735867,0.2181500801,25.105173347,1.277726138
1424,4.0,,,,,0.4,0.0071857469,-0.83997909,-20.0,0.3988859471,0.5405705129,24.8870232669,1.277726138
1425,5.0,,,,,0.5,-0.1694971534,-2.6632961897,-20.0,0.93945646,1.4610098420999995,24.346452754,1.277726138
1426,6.0,,,,,0.6,-0.5196916798,-4.3131016633,-19.730846112689576,2.4004663021,2.8318228316000003,22.8854429119,1.277726138
1427,7.0,,,,,0.7,-1.0255837732,-5.7802941811,-20.0,5.2322891337,4.5814261416,20.0536200803,1.277726138
1428,8.0,,,,,0.8,-1.6723991525,-7.1334788019,-19.2843411688382,9.8137152753,6.583630642600001,15.4721939387,1.277726138
1429,9.0,,,,,0.9,-2.4445256639,-8.2897864073,-20.0,16.3973459179,8.8885632961,8.8885632961,1.277726138
1430,0.0,,,,,0.0,0.0,-1.0,6.452870403248361,0.0,0.0660816279,24.8273258767,1.3537518509
1431,1.0,,,,,0.1,-0.06394735,-0.2907656096,6.004746882911829,0.0660816279,0.0215046435,24.7612442488,1.3537518509
1432,2.0,,,,,0.2,-0.0625699094,0.308331638,9.402454457959774,0.0875862714,0.1065842670999999,24.7397396053,1.3537518509
1433,3.0,,,,,0.3,0.0122553235,1.1737518509,-19.589331491762803,0.1941705385,0.2274130255999999,24.6331553382,1.3537518509
1434,4.0,,,,,0.4,0.0291907914,-0.8021167662,-19.50795059919276,0.4215835641,0.5084849997,24.4057423126,1.3537518509
1435,5.0,,,,,0.5,-0.1415088144,-2.5822122203,-20.0,0.9300685638,1.4057237532000002,23.897257312900003,1.3537518509
1436,6.0,,,,,0.6,-0.4839871449,-4.2397338898,-19.388792864606813,2.335792317,2.7319115097,22.4915335597,1.3537518509
1437,7.0,,,,,0.7,-0.9812426054,-5.6813577158,-20.0,5.0677038267,4.447726136900001,19.75962205,1.3537518509
1438,8.0,,,,,0.8,-1.6186429518,-7.0439573694,-20.0,9.5154299636,6.4983070624,15.3118959131,1.3537518509
1439,9.0,,,,,0.9,-2.3857123128,-8.2768880084,-19.8207372431891,16.013737026,8.8135888507,8.8135888507,1.3537518509
0,,,,,,0.0,0.0,-1.0,0.9049373033831447,0.0,0.0833910715,3.5836813185,2.5712088597999996
1,,,,,,0.1,-0.0907850188,-0.8187212509,0.4938533462411614,0.0833910715,0.05901532749999999,3.500290247,2.5712088597999996
2,,,,,,0.2,-0.1663076709,-0.6938132642,1.126021705662265,0.142406399,0.04153312080000002,3.4412749195,2.5712088597999996
3,,,,,,0.3,-0.2268856848,-0.5206330797,5.621110219491879,0.1839395198,0.02954739169999998,3.3997417987,2.5712088597999996
4,,,,,,0.4,-0.2492388129,0.0638310704,6.011727525694194,0.2134869115,0.038697022100000034,3.370194407,2.5712088597999996
5,,,,,,0.5,-0.2140832491,0.6298482591,7.110730357023776,0.2521839336,0.1204774602,3.3314973849,2.5712088597999996
6,,,,,,0.6,-0.1197476864,1.2465857322,8.469697445695054,0.3726613938,0.29494929089999994,3.2110199247,2.5712088597999996
7,,,,,,0.7,0.0398519524,1.9339558379,9.085088551396339,0.6676106847,0.5675458363,2.9160706338,2.5712088597999996
8,,,,,,0.8,0.2678405566,2.6144760888,10.356308680926134,1.235156521,0.9691993532000001,2.3485247975,2.5712088597999996
9,,,,,,0.9,0.5667386538,3.3512088598,8.245594915324562,2.2043558742,1.3793254443,1.3793254443,2.5712088597999996
0,,,,,,0.0,0.0,-1.0,-0.0009654732933328525,0.0,0.0909528477,3.5629481024000005,2.439897093
1,,,,,,0.1,-0.0951672539,-0.9049292934,1.714537139019749,0.0909528477,0.06445414629999999,3.4719952547000004,2.439897093
2,,,,,,0.2,-0.1729887836,-0.6556540498,2.941445575968161,0.155406994,0.03251757890000001,3.4075411084000002,2.439897093
3,,,,,,0.3,-0.2211535569,-0.3133447189,5.250463197938725,0.1879245729,0.021504005500000006,3.3750235295000004,2.439897093
4,,,,,,0.4,-0.225573603,0.216121647,5.396565319541155,0.2094285784,0.042645637700000016,3.353519524,2.439897093
5,,,,,,0.5,-0.1789014664,0.7091060423,6.742776099031314,0.2520742161,0.1275453734,3.3108738863,2.439897093
6,,,,,,0.6,-0.0788034757,1.2832856615,7.987058915638077,0.3796195895,0.29393478359999997,3.1833285129,2.439897093
7,,,,,,0.7,0.0819540347,1.9212340427,9.683348222994448,0.6735543731,0.583000277,2.8893937293,2.439897093
8,,,,,,0.8,0.3116258067,2.659897093,8.443859056099614,1.2565546501,0.9236870150000001,2.3063934523,2.439897093
9,,,,,,0.9,0.6055949678,3.2103138375,10.338288437510316,2.1802416651,1.3827064373,1.3827064373,2.439897093
0,,,,,,0.0,0.0,-1.0,-0.12821269160875803,0.0,0.092121479,3.5387487336999994,2.4308739722999997
1,,,,,,0.1,-0.0957828015,-0.9170384677,0.3739587958307464,0.092121479,0.0752354005,3.4466272546999996,2.4308739722999997
2,,,,,,0.2,-0.1812415492,-0.7941838404,1.6541530184310607,0.1673568795,0.05222928090000001,3.3713918541999996,2.4308739722999997
3,,,,,,0.3,-0.2488162963,-0.5611937914,5.540965975457684,0.2195861604,0.03236947200000001,3.3191625733,2.4308739722999997
4,,,,,,0.4,-0.2754169773,0.0195034871,6.694394620072013,0.2519556324,0.04445217079999997,3.2867931013,2.4308739722999997
5,,,,,,0.5,-0.2411774629,0.6547034347,7.3422850386684555,0.2964078032,0.13000233970000002,3.2423409304999997,2.4308739722999997
6,,,,,,0.6,-0.1433564906,1.2911109663,8.442158261024936,0.4264101429,0.30815801909999996,3.1123385908,2.4308739722999997
7,,,,,,0.7,0.0203472118,1.97162309,8.172554834103764,0.734568162,0.5544029887999999,2.8041805717,2.4308739722999997
8,,,,,,0.8,0.2475060263,2.5617197589,9.38324780290962,1.2889711508,0.8993797720000003,2.2497775829,2.4308739722999997
9,,,,,,0.9,0.5366765932,3.2108739723,9.846965531267374,2.1883509228,1.3503978108999997,1.3503978108999997,2.4308739722999997
0,,,,,,0.0,0.0,-1.0,0.7314147150578703,0.0,0.0847365608,3.3387930592,2.4613315135
1,,,,,,0.1,-0.09162442,-0.8352341085,0.33447114180126913,0.0847365608,0.06256801819999999,3.2540564983999998,2.4613315135
2,,,,,,0.2,-0.1694894703,-0.7239219441,1.8594690409031418,0.147304579,0.04219617690000002,3.1914884802,2.4613315135
3,,,,,,0.3,-0.2293847236,-0.4780797866,5.3886920135972805,0.1895007559,0.02683542189999999,3.1492923032999998,2.4613315135
4,,,,,,0.4,-0.2488126745,0.0802173657,5.122566427604389,0.2163361778,0.03115285670000001,3.1224568813999998,2.4613315135
5,,,,,,0.5,-0.2163990288,0.5600603627,6.148886636651284,0.2474890345,0.0934932601,3.0913040247,2.4613315135
6,,,,,,0.6,-0.1333575025,1.0919075001,8.128840819397604,0.3409822946,0.2425525375,2.9978107646,2.4613315135
7,,,,,,0.7,0.0098738365,1.761560243,9.071215168858698,0.5835348321,0.4941451499,2.7552582271,2.4613315135
8,,,,,,0.8,0.2213897161,2.4571658803,10.697438661262286,1.077679982,0.8913618251,2.2611130772,2.4613315135
9,,,,,,0.9,0.506967949,3.2413315135,9.906794079257818,1.9690418071,1.3697512521,1.3697512521,2.4613315135
0,,,,,,0.0,0.0,-1.0,-0.3517331087133533,0.0,0.0942377739,3.5940529699000003,2.4720374017999998
1,,,,,,0.1,-0.0968640616,-0.9383092492,1.8294332790178456,0.0942377739,0.06895520379999999,3.499815196,2.4720374017999998
2,,,,,,0.2,-0.1773063122,-0.6749236707,1.7042956648627978,0.1631929777,0.037539584000000015,3.4308599922000003,2.4720374017999998
3,,,,,,0.3,-0.2332894574,-0.4485109591,5.931751143763915,0.2007325617,0.028642268100000007,3.3933204082,2.4720374017999998
4,,,,,,0.4,-0.2472765602,0.1586512581,6.248763020587291,0.2293748298,0.04814801260000001,3.3646781401,2.4720374017999998
5,,,,,,0.5,-0.2019510245,0.7382020244,6.1044579990256,0.2775228424,0.1228903515,3.3165301275,2.4720374017999998
6,,,,,,0.6,-0.1021719994,1.2488687993,9.465609960764679,0.4004131939,0.32123769389999995,3.193639776,2.4720374017999998
7,,,,,,0.7,0.0624625599,2.0307952361,8.979347342704555,0.7216508878,0.6077318884999999,2.8724020821,2.4720374017999998
8,,,,,,0.8,0.2991551284,2.6920374018,8.203500130386203,1.3293827763,0.9316315203000001,2.2646701935999998,2.4720374017999998
9,,,,,,0.9,0.5950201607,3.2165223826,9.18190447024443,2.2610142966,1.3330386733,1.3330386733,2.4720374017999998
0,,,,,,0.0,0.0,-1.0,-0.05922206955134701,0.0,0.0914846183,3.5892043186,2.5509939600999996
1,,,,,,0.1,-0.0954490653,-0.9104731416,1.1869043782589812,0.0914846183,0.06843391289999999,3.4977197003000002,2.5509939600999996
2,,,,,,0.2,-0.1763505292,-0.7108812399,1.5348544269880104,0.1599185312,0.042194955199999995,3.4292857874000005,2.5509939600999996
3,,,,,,0.3,-0.2365750905,-0.497171236,4.2898696906504545,0.2021134864,0.024424922900000007,3.3870908322000006,2.5509939600999996
4,,,,,,0.4,-0.2631352945,-0.0416240629,7.053370327329973,0.2265384093,0.044212961999999995,3.3626659093000004,2.5509939600999996
5,,,,,,0.5,-0.2329762764,0.6335539518,7.580785875650875,0.2707513713,0.13008148070000003,3.3184529473000004,2.5509939600999996
6,,,,,,0.6,-0.1360142159,1.2946704788,7.420717046521763,0.400832852,0.2840870721,3.1883714666000005,2.5509939600999996
7,,,,,,0.7,0.0230869083,1.8776410593,9.60436960412988,0.6849199241,0.559614964,2.9042843945000003,2.5509939600999996
8,,,,,,0.8,0.2482284209,2.6129365071,10.158522661397743,1.2445348881,0.9587503340999999,2.3446694305,2.5509939600999996
9,,,,,,0.9,0.546023234,3.3309939601,8.777870849519951,2.2032852222,1.3859190964000003,1.3859190964000003,2.5509939600999996
