,Unnamed: 0,Unnamed: 0.1,Unnamed: 0.1.1,Unnamed: 0.1.1.1,Unnamed: 0.1.1.1.1,Unnamed: 0.1.1.1.1.1,Unnamed: 0.1.1.1.1.1.1,Unnamed: 0.1.1.1.1.1.1.1,Unnamed: 0.1.1.1.1.1.1.1.1,Unnamed: 0.1.1.1.1.1.1.1.1.1,Unnamed: 0.1.1.1.1.1.1.1.1.1.1,Unnamed: 0.1.1.1.1.1.1.1.1.1.1.1,Unnamed: 0.1.1.1.1.1.1.1.1.1.1.1.1,Unnamed: 0.1.1.1.1.1.1.1.1.1.1.1.1.1,Unnamed: 0.1.1.1.1.1.1.1.1.1.1.1.1.1.1,Unnamed: 0.1.1.1.1.1.1.1.1.1.1.1.1.1.1.1,Unnamed: 0.1.1.1.1.1.1.1.1.1.1.1.1.1.1.1.1,Unnamed: 0.1.1.1.1.1.1.1.1.1.1.1.1.1.1.1.1.1,Unnamed: 0.1.1.1.1.1.1.1.1.1.1.1.1.1.1.1.1.1.1,Unnamed: 0.1.1.1.1.1.1.1.1.1.1.1.1.1.1.1.1.1.1.1,Unnamed: 0.1.1.1.1.1.1.1.1.1.1.1.1.1.1.1.1.1.1.1.1,Unnamed: 0.1.1.1.1.1.1.1.1.1.1.1.1.1.1.1.1.1.1.1.1.1,Unnamed: 0.1.1.1.1.1.1.1.1.1.1.1.1.1.1.1.1.1.1.1.1.1.1,Unnamed: 0.1.1.1.1.1.1.1.1.1.1.1.1.1.1.1.1.1.1.1.1.1.1.1,Unnamed: 0.1.1.1.1.1.1.1.1.1.1.1.1.1.1.1.1.1.1.1.1.1.1.1.1,Unnamed: 0.1.1.1.1.1.1.1.1.1.1.1.1.1.1.1.1.1.1.1.1.1.1.1.1.1,Unnamed: 0.1.1.1.1.1.1.1.1.1.1.1.1.1.1.1.1.1.1.1.1.1.1.1.1.1.1,Unnamed: 0.1.1.1.1.1.1.1.1.1.1.1.1.1.1.1.1.1.1.1.1.1.1.1.1.1.1.1,Unnamed: 0.1.1.1.1.1.1.1.1.1.1.1.1.1.1.1.1.1.1.1.1.1.1.1.1.1.1.1.1,Unnamed: 0.1.1.1.1.1.1.1.1.1.1.1.1.1.1.1.1.1.1.1.1.1.1.1.1.1.1.1.1.1,Unnamed: 0.1.1.1.1.1.1.1.1.1.1.1.1.1.1.1.1.1.1.1.1.1.1.1.1.1.1.1.1.1.1,Unnamed: 0.1.1.1.1.1.1.1.1.1.1.1.1.1.1.1.1.1.1.1.1.1.1.1.1.1.1.1.1.1.1.1,Unnamed: 0.1.1.1.1.1.1.1.1.1.1.1.1.1.1.1.1.1.1.1.1.1.1.1.1.1.1.1.1.1.1.1.1,Unnamed: 0.1.1.1.1.1.1.1.1.1.1.1.1.1.1.1.1.1.1.1.1.1.1.1.1.1.1.1.1.1.1.1.1.1,t,x0,x1,u,L,inst_cost,ctg,path_diff
0,0,0.0,0.0,0.0,0.0,0.0,0.0,0.0,0.0,0.0,0.0,0.0,0.0,,,,,,,,,,,,,,,,,,,,,,0.0,0.0,-1.0,4.490920503896796,0.0,0.0665047116,1.2621220392,-2.5
1,1,1.0,1.0,1.0,1.0,1.0,1.0,1.0,1.0,1.0,1.0,1.0,1.0,,,,,,,,,,,,,,,,,,,,,,0.1,-0.0734381265,-0.4774698231,-10.096660801521686,0.0665047116,0.1481896693,1.1956173276,-1.2574698231000003
2,2,2.0,2.0,2.0,2.0,2.0,2.0,2.0,2.0,2.0,2.0,2.0,2.0,,,,,,,,,,,,,,,,,,,,,,0.2,-0.1677171553,-1.3928568745,5.869788214938161,0.2146943809,0.1348644922,1.0474276583,-1.6128568745
3,3,3.0,3.0,3.0,3.0,3.0,3.0,3.0,3.0,3.0,3.0,3.0,3.0,,,,,,,,,,,,,,,,,,,,,,0.3,-0.2718703949,-0.7017248133,-2.6363594215253827,0.3495588731,0.0766785651999999,0.9125631661,-0.5217248133000001
4,4,4.0,4.0,4.0,4.0,4.0,4.0,4.0,4.0,4.0,4.0,4.0,4.0,,,,,,,,,,,,,,,,,,,,,,0.4,-0.3514015328,-0.8858296176,1.6536449142248937,0.4262374383,0.0754499863,0.8358846009,-0.4658296175999999
5,5,5.0,5.0,5.0,5.0,5.0,5.0,5.0,5.0,5.0,5.0,5.0,5.0,,,,,,,,,,,,,,,,,,,,,,0.5,-0.427700095,-0.644166564,-5.368226965867179,0.5016874246,0.1141789783,0.7604346146000001,-0.144166564
6,6,6.0,6.0,6.0,6.0,6.0,6.0,6.0,6.0,6.0,6.0,6.0,6.0,,,,,,,,,,,,,,,,,,,,,,0.6,-0.5149690146,-1.0937203409,0.542572796880876,0.6158664029,0.1355170585999999,0.6462556363,-0.6737203409
7,7,7.0,7.0,7.0,7.0,7.0,7.0,7.0,7.0,7.0,7.0,7.0,7.0,,,,,,,,,,,,,,,,,,,,,,0.7,-0.6164256053,-0.9380064706,-1.1069301662650597,0.7513834615,0.1342516368999999,0.5107385777000001,-0.7580064705999998
8,8,8.0,8.0,8.0,8.0,8.0,8.0,8.0,8.0,8.0,8.0,8.0,8.0,,,,,,,,,,,,,,,,,,,,,,0.8,-0.7110433889,-0.9540817036,-2.1380113631009667,0.8856350984,0.1626231400000001,0.3764869408000001,-1.1740817036000002
9,9,9.0,9.0,9.0,9.0,9.0,9.0,9.0,9.0,9.0,9.0,9.0,9.0,,,,,,,,,,,,,,,,,,,,,,0.9,-0.8121785618,-1.066747667,-2.9247305004380766,1.0482582384,0.2138638008,0.2138638008,-1.8467476670000005
10,10,10.0,10.0,10.0,10.0,10.0,10.0,10.0,10.0,10.0,10.0,10.0,10.0,,,,,,,,,,,,,,,,,,,,,,0.0,0.0,-1.0,4.590810263127123,0.0,0.0663325292,1.1182444462,-2.5
11,11,11.0,11.0,11.0,11.0,11.0,11.0,11.0,11.0,11.0,11.0,11.0,11.0,,,,,,,,,,,,,,,,,,,,,,0.1,-0.0729549179,-0.4679640558,-10.698924372909527,0.0663325292,0.1591998617,1.051911917,-1.2479640558000002
12,12,12.0,12.0,12.0,12.0,12.0,12.0,12.0,12.0,12.0,12.0,12.0,12.0,,,,,,,,,,,,,,,,,,,,,,0.2,-0.1692427611,-1.4415686499,5.851553575273632,0.2255323909,0.1450404633999999,0.8927120553000001,-1.6615686499
13,13,13.0,13.0,13.0,13.0,13.0,13.0,13.0,13.0,13.0,13.0,13.0,13.0,,,,,,,,,,,,,,,,,,,,,,0.3,-0.2781197475,-0.7475363059,0.1341691221471663,0.3705728543,0.0596585971,0.7476715919000001,-0.5675363059
14,14,14.0,14.0,14.0,14.0,14.0,14.0,14.0,14.0,14.0,14.0,14.0,14.0,,,,,,,,,,,,,,,,,,,,,,0.4,-0.3486081931,-0.6636309481,-4.332918828687855,0.4302314514,0.0962471012999999,0.6880129948,-0.2436309480999999
15,15,15.0,15.0,15.0,15.0,15.0,15.0,15.0,15.0,15.0,15.0,15.0,15.0,,,,,,,,,,,,,,,,,,,,,,0.5,-0.4327211849,-1.0128098392,0.8984999133308184,0.5264785527,0.1085186728,0.5917658935000001,-0.5128098392
16,16,16.0,16.0,16.0,16.0,16.0,16.0,16.0,16.0,16.0,16.0,16.0,16.0,,,,,,,,,,,,,,,,,,,,,,0.6,-0.5247563903,-0.8309246425,0.1104069376620131,0.6349972255,0.0937049738999999,0.4832472207,-0.4109246424999999
17,17,17.0,17.0,17.0,17.0,17.0,17.0,17.0,17.0,17.0,17.0,17.0,17.0,,,,,,,,,,,,,,,,,,,,,,0.7,-0.6032953571,-0.7413449819,-1.128515384127313,0.7287021994,0.0995552895999999,0.3895422468,-0.5613449818999998
18,18,18.0,18.0,18.0,18.0,18.0,18.0,18.0,18.0,18.0,18.0,18.0,18.0,,,,,,,,,,,,,,,,,,,,,,0.8,-0.6793025726,-0.7781893048,-2.0762203450974224,0.828257489,0.1249535284,0.2899869572000001,-0.9981893048000002
19,19,19.0,19.0,19.0,19.0,19.0,19.0,19.0,19.0,19.0,19.0,19.0,19.0,,,,,,,,,,,,,,,,,,,,,,0.9,-0.7634004209,-0.9017134911,-2.499942256398172,0.9532110174,0.1650334288,0.1650334288,-1.6817134911000002
20,20,20.0,20.0,20.0,20.0,20.0,20.0,20.0,20.0,20.0,20.0,20.0,20.0,,,,,,,,,,,,,,,,,,,,,,0.0,0.0,-1.0,4.479444803325382,0.0,0.0665255277,1.1268806054,-2.5
21,21,21.0,21.0,21.0,21.0,21.0,21.0,21.0,21.0,21.0,21.0,21.0,21.0,,,,,,,,,,,,,,,,,,,,,,0.1,-0.0734936392,-0.4785618804,-9.917711968284465,0.0665255277,0.1447041298,1.0603550777,-1.2585618804000005
22,22,22.0,22.0,22.0,22.0,22.0,22.0,22.0,22.0,22.0,22.0,22.0,22.0,,,,,,,,,,,,,,,,,,,,,,0.2,-0.1670109407,-1.3768157758,6.178829360676563,0.2112296575,0.1307567103,0.9156509479,-1.5968157758
23,23,23.0,23.0,23.0,23.0,23.0,23.0,23.0,23.0,23.0,23.0,23.0,23.0,,,,,,,,,,,,,,,,,,,,,,0.3,-0.2681427042,-0.6578010763,-4.150510287388949,0.3419863678,0.0873507133,0.7848942376,-0.4778010763
24,24,24.0,24.0,24.0,24.0,24.0,24.0,24.0,24.0,24.0,24.0,24.0,24.0,,,,,,,,,,,,,,,,,,,,,,0.4,-0.3508185225,-0.9901762867,2.1030785512562424,0.4293370811,0.0892708352,0.6975435243,-0.5701762867
25,25,25.0,25.0,25.0,25.0,25.0,25.0,25.0,25.0,25.0,25.0,25.0,25.0,,,,,,,,,,,,,,,,,,,,,,0.5,-0.4348729148,-0.6958140392,-2.9374147363679994,0.5186079163,0.0918311518,0.6082726891,-0.1958140391999999
26,26,26.0,26.0,26.0,26.0,26.0,26.0,26.0,26.0,26.0,26.0,26.0,26.0,,,,,,,,,,,,,,,,,,,,,,0.6,-0.5152978553,-0.9091305724,0.1543600018979902,0.6104390681,0.1049720377999999,0.5164415373,-0.4891305723999999
27,27,27.0,27.0,27.0,27.0,27.0,27.0,27.0,27.0,27.0,27.0,27.0,27.0,,,,,,,,,,,,,,,,,,,,,,0.7,-0.6010664417,-0.8079259858,-0.97028768877855,0.7154111059,0.1082597821999999,0.4114694995,-0.6279259857999998
28,28,28.0,28.0,28.0,28.0,28.0,28.0,28.0,28.0,28.0,28.0,28.0,28.0,,,,,,,,,,,,,,,,,,,,,,0.8,-0.6826443849,-0.8233768115,-1.9027598855177923,0.8236708881,0.1312738713,0.3032097173,-1.0433768115000002
29,29,29.0,29.0,29.0,29.0,29.0,29.0,29.0,29.0,29.0,29.0,29.0,29.0,,,,,,,,,,,,,,,,,,,,,,0.9,-0.7702032381,-0.9260939468,-2.5787470217788706,0.9549447594,0.171935846,0.171935846,-1.7060939468000005
30,30,30.0,30.0,30.0,30.0,30.0,30.0,30.0,30.0,30.0,30.0,30.0,30.0,,,,,,,,,,,,,,,,,,,,,,0.0,0.0,-1.0,4.544038462650155,0.0,0.0664111387,1.3220166873999997,-2.5
31,31,31.0,31.0,31.0,31.0,31.0,31.0,31.0,31.0,31.0,31.0,31.0,31.0,,,,,,,,,,,,,,,,,,,,,,0.1,-0.0731811727,-0.472414981,-10.653484243751734,0.0664111387,0.1590399035999999,1.2556055486999995,-1.2524149810000005
32,32,32.0,32.0,32.0,32.0,32.0,32.0,32.0,32.0,32.0,32.0,32.0,32.0,,,,,,,,,,,,,,,,,,,,,,0.2,-0.1696727579,-1.4412718202,6.106486272675717,0.2254510423,0.1441167048,1.0965656451,-1.6612718202
33,33,33.0,33.0,33.0,33.0,33.0,33.0,33.0,33.0,33.0,33.0,33.0,33.0,,,,,,,,,,,,,,,,,,,,,,0.3,-0.2772882812,-0.7230076696,-1.562004313063928,0.3695677471,0.0695393356999999,0.9524489402999998,-0.5430076696
34,34,34.0,34.0,34.0,34.0,34.0,34.0,34.0,34.0,34.0,34.0,34.0,34.0,,,,,,,,,,,,,,,,,,,,,,0.4,-0.3536476358,-0.8028487464,1.5988349691290566,0.4391070828,0.0641060669999999,0.8829096045999999,-0.3828487464
35,35,35.0,35.0,35.0,35.0,35.0,35.0,35.0,35.0,35.0,35.0,35.0,35.0,,,,,,,,,,,,,,,,,,,,,,0.5,-0.4223146829,-0.5742982023,-8.656040850758197,0.5032131498,0.1571866477,0.8188035375999999,-0.0742982022999999
36,36,36.0,36.0,36.0,36.0,36.0,36.0,36.0,36.0,36.0,36.0,36.0,36.0,,,,,,,,,,,,,,,,,,,,,,0.6,-0.5188392054,-1.343377765,3.088390160624501,0.6603997975,0.1673227819,0.6616168898999999,-0.923377765
37,37,37.0,37.0,37.0,37.0,37.0,37.0,37.0,37.0,37.0,37.0,37.0,37.0,,,,,,,,,,,,,,,,,,,,,,0.7,-0.6317387657,-0.9216391885,-1.0656625239587845,0.8277225794,0.1328486208999999,0.4942941079999998,-0.7416391884999999
38,38,38.0,38.0,38.0,38.0,38.0,38.0,38.0,38.0,38.0,38.0,38.0,38.0,,,,,,,,,,,,,,,,,,,,,,0.8,-0.7245993379,-0.9353448687,-1.80401822601906,0.9605712003,0.1570079351,0.3614454870999999,-1.1553448687000003
39,39,39.0,39.0,39.0,39.0,39.0,39.0,39.0,39.0,39.0,39.0,39.0,39.0,,,,,,,,,,,,,,,,,,,,,,0.9,-0.822335706,-1.0180103232,-2.905150097746221,1.1175791354,0.2044375519999999,0.2044375519999999,-1.7980103232000002
40,40,40.0,40.0,40.0,40.0,40.0,40.0,40.0,40.0,40.0,40.0,40.0,40.0,,,,,,,,,,,,,,,,,,,,,,0.0,0.0,-1.0,4.659363745081899,0.0,0.0662237147,1.3170628226,-2.5
41,41,41.0,41.0,41.0,41.0,41.0,41.0,41.0,41.0,41.0,41.0,41.0,41.0,,,,,,,,,,,,,,,,,,,,,,0.1,-0.0726232961,-0.4614403294,-11.088549950360957,0.0662237147,0.1665200190999999,1.2508391079,-1.2414403294000005
42,42,42.0,42.0,42.0,42.0,42.0,42.0,42.0,42.0,42.0,42.0,42.0,42.0,,,,,,,,,,,,,,,,,,,,,,0.2,-0.1701751039,-1.4727435166,6.458032841211487,0.2327437338,0.1496444415,1.0843190888,-1.6927435166
43,43,43.0,43.0,43.0,43.0,43.0,43.0,43.0,43.0,43.0,43.0,43.0,43.0,,,,,,,,,,,,,,,,,,,,,,0.3,-0.2790849774,-0.718030359,-1.67313689317491,0.3823881753,0.069942222,0.9346746473,-0.5380303590000001
44,44,44.0,44.0,44.0,44.0,44.0,44.0,44.0,44.0,44.0,44.0,44.0,44.0,,,,,,,,,,,,,,,,,,,,,,0.4,-0.355508275,-0.8089207508,1.311154264539477,0.4523303973,0.0665412194,0.8647324253,-0.3889207508
45,45,45.0,45.0,45.0,45.0,45.0,45.0,45.0,45.0,45.0,45.0,45.0,45.0,,,,,,,,,,,,,,,,,,,,,,0.5,-0.426144696,-0.6071689033,-7.13749203121544,0.5188716167,0.1357895179999999,0.7981912059,-0.1071689032999999
46,46,46.0,46.0,46.0,46.0,46.0,46.0,46.0,46.0,46.0,46.0,46.0,46.0,,,,,,,,,,,,,,,,,,,,,,0.6,-0.5184513092,-1.2286114932,1.807868572581243,0.6546611347,0.1524981745,0.6624016879000001,-0.8086114932
47,47,47.0,47.0,47.0,47.0,47.0,47.0,47.0,47.0,47.0,47.0,47.0,47.0,,,,,,,,,,,,,,,,,,,,,,0.7,-0.6266239212,-0.9396520239,-0.8902881493990833,0.8071593092,0.1336802274999999,0.5099035134000001,-0.7596520238999999
48,48,48.0,48.0,48.0,48.0,48.0,48.0,48.0,48.0,48.0,48.0,48.0,48.0,,,,,,,,,,,,,,,,,,,,,,0.8,-0.7203503363,-0.9349544237,-2.180679897427496,0.9408395367,0.160778694,0.3762232859000001,-1.1549544237000002
49,49,49.0,49.0,49.0,49.0,49.0,49.0,49.0,49.0,49.0,49.0,49.0,49.0,,,,,,,,,,,,,,,,,,,,,,0.9,-0.8198716687,-1.0535010811,-3.1450777312646565,1.1016182307,0.2154445919000001,0.2154445919000001,-1.8335010811000003
50,50,50.0,50.0,50.0,50.0,50.0,50.0,50.0,50.0,50.0,50.0,50.0,50.0,,,,,,,,,,,,,,,,,,,,,,0.0,0.0,-1.0,4.583462711313068,0.0,0.0663446437,1.2893115582,-2.5
51,51,51.0,51.0,51.0,51.0,51.0,51.0,51.0,51.0,51.0,51.0,51.0,51.0,,,,,,,,,,,,,,,,,,,,,,0.1,-0.0729904611,-0.4686632678,-10.31089860811806,0.0663446437,0.1510660632,1.2229669145000002,-1.2486632678000005
52,52,52.0,52.0,52.0,52.0,52.0,52.0,52.0,52.0,52.0,52.0,52.0,52.0,,,,,,,,,,,,,,,,,,,,,,0.2,-0.1674677936,-1.4052757961,5.917594601304224,0.2174107069,0.1372156509,1.0719008513,-1.6252757961
53,53,53.0,53.0,53.0,53.0,53.0,53.0,53.0,53.0,53.0,53.0,53.0,53.0,,,,,,,,,,,,,,,,,,,,,,0.3,-0.2725715904,-0.7084125392,-2.072581658212841,0.3546263578,0.0719312857,0.9346852004,-0.5284125392000001
54,54,54.0,54.0,54.0,54.0,54.0,54.0,54.0,54.0,54.0,54.0,54.0,54.0,,,,,,,,,,,,,,,,,,,,,,0.4,-0.3500119182,-0.8382303772,1.62149218146221,0.4265576435,0.0685946772999999,0.8627539147000001,-0.4182303772
55,55,55.0,55.0,55.0,55.0,55.0,55.0,55.0,55.0,55.0,55.0,55.0,55.0,,,,,,,,,,,,,,,,,,,,,,0.5,-0.4219363563,-0.6041567209,-6.909649843229965,0.4951523208,0.13098541,0.7941592374000002,-0.1041567209
56,56,56.0,56.0,56.0,56.0,56.0,56.0,56.0,56.0,56.0,56.0,56.0,56.0,,,,,,,,,,,,,,,,,,,,,,0.6,-0.5128541561,-1.2042039054,1.5084873961733898,0.6261377308,0.1492537848999999,0.6631738274000001,-0.7842039054
57,57,57.0,57.0,57.0,57.0,57.0,57.0,57.0,57.0,57.0,57.0,57.0,57.0,,,,,,,,,,,,,,,,,,,,,,0.7,-0.6201521532,-0.9460571687,-1.0125443771117586,0.7753915157,0.1352644716,0.5139200425000001,-0.7660571686999998
58,58,58.0,58.0,58.0,58.0,58.0,58.0,58.0,58.0,58.0,58.0,58.0,58.0,,,,,,,,,,,,,,,,,,,,,,0.8,-0.7150794891,-0.9523842706,-2.138002071229657,0.9106559873,0.1628997444,0.3786555709000001,-1.1723842706000005
59,59,59.0,59.0,59.0,59.0,59.0,59.0,59.0,59.0,59.0,59.0,59.0,59.0,,,,,,,,,,,,,,,,,,,,,,0.9,-0.8160530646,-1.0652109022,-3.0309872506243063,1.0735557317,0.2157558265000001,0.2157558265000001,-1.8452109022000005
60,60,60.0,60.0,60.0,60.0,60.0,60.0,60.0,60.0,60.0,60.0,60.0,,,,,,,,,,,,,,,,,,,,,,,0.0,0.0,-1.0,3.673305638942995,0.0,0.0685213989,2.5337348691,-2.5
61,61,61.0,61.0,61.0,61.0,61.0,61.0,61.0,61.0,61.0,61.0,61.0,,,,,,,,,,,,,,,,,,,,,,,0.1,-0.0773932651,-0.555276171,-14.557321939744448,0.0685213989,0.2744504451999999,2.4652134702,-1.3352761710000003
62,62,62.0,62.0,62.0,62.0,62.0,62.0,62.0,62.0,62.0,62.0,62.0,,,,,,,,,,,,,,,,,,,,,,,0.2,-0.2006546326,-1.8877469974,12.575620956865938,0.3429718441,0.2435069055,2.190763025,-2.1077469974
63,63,63.0,63.0,63.0,63.0,63.0,63.0,63.0,63.0,63.0,63.0,63.0,,,,,,,,,,,,,,,,,,,,,,,0.3,-0.3194639793,-0.5113755551,-19.83199841889317,0.5864787496,0.4482616856,1.9472561195,-0.3313755551
64,64,64.0,64.0,64.0,64.0,64.0,64.0,64.0,64.0,64.0,64.0,64.0,,,,,,,,,,,,,,,,,,,,,,,0.4,-0.4640634597,-2.3499759166,16.808737517073638,1.0347404352,0.4019766598999998,1.4989944339,-1.9299759166
65,65,65.0,65.0,65.0,65.0,65.0,65.0,65.0,65.0,65.0,65.0,65.0,,,,,,,,,,,,,,,,,,,,,,,0.5,-0.6063823555,-0.5267832691,-8.110429523139826,1.4367170951,0.1587630710000001,1.097017774,-0.0267832690999999
66,66,66.0,66.0,66.0,66.0,66.0,66.0,66.0,66.0,66.0,66.0,66.0,,,,,,,,,,,,,,,,,,,,,,,0.6,-0.6957459673,-1.2484626096,8.015598383678979,1.5954801661,0.1579260365999999,0.938254703,-0.8284626096
67,67,67.0,67.0,67.0,67.0,67.0,67.0,67.0,67.0,67.0,67.0,67.0,,,,,,,,,,,,,,,,,,,,,,,0.7,-0.7757780897,-0.3668706488,-13.634663189028544,1.7534062027,0.2746021763000001,0.7803286664,-0.1868706487999998
68,68,68.0,68.0,68.0,68.0,68.0,68.0,68.0,68.0,68.0,68.0,68.0,,,,,,,,,,,,,,,,,,,,,,,0.8,-0.8766469962,-1.6294680613,11.667781630903798,2.028008379,0.2664589705,0.5057264900999998,-1.8494680613000003
69,69,69.0,69.0,69.0,69.0,69.0,69.0,69.0,69.0,69.0,69.0,69.0,,,,,,,,,,,,,,,,,,,,,,,0.9,-0.9752694498,-0.3640674446,-10.564436641409172,2.2944673495,0.2392675195999998,0.2392675195999998,-1.1440674446000003
70,70,70.0,70.0,70.0,70.0,70.0,70.0,70.0,70.0,70.0,70.0,70.0,,,,,,,,,,,,,,,,,,,,,,,0.0,0.0,-1.0,3.5367760293597,0.0,0.0689637068,2.4411505187000007,-2.5
71,71,71.0,71.0,71.0,71.0,71.0,71.0,71.0,71.0,71.0,71.0,71.0,,,,,,,,,,,,,,,,,,,,,,,0.1,-0.0780537159,-0.5682686812,-12.649368329948944,0.0689637068,0.2255862669999999,2.3721868119000007,-1.3482686812000002
72,72,72.0,72.0,72.0,72.0,72.0,72.0,72.0,72.0,72.0,72.0,72.0,,,,,,,,,,,,,,,,,,,,,,,0.2,-0.1933219197,-1.7179373104,11.656061720168116,0.2945499738,0.2028553941,2.1466005449000005,-1.9379373104
73,73,73.0,73.0,73.0,73.0,73.0,73.0,73.0,73.0,73.0,73.0,73.0,,,,,,,,,,,,,,,,,,,,,,,0.3,-0.3004200349,-0.4452330232,-20.064942303115394,0.4974053679,0.4374960006,1.9437451508000003,-0.2652330232000001
74,74,74.0,74.0,74.0,74.0,74.0,74.0,74.0,74.0,74.0,74.0,74.0,,,,,,,,,,,,,,,,,,,,,,,0.4,-0.4398520911,-2.3122951972,16.620208956719775,0.9349013685,0.3878639569,1.5062491502000002,-1.8922951972
75,75,75.0,75.0,75.0,75.0,75.0,75.0,75.0,75.0,75.0,75.0,75.0,,,,,,,,,,,,,,,,,,,,,,,0.5,-0.5794971825,-0.5106292102,-8.847034293780682,1.3227653254,0.1662337608999999,1.1183851933000002,-0.0106292101999999
76,76,76.0,76.0,76.0,76.0,76.0,76.0,76.0,76.0,76.0,76.0,76.0,,,,,,,,,,,,,,,,,,,,,,,0.6,-0.6708867894,-1.3039430327,8.577689849789829,1.4889990863,0.1642711087999999,0.9521514324000002,-0.8839430326999999
77,77,77.0,77.0,77.0,77.0,77.0,77.0,77.0,77.0,77.0,77.0,77.0,,,,,,,,,,,,,,,,,,,,,,,0.7,-0.7534795028,-0.3635813342,-14.011142677356938,1.6532701951,0.280129134,0.7878803236000003,-0.1835813341999998
78,78,78.0,78.0,78.0,78.0,78.0,78.0,78.0,78.0,78.0,78.0,78.0,,,,,,,,,,,,,,,,,,,,,,,0.8,-0.8558565806,-1.6623185242,11.841295637659089,1.9333993291,0.2698717846,0.5077511896000002,-1.8823185242
79,79,79.0,79.0,79.0,79.0,79.0,79.0,79.0,79.0,79.0,79.0,79.0,,,,,,,,,,,,,,,,,,,,,,,0.9,-0.9567658242,-0.3772797168,-10.56611316828984,2.2032711137,0.2378794050000001,0.2378794050000001,-1.1572797168000002
80,80,80.0,80.0,80.0,80.0,80.0,80.0,80.0,80.0,80.0,80.0,80.0,,,,,,,,,,,,,,,,,,,,,,,0.0,0.0,-1.0,3.53798741432993,0.0,0.0689596495,2.3743565897,-2.5
81,81,81.0,81.0,81.0,81.0,81.0,81.0,81.0,81.0,81.0,81.0,81.0,,,,,,,,,,,,,,,,,,,,,,,0.1,-0.0780478559,-0.5681534027,-12.375844374482211,0.0689596495,0.218599632,2.3053969402,-1.3481534027000004
82,82,82.0,82.0,82.0,82.0,82.0,82.0,82.0,82.0,82.0,82.0,82.0,,,,,,,,,,,,,,,,,,,,,,,0.2,-0.1919819324,-1.6918037636,11.577421806580764,0.2875592815,0.1971328487,2.0867973082,-1.9118037636
83,83,83.0,83.0,83.0,83.0,83.0,83.0,83.0,83.0,83.0,83.0,83.0,,,,,,,,,,,,,,,,,,,,,,,0.3,-0.296973526,-0.4290699894,-20.07795983518681,0.4846921302,0.4334581906,1.8896644595,-0.2490699894
84,84,84.0,84.0,84.0,84.0,84.0,84.0,84.0,84.0,84.0,84.0,84.0,,,,,,,,,,,,,,,,,,,,,,,0.4,-0.4349303619,-2.298909137,16.337764863410676,0.9181503208,0.3820957114,1.4562062689,-1.878909137
85,85,85.0,85.0,85.0,85.0,85.0,85.0,85.0,85.0,85.0,85.0,85.0,,,,,,,,,,,,,,,,,,,,,,,0.5,-0.5746679013,-0.5253951112,-8.477891544374017,1.3002460322,0.1612880553,1.0741105575,-0.0253951112
86,86,86.0,86.0,86.0,86.0,86.0,86.0,86.0,86.0,86.0,86.0,86.0,,,,,,,,,,,,,,,,,,,,,,,0.6,-0.6656769768,-1.2821751902,8.472645766248233,1.4615340875,0.1597540472,0.9128225022,-0.8621751902
87,87,87.0,87.0,87.0,87.0,87.0,87.0,87.0,87.0,87.0,87.0,87.0,,,,,,,,,,,,,,,,,,,,,,,0.7,-0.7467063484,-0.3538812419,-13.868965482348178,1.6212881347,0.2734195644999999,0.753068455,-0.1738812418999998
88,88,88.0,88.0,88.0,88.0,88.0,88.0,88.0,88.0,88.0,88.0,88.0,,,,,,,,,,,,,,,,,,,,,,,0.8,-0.8474725708,-1.6400115678,11.31383273696042,1.8947076992,0.261964319,0.4796488905,-1.8600115678
89,89,89.0,89.0,89.0,89.0,89.0,89.0,89.0,89.0,89.0,89.0,89.0,,,,,,,,,,,,,,,,,,,,,,,0.9,-0.9488105849,-0.40729028,-9.379452789209504,2.1566720182,0.2176845714999999,0.2176845714999999,-1.1872902800000005
90,90,90.0,90.0,90.0,90.0,90.0,90.0,90.0,90.0,90.0,90.0,90.0,,,,,,,,,,,,,,,,,,,,,,,0.0,0.0,-1.0,3.423725647966348,0.0,0.0693528067,2.3818664965,0.0096750321999999
91,91,91.0,91.0,91.0,91.0,91.0,91.0,91.0,91.0,91.0,91.0,91.0,,,,,,,,,,,,,,,,,,,,,,,0.1,-0.0786005879,-0.5790268474,-12.618158459814774,0.0693528067,0.2271632511,2.3125136898,0.0096750321999999
92,92,92.0,92.0,92.0,92.0,92.0,92.0,92.0,92.0,92.0,92.0,92.0,,,,,,,,,,,,,,,,,,,,,,,0.2,-0.1947415872,-1.724701694,11.34137607260404,0.2965160578,0.2034295761,2.0853504387,0.0096750321999999
93,93,93.0,93.0,93.0,93.0,93.0,93.0,93.0,93.0,93.0,93.0,93.0,,,,,,,,,,,,,,,,,,,,,,,0.3,-0.3040056847,-0.4812999892,-19.944192067816925,0.4999456339,0.4430183356999999,1.8819208626,0.0096750321999999
94,94,94.0,94.0,94.0,94.0,94.0,94.0,94.0,94.0,94.0,94.0,94.0,,,,,,,,,,,,,,,,,,,,,,,0.4,-0.4462858249,-2.3334390558,17.034615504809768,0.9429639696,0.3968334518999999,1.4389025268999998,0.0096750321999999
95,95,95.0,95.0,95.0,95.0,95.0,95.0,95.0,95.0,95.0,95.0,95.0,,,,,,,,,,,,,,,,,,,,,,,0.5,-0.5859383624,-0.4903249678,-9.801488257634286,1.3397974215,0.1822877094000001,1.042069075,0.0096750321999999
96,96,96.0,96.0,96.0,96.0,96.0,96.0,96.0,96.0,96.0,96.0,96.0,,,,,,,,,,,,,,,,,,,,,,,0.6,-0.6800128526,-1.3763993034,8.889039595352378,1.5220851309,0.1785342744,0.8597813655999997,0.0096750321999999
97,97,97.0,97.0,97.0,97.0,97.0,97.0,97.0,97.0,97.0,97.0,97.0,,,,,,,,,,,,,,,,,,,,,,,0.7,-0.7679945626,-0.3995136338,-11.88161759781629,1.7006194053,0.2368758500999999,0.6812470911999997,0.0096750321999999
98,98,98.0,98.0,98.0,98.0,98.0,98.0,98.0,98.0,98.0,98.0,98.0,,,,,,,,,,,,,,,,,,,,,,,0.8,-0.8634895176,-1.4921804387,9.905609593789285,1.9374952554,0.2320114032,0.4443712410999998,0.0096750321999999
99,99,99.0,99.0,99.0,99.0,99.0,99.0,99.0,99.0,99.0,99.0,99.0,,,,,,,,,,,,,,,,,,,,,,,0.9,-0.9575716858,-0.4075373111,-9.003921258875025,2.1695066586,0.2123598378999998,0.2123598378999998,0.0096750321999999
100,100,100.0,100.0,100.0,100.0,100.0,100.0,100.0,100.0,100.0,100.0,100.0,,,,,,,,,,,,,,,,,,,,,,,0.0,0.0,-1.0,3.3009838537401928,0.0,0.0697988962,2.6085572139,0.1122470976
101,101,101.0,101.0,101.0,101.0,101.0,101.0,101.0,101.0,101.0,101.0,101.0,,,,,,,,,,,,,,,,,,,,,,,0.1,-0.0791943452,-0.5907072694,-16.194222224798953,0.0697988962,0.3324905777,2.5387583177,0.1122470976
102,102,102.0,102.0,102.0,102.0,102.0,102.0,102.0,102.0,102.0,102.0,102.0,,,,,,,,,,,,,,,,,,,,,,,0.2,-0.2137457979,-2.0755780392,13.5994606703042,0.4022894739,0.2932195357999999,2.2062677400000004,0.1122470976
103,103,103.0,103.0,103.0,103.0,103.0,103.0,103.0,103.0,103.0,103.0,103.0,,,,,,,,,,,,,,,,,,,,,,,0.3,-0.345476891,-0.583900879,-9.49982671598304,0.6955090097,0.1694188027000001,1.9130482042000003,0.1122470976
104,104,104.0,104.0,104.0,104.0,104.0,104.0,104.0,104.0,104.0,104.0,104.0,,,,,,,,,,,,,,,,,,,,,,,0.4,-0.4469969584,-1.4323634832,9.544751119417043,0.8649278124,0.1610323383999999,1.7436294015000002,0.1122470976
105,105,105.0,105.0,105.0,105.0,105.0,105.0,105.0,105.0,105.0,105.0,105.0,,,,,,,,,,,,,,,,,,,,,,,0.5,-0.5371324273,-0.3877529024,-19.92343062559552,1.0259601508,0.4396583786999999,1.5825970631,0.1122470976
106,106,106.0,106.0,106.0,106.0,106.0,106.0,106.0,106.0,106.0,106.0,106.0,,,,,,,,,,,,,,,,,,,,,,,0.6,-0.6704099427,-2.2468184496,17.391950812151315,1.4656185295,0.4050299587000001,1.1429386844000002,0.1122470976
107,107,107.0,107.0,107.0,107.0,107.0,107.0,107.0,107.0,107.0,107.0,107.0,,,,,,,,,,,,,,,,,,,,,,,0.7,-0.8000908787,-0.3779424323,-12.464007590639886,1.8706484882,0.2517665707000001,0.7379087257000001,0.1122470976
108,108,108.0,108.0,108.0,108.0,108.0,108.0,108.0,108.0,108.0,108.0,108.0,,,,,,,,,,,,,,,,,,,,,,,0.8,-0.8963504549,-1.5280836152,10.68924395536122,2.1224150589,0.2470779550999999,0.486142155,0.1122470976
109,109,109.0,109.0,109.0,109.0,109.0,109.0,109.0,109.0,109.0,109.0,109.0,,,,,,,,,,,,,,,,,,,,,,,0.9,-0.9900584969,-0.3654511777,-10.397098507188948,2.369493014,0.2390641999,0.2390641999,0.1122470976
110,110,110.0,110.0,110.0,110.0,110.0,110.0,110.0,110.0,110.0,110.0,110.0,,,,,,,,,,,,,,,,,,,,,,,0.0,0.0,-1.0,3.5907031604430166,0.0,0.0687853969,2.1073694837,-2.5
111,111,111.0,111.0,111.0,111.0,111.0,111.0,111.0,111.0,111.0,111.0,111.0,,,,,,,,,,,,,,,,,,,,,,,0.1,-0.0777928478,-0.5631368361,-14.454370240003756,0.0687853969,0.2733569775,2.0385840868,-1.3431368361000002
112,112,112.0,112.0,112.0,112.0,112.0,112.0,112.0,112.0,112.0,112.0,112.0,,,,,,,,,,,,,,,,,,,,,,,0.2,-0.2013042363,-1.8850624716,12.305881996119805,0.3421423744,0.2421207641,1.7652271092999998,-2.1050624716
113,113,113.0,113.0,113.0,113.0,113.0,113.0,113.0,113.0,113.0,113.0,113.0,,,,,,,,,,,,,,,,,,,,,,,0.3,-0.3211629566,-0.5346155518,-13.3307945441929,0.5842631385,0.2480013203,1.5231063451999998,-0.3546155518
114,114,114.0,114.0,114.0,114.0,114.0,114.0,114.0,114.0,114.0,114.0,114.0,,,,,,,,,,,,,,,,,,,,,,,0.4,-0.4365249673,-1.7523329954,11.383857082809625,0.8322644588,0.2279432233999999,1.2751050248999998,-1.3323329953999998
115,115,115.0,115.0,115.0,115.0,115.0,115.0,115.0,115.0,115.0,115.0,115.0,,,,,,,,,,,,,,,,,,,,,,,0.5,-0.5482130459,-0.5022592086,-10.007089426975844,1.0602076822,0.1841853234000001,1.0471618015,-0.0022592085999999
116,116,116.0,116.0,116.0,116.0,116.0,116.0,116.0,116.0,116.0,116.0,116.0,,,,,,,,,,,,,,,,,,,,,,,0.6,-0.6444178082,-1.406763389,9.14024720474728,1.2443930056,0.1792807265999998,0.8629764780999998,-0.986763389
117,117,117.0,117.0,117.0,117.0,117.0,117.0,117.0,117.0,117.0,117.0,117.0,,,,,,,,,,,,,,,,,,,,,,,0.7,-0.7340738626,-0.4030826141,-12.317803651330744,1.4236737322,0.2424368773,0.6836957515,-0.2230826140999998
118,118,118.0,118.0,118.0,118.0,118.0,118.0,118.0,118.0,118.0,118.0,118.0,,,,,,,,,,,,,,,,,,,,,,,0.8,-0.8320185229,-1.5369183189,10.188825710398223,1.6661106095,0.2355646967,0.4412588741999999,-1.7569183189000002
119,119,119.0,119.0,119.0,119.0,119.0,119.0,119.0,119.0,119.0,119.0,119.0,,,,,,,,,,,,,,,,,,,,,,,0.9,-0.9289880455,-0.4210662253,-8.824858616796925,1.9016753062,0.2056941774999998,0.2056941774999998,-1.2010662253000002
120,120,120.0,120.0,120.0,120.0,120.0,120.0,120.0,120.0,120.0,120.0,,,,,,,,,,,,,,,,,,,,,,,,0.0,0.0,-1.0,3.3092459606865248,0.0,0.0697679227,1.0795161427000002,-2.5
121,121,121.0,121.0,121.0,121.0,121.0,121.0,121.0,121.0,121.0,121.0,,,,,,,,,,,,,,,,,,,,,,,,0.1,-0.079154374,-0.5899210299,-7.681652507636853,0.0697679227,0.1218612851,1.00974822,-1.3699210299000002
122,122,122.0,122.0,122.0,122.0,122.0,122.0,122.0,122.0,122.0,122.0,,,,,,,,,,,,,,,,,,,,,,,,0.2,-0.1724521416,-1.2647885131,4.670036118623345,0.1916292078,0.1143406586,0.8878869349,-1.4847885131
123,123,123.0,123.0,123.0,123.0,123.0,123.0,123.0,123.0,123.0,123.0,,,,,,,,,,,,,,,,,,,,,,,,0.3,-0.2702217651,-0.7000152778,-3.057795409420499,0.3059698664,0.0809724480999999,0.7735462763000001,-0.5200152778
124,124,124.0,124.0,124.0,124.0,124.0,124.0,124.0,124.0,124.0,124.0,,,,,,,,,,,,,,,,,,,,,,,,0.4,-0.35162886,-0.9243877238,2.5610156871326426,0.3869423145,0.0767460750999999,0.6925738282,-0.5043877238
125,125,125.0,125.0,125.0,125.0,125.0,125.0,125.0,125.0,125.0,125.0,,,,,,,,,,,,,,,,,,,,,,,,0.5,-0.4272073568,-0.5927076582,-6.663945724659215,0.4636883896,0.1254037444,0.6158277531,-0.0927076582
126,126,126.0,126.0,126.0,126.0,126.0,126.0,126.0,126.0,126.0,126.0,,,,,,,,,,,,,,,,,,,,,,,,0.6,-0.5158472403,-1.1704623472,1.940661631021741,0.589092134,0.1391462166999999,0.4904240086999999,-0.7504623471999999
127,127,127.0,127.0,127.0,127.0,127.0,127.0,127.0,127.0,127.0,127.0,,,,,,,,,,,,,,,,,,,,,,,,0.7,-0.6178438453,-0.8743995791,-0.4098084306755403,0.7282383507,0.1164054437,0.351277792,-0.6943995790999998
128,128,128.0,128.0,128.0,128.0,128.0,128.0,128.0,128.0,128.0,128.0,,,,,,,,,,,,,,,,,,,,,,,,0.8,-0.7030364423,-0.8301878252,0.0030017371774341,0.8446437944,0.1177296673,0.2348723482999999,-1.0501878252
129,129,129.0,129.0,129.0,129.0,129.0,129.0,129.0,129.0,129.0,129.0,,,,,,,,,,,,,,,,,,,,,,,,0.9,-0.7820249106,-0.7508991831,0.1400546074107349,0.9623734617,0.1171426809999999,0.1171426809999999,-1.5308991831000005
130,130,130.0,130.0,130.0,130.0,130.0,130.0,130.0,130.0,130.0,130.0,,,,,,,,,,,,,,,,,,,,,,,,0.0,0.0,-1.0,3.457126851139269,0.0,0.0692356908,2.0584433027,-2.5
131,131,131.0,131.0,131.0,131.0,131.0,131.0,131.0,131.0,131.0,131.0,,,,,,,,,,,,,,,,,,,,,,,,0.1,-0.0784390123,-0.5758483026,-8.196635233391197,0.0692356908,0.1286884571,1.9892076119,-1.3558483026
132,132,132.0,132.0,132.0,132.0,132.0,132.0,132.0,132.0,132.0,132.0,,,,,,,,,,,,,,,,,,,,,,,,0.2,-0.1728887701,-1.3010620681,4.68460763420945,0.1979241479,0.1212849173999999,1.8605191548,-1.5210620681
133,133,133.0,133.0,133.0,133.0,133.0,133.0,133.0,133.0,133.0,133.0,,,,,,,,,,,,,,,,,,,,,,,,0.3,-0.2740397903,-0.7314502845,-2.065161400336684,0.3192090653,0.0754591137,1.7392342374000005,-0.5514502845000001
134,134,134.0,134.0,134.0,134.0,134.0,134.0,134.0,134.0,134.0,134.0,,,,,,,,,,,,,,,,,,,,,,,,0.4,-0.3536365546,-0.8583696603,1.9789326434571828,0.394668179,0.069972576,1.6637751237000002,-0.4383696602999999
135,135,135.0,135.0,135.0,135.0,135.0,135.0,135.0,135.0,135.0,135.0,,,,,,,,,,,,,,,,,,,,,,,,0.5,-0.4257483983,-0.5883645522,-19.8153859326609,0.464640755,0.4786485349,1.5938025477000002,-0.0883645521999999
136,136,136.0,136.0,136.0,136.0,136.0,136.0,136.0,136.0,136.0,136.0,,,,,,,,,,,,,,,,,,,,,,,,0.6,-0.5775939848,-2.4180575589,18.555052218340293,0.9432892899,0.4466271167,1.1151540128,-1.9980575589000005
137,137,137.0,137.0,137.0,137.0,137.0,137.0,137.0,137.0,137.0,137.0,,,,,,,,,,,,,,,,,,,,,,,,0.7,-0.7179440493,-0.4222022727,-11.626315844161716,1.3899164066,0.2274520282999999,0.6685268961000002,-0.2422022726999998
138,138,138.0,138.0,138.0,138.0,138.0,138.0,138.0,138.0,138.0,138.0,,,,,,,,,,,,,,,,,,,,,,,,0.8,-0.8143631374,-1.4884147689,2.6772374197554374,1.6173684349,0.2484370610000001,0.4410748678000002,-1.7084147689000002
139,139,139.0,139.0,139.0,139.0,139.0,139.0,139.0,139.0,139.0,139.0,,,,,,,,,,,,,,,,,,,,,,,,0.9,-0.9430536932,-1.0920004711,1.6563826287320067,1.8658054959,0.1926378068000001,0.1926378068000001,-1.8720004711
140,140,140.0,140.0,140.0,140.0,140.0,140.0,140.0,140.0,140.0,140.0,,,,,,,,,,,,,,,,,,,,,,,,0.0,0.0,-1.0,3.557690461284387,0.0,0.068893997,1.9216942011,-2.5
141,141,141.0,141.0,141.0,141.0,141.0,141.0,141.0,141.0,141.0,141.0,,,,,,,,,,,,,,,,,,,,,,,,0.1,-0.0779525441,-0.5662784098,-13.034293207066868,0.068893997,0.235144641,1.8528002041,-1.3462784098000002
142,142,142.0,142.0,142.0,142.0,142.0,142.0,142.0,142.0,142.0,142.0,,,,,,,,,,,,,,,,,,,,,,,,0.2,-0.1948933876,-1.752766887,5.415452007962272,0.304038638,0.2237298523999999,1.6176555630999998,-1.972766887
143,143,143.0,143.0,143.0,143.0,143.0,143.0,143.0,143.0,143.0,143.0,,,,,,,,,,,,,,,,,,,,,,,,0.3,-0.3354944074,-1.0706206664,2.494321851185336,0.5277684904,0.0994957315,1.3939257106999998,-0.8906206664
144,144,144.0,144.0,144.0,144.0,144.0,144.0,144.0,144.0,144.0,144.0,,,,,,,,,,,,,,,,,,,,,,,,0.4,-0.4253114841,-0.7313714045,1.5865432308239906,0.6272642219,0.0610284627,1.2944299791999998,-0.3113714045
145,145,145.0,145.0,145.0,145.0,145.0,145.0,145.0,145.0,145.0,145.0,,,,,,,,,,,,,,,,,,,,,,,,0.5,-0.4872359363,-0.5107926293,-19.91193236019324,0.6882926846,0.4665023281999999,1.2334015165,-0.0107926293
146,146,146.0,146.0,146.0,146.0,146.0,146.0,146.0,146.0,146.0,146.0,,,,,,,,,,,,,,,,,,,,,,,,0.6,-0.6321666179,-2.3570551837,16.59987259331016,1.1547950128,0.4241630169000001,0.7668991883,-1.9370551837
147,147,147.0,147.0,147.0,147.0,147.0,147.0,147.0,147.0,147.0,147.0,,,,,,,,,,,,,,,,,,,,,,,,0.7,-0.776169577,-0.5530649653,-1.470257871601595,1.5789580297,0.1017211341999999,0.3427361713999999,-0.3730649652999999
148,148,148.0,148.0,148.0,148.0,148.0,148.0,148.0,148.0,148.0,148.0,,,,,,,,,,,,,,,,,,,,,,,,0.8,-0.8359124989,-0.6403478306,-0.6797821127672906,1.6806791639,0.1168597616,0.2410150371999999,-0.8603478306000002
149,149,149.0,149.0,149.0,149.0,149.0,149.0,149.0,149.0,149.0,149.0,,,,,,,,,,,,,,,,,,,,,,,,0.9,-0.9001378883,-0.6441006524,0.0343568696236822,1.7975389255,0.1241552755999999,0.1241552755999999,-1.4241006524000004
150,150,150.0,150.0,150.0,150.0,150.0,150.0,150.0,150.0,150.0,150.0,,,,,,,,,,,,,,,,,,,,,,,,0.0,0.0,-1.0,3.616555339061349,0.0,0.0687015849,1.1952125451,-2.5
151,151,151.0,151.0,151.0,151.0,151.0,151.0,151.0,151.0,151.0,151.0,,,,,,,,,,,,,,,,,,,,,,,,0.1,-0.07766779,-0.5606766761,-12.829765160513068,0.0687015849,0.2285653737,1.1265109602,-1.3406766761000002
152,152,152.0,152.0,152.0,152.0,152.0,152.0,152.0,152.0,152.0,152.0,,,,,,,,,,,,,,,,,,,,,,,,0.2,-0.1930861705,-1.7282348116,5.611275771139766,0.2972669586,0.2156902633,0.8979455864999999,-1.9482348116
153,153,153.0,153.0,153.0,153.0,153.0,153.0,153.0,153.0,153.0,153.0,,,,,,,,,,,,,,,,,,,,,,,,0.3,-0.3304053734,-1.0297880317,2.3238537317161563,0.5129572219,0.0930495072999999,0.6822553231999999,-0.8497880317000002
154,154,154.0,154.0,154.0,154.0,154.0,154.0,154.0,154.0,154.0,154.0,,,,,,,,,,,,,,,,,,,,,,,,0.4,-0.4171613401,-0.7106466918,-1.9026169638617405,0.6060067292,0.0816654062999999,0.5892058159,-0.2906466917999999
155,155,155.0,155.0,155.0,155.0,155.0,155.0,155.0,155.0,155.0,155.0,,,,,,,,,,,,,,,,,,,,,,,,0.5,-0.4939919558,-0.8240777725,0.3167744382215033,0.6876721355,0.087762476,0.5075404096,-0.3240777725
156,156,156.0,156.0,156.0,156.0,156.0,156.0,156.0,156.0,156.0,156.0,,,,,,,,,,,,,,,,,,,,,,,,0.6,-0.5708810829,-0.7155112015,-0.8680722941965677,0.7754346115,0.0895133809999999,0.4197779335999999,-0.2955112015
157,157,157.0,157.0,157.0,157.0,157.0,157.0,157.0,157.0,157.0,157.0,,,,,,,,,,,,,,,,,,,,,,,,0.7,-0.6431700996,-0.7300294142,-1.1986319420559604,0.8649479925,0.1037375194999999,0.3302645526,-0.5500294141999998
158,158,158.0,158.0,158.0,158.0,158.0,158.0,158.0,158.0,158.0,158.0,,,,,,,,,,,,,,,,,,,,,,,,0.8,-0.7184395689,-0.7746231392,-0.1619620853239455,0.968685512,0.1127693243,0.2265270331,-0.9946231392000002
159,159,159.0,159.0,159.0,159.0,159.0,159.0,159.0,159.0,159.0,159.0,,,,,,,,,,,,,,,,,,,,,,,,0.9,-0.7929385289,-0.7163203876,0.1935878609920323,1.0814548363,0.1137577087999999,0.1137577087999999,-1.4963203876000004
160,160,160.0,160.0,160.0,160.0,160.0,160.0,160.0,160.0,160.0,160.0,,,,,,,,,,,,,,,,,,,,,,,,0.0,0.0,-1.0,3.437981600391214,0.0,0.0693025995,2.3357496128,-2.5
161,161,161.0,161.0,161.0,161.0,161.0,161.0,161.0,161.0,161.0,161.0,,,,,,,,,,,,,,,,,,,,,,,,0.1,-0.0785316258,-0.5776702141,-8.173054623812392,0.0693025995,0.1285818536,2.2664470133,-1.3576702141
162,162,162.0,162.0,162.0,162.0,162.0,162.0,162.0,162.0,162.0,162.0,,,,,,,,,,,,,,,,,,,,,,,,0.2,-0.1730406922,-1.3004666101,4.687855549863155,0.1978844531,0.1211614249,2.1378651597,-1.5204666101
163,163,163.0,163.0,163.0,163.0,163.0,163.0,163.0,163.0,163.0,163.0,,,,,,,,,,,,,,,,,,,,,,,,0.3,-0.2741193356,-0.7306024118,-1.8037124692335096,0.319045878,0.072756409,2.0167037348,-0.5506024118
164,164,164.0,164.0,164.0,164.0,164.0,164.0,164.0,164.0,164.0,164.0,,,,,,,,,,,,,,,,,,,,,,,,0.4,-0.3523706727,-0.8327223216,1.854348845546499,0.391802287,0.0668718076,1.9439473258,-0.4127223216
165,165,165.0,165.0,165.0,165.0,165.0,165.0,165.0,165.0,165.0,165.0,,,,,,,,,,,,,,,,,,,,,,,,0.5,-0.4226445124,-0.5770135973,-20.024480699294028,0.4586740946,0.4829271974999999,1.8770755182,-0.0770135973
166,166,166.0,166.0,166.0,166.0,166.0,166.0,166.0,166.0,166.0,166.0,,,,,,,,,,,,,,,,,,,,,,,,0.6,-0.5744213918,-2.4276847879,18.34903108996289,0.9416012921,0.4473024217,1.3941483206999998,-2.0076847879
167,167,167.0,167.0,167.0,167.0,167.0,167.0,167.0,167.0,167.0,167.0,,,,,,,,,,,,,,,,,,,,,,,,0.7,-0.7166842185,-0.4505188521,0.6436550858527161,1.3889037138,0.0704986528,0.946845899,-0.2705188520999998
168,168,168.0,168.0,168.0,168.0,168.0,168.0,168.0,168.0,168.0,168.0,,,,,,,,,,,,,,,,,,,,,,,,0.8,-0.7564431788,-0.3463943833,-19.957851495390862,1.4594023666,0.4609537514999999,0.8763472461999999,-0.5663943833000002
169,169,169.0,169.0,169.0,169.0,169.0,169.0,169.0,169.0,169.0,169.0,,,,,,,,,,,,,,,,,,,,,,,,0.9,-0.8859514337,-2.2126712779,13.604600223430715,1.9203561181,0.4153934947,0.4153934947,-2.9926712779000004
170,170,170.0,170.0,170.0,170.0,170.0,170.0,170.0,170.0,170.0,170.0,,,,,,,,,,,,,,,,,,,,,,,,0.0,0.0,-1.0,3.634545539108012,0.0,0.0686439001,1.2077071947000002,-2.5
171,171,171.0,171.0,171.0,171.0,171.0,171.0,171.0,171.0,171.0,171.0,,,,,,,,,,,,,,,,,,,,,,,,0.1,-0.0775807639,-0.5589646822,-13.011221234127564,0.0686439001,0.2329113827,1.1390632946,-1.3389646822000003
172,172,172.0,172.0,172.0,172.0,172.0,172.0,172.0,172.0,172.0,172.0,,,,,,,,,,,,,,,,,,,,,,,,0.2,-0.1937140057,-1.7439535638,5.427916542449222,0.3015552828,0.2211915506,0.9061519119,-1.9639535638
173,173,173.0,173.0,173.0,173.0,173.0,173.0,173.0,173.0,173.0,173.0,,,,,,,,,,,,,,,,,,,,,,,,0.3,-0.3334160307,-1.0614598845,2.6219925363966743,0.5227468334,0.0970233124999999,0.6849603612999999,-0.8814598845000001
174,174,174.0,174.0,174.0,174.0,174.0,174.0,174.0,174.0,174.0,174.0,,,,,,,,,,,,,,,,,,,,,,,,0.4,-0.4217437455,-0.7109329161,-1.9547437208060512,0.6197701459,0.0826337563,0.5879370488,-0.2909329160999999
175,175,175.0,175.0,175.0,175.0,175.0,175.0,175.0,175.0,175.0,175.0,,,,,,,,,,,,,,,,,,,,,,,,0.5,-0.4988537593,-0.8292972744,0.5430831689842389,0.7024039022,0.0874952921999999,0.5053032925,-0.3292972744
176,176,176.0,176.0,176.0,176.0,176.0,176.0,176.0,176.0,176.0,176.0,,,,,,,,,,,,,,,,,,,,,,,,0.6,-0.5751448302,-0.6986978866,-1.129262707180065,0.7898991944,0.0897726124,0.4178080003,-0.2786978865999999
177,177,177.0,177.0,177.0,177.0,177.0,177.0,177.0,177.0,177.0,177.0,,,,,,,,,,,,,,,,,,,,,,,,0.7,-0.6470971702,-0.7396718173,-0.854116568941484,0.8796718068,0.1027686235999999,0.3280353879,-0.5596718172999998
178,178,178.0,178.0,178.0,178.0,178.0,178.0,178.0,178.0,178.0,178.0,,,,,,,,,,,,,,,,,,,,,,,,0.8,-0.7216178777,-0.7505627668,-0.326572293044725,0.9824404304,0.1109358381999999,0.2252667643,-0.9705627668000002
179,179,179.0,179.0,179.0,179.0,179.0,179.0,179.0,179.0,179.0,179.0,,,,,,,,,,,,,,,,,,,,,,,,0.9,-0.7946234568,-0.7102144169,0.0217711508646991,1.0933762686,0.1143309261,0.1143309261,-1.4902144169000002
180,180,180.0,180.0,180.0,180.0,180.0,180.0,180.0,180.0,180.0,,,,,,,,,,,,,,,,,,,,,,,,,0.0,0.0,-1.0,5.580419321084559,0.0,0.0654997695,2.0513673554,-2.5
181,181,181.0,181.0,181.0,181.0,181.0,181.0,181.0,181.0,181.0,,,,,,,,,,,,,,,,,,,,,,,,,0.1,-0.0681677589,-0.373790309,-19.859809333673383,0.0654997695,0.4007043401,1.9858675859,-1.153790309
182,182,182.0,182.0,182.0,182.0,182.0,182.0,182.0,182.0,182.0,,,,,,,,,,,,,,,,,,,,,,,,,0.2,-0.1998088133,-2.2281301879,15.14457970057812,0.4662041096,0.3382057314,1.5851632458,-2.4481301879000004
183,183,183.0,183.0,183.0,183.0,183.0,183.0,183.0,183.0,183.0,,,,,,,,,,,,,,,,,,,,,,,,,0.3,-0.3385827763,-0.5748982549,-7.950391937025589,0.804409841,0.1369756112,1.2469575144,-0.3948982549000001
184,184,184.0,184.0,184.0,184.0,184.0,184.0,184.0,184.0,184.0,,,,,,,,,,,,,,,,,,,,,,,,,0.4,-0.4317508208,-1.2767694041,5.548713997572846,0.9413854522,0.1320634597999999,1.1099819032,-0.8567694040999999
185,185,185.0,185.0,185.0,185.0,185.0,185.0,185.0,185.0,185.0,,,,,,,,,,,,,,,,,,,,,,,,,0.5,-0.5264101574,-0.6272386678,-8.50835304532958,1.073448912,0.1752311663000001,0.9779184434,-0.1272386678
186,186,186.0,186.0,186.0,186.0,186.0,186.0,186.0,186.0,186.0,,,,,,,,,,,,,,,,,,,,,,,,,0.6,-0.6272581273,-1.3772260023,6.551225427513275,1.2486800783,0.1717108425,0.8026872771,-0.9572260023
187,187,187.0,187.0,187.0,187.0,187.0,187.0,187.0,187.0,187.0,,,,,,,,,,,,,,,,,,,,,,,,,0.7,-0.7266276217,-0.6227339652,-11.03223833807735,1.4203909208,0.2560037640999999,0.6309764346,-0.4427339651999998
188,188,188.0,188.0,188.0,188.0,188.0,188.0,188.0,188.0,188.0,,,,,,,,,,,,,,,,,,,,,,,,,0.8,-0.8392561417,-1.6133292791,8.989631807884455,1.6763946849,0.2515662677000001,0.3749726705,-1.8333292791
189,189,189.0,189.0,189.0,189.0,189.0,189.0,189.0,189.0,189.0,,,,,,,,,,,,,,,,,,,,,,,,,0.9,-0.9492981282,-0.6043241118,1.1196249112361727,1.9279609526,0.1234064027999999,0.1234064027999999,-1.3843241118000005
190,190,190.0,190.0,190.0,190.0,190.0,190.0,190.0,190.0,190.0,,,,,,,,,,,,,,,,,,,,,,,,,0.0,0.0,-1.0,5.39352922259097,0.0,0.0655355519,2.1101394113,-2.5
191,191,191.0,191.0,191.0,191.0,191.0,191.0,191.0,191.0,191.0,,,,,,,,,,,,,,,,,,,,,,,,,0.1,-0.0690718245,-0.3915752532,-20.01029199460738,0.0655355519,0.4105802521,2.0446038594,-1.1715752532000003
192,192,192.0,192.0,192.0,192.0,192.0,192.0,192.0,192.0,192.0,,,,,,,,,,,,,,,,,,,,,,,,,0.2,-0.2031332883,-2.2585429889,15.455397256798694,0.476115804,0.3479915759,1.6340236073,-2.4785429889
193,193,193.0,193.0,193.0,193.0,193.0,193.0,193.0,193.0,193.0,,,,,,,,,,,,,,,,,,,,,,,,,0.3,-0.3432978575,-0.572838694,-8.563337135169672,0.8241073799,0.1484166544999999,1.2860320314,-0.392838694
194,194,194.0,194.0,194.0,194.0,194.0,194.0,194.0,194.0,194.0,,,,,,,,,,,,,,,,,,,,,,,,,0.4,-0.4392350885,-1.3332351766,5.820272110530084,0.9725240344,0.1427672110999999,1.1376153769,-0.9132351766
195,195,195.0,195.0,195.0,195.0,195.0,195.0,195.0,195.0,195.0,,,,,,,,,,,,,,,,,,,,,,,,,0.5,-0.5379542131,-0.6524888409,-7.579183132999198,1.1152912455,0.1638082248000001,0.9948481658,-0.1524888409
196,196,196.0,196.0,196.0,196.0,196.0,196.0,196.0,196.0,196.0,,,,,,,,,,,,,,,,,,,,,,,,,0.6,-0.6367102676,-1.3116510997,6.175540633182436,1.2790994703,0.1611472725,0.831039941,-0.8916510996999999
197,197,197.0,197.0,197.0,197.0,197.0,197.0,197.0,197.0,197.0,,,,,,,,,,,,,,,,,,,,,,,,,0.7,-0.7316567042,-0.5991505997,-11.973281905279809,1.4402467428,0.2745133756,0.6698926685,-0.4191505996999998
198,198,198.0,198.0,198.0,198.0,198.0,198.0,198.0,198.0,198.0,,,,,,,,,,,,,,,,,,,,,,,,,0.8,-0.846593197,-1.6815422975,9.566332128761715,1.7147601184,0.2680314023999999,0.3953792928999999,-1.9015422975000005
199,199,199.0,199.0,199.0,199.0,199.0,199.0,199.0,199.0,199.0,,,,,,,,,,,,,,,,,,,,,,,,,0.9,-0.960336772,-0.6111655097,0.8786041622416931,1.9827915208,0.1273478905,0.1273478905,-1.3911655097000004
200,200,200.0,200.0,200.0,200.0,200.0,200.0,200.0,200.0,200.0,,,,,,,,,,,,,,,,,,,,,,,,,0.0,0.0,-1.0,5.540434402632293,0.0,0.0655026556,2.0371749991999994,-2.5
201,201,201.0,201.0,201.0,201.0,201.0,201.0,201.0,201.0,201.0,,,,,,,,,,,,,,,,,,,,,,,,,0.1,-0.0683611826,-0.3775953771,-20.014210357341565,0.0655026556,0.4071767569,1.9716723436,-1.1575953771000005
202,202,202.0,202.0,202.0,202.0,202.0,202.0,202.0,202.0,202.0,,,,,,,,,,,,,,,,,,,,,,,,,0.2,-0.2011112395,-2.246266356,15.45012870688116,0.4726794125,0.3445209850999999,1.5644955866999997,-2.466266356
203,203,203.0,203.0,203.0,203.0,203.0,203.0,203.0,203.0,203.0,,,,,,,,,,,,,,,,,,,,,,,,,0.3,-0.3401330187,-0.562231706,-8.49087745702294,0.8172003976,0.144840742,1.2199746015999997,-0.3822317060000001
204,204,204.0,204.0,204.0,204.0,204.0,204.0,204.0,204.0,204.0,,,,,,,,,,,,,,,,,,,,,,,,,0.4,-0.4347103446,-1.3167421259,6.117417208075548,0.9620411396,0.1384279082,1.0751338595999995,-0.8967421259
205,205,205.0,205.0,205.0,205.0,205.0,205.0,205.0,205.0,205.0,,,,,,,,,,,,,,,,,,,,,,,,,0.5,-0.5304225265,-0.6092882232,-8.870847857698347,1.1004690478,0.1793601125999999,0.9367059513999998,-0.1092882231999999
206,206,206.0,206.0,206.0,206.0,206.0,206.0,206.0,206.0,206.0,,,,,,,,,,,,,,,,,,,,,,,,,0.6,-0.6313159578,-1.3954795777,6.328542364753202,1.2798291604,0.176439859,0.7573458387999998,-0.9754795777
207,207,207.0,207.0,207.0,207.0,207.0,207.0,207.0,207.0,207.0,,,,,,,,,,,,,,,,,,,,,,,,,0.7,-0.733499731,-0.660441568,-9.371841014550352,1.4562690194,0.2277257347999999,0.5809059797999998,-0.4804415679999998
208,208,208.0,208.0,208.0,208.0,208.0,208.0,208.0,208.0,208.0,,,,,,,,,,,,,,,,,,,,,,,,,0.8,-0.8416845659,-1.4894408345,7.488106024501403,1.6839947542,0.2268259791,0.3531802449999999,-1.7094408345000005
209,209,209.0,209.0,209.0,209.0,209.0,209.0,209.0,209.0,209.0,,,,,,,,,,,,,,,,,,,,,,,,,0.9,-0.9472005058,-0.6351142922,1.1390866734614693,1.9108207333,0.1263542658999998,0.1263542658999998,-1.4151142922000002
210,210,210.0,210.0,210.0,210.0,210.0,210.0,210.0,210.0,210.0,,,,,,,,,,,,,,,,,,,,,,,,,0.0,0.0,-1.0,5.320918552176284,0.0,0.0655646907,2.0743536046,-2.5
211,211,211.0,211.0,211.0,211.0,211.0,211.0,211.0,211.0,211.0,,,,,,,,,,,,,,,,,,,,,,,,,0.1,-0.0694230727,-0.3984850721,-19.966904445217885,0.0655646907,0.410783109,2.0087889139,-1.1784850721000002
212,212,212.0,212.0,212.0,212.0,212.0,212.0,212.0,212.0,212.0,,,,,,,,,,,,,,,,,,,,,,,,,0.2,-0.2039322025,-2.2606663868,15.412733655112094,0.4763477997,0.3484283479999999,1.5980058049,-2.4806663868000003
213,213,213.0,213.0,213.0,213.0,213.0,213.0,213.0,213.0,213.0,,,,,,,,,,,,,,,,,,,,,,,,,0.3,-0.3445052214,-0.5788200024,-7.810809148561452,0.8247761477,0.1356044448,1.2495774569000002,-0.3988200024
214,214,214.0,214.0,214.0,214.0,214.0,214.0,214.0,214.0,214.0,,,,,,,,,,,,,,,,,,,,,,,,,0.4,-0.437371279,-1.2670348596,5.5645767648779465,0.9603805925,0.1307664745000001,1.1139730121000002,-0.8470348596
215,215,215.0,215.0,215.0,215.0,215.0,215.0,215.0,215.0,215.0,,,,,,,,,,,,,,,,,,,,,,,,,0.5,-0.5310275169,-0.6169209453,-8.904826358963728,1.091147067,0.1816198666999999,0.9832065376,-0.1169209452999999
216,216,216.0,216.0,216.0,216.0,216.0,216.0,216.0,216.0,216.0,,,,,,,,,,,,,,,,,,,,,,,,,0.6,-0.6328116566,-1.4056194414,6.633238419029415,1.2727669337,0.1779560209999999,0.8015866709000001,-0.9856194414
217,217,217.0,217.0,217.0,217.0,217.0,217.0,217.0,217.0,217.0,,,,,,,,,,,,,,,,,,,,,,,,,0.7,-0.7344864156,-0.6406208406,-10.541530423630489,1.4507229547,0.2496559297,0.6236306499000002,-0.4606208405999998
218,218,218.0,218.0,218.0,218.0,218.0,218.0,218.0,218.0,218.0,,,,,,,,,,,,,,,,,,,,,,,,,0.8,-0.8464433267,-1.5828169718,8.506370964923013,1.7003788844,0.2464701342999999,0.3739747202000001,-1.8028169718
219,219,219.0,219.0,219.0,219.0,219.0,219.0,219.0,219.0,219.0,,,,,,,,,,,,,,,,,,,,,,,,,0.9,-0.9559194161,-0.622703786,0.9412258136558364,1.9468490187,0.1275045859000001,0.1275045859000001,-1.4027037860000002
220,220,220.0,220.0,220.0,220.0,220.0,220.0,220.0,220.0,220.0,,,,,,,,,,,,,,,,,,,,,,,,,0.0,0.0,-1.0,5.658317068481812,0.0,0.0655015841,2.1254256057,-2.5
221,221,221.0,221.0,221.0,221.0,221.0,221.0,221.0,221.0,221.0,,,,,,,,,,,,,,,,,,,,,,,,,0.1,-0.0677909349,-0.3663773583,-20.042116173221984,0.0655015841,0.4053571961,2.0599240216,-1.1463773583000003
222,222,222.0,222.0,222.0,222.0,222.0,222.0,222.0,222.0,222.0,,,,,,,,,,,,,,,,,,,,,,,,,0.2,-0.1996084477,-2.2387714628,15.56023412913498,0.4708587802,0.3429356973,1.6545668254999997,-2.4587714628
223,223,223.0,223.0,223.0,223.0,223.0,223.0,223.0,223.0,223.0,,,,,,,,,,,,,,,,,,,,,,,,,0.3,-0.3373843676,-0.54497213,-9.427857812150204,0.8137944775,0.1598448464999999,1.3116311281999995,-0.36497213
224,224,224.0,224.0,224.0,224.0,224.0,224.0,224.0,224.0,224.0,,,,,,,,,,,,,,,,,,,,,,,,,0.4,-0.4348517995,-1.3902904792,6.561449363069819,0.973639324,0.1516650759000001,1.1517862816999995,-0.9702904792
225,225,225.0,225.0,225.0,225.0,225.0,225.0,225.0,225.0,225.0,,,,,,,,,,,,,,,,,,,,,,,,,0.5,-0.5354150627,-0.6335822798,-8.308487104166755,1.1253043999,0.1736105711,1.0001212057999995,-0.1335822798
226,226,226.0,226.0,226.0,226.0,226.0,226.0,226.0,226.0,226.0,,,,,,,,,,,,,,,,,,,,,,,,,0.6,-0.635899857,-1.3639461958,6.502513134911736,1.298914971,0.1703950854999998,0.8265106346999997,-0.9439461958
227,227,227.0,227.0,227.0,227.0,227.0,227.0,227.0,227.0,227.0,,,,,,,,,,,,,,,,,,,,,,,,,0.7,-0.7342412539,-0.6153534855,-11.45070649875823,1.4693100565,0.2656246371000001,0.6561155491999999,-0.4353534854999998
228,228,228.0,228.0,228.0,228.0,228.0,228.0,228.0,228.0,228.0,,,,,,,,,,,,,,,,,,,,,,,,,0.8,-0.8481917422,-1.646473647,8.990196695444999,1.7349346936,0.2605796860999998,0.3904909120999997,-1.8664736470000003
229,229,229.0,229.0,229.0,229.0,229.0,229.0,229.0,229.0,229.0,,,,,,,,,,,,,,,,,,,,,,,,,0.9,-0.9613850993,-0.6342606204,0.9417576516222468,1.9955143797,0.1299112259999999,0.1299112259999999,-1.4142606204000003
230,230,230.0,230.0,230.0,230.0,230.0,230.0,230.0,230.0,230.0,,,,,,,,,,,,,,,,,,,,,,,,,0.0,0.0,-1.0,5.512647412679143,0.0,0.0655061866,2.1285433747,-2.5
231,231,231.0,231.0,231.0,231.0,231.0,231.0,231.0,231.0,231.0,,,,,,,,,,,,,,,,,,,,,,,,,0.1,-0.0684955999,-0.3802396588,-20.03254439826737,0.0655061866,0.4085028263999999,2.0630371881,-1.1602396588
232,232,232.0,232.0,232.0,232.0,232.0,232.0,232.0,232.0,232.0,,,,,,,,,,,,,,,,,,,,,,,,,0.2,-0.201585983,-2.2504037156,15.516034351981665,0.474009013,0.3459697208,1.6545343617,-2.4704037156
233,233,233.0,233.0,233.0,233.0,233.0,233.0,233.0,233.0,233.0,,,,,,,,,,,,,,,,,,,,,,,,,0.3,-0.3406826709,-0.5597035925,-9.060478201080633,0.8199787338,0.1554765916,1.3085646409,-0.3797035925000001
234,234,234.0,234.0,234.0,234.0,234.0,234.0,234.0,234.0,234.0,,,,,,,,,,,,,,,,,,,,,,,,,0.4,-0.4377748183,-1.3686592652,6.485095229576199,0.9754553254,0.1478756063999999,1.1530880493,-0.9486592652
235,235,235.0,235.0,235.0,235.0,235.0,235.0,235.0,235.0,235.0,,,,,,,,,,,,,,,,,,,,,,,,,0.5,-0.5366489564,-0.6212756041,-8.945109814485797,1.1233309318,0.1839518234999999,1.0052124429,-0.1212756041
236,236,236.0,236.0,236.0,236.0,236.0,236.0,236.0,236.0,236.0,,,,,,,,,,,,,,,,,,,,,,,,,0.6,-0.6390423739,-1.413393168,6.864564090971802,1.3072827553,0.1799049506000001,0.8212606194000001,-0.993393168
237,237,237.0,237.0,237.0,237.0,237.0,237.0,237.0,237.0,237.0,,,,,,,,,,,,,,,,,,,,,,,,,0.7,-0.7403378774,-0.6256412555,-11.019603485812729,1.4871877059,0.2584884003999999,0.6413556688,-0.4456412554999999
238,238,238.0,238.0,238.0,238.0,238.0,238.0,238.0,238.0,238.0,,,,,,,,,,,,,,,,,,,,,,,,,0.8,-0.8531819428,-1.6147575387,8.871149009402382,1.7456761063,0.2544701316000002,0.3828672684,-1.8347575387
239,239,239.0,239.0,239.0,239.0,239.0,239.0,239.0,239.0,239.0,,,,,,,,,,,,,,,,,,,,,,,,,0.9,-0.963932996,-0.6168915845,0.9485286846969938,2.0001462379,0.1283971367999998,0.1283971367999998,-1.3968915845000005
240,240,240.0,240.0,240.0,240.0,240.0,240.0,240.0,240.0,,,,,,,,,,,,,,,,,,,,,,,,,,0.0,0.0,-1.0,6.518756451954926,0.0,0.0661756358,2.3449333297000003,0.0438856073
241,241,241.0,241.0,241.0,241.0,241.0,241.0,241.0,241.0,,,,,,,,,,,,,,,,,,,,,,,,,,0.1,-0.0636286317,-0.2844957231,-19.935740401143875,0.0661756358,0.3817422917999999,2.2787576939000003,0.0438856073
242,242,242.0,242.0,242.0,242.0,242.0,242.0,242.0,242.0,,,,,,,,,,,,,,,,,,,,,,,,,,0.2,-0.1871394905,-2.1545589045,14.413260506741908,0.4479179276,0.3150065713,1.8970154021,0.0438856073
243,243,243.0,243.0,243.0,243.0,243.0,243.0,243.0,243.0,,,,,,,,,,,,,,,,,,,,,,,,,,0.3,-0.3224499167,-0.5779224275,-9.837745287354698,0.7629244989,0.1736125973,1.5820088308,0.0438856073
244,244,244.0,244.0,244.0,244.0,244.0,244.0,244.0,244.0,,,,,,,,,,,,,,,,,,,,,,,,,,0.4,-0.4250357801,-1.4591110928,9.080711015417254,0.9365370962,0.1629182556,1.4083962335,0.0438856073
245,245,245.0,245.0,245.0,245.0,245.0,245.0,245.0,245.0,,,,,,,,,,,,,,,,,,,,,,,,,,0.5,-0.5199613787,-0.4561143927,-20.19461537777256,1.0994553518,0.4656054948999999,1.2454779778999998,0.0438856073
246,246,246.0,246.0,246.0,246.0,246.0,246.0,246.0,246.0,,,,,,,,,,,,,,,,,,,,,,,,,,0.6,-0.6610561515,-2.3344811577,15.364662212093275,1.5650608467,0.4164955073,0.7798724829999999,0.0438856073
247,247,247.0,247.0,247.0,247.0,247.0,247.0,247.0,247.0,,,,,,,,,,,,,,,,,,,,,,,,,,0.7,-0.8088861428,-0.6501849452,-0.5746361641731432,1.981556354,0.1127783308000001,0.3633769756999998,0.0438856073
248,248,248.0,248.0,248.0,248.0,248.0,248.0,248.0,248.0,,,,,,,,,,,,,,,,,,,,,,,,,,0.8,-0.8735394986,-0.6429952058,-0.4051876601035574,2.0943346848,0.1219585335999999,0.2505986448999997,0.0438856073
249,249,249.0,249.0,249.0,249.0,249.0,249.0,249.0,249.0,,,,,,,,,,,,,,,,,,,,,,,,,,0.9,-0.9366896161,-0.6203638543,-0.0464435959954476,2.2162932184,0.1286401112999997,0.1286401112999997,0.0438856073
250,250,250.0,250.0,250.0,250.0,250.0,250.0,250.0,250.0,,,,,,,,,,,,,,,,,,,,,,,,,,0.0,0.0,-1.0,6.582328040137712,0.0,0.0662730069,2.3856651839,0.0080392284999999
251,251,251.0,251.0,251.0,251.0,251.0,251.0,251.0,251.0,,,,,,,,,,,,,,,,,,,,,,,,,,0.1,-0.0633211093,-0.2784460866,-19.99142708164602,0.0662730069,0.3822698711,2.319392177,0.0080392284999999
252,252,252.0,252.0,252.0,252.0,252.0,252.0,252.0,252.0,,,,,,,,,,,,,,,,,,,,,,,,,,0.2,-0.1865256487,-2.1543842555,14.537564524765882,0.448542878,0.3154035545999999,1.9371223059,0.0080392284999999
253,253,253.0,253.0,253.0,253.0,253.0,253.0,253.0,253.0,,,,,,,,,,,,,,,,,,,,,,,,,,0.3,-0.3212181444,-0.5659353073,-10.926921685902144,0.7639464326,0.1951955768000001,1.6217187513,0.0080392284999999
254,254,254.0,254.0,254.0,254.0,254.0,254.0,254.0,254.0,,,,,,,,,,,,,,,,,,,,,,,,,,0.4,-0.4279320862,-1.551913534,9.586421727604211,0.9591420094,0.1817927567999999,1.4265231745,0.0080392284999999
255,255,255.0,255.0,255.0,255.0,255.0,255.0,255.0,255.0,,,,,,,,,,,,,,,,,,,,,,,,,,0.5,-0.529242676,-0.4919607715,-19.812798452727293,1.1409347662,0.4623851722000001,1.2447304177,0.0080392284999999
256,256,256.0,256.0,256.0,256.0,256.0,256.0,256.0,256.0,,,,,,,,,,,,,,,,,,,,,,,,,,0.6,-0.6719016613,-2.3305816315,15.418976390485664,1.6033199384,0.4171891736999999,0.7823452455,0.0080392284999999
257,257,257.0,257.0,257.0,257.0,257.0,257.0,257.0,257.0,,,,,,,,,,,,,,,,,,,,,,,,,,0.7,-0.8190978236,-0.6414878302,-0.598829773604501,2.0205091121,0.1135414743999998,0.3651560718,0.0080392284999999
258,258,258.0,258.0,258.0,258.0,258.0,258.0,258.0,258.0,,,,,,,,,,,,,,,,,,,,,,,,,,0.8,-0.8830404448,-0.6374281863,-0.3209696026835382,2.1340505865,0.1224100275999999,0.2516145974000001,0.0080392284999999
259,259,259.0,259.0,259.0,259.0,259.0,259.0,259.0,259.0,,,,,,,,,,,,,,,,,,,,,,,,,,0.9,-0.9452535734,-0.607312018,-0.1274779789087824,2.2564606141,0.1292045698000001,0.1292045698000001,0.0080392284999999
260,260,260.0,260.0,260.0,260.0,260.0,260.0,260.0,260.0,,,,,,,,,,,,,,,,,,,,,,,,,,0.0,0.0,-1.0,6.566209128548412,0.0,0.0662476985,2.2805334641,0.0462703957999999
261,261,261.0,261.0,261.0,261.0,261.0,261.0,261.0,261.0,,,,,,,,,,,,,,,,,,,,,,,,,,0.1,-0.0633990833,-0.2799800039,-19.84009536676464,0.0662476985,0.377358934,2.2142857656,0.0462703957999999
262,262,262.0,262.0,262.0,262.0,262.0,262.0,262.0,262.0,,,,,,,,,,,,,,,,,,,,,,,,,,0.2,-0.1860175394,-2.1413710844,14.160619384818173,0.4436066325,0.3105766104999999,1.8369268316,0.0462703957999999
263,263,263.0,263.0,263.0,263.0,263.0,263.0,263.0,263.0,,,,,,,,,,,,,,,,,,,,,,,,,,0.3,-0.3212951094,-0.5900315759,-8.931316290074163,0.754183243,0.1572060375,1.5263502211,0.0462703957999999
264,264,264.0,264.0,264.0,264.0,264.0,264.0,264.0,264.0,,,,,,,,,,,,,,,,,,,,,,,,,,0.4,-0.4206484495,-1.3838098649,8.389782103482828,0.9113892805,0.1479299448999999,1.3691441836,0.0462703957999999
265,265,265.0,265.0,265.0,265.0,265.0,265.0,265.0,265.0,,,,,,,,,,,,,,,,,,,,,,,,,,0.5,-0.5117504998,-0.4537296042,-20.033625552609536,1.0593192254,0.4580864182000002,1.2212142387,0.0462703957999999
266,266,266.0,266.0,266.0,266.0,266.0,266.0,266.0,266.0,,,,,,,,,,,,,,,,,,,,,,,,,,0.6,-0.6518395548,-2.3170031045,15.619683634447096,1.5174056436,0.4110386818999998,0.7631278204999998,0.0462703957999999
267,267,267.0,267.0,267.0,267.0,267.0,267.0,267.0,267.0,,,,,,,,,,,,,,,,,,,,,,,,,,0.7,-0.7967726433,-0.6101016525,-0.8101576384052136,1.9284443255,0.1072727883000002,0.3520891386,0.0462703957999999
268,268,268.0,268.0,268.0,268.0,268.0,268.0,268.0,268.0,,,,,,,,,,,,,,,,,,,,,,,,,,0.8,-0.85874972,-0.6291403397,-0.5369516149565838,2.0357171138,0.1184239667,0.2448163502999998,0.0462703957999999
269,269,269.0,269.0,269.0,269.0,269.0,269.0,269.0,269.0,,,,,,,,,,,,,,,,,,,,,,,,,,0.9,-0.9212182352,-0.620366986,-0.1642659825697106,2.1541410805,0.1263923835999998,0.1263923835999998,0.0462703957999999
270,270,270.0,270.0,270.0,270.0,270.0,270.0,270.0,270.0,,,,,,,,,,,,,,,,,,,,,,,,,,0.0,0.0,-1.0,6.359654829810983,0.0,0.0659606375,2.3184992098,0.0707954378999999
271,271,271.0,271.0,271.0,271.0,271.0,271.0,271.0,271.0,,,,,,,,,,,,,,,,,,,,,,,,,,0.1,-0.0643982727,-0.2996362443,-19.999158165970183,0.0659606375,0.387538522,2.2525385723,0.0707954378999999
272,272,272.0,272.0,272.0,272.0,272.0,272.0,272.0,272.0,,,,,,,,,,,,,,,,,,,,,,,,,,0.2,-0.1896567212,-2.1742936124,14.52094840506204,0.4534991595,0.3207561302,1.8650000503,0.0707954378999999
273,273,273.0,273.0,273.0,273.0,273.0,273.0,273.0,273.0,,,,,,,,,,,,,,,,,,,,,,,,,,0.3,-0.3263242219,-0.5855312712,-9.321867815508034,0.7742552897,0.1646038906,1.5442439201,0.0707954378999999
274,274,274.0,274.0,274.0,274.0,274.0,274.0,274.0,274.0,,,,,,,,,,,,,,,,,,,,,,,,,,0.4,-0.4271386392,-1.4169036354,8.962165936035936,0.9388591803,0.1551958649999999,1.3796400295,0.0707954378999999
275,275,275.0,275.0,275.0,275.0,275.0,275.0,275.0,275.0,,,,,,,,,,,,,,,,,,,,,,,,,,0.5,-0.5186211189,-0.4292045621,-20.183079638502985,1.0940550453,0.4577903564000001,1.2244441645000002,0.0707954378999999
276,276,276.0,276.0,276.0,276.0,276.0,276.0,276.0,276.0,,,,,,,,,,,,,,,,,,,,,,,,,,0.6,-0.6570993032,-2.3090343417,15.41124696434535,1.5518454017,0.4087208448999999,0.7666538081000001,0.0707954378999999
277,277,277.0,277.0,277.0,277.0,277.0,277.0,277.0,277.0,,,,,,,,,,,,,,,,,,,,,,,,,,0.7,-0.8022823595,-0.622726589,-0.8485735965795436,1.9605662466,0.1100730506,0.3579329632000001,0.0707954378999999
278,278,278.0,278.0,278.0,278.0,278.0,278.0,278.0,278.0,,,,,,,,,,,,,,,,,,,,,,,,,,0.8,-0.8656466299,-0.6442196782,-0.4007267687842723,2.0706392972,0.1206634758999998,0.2478599126,0.0707954378999999
279,279,279.0,279.0,279.0,279.0,279.0,279.0,279.0,279.0,,,,,,,,,,,,,,,,,,,,,,,,,,0.9,-0.9288916927,-0.6210472923,-0.0421907348267186,2.1913027731,0.1271964367000002,0.1271964367000002,0.0707954378999999
280,280,280.0,280.0,280.0,280.0,280.0,280.0,280.0,280.0,,,,,,,,,,,,,,,,,,,,,,,,,,0.0,0.0,-1.0,6.3378324808902,0.0,0.0659343462,1.3109237002,-2.5
281,281,281.0,281.0,281.0,281.0,281.0,281.0,281.0,281.0,,,,,,,,,,,,,,,,,,,,,,,,,,0.1,-0.0645038366,-0.3017129153,-20.172149832794968,0.0659343462,0.3941387991,1.244989354,-1.0817129153000002
282,282,282.0,282.0,282.0,282.0,282.0,282.0,282.0,282.0,,,,,,,,,,,,,,,,,,,,,,,,,,0.2,-0.1907967394,-2.1926349958,14.320736842251906,0.4600731453,0.3250392911999999,0.8508505549000001,-2.4126349958000004
283,283,283.0,283.0,283.0,283.0,283.0,283.0,283.0,283.0,,,,,,,,,,,,,,,,,,,,,,,,,,0.3,-0.3301781605,-0.6211798904,-1.0982711224571675,0.7851124365,0.0552674523,0.5258112637000001,-0.4411798904
284,284,284.0,284.0,284.0,284.0,284.0,284.0,284.0,284.0,,,,,,,,,,,,,,,,,,,,,,,,,,0.4,-0.3946039464,-0.6665812168,-0.3108231519717468,0.8403798888,0.0605251374999999,0.4705438114,-0.2465812168
285,285,285.0,285.0,285.0,285.0,285.0,285.0,285.0,285.0,,,,,,,,,,,,,,,,,,,,,,,,,,0.5,-0.4595412659,-0.6327262125,-1.1170727076708742,0.9009050263,0.0679353495,0.4100186739,-0.1327262125
286,286,286.0,286.0,286.0,286.0,286.0,286.0,286.0,286.0,,,,,,,,,,,,,,,,,,,,,,,,,,0.6,-0.5251565661,-0.678818183,-0.0178387990588249,0.9688403758,0.0730487639,0.3420833244,-0.2588181829999999
287,287,287.0,287.0,287.0,287.0,287.0,287.0,287.0,287.0,,,,,,,,,,,,,,,,,,,,,,,,,,0.7,-0.5898413094,-0.6159173197,-1.1272826357329435,1.0418891397,0.0803569214999999,0.2690345604999999,-0.4359173196999998
288,288,288.0,288.0,288.0,288.0,288.0,288.0,288.0,288.0,,,,,,,,,,,,,,,,,,,,,,,,,,0.8,-0.6539062009,-0.6645806918,-0.5243586642015667,1.1222460612,0.0906306863999999,0.188677639,-0.8845806918000002
289,289,289.0,289.0,289.0,289.0,289.0,289.0,289.0,289.0,,,,,,,,,,,,,,,,,,,,,,,,,,0.9,-0.7196862021,-0.651236557,-0.4811910633921459,1.2128767476,0.0980469526,0.0980469526,-1.4312365570000003
290,290,290.0,290.0,290.0,290.0,290.0,290.0,290.0,290.0,,,,,,,,,,,,,,,,,,,,,,,,,,0.0,0.0,-1.0,6.316063805277494,0.0,0.0659088881,2.4205965504,-2.5
291,291,291.0,291.0,291.0,291.0,291.0,291.0,291.0,291.0,,,,,,,,,,,,,,,,,,,,,,,,,,0.1,-0.0646091408,-0.3037844787,-19.84875394208469,0.0659088881,0.3832545371999999,2.3546876623,-1.0837844787000002
292,292,292.0,292.0,292.0,292.0,292.0,292.0,292.0,292.0,,,,,,,,,,,,,,,,,,,,,,,,,,0.2,-0.1895347779,-2.1637342358,14.568801745393571,0.4491634253,0.3181408619,1.9714331251,-2.3837342357999995
293,293,293.0,293.0,293.0,293.0,293.0,293.0,293.0,293.0,,,,,,,,,,,,,,,,,,,,,,,,,,0.3,-0.3249659344,-0.5714229047,-11.0486020822233,0.7673042872,0.1994107739,1.6532922632,-0.3914229047000001
294,294,294.0,294.0,294.0,294.0,294.0,294.0,294.0,294.0,,,,,,,,,,,,,,,,,,,,,,,,,,0.4,-0.4327907091,-1.5684583383,9.649958981359726,0.9667150611,0.1856692409999999,1.4538814893,-1.1484583382999998
295,295,295.0,295.0,295.0,295.0,295.0,295.0,295.0,295.0,,,,,,,,,,,,,,,,,,,,,,,,,,0.5,-0.5353683892,-0.5008847601,-20.03783566330301,1.1523843021,0.4738892940000001,1.2682122483,-0.0008847601
296,296,296.0,296.0,296.0,296.0,296.0,296.0,296.0,296.0,,,,,,,,,,,,,,,,,,,,,,,,,,0.6,-0.6799652015,-2.3600715141,14.819589498569227,1.6262735961,0.4253665177999999,0.7943229542999999,-1.9400715141
297,297,297.0,297.0,297.0,297.0,297.0,297.0,297.0,297.0,,,,,,,,,,,,,,,,,,,,,,,,,,0.7,-0.8328672331,-0.7252105326,1.1118131458441016,2.0516401139,0.116419418,0.3689564365,-0.5452105325999999
298,298,298.0,298.0,298.0,298.0,298.0,298.0,298.0,298.0,,,,,,,,,,,,,,,,,,,,,,,,,,0.8,-0.8965018695,-0.5503945816,-1.31275175690406,2.1680595319,0.1210360018999998,0.2525370185,-0.7703945816000002
299,299,299.0,299.0,299.0,299.0,299.0,299.0,299.0,299.0,,,,,,,,,,,,,,,,,,,,,,,,,,0.9,-0.9552285606,-0.6229430662,0.1357815361702016,2.2890955338,0.1315010166000001,0.1315010166000001,-1.4029430662000002
300,300,300.0,300.0,300.0,300.0,300.0,300.0,300.0,,,,,,,,,,,,,,,,,,,,,,,,,,,0.0,0.0,-1.0,-2.475459104498768,0.0,0.1183827593,2.7606310777,-2.5
301,301,301.0,301.0,301.0,301.0,301.0,301.0,301.0,,,,,,,,,,,,,,,,,,,,,,,,,,,0.1,-0.1071374497,-1.1404084608,7.057341541034911,0.1183827593,0.0876268400999999,2.6422483184,-1.9204084608000005
302,302,302.0,302.0,302.0,302.0,302.0,302.0,302.0,,,,,,,,,,,,,,,,,,,,,,,,,,,0.2,-0.1815223542,-0.3602894021,-20.032309745169123,0.2060095994,0.4074650638,2.5546214783,-0.5802894021
303,303,303.0,303.0,303.0,303.0,303.0,303.0,303.0,,,,,,,,,,,,,,,,,,,,,,,,,,,0.3,-0.312713085,-2.2323296459,15.57075152019797,0.6134746632,0.34892992,2.1471564144999995,-2.0523296459000004
304,304,304.0,304.0,304.0,304.0,304.0,304.0,304.0,,,,,,,,,,,,,,,,,,,,,,,,,,,0.4,-0.4498251141,-0.5381424648,-11.052310079249736,0.9624045832,0.2034670174,1.7982264944999995,-0.1181424648
305,305,305.0,305.0,305.0,305.0,305.0,305.0,305.0,,,,,,,,,,,,,,,,,,,,,,,,,,,0.5,-0.5545007884,-1.5386977984,9.642603974266477,1.1658716006,0.1931779746999999,1.5947594770999998,-1.0386977984
306,306,306.0,306.0,306.0,306.0,306.0,306.0,306.0,,,,,,,,,,,,,,,,,,,,,,,,,,,0.6,-0.6542819533,-0.4746562361,-19.954975595897213,1.3590495753,0.4790631352999999,1.4015815023999998,-0.0546562360999999
307,307,307.0,307.0,307.0,307.0,307.0,307.0,307.0,,,,,,,,,,,,,,,,,,,,,,,,,,,0.7,-0.7959819711,-2.3284537778,10.140647729113605,1.8381127106,0.4406470314000001,0.9225183671,-2.1484537778
308,308,308.0,308.0,308.0,308.0,308.0,308.0,308.0,,,,,,,,,,,,,,,,,,,,,,,,,,,0.8,-0.9685092074,-1.1418617686,-0.5789950649128388,2.278759742,0.2295369774,0.4818713356999997,-1.3618617686000003
309,309,309.0,309.0,309.0,309.0,309.0,309.0,309.0,,,,,,,,,,,,,,,,,,,,,,,,,,,0.9,-1.0799729887,-1.0882974938,-1.4557477494851805,2.5082967194,0.2523343582999997,0.2523343582999997,-1.8682974938000003
310,310,310.0,310.0,310.0,310.0,310.0,310.0,310.0,,,,,,,,,,,,,,,,,,,,,,,,,,,0.0,0.0,-1.0,-2.5946545430547263,0.0,0.1199544217,3.0533307093000004,-2.5
311,311,311.0,311.0,311.0,311.0,311.0,311.0,311.0,,,,,,,,,,,,,,,,,,,,,,,,,,,0.1,-0.1077140428,-1.1517514115,7.158983456383369,0.1199544217,0.0893977074999999,2.9333762876,-1.9317514115000003
312,312,312.0,312.0,312.0,312.0,312.0,312.0,312.0,,,,,,,,,,,,,,,,,,,,,,,,,,,0.2,-0.1826866874,-0.3608804213,-20.107595454324635,0.2093521292,0.4103651494,2.8439785801000004,-0.5808804213
313,313,313.0,313.0,313.0,313.0,313.0,313.0,313.0,,,,,,,,,,,,,,,,,,,,,,,,,,,0.3,-0.3142978495,-2.2400288046,16.060842074056787,0.6197172786,0.3536603293,2.4336134307000004,-2.0600288046
314,314,314.0,314.0,314.0,314.0,314.0,314.0,314.0,,,,,,,,,,,,,,,,,,,,,,,,,,,0.4,-0.4497717775,-0.4984706692,-14.48630312031775,0.9733776079,0.2826434876999999,2.0799531014,-0.0784706691999999
315,315,315.0,315.0,315.0,315.0,315.0,315.0,315.0,,,,,,,,,,,,,,,,,,,,,,,,,,,0.5,-0.5672838329,-1.8295889258,11.310003775963242,1.2560210956,0.2602894386000001,1.7973096137,-1.3295889258
316,316,316.0,316.0,316.0,316.0,316.0,316.0,316.0,,,,,,,,,,,,,,,,,,,,,,,,,,,0.6,-0.686681048,-0.5791913332,-12.063858864077735,1.5163105342,0.2655172551,1.5370201751,-0.1591913332
317,317,317.0,317.0,317.0,317.0,317.0,317.0,317.0,,,,,,,,,,,,,,,,,,,,,,,,,,,0.7,-0.8001563228,-1.6721019448,11.640748400805972,1.7818277893,0.2612397331999998,1.27150292,-1.4921019448
318,318,318.0,318.0,318.0,318.0,318.0,318.0,318.0,,,,,,,,,,,,,,,,,,,,,,,,,,,0.8,-0.9029667127,-0.4052167147,-20.045096906403405,2.0430675225,0.5050765516000002,1.0102631868,-0.6252167147000002
319,319,319.0,319.0,319.0,319.0,319.0,319.0,319.0,,,,,,,,,,,,,,,,,,,,,,,,,,,0.9,-1.0384946954,-2.2741984227,19.989052373394635,2.5481440741,0.5051866351999998,0.5051866351999998,-3.0541984227000003
320,320,320.0,320.0,320.0,320.0,320.0,320.0,320.0,,,,,,,,,,,,,,,,,,,,,,,,,,,0.0,0.0,-1.0,-2.685938202365613,0.0,0.1211736173,2.8943442799,-2.5
321,321,321.0,321.0,321.0,321.0,321.0,321.0,321.0,,,,,,,,,,,,,,,,,,,,,,,,,,,0.1,-0.1081556189,-1.1604382014,6.891667566531863,0.1211736173,0.0904660063,2.7731706626,-1.9404382014000003
322,322,322.0,322.0,322.0,322.0,322.0,322.0,322.0,,,,,,,,,,,,,,,,,,,,,,,,,,,0.2,-0.1852480395,-0.394179024,-19.89071155365192,0.2116396236,0.4110959133999999,2.6827046563,-0.614179024
323,323,323.0,323.0,323.0,323.0,323.0,323.0,323.0,,,,,,,,,,,,,,,,,,,,,,,,,,,0.3,-0.3189788178,-2.2495194011,15.829542632212018,0.622735537,0.3553279366,2.2716087429,-2.0695194011
324,324,324.0,324.0,324.0,324.0,324.0,324.0,324.0,,,,,,,,,,,,,,,,,,,,,,,,,,,0.4,-0.4564747877,-0.529069168,-11.986149966872858,0.9780634736,0.2243466186,1.9162808063,-0.109069168
325,325,325.0,325.0,325.0,325.0,325.0,325.0,325.0,,,,,,,,,,,,,,,,,,,,,,,,,,,0.5,-0.5648043954,-1.619354557,10.129479260003064,1.2024100922,0.2115455636999998,1.6919341876999998,-1.119354557
326,326,326.0,326.0,326.0,326.0,326.0,326.0,326.0,,,,,,,,,,,,,,,,,,,,,,,,,,,0.6,-0.6699058532,-0.5013051732,-20.02056700867644,1.4139556559,0.4911081645000001,1.480388624,-0.0813051731999999
327,327,327.0,327.0,327.0,327.0,327.0,327.0,327.0,,,,,,,,,,,,,,,,,,,,,,,,,,,0.7,-0.8144591377,-2.3588085896,9.61660468237992,1.9050638204,0.4573382421,0.9892804594999998,-2.1788085896
328,328,328.0,328.0,328.0,328.0,328.0,328.0,328.0,,,,,,,,,,,,,,,,,,,,,,,,,,,0.8,-0.9924100385,-1.2191972205,-0.4947118364648357,2.3624020625,0.2512137399999998,0.5319422173999997,-1.4391972205
329,329,329.0,329.0,329.0,329.0,329.0,329.0,329.0,,,,,,,,,,,,,,,,,,,,,,,,,,,0.9,-1.1108255625,-1.1502528802,-1.9853370446255327,2.6136158025,0.2807284773999998,0.2807284773999998,-1.9302528802000003
330,330,330.0,330.0,330.0,330.0,330.0,330.0,330.0,,,,,,,,,,,,,,,,,,,,,,,,,,,0.0,0.0,-1.0,-2.4648538810525857,0.0,0.1182440384,2.7721386324999995,-2.5
331,331,331.0,331.0,331.0,331.0,331.0,331.0,331.0,,,,,,,,,,,,,,,,,,,,,,,,,,,0.1,-0.1070861475,-1.1393992406,6.848298392708308,0.1182440384,0.0872951140999999,2.6538945941,-1.9193992406
332,332,332.0,332.0,332.0,332.0,332.0,332.0,332.0,,,,,,,,,,,,,,,,,,,,,,,,,,,0.2,-0.1823862412,-0.3792693076,-19.81825607333322,0.2055391525,0.4046094651,2.56659948,-0.5992693076
333,333,333.0,333.0,333.0,333.0,333.0,333.0,333.0,,,,,,,,,,,,,,,,,,,,,,,,,,,0.3,-0.3143476755,-2.2291334806,15.622548682585297,0.6101486176,0.3484597581999999,2.1619900149,-2.0491334806
334,334,334.0,334.0,334.0,334.0,334.0,334.0,334.0,,,,,,,,,,,,,,,,,,,,,,,,,,,0.4,-0.4509049847,-0.5303213032,-11.421337017702324,0.9586083758,0.2105429853999999,1.8135302567,-0.1103213032
335,335,335.0,335.0,335.0,335.0,335.0,335.0,335.0,,,,,,,,,,,,,,,,,,,,,,,,,,,0.5,-0.5566215133,-1.5667384764,10.072038235625502,1.1691513612,0.1997245893999999,1.6029872713,-1.0667384764
336,336,336.0,336.0,336.0,336.0,336.0,336.0,336.0,,,,,,,,,,,,,,,,,,,,,,,,,,,0.6,-0.656993749,-0.4591624171,-20.06624572468933,1.3688759506,0.4793200325000002,1.4032626819,-0.0391624170999999
337,337,337.0,337.0,337.0,337.0,337.0,337.0,337.0,,,,,,,,,,,,,,,,,,,,,,,,,,,0.7,-0.7977576217,-2.3250231169,10.077281006053834,1.8481959831,0.4401180826999997,0.9239426493999998,-2.1450231169
338,338,338.0,338.0,338.0,338.0,338.0,338.0,338.0,,,,,,,,,,,,,,,,,,,,,,,,,,,0.8,-0.9702649183,-1.1447877197,-0.5679809810198779,2.2883140658,0.230420247,0.4838245667,-1.3647877197000002
339,339,339.0,339.0,339.0,339.0,339.0,339.0,339.0,,,,,,,,,,,,,,,,,,,,,,,,,,,0.9,-1.0819538678,-1.0898968683,-1.476756764979093,2.5187343128,0.2534043197,0.2534043197,-1.8698968683000003
340,340,340.0,340.0,340.0,340.0,340.0,340.0,340.0,,,,,,,,,,,,,,,,,,,,,,,,,,,0.0,0.0,-1.0,-2.613345551519934,0.0,0.1202029631,2.7661931887,-2.5
341,341,341.0,341.0,341.0,341.0,341.0,341.0,341.0,,,,,,,,,,,,,,,,,,,,,,,,,,,0.1,-0.1078044602,-1.1535300949,6.930661409723002,0.1202029631,0.0894533435999999,2.6459902256,-1.9335300949000005
342,342,342.0,342.0,342.0,342.0,342.0,342.0,342.0,,,,,,,,,,,,,,,,,,,,,,,,,,,0.2,-0.1840508581,-0.384217556,-20.074765882774745,0.2096563067,0.4151282391999999,2.556536882,-0.604217556
343,343,343.0,343.0,343.0,343.0,343.0,343.0,343.0,,,,,,,,,,,,,,,,,,,,,,,,,,,0.3,-0.3177240257,-2.2580209767,16.17053475641656,0.6247845459,0.3593283545,2.1414086428,-2.0780209767000004
344,344,344.0,344.0,344.0,344.0,344.0,344.0,344.0,,,,,,,,,,,,,,,,,,,,,,,,,,,0.4,-0.4543795059,-0.5043120209,-14.062040664801636,0.9841129004,0.2726155769,1.7820802883,-0.0843120209
345,345,345.0,345.0,345.0,345.0,345.0,345.0,345.0,,,,,,,,,,,,,,,,,,,,,,,,,,,0.5,-0.5703951042,-1.7945004891,11.589679719872551,1.2567284773,0.2531104239999999,1.5094647114,-1.2945004891
346,346,346.0,346.0,346.0,346.0,346.0,346.0,346.0,,,,,,,,,,,,,,,,,,,,,,,,,,,0.6,-0.6851003026,-0.5208273187,-17.680969011059315,1.5098389013,0.4158067283,1.2563542874,-0.1008273186999999
347,347,347.0,347.0,347.0,347.0,347.0,347.0,347.0,,,,,,,,,,,,,,,,,,,,,,,,,,,0.7,-0.8201937287,-2.1538307937,9.889563865515228,1.9256456296,0.3894383335000002,0.8405475591,-1.9738307937
348,348,348.0,348.0,348.0,348.0,348.0,348.0,348.0,,,,,,,,,,,,,,,,,,,,,,,,,,,0.8,-0.9773179936,-1.0077501423,-1.0735705314639008,2.3150839631,0.2085039377999997,0.4511092255999998,-1.2277501423
349,349,349.0,349.0,349.0,349.0,349.0,349.0,349.0,,,,,,,,,,,,,,,,,,,,,,,,,,,0.9,-1.078411308,-1.014013881,-1.989049355702988,2.5235879009,0.2426052878,0.2426052878,-1.794013881
350,350,350.0,350.0,350.0,350.0,350.0,350.0,350.0,,,,,,,,,,,,,,,,,,,,,,,,,,,0.0,0.0,-1.0,-2.473838553784076,0.0,0.11836155,3.1924004025,-2.5
351,351,351.0,351.0,351.0,351.0,351.0,351.0,351.0,,,,,,,,,,,,,,,,,,,,,,,,,,,0.1,-0.1071296103,-1.140254245,6.85700815378496,0.11836155,0.0874276203,3.0740388525,-1.920254245
352,352,352.0,352.0,352.0,352.0,352.0,352.0,352.0,,,,,,,,,,,,,,,,,,,,,,,,,,,0.2,-0.1824689357,-0.3792141043,-19.87237834727673,0.2057891703,0.4065288867,2.9866112322,-0.5992141043
353,353,353.0,353.0,353.0,353.0,353.0,353.0,353.0,,,,,,,,,,,,,,,,,,,,,,,,,,,0.3,-0.3146869288,-2.2342339459,15.870047512234503,0.612318057,0.3511161363,2.5800823455,-2.0542339459
354,354,354.0,354.0,354.0,354.0,354.0,354.0,354.0,,,,,,,,,,,,,,,,,,,,,,,,,,,0.4,-0.4505323561,-0.5113837674,-13.685629479132968,0.9634341933,0.263554972,2.2289662092,-0.0913837673999999
355,355,355.0,355.0,355.0,355.0,355.0,355.0,355.0,,,,,,,,,,,,,,,,,,,,,,,,,,,0.5,-0.5654000666,-1.7650790048,11.06641523547568,1.2269891653,0.2447657595999999,1.9654112372,-1.2650790048
356,356,356.0,356.0,356.0,356.0,356.0,356.0,356.0,,,,,,,,,,,,,,,,,,,,,,,,,,,0.6,-0.6798366898,-0.5440008581,-14.803508194592508,1.4717549249,0.3305981954000001,1.7206454776000002,-0.1240008580999999
357,357,357.0,357.0,357.0,357.0,357.0,357.0,357.0,,,,,,,,,,,,,,,,,,,,,,,,,,,0.7,-0.8032157299,-1.9009726375,12.884830152371244,1.8023531203,0.3166442499999997,1.3900472822,-1.7209726374999998
358,358,358.0,358.0,358.0,358.0,358.0,358.0,358.0,,,,,,,,,,,,,,,,,,,,,,,,,,,0.8,-0.921787905,-0.493917447,-20.19882628438777,2.1189973703,0.5386400568000003,1.0734030322000003,-0.7139174470000003
359,359,359.0,359.0,359.0,359.0,359.0,359.0,359.0,,,,,,,,,,,,,,,,,,,,,,,,,,,0.9,-1.0665005158,-2.3690874647,19.93363954107065,2.6576374271,0.5347629754000001,0.5347629754000001,-3.1490874647000004
360,360,360.0,360.0,360.0,360.0,360.0,360.0,,,,,,,,,,,,,,,,,,,,,,,,,,,,0.0,0.0,-1.0,3.567531014869002,0.0,0.0688614403,2.0929817727,-2.5
361,361,361.0,361.0,361.0,361.0,361.0,361.0,,,,,,,,,,,,,,,,,,,,,,,,,,,,0.1,-0.0779049412,-0.5653419573,-4.149905864098511,0.0688614403,0.0654544767999999,2.0241203324,-1.3453419573000005
362,362,362.0,362.0,362.0,362.0,362.0,362.0,,,,,,,,,,,,,,,,,,,,,,,,,,,,0.2,-0.1517791717,-0.9064583132,4.468069725139745,0.1343159171,0.0575367545,1.9586658556,-1.1264583132
363,363,363.0,363.0,363.0,363.0,363.0,363.0,,,,,,,,,,,,,,,,,,,,,,,,,,,,0.3,-0.2164261676,-0.3950043448,-20.011636948918163,0.1918526716,0.417229099,1.9011291011,-0.2150043448
364,364,364.0,364.0,364.0,364.0,364.0,364.0,,,,,,,,,,,,,,,,,,,,,,,,,,,,0.4,-0.3508204523,-2.261773755,12.930013400646954,0.6090817706,0.3536314566999999,1.4839000021,-1.841773755
365,365,365.0,365.0,365.0,365.0,365.0,365.0,,,,,,,,,,,,,,,,,,,,,,,,,,,,0.5,-0.5035088127,-0.8160840546,2.136823396871759,0.9627132273,0.0774098556000001,1.1302685454,-0.3160840546
366,366,366.0,366.0,366.0,366.0,366.0,366.0,,,,,,,,,,,,,,,,,,,,,,,,,,,,0.6,-0.5708327419,-0.5350777857,-12.360253775240498,1.0401230829,0.2476581725,1.0528586898,-0.1150777856999999
367,367,367.0,367.0,367.0,367.0,367.0,367.0,,,,,,,,,,,,,,,,,,,,,,,,,,,,0.7,-0.6815438414,-1.6603920636,3.471359601057527,1.2877812554,0.2647840854999999,0.8052005172999999,-1.4803920636
368,368,368.0,368.0,368.0,368.0,368.0,368.0,,,,,,,,,,,,,,,,,,,,,,,,,,,,0.8,-0.8227587854,-1.1720411596,5.931329139775873,1.5525653409,0.1657385911,0.5404164318,-1.3920411596000002
369,369,369.0,369.0,369.0,369.0,369.0,369.0,,,,,,,,,,,,,,,,,,,,,,,,,,,,0.9,-0.9056009052,-0.4960661258,-15.398613549087292,1.718303932,0.3746778407,0.3746778407,-1.2760661258000003
370,370,370.0,370.0,370.0,370.0,370.0,370.0,,,,,,,,,,,,,,,,,,,,,,,,,,,,0.0,0.0,-1.0,3.468600832535617,0.0,0.0691958762,1.553583888,-2.5
371,371,371.0,371.0,371.0,371.0,371.0,371.0,,,,,,,,,,,,,,,,,,,,,,,,,,,,0.1,-0.0783835078,-0.5747564089,-3.378590083068695,0.0691958762,0.0580553741,1.4843880118,-1.3547564089000002
372,372,372.0,372.0,372.0,372.0,372.0,372.0,,,,,,,,,,,,,,,,,,,,,,,,,,,,0.2,-0.1494224654,-0.8415764597,4.533070609973564,0.1272512503,0.0496463625999999,1.4263326377,-1.0615764597
373,373,373.0,373.0,373.0,373.0,373.0,373.0,,,,,,,,,,,,,,,,,,,,,,,,,,,,0.3,-0.2075807005,-0.3301111636,-20.16299096357886,0.1768976129,0.4059503322,1.3766862751,-0.1501111636
374,374,374.0,374.0,374.0,374.0,374.0,374.0,,,,,,,,,,,,,,,,,,,,,,,,,,,,0.4,-0.3365317504,-2.21745921,13.678515226146455,0.5828479451,0.3403824342999999,0.9707359429,-1.79745921
375,375,375.0,375.0,375.0,375.0,375.0,375.0,,,,,,,,,,,,,,,,,,,,,,,,,,,,0.5,-0.481382208,-0.7047572298,-0.8304655217892842,0.9232303794,0.0776287514999999,0.6303535086,-0.2047572298
376,376,376.0,376.0,376.0,376.0,376.0,376.0,,,,,,,,,,,,,,,,,,,,,,,,,,,,0.6,-0.5524659475,-0.7167200425,-1.345114097030961,1.0008591309,0.0915307912,0.5527247571,-0.2967200424999999
377,377,377.0,377.0,377.0,377.0,377.0,377.0,,,,,,,,,,,,,,,,,,,,,,,,,,,,0.7,-0.627177404,-0.7765199957,0.5926513037909826,1.0923899221,0.0948708542,0.4611939658999999,-0.5965199956999998
378,378,378.0,378.0,378.0,378.0,378.0,378.0,,,,,,,,,,,,,,,,,,,,,,,,,,,,0.8,-0.6982064028,-0.6462258665,-7.4899815237892655,1.1872607763,0.1821792197,0.3663231116999998,-0.8662258665000002
379,379,379.0,379.0,379.0,379.0,379.0,379.0,,,,,,,,,,,,,,,,,,,,,,,,,,,,0.9,-0.7959349509,-1.2974954708,5.69889225314396,1.369439996,0.1841438919999998,0.1841438919999998,-2.0774954708
380,380,380.0,380.0,380.0,380.0,380.0,380.0,,,,,,,,,,,,,,,,,,,,,,,,,,,,0.0,0.0,-1.0,3.513772746721371,0.0,0.0690412025,2.0537573352,-2.5
381,381,381.0,381.0,381.0,381.0,381.0,381.0,,,,,,,,,,,,,,,,,,,,,,,,,,,,0.1,-0.0781649924,-0.570457733,-3.3889249103441736,0.0690412025,0.0575781127,1.9847161327,-1.3504577330000005
382,382,382.0,382.0,382.0,382.0,382.0,382.0,,,,,,,,,,,,,,,,,,,,,,,,,,,,0.2,-0.1488448707,-0.8386703456,4.13509525928538,0.1266193152,0.0495522572,1.92713802,-1.0586703456
383,383,383.0,383.0,383.0,383.0,383.0,383.0,,,,,,,,,,,,,,,,,,,,,,,,,,,,0.3,-0.2086517257,-0.3653539647,-19.890877915645184,0.1761715724,0.4050089226,1.8775857628,-0.1853539647
384,384,384.0,384.0,384.0,384.0,384.0,384.0,,,,,,,,,,,,,,,,,,,,,,,,,,,,0.4,-0.3396402475,-2.2234532345,13.373773826114896,0.581180495,0.3418501586,1.4725768401999997,-1.8034532345
385,385,385.0,385.0,385.0,385.0,385.0,385.0,,,,,,,,,,,,,,,,,,,,,,,,,,,,0.5,-0.4865352735,-0.7391808259,-0.1128071112596905,0.9230306536,0.0776279502,1.1307266815999997,-0.2391808259
386,386,386.0,386.0,386.0,386.0,386.0,386.0,,,,,,,,,,,,,,,,,,,,,,,,,,,,0.6,-0.5574235618,-0.6795732488,-3.663628605519932,1.0006586038,0.1108761046999999,1.0530987313999998,-0.2595732488
387,387,387.0,387.0,387.0,387.0,387.0,387.0,,,,,,,,,,,,,,,,,,,,,,,,,,,,0.7,-0.6398160476,-0.9635436235,5.872255633383038,1.1115347085,0.1066690686,0.9422226266999998,-0.7835436234999998
388,388,388.0,388.0,388.0,388.0,388.0,388.0,,,,,,,,,,,,,,,,,,,,,,,,,,,,0.8,-0.7031027775,-0.3130313302,-19.888283956562617,1.2182037771,0.4419130073999999,0.8355535580999998,-0.5330313302000003
389,389,389.0,389.0,389.0,389.0,389.0,389.0,,,,,,,,,,,,,,,,,,,,,,,,,,,,0.9,-0.8290995847,-2.1758629187,11.463148388148914,1.6601167845,0.3936405506999998,0.3936405506999998,-2.9558629187000003
390,390,390.0,390.0,390.0,390.0,390.0,390.0,,,,,,,,,,,,,,,,,,,,,,,,,,,,0.0,0.0,-1.0,3.6537316131600135,0.0,0.0685829584,2.52551659,0.0150701164
391,391,391.0,391.0,391.0,391.0,391.0,391.0,,,,,,,,,,,,,,,,,,,,,,,,,,,,0.1,-0.0774879529,-0.5571388858,-4.400882968188294,0.0685829584,0.0673065652999999,2.4569336316,0.0150701164
392,392,392.0,392.0,392.0,392.0,392.0,392.0,,,,,,,,,,,,,,,,,,,,,,,,,,,,0.2,-0.1517956389,-0.9229194966,4.378504799972966,0.1358895237,0.0597456161,2.3896270663,0.0150701164
393,393,393.0,393.0,393.0,393.0,393.0,393.0,,,,,,,,,,,,,,,,,,,,,,,,,,,,0.3,-0.2184423864,-0.4184222691,-20.143022235260805,0.1956351398,0.4281541204,2.3298814502000003,0.0150701164
394,394,394.0,394.0,394.0,394.0,394.0,394.0,,,,,,,,,,,,,,,,,,,,,,,,,,,,0.4,-0.3557007552,-2.2954661239,12.514999979127408,0.6237892602,0.3643315606999999,1.9017273298,0.0150701164
395,395,395.0,395.0,395.0,395.0,395.0,395.0,,,,,,,,,,,,,,,,,,,,,,,,,,,,0.5,-0.5136029619,-0.8860639192,4.169852478937466,0.9881208209,0.0820219252999999,1.5373957691000002,0.0150701164
396,396,396.0,396.0,396.0,396.0,396.0,396.0,,,,,,,,,,,,,,,,,,,,,,,,,,,,0.6,-0.5777517496,-0.4049298836,-20.15910635872058,1.0701427462,0.4576045425000001,1.4553738438,0.0150701164
397,397,397.0,397.0,397.0,397.0,397.0,397.0,,,,,,,,,,,,,,,,,,,,,,,,,,,,0.7,-0.7138039381,-2.284788331,11.15946114429528,1.5277472887,0.4082631202,0.9977693013,0.0150701164
398,398,398.0,398.0,398.0,398.0,398.0,398.0,,,,,,,,,,,,,,,,,,,,,,,,,,,,0.8,-0.8772474049,-1.0053987497,5.374286799265961,1.9360104089,0.1502186327999997,0.5895061811,0.0150701164
399,399,399.0,399.0,399.0,399.0,399.0,399.0,,,,,,,,,,,,,,,,,,,,,,,,,,,,0.9,-0.9469260538,-0.3982914209,-17.954393616482424,2.0862290417,0.4392875483000003,0.4392875483000003,0.0150701164
400,400,400.0,400.0,400.0,400.0,400.0,400.0,,,,,,,,,,,,,,,,,,,,,,,,,,,,0.0,0.0,-1.0,3.3194262410163136,0.0,0.0697301479,2.0497540309000004,-2.5
401,401,401.0,401.0,401.0,401.0,401.0,401.0,,,,,,,,,,,,,,,,,,,,,,,,,,,,0.1,-0.0791051277,-0.5889522482,-3.166966920839049,0.0697301479,0.057761289,1.9800238830000003,-1.3689522482000005
402,402,402.0,402.0,402.0,402.0,402.0,402.0,,,,,,,,,,,,,,,,,,,,,,,,,,,,0.2,-0.1504712883,-0.8342827797,4.140301472115296,0.1274914369,0.0490979438999999,1.922262594,-1.0542827796999998
403,403,403.0,403.0,403.0,403.0,403.0,403.0,,,,,,,,,,,,,,,,,,,,,,,,,,,,0.3,-0.2098354266,-0.3608884941,-19.92025615075744,0.1765893808,0.4050054009,1.8731646501,-0.1808884941
404,404,404.0,404.0,404.0,404.0,404.0,404.0,,,,,,,,,,,,,,,,,,,,,,,,,,,,0.4,-0.3405411173,-2.2222084185,13.35460428234322,0.5815947817,0.3415445619999999,1.4681592492,-1.8022084185
405,405,405.0,405.0,405.0,405.0,405.0,405.0,,,,,,,,,,,,,,,,,,,,,,,,,,,,0.5,-0.4874104145,-0.7398786931,-0.1392915475851653,0.9231393437,0.0780048838,1.1266146872,-0.2398786930999999
406,406,406.0,406.0,406.0,406.0,406.0,406.0,,,,,,,,,,,,,,,,,,,,,,,,,,,,0.6,-0.5584932303,-0.6827250321,-3.563183168832226,1.0011442275,0.1102873246,1.0486098034,-0.2627250321
407,407,407.0,407.0,407.0,407.0,407.0,407.0,,,,,,,,,,,,,,,,,,,,,,,,,,,,0.7,-0.6406997546,-0.9568368246,5.900970228774297,1.1114315521,0.1059518487999999,0.9383224788,-0.7768368245999998
408,408,408.0,408.0,408.0,408.0,408.0,408.0,,,,,,,,,,,,,,,,,,,,,,,,,,,,0.8,-0.703209344,-0.3042302123,-19.91065881593328,1.2173834009,0.4405741247000001,0.83237063,-0.5242302123000002
409,409,409.0,409.0,409.0,409.0,409.0,409.0,,,,,,,,,,,,,,,,,,,,,,,,,,,,0.9,-0.8284768503,-2.1700285877,11.452214900898976,1.6579575256,0.3917965052999999,0.3917965052999999,-2.9500285877000003
410,410,410.0,410.0,410.0,410.0,410.0,410.0,,,,,,,,,,,,,,,,,,,,,,,,,,,,0.0,0.0,-1.0,3.414938468670344,0.0,0.0693839178,2.3125729036000005,-2.5
411,411,411.0,411.0,411.0,411.0,411.0,411.0,,,,,,,,,,,,,,,,,,,,,,,,,,,,0.1,-0.0786430951,-0.579863058,-3.302245046760439,0.0693839178,0.0579409455999999,2.2431889858000003,-1.3598630580000002
412,412,412.0,412.0,412.0,412.0,412.0,412.0,,,,,,,,,,,,,,,,,,,,,,,,,,,,0.2,-0.1497987018,-0.838931956,3.865218917203351,0.1273248634,0.0499377423,2.1852480402000003,-1.058931956
413,413,413.0,413.0,413.0,413.0,413.0,413.0,,,,,,,,,,,,,,,,,,,,,,,,,,,,0.3,-0.2109359574,-0.3912728087,-20.168509341314884,0.1772626057,0.4216584732,2.1353102979000003,-0.2112728087
414,414,414.0,414.0,414.0,414.0,414.0,414.0,,,,,,,,,,,,,,,,,,,,,,,,,,,,0.4,-0.3457339969,-2.2733257033,12.823890049618033,0.5989210789,0.3566229716,1.7136518247,-1.8533257033
415,415,415.0,415.0,415.0,415.0,415.0,415.0,,,,,,,,,,,,,,,,,,,,,,,,,,,,0.5,-0.5000350335,-0.8366356618,2.8811821030520903,0.9555440505,0.0770757079,1.3570288531,-0.3366356618
416,416,416.0,416.0,416.0,416.0,416.0,416.0,,,,,,,,,,,,,,,,,,,,,,,,,,,,0.6,-0.5657139245,-0.4828385605,-15.478978895155066,1.0326197584,0.3206156861999998,1.2799531452,-0.0628385604999999
417,417,417.0,417.0,417.0,417.0,417.0,417.0,,,,,,,,,,,,,,,,,,,,,,,,,,,,0.7,-0.6865402661,-1.9099101084,12.529194295897083,1.3532354446,0.2986426954000001,0.959337459,-1.7299101084
418,418,418.0,418.0,418.0,418.0,418.0,418.0,,,,,,,,,,,,,,,,,,,,,,,,,,,,0.8,-0.8076833197,-0.5358476252,-14.31826362857166,1.65187814,0.3350084494000001,0.6606947636,-0.7558476252000002
419,419,419.0,419.0,419.0,419.0,419.0,419.0,,,,,,,,,,,,,,,,,,,,,,,,,,,,0.9,-0.9279392056,-1.8474181022,12.333006715532608,1.9868865894,0.3256863141999999,0.3256863141999999,-2.6274181022
420,420,420.0,420.0,420.0,420.0,420.0,,,,,,,,,,,,,,,,,,,,,,,,,,,,,0.0,0.0,-1.0,-2.0404415993782545,0.0,0.1128420484,4.151345656799999,-2.5
421,421,421.0,421.0,421.0,421.0,421.0,,,,,,,,,,,,,,,,,,,,,,,,,,,,,0.1,-0.1050330808,-1.0990110791,-3.055791375169344,0.1128420484,0.1502232901,4.038503608399999,-1.8790110791000003
422,422,422.0,422.0,422.0,422.0,422.0,,,,,,,,,,,,,,,,,,,,,,,,,,,,,0.2,-0.2244000444,-1.2852232531,-2.9813946530413125,0.2630653385,0.2002538831999999,3.8882803183,-1.5052232531
423,423,423.0,423.0,423.0,423.0,423.0,,,,,,,,,,,,,,,,,,,,,,,,,,,,,0.3,-0.3611274552,-1.4466353076,-2.9743371525631934,0.4633192217,0.2550005731999999,3.6880264351,-1.2666353076
424,424,424.0,424.0,424.0,424.0,424.0,,,,,,,,,,,,,,,,,,,,,,,,,,,,,0.4,-0.5131810628,-1.5920154152,-3.035514084751074,0.7183197949,0.3165859759,3.4330258619,-1.1720154151999995
425,425,425.0,425.0,425.0,425.0,425.0,,,,,,,,,,,,,,,,,,,,,,,,,,,,,0.5,-0.6793652498,-1.7293826367,-3.580514879415297,1.0349057708,0.3969108215999999,3.116439886,-1.2293826367
426,426,426.0,426.0,426.0,426.0,426.0,,,,,,,,,,,,,,,,,,,,,,,,,,,,,0.6,-0.861257537,-1.9055418375,-4.040328457073906,1.4318165924,0.5045418029000002,2.7195290644000005,-1.4855418375
427,427,427.0,427.0,427.0,427.0,427.0,,,,,,,,,,,,,,,,,,,,,,,,,,,,,0.7,-1.0621375725,-2.1086946476,-4.16856255522766,1.9363583953,0.6341979246,2.2149872615,-1.9286946476
428,428,428.0,428.0,428.0,428.0,428.0,,,,,,,,,,,,,,,,,,,,,,,,,,,,,0.8,-1.2829716275,-2.3047168482,-3.902308531881693,2.5705563199,0.7719085699999999,1.5807893369,-2.5247168482
429,429,429.0,429.0,429.0,429.0,429.0,,,,,,,,,,,,,,,,,,,,,,,,,,,,,0.9,-1.5211702556,-2.4567490733,0.3361286907691139,3.3424648899,0.8088807669000002,0.8088807669000002,-3.2367490733000004
430,430,430.0,430.0,430.0,430.0,430.0,,,,,,,,,,,,,,,,,,,,,,,,,,,,,0.0,0.0,-1.0,-1.8207300122899848,0.0,0.1101601295,4.072843798,-2.5
431,431,431.0,431.0,431.0,431.0,431.0,,,,,,,,,,,,,,,,,,,,,,,,,,,,,0.1,-0.1039702379,-1.0781027633,-2.8783910915062365,0.1101601295,0.1428536537,3.9626836685,-1.8581027633
432,432,432.0,432.0,432.0,432.0,432.0,,,,,,,,,,,,,,,,,,,,,,,,,,,,,0.2,-0.2204890397,-1.2494230707,-3.3489454561748606,0.2530137832,0.1968099328999999,3.8198300148,-1.4694230707
433,433,433.0,433.0,433.0,433.0,433.0,,,,,,,,,,,,,,,,,,,,,,,,,,,,,0.3,-0.3555876072,-1.4492190488,-2.3136572783188947,0.4498237161,0.2436804233,3.6230200819,-1.2692190488
434,434,434.0,434.0,434.0,434.0,434.0,,,,,,,,,,,,,,,,,,,,,,,,,,,,,0.4,-0.5046911307,-1.5314812531,-3.3841124089561605,0.6935041394,0.3031403844,3.3793396586,-1.1114812531
435,435,435.0,435.0,435.0,435.0,435.0,,,,,,,,,,,,,,,,,,,,,,,,,,,,,0.5,-0.6668009852,-1.7077826396,-3.5928508184280905,0.9966445238,0.3876666341,3.0761992742,-1.2077826396
436,436,436.0,436.0,436.0,436.0,436.0,,,,,,,,,,,,,,,,,,,,,,,,,,,,,0.6,-0.8466974589,-1.8871712477,-3.907940739146453,1.3843111579,0.4914490878999999,2.6885326401,-1.4671712477
437,437,437.0,437.0,437.0,437.0,437.0,,,,,,,,,,,,,,,,,,,,,,,,,,,,,0.7,-1.0451889396,-2.0794738409,-4.149068662898124,1.8757602458,0.6172201991000001,2.1970835522,-1.8994738409
438,438,438.0,438.0,438.0,438.0,438.0,,,,,,,,,,,,,,,,,,,,,,,,,,,,,0.8,-1.263147973,-2.2764216737,-4.4034095623838985,2.4929804449,0.7671802950999997,1.5798633531,-2.4964216737
439,439,439.0,439.0,439.0,439.0,439.0,,,,,,,,,,,,,,,,,,,,,,,,,,,,,0.9,-1.5010793398,-2.4788312632,0.3279196520031709,3.26016074,0.8126830580000002,0.8126830580000002,-3.2588312632000003
440,440,440.0,440.0,440.0,440.0,440.0,,,,,,,,,,,,,,,,,,,,,,,,,,,,,0.0,0.0,-1.0,-1.8439752616522287,0.0,0.1104401754,4.136113076,-2.5
441,441,441.0,441.0,441.0,441.0,441.0,,,,,,,,,,,,,,,,,,,,,,,,,,,,,0.1,-0.1040826855,-1.0803148406,-2.9875292814864243,0.1104401754,0.1449433123999999,4.0256729006,-1.8603148406000003
442,442,442.0,442.0,442.0,442.0,442.0,,,,,,,,,,,,,,,,,,,,,,,,,,,,,0.2,-0.2213402568,-1.2618101975,-3.576623004739804,0.2553834878,0.2039927444,3.8807295882,-1.4818101975
443,443,443.0,443.0,443.0,443.0,443.0,,,,,,,,,,,,,,,,,,,,,,,,,,,,,0.3,-0.3587189867,-1.4820937681,-2.5775333842136403,0.4593762322,0.2581459420999999,3.676736843800001,-1.3020937681
444,444,444.0,444.0,444.0,444.0,444.0,,,,,,,,,,,,,,,,,,,,,,,,,,,,,0.4,-0.5122274275,-1.5863386657,-3.1688189216152223,0.7175221743,0.3172592089999999,3.4185909017000005,-1.1663386657
445,445,445.0,445.0,445.0,445.0,445.0,,,,,,,,,,,,,,,,,,,,,,,,,,,,,0.5,-0.6785162364,-1.736931749,-3.678345468106941,1.0347813833,0.4015947100000001,3.1013316927000005,-1.236931749
446,446,446.0,446.0,446.0,446.0,446.0,,,,,,,,,,,,,,,,,,,,,,,,,,,,,0.6,-0.8616001657,-1.9216823665,-3.660723301818856,1.4363760933,0.5018540472999999,2.6997369827,-1.5016823665
447,447,447.0,447.0,447.0,447.0,447.0,,,,,,,,,,,,,,,,,,,,,,,,,,,,,0.7,-1.0621800076,-2.0871748548,-3.990914430643703,1.9382301406,0.6203586607,2.1978829354,-1.9071748548
448,448,448.0,448.0,448.0,448.0,448.0,,,,,,,,,,,,,,,,,,,,,,,,,,,,,0.8,-1.2801067705,-2.2683395349,-4.40924536120678,2.5585888013,0.7682916818000001,1.5775242747,-2.4883395349
449,449,449.0,449.0,449.0,449.0,449.0,,,,,,,,,,,,,,,,,,,,,,,,,,,,,0.9,-1.5172972359,-2.4720736056,0.5806346196370711,3.3268804831,0.8092325928999999,0.8092325928999999,-3.2520736056
450,450,450.0,450.0,450.0,450.0,450.0,,,,,,,,,,,,,,,,,,,,,,,,,,,,,0.0,0.0,-1.0,-2.007367559064596,0.0,0.1124333301,4.1336289492,-2.5
451,451,451.0,451.0,451.0,451.0,451.0,,,,,,,,,,,,,,,,,,,,,,,,,,,,,0.1,-0.1048730869,-1.095863669,-3.0651013957234534,0.1124333301,0.1496383908,4.0211956191,-1.8758636690000003
452,452,452.0,452.0,452.0,452.0,452.0,,,,,,,,,,,,,,,,,,,,,,,,,,,,,0.2,-0.2239855724,-1.2832613231,-2.9661634167836644,0.2620717209,0.1994621586,3.8715572283,-1.5032613231
453,453,453.0,453.0,453.0,453.0,453.0,,,,,,,,,,,,,,,,,,,,,,,,,,,,,0.3,-0.360452601,-1.4434106361,-2.892268286607079,0.4615338795,0.2525207909,3.6720950697,-1.2634106361000002
454,454,454.0,454.0,454.0,454.0,454.0,,,,,,,,,,,,,,,,,,,,,,,,,,,,,0.4,-0.5118023417,-1.5812877242,-3.183309839218304,0.7140546704,0.3158683488999999,3.4195742788000003,-1.1612877242
455,455,455.0,455.0,455.0,455.0,455.0,,,,,,,,,,,,,,,,,,,,,,,,,,,,,0.5,-0.6776805856,-1.7337404641,-3.527110123260842,1.0299230193,0.3970347760000001,3.1037059299000003,-1.2337404641
456,456,456.0,456.0,456.0,456.0,456.0,,,,,,,,,,,,,,,,,,,,,,,,,,,,,0.6,-0.8597292636,-1.9044027985,-3.943268393407873,1.4269577953,0.5014695055999998,2.7066711539,-1.4844027985
457,457,457.0,457.0,457.0,457.0,457.0,,,,,,,,,,,,,,,,,,,,,,,,,,,,,0.7,-1.0600314096,-2.0984274918,-3.86948220678178,1.9284273009,0.6215419788000001,2.2052016483,-1.9184274918
458,458,458.0,458.0,458.0,458.0,458.0,,,,,,,,,,,,,,,,,,,,,,,,,,,,,0.8,-1.2784403844,-2.2669667376,-4.486561405960279,2.5499692797,0.7693687519000001,1.5836596695000005,-2.4869667376
459,459,459.0,459.0,459.0,459.0,459.0,,,,,,,,,,,,,,,,,,,,,,,,,,,,,0.9,-1.5158742266,-2.4781890361,0.4581610777748249,3.3193380316,0.8142909176000002,0.8142909176000002,-3.2581890361
460,460,460.0,460.0,460.0,460.0,460.0,,,,,,,,,,,,,,,,,,,,,,,,,,,,,0.0,0.0,-1.0,-2.1372817915104085,0.0,0.1140489561,4.1191794378,-2.5
461,461,461.0,461.0,461.0,461.0,461.0,,,,,,,,,,,,,,,,,,,,,,,,,,,,,0.1,-0.10550154,-1.1082266392,-3.179653076937817,0.1140489561,0.1542296953,4.005130481699999,-1.8882266392
462,462,462.0,462.0,462.0,462.0,462.0,,,,,,,,,,,,,,,,,,,,,,,,,,,,,0.2,-0.2263446236,-1.3053488633,-2.912431627997617,0.2682786514,0.2045463362,3.8509007864,-1.5253488633
463,463,463.0,463.0,463.0,463.0,463.0,,,,,,,,,,,,,,,,,,,,,,,,,,,,,0.3,-0.3646536618,-1.4582829878,-2.36733383106527,0.4728249876,0.2480070075999999,3.6463544502,-1.2782829878000002
464,464,464.0,464.0,464.0,464.0,464.0,,,,,,,,,,,,,,,,,,,,,,,,,,,,,0.4,-0.514879385,-1.5447906477,-3.554121649424961,0.7208319952,0.3119092778000001,3.3983474425999995,-1.1247906476999998
465,465,465.0,465.0,465.0,465.0,465.0,,,,,,,,,,,,,,,,,,,,,,,,,,,,,0.5,-0.6790780215,-1.7360041762,-3.4202490062522863,1.032741273,0.3957417295999998,3.0864381648,-1.2360041762
466,466,466.0,466.0,466.0,466.0,466.0,,,,,,,,,,,,,,,,,,,,,,,,,,,,,0.6,-0.8608252199,-1.8962818785,-3.983216253505413,1.4284830026,0.4994698788,2.6906964352,-1.4762818785
467,467,467.0,467.0,467.0,467.0,467.0,,,,,,,,,,,,,,,,,,,,,,,,,,,,,0.7,-1.0605477783,-2.0948809454,-3.911299629942508,1.9279528814,0.6212225429,2.1912265564,-1.9148809454
468,468,468.0,468.0,468.0,468.0,468.0,,,,,,,,,,,,,,,,,,,,,,,,,,,,,0.8,-1.278821523,-2.2677371636,-4.310664961105059,2.5491754243,0.7648857553999999,1.5700040134999995,-2.4877371636000003
469,469,469.0,469.0,469.0,469.0,469.0,,,,,,,,,,,,,,,,,,,,,,,,,,,,,0.9,-1.5154777868,-2.462147396,0.5337865226832698,3.3140611797,0.8051182580999998,0.8051182580999998,-3.2421473960000005
470,470,470.0,470.0,470.0,470.0,470.0,,,,,,,,,,,,,,,,,,,,,,,,,,,,,0.0,0.0,-1.0,-2.1041843219296634,0.0,0.1136347579,4.1448168089,-2.5
471,471,471.0,471.0,471.0,471.0,471.0,,,,,,,,,,,,,,,,,,,,,,,,,,,,,0.1,-0.1053414328,-1.1050769994,-3.0639230335753305,0.1136347579,0.151745911,4.031182051,-1.8850769994000005
472,472,472.0,472.0,472.0,472.0,472.0,,,,,,,,,,,,,,,,,,,,,,,,,,,,,0.2,-0.2253249875,-1.291485748,-3.0257308895813577,0.2653806689,0.2026974186,3.87943614,-1.511485748
473,473,473.0,473.0,473.0,473.0,473.0,,,,,,,,,,,,,,,,,,,,,,,,,,,,,0.3,-0.3628628263,-1.4565209982,-2.425594835175988,0.4680780875,0.2483424394,3.6767387214,-1.2765209982
474,474,474.0,474.0,474.0,474.0,474.0,,,,,,,,,,,,,,,,,,,,,,,,,,,,,0.4,-0.5132027052,-1.5487406029,-3.3180595277375726,0.7164205269,0.3082947115,3.428396282,-1.1287406028999998
475,475,475.0,475.0,475.0,475.0,475.0,,,,,,,,,,,,,,,,,,,,,,,,,,,,,0.5,-0.6766354772,-1.7171137836,-3.579298804962728,1.0247152384,0.3921408709,3.1201015705,-1.2171137836
476,476,476.0,476.0,476.0,476.0,476.0,,,,,,,,,,,,,,,,,,,,,,,,,,,,,0.6,-0.8573543372,-1.8943248041,-4.104777876968428,1.4168561093,0.5009587519999998,2.7279606996,-1.4743248041
477,477,477.0,477.0,477.0,477.0,477.0,,,,,,,,,,,,,,,,,,,,,,,,,,,,,0.7,-1.0574799261,-2.1046770029,-3.89181721248162,1.9178148613,0.6241938055000003,2.2270019476,-1.9246770029
478,478,478.0,478.0,478.0,478.0,478.0,,,,,,,,,,,,,,,,,,,,,,,,,,,,,0.8,-1.2765916812,-2.2747469691,-4.618309890264051,2.5420086668,0.7762269753999997,1.6028081420999998,-2.4947469691000004
479,479,479.0,479.0,479.0,479.0,479.0,,,,,,,,,,,,,,,,,,,,,,,,,,,,,0.9,-1.5154032452,-2.497766394,0.3083113976579787,3.3182356422,0.8265811667,0.8265811667,-3.2777663940000004
480,480,480.0,480.0,480.0,480.0,,,,,,,,,,,,,,,,,,,,,,,,,,,,,,0.0,0.0,-1.0,7.386346489459681,0.0,0.0680694789,3.6072773364,-2.5
481,481,481.0,481.0,481.0,481.0,,,,,,,,,,,,,,,,,,,,,,,,,,,,,,0.1,-0.059431736,-0.2019336151,-19.979945762237065,0.0680694789,0.364520026,3.5392078575,-0.9819336151000002
482,482,482.0,482.0,482.0,482.0,,,,,,,,,,,,,,,,,,,,,,,,,,,,,,0.2,-0.1752996059,-2.0840603214,12.674970912896274,0.4325895049,0.2911696857,3.1746878315,-2.3040603214
483,483,483.0,483.0,483.0,483.0,,,,,,,,,,,,,,,,,,,,,,,,,,,,,,0.3,-0.3123100381,-0.6795527979,1.88768228367732,0.7237591906,0.0448509386,2.8835181458,-0.4995527979
484,484,484.0,484.0,484.0,484.0,,,,,,,,,,,,,,,,,,,,,,,,,,,,,,0.4,-0.3678465009,-0.4352481067,-20.12566353389767,0.7686101292,0.4423057300999999,2.8386672072000003,-0.0152481066999999
485,485,485.0,485.0,485.0,485.0,,,,,,,,,,,,,,,,,,,,,,,,,,,,,,0.5,-0.5066220465,-2.3090389145,15.824963526185028,1.2109158593,0.3903290075999999,2.3963614771,-1.8090389145
486,486,486.0,486.0,486.0,486.0,,,,,,,,,,,,,,,,,,,,,,,,,,,,,,0.6,-0.6498042122,-0.5833603962,-20.12018968651783,1.6012448669,0.5155455491000003,2.0060324695,-0.1633603961999999
487,487,487.0,487.0,487.0,487.0,,,,,,,,,,,,,,,,,,,,,,,,,,,,,,0.7,-0.802647895,-2.4425356821,19.82462878068919,2.116790416,0.4994611291999997,1.4904869204,-2.2625356821
488,488,488.0,488.0,488.0,488.0,,,,,,,,,,,,,,,,,,,,,,,,,,,,,,0.8,-0.9391858953,-0.3235348037,-20.12024986889227,2.6162515452,0.4938051543999999,0.9910257912000002,-0.5435348037000002
489,489,489.0,489.0,489.0,489.0,,,,,,,,,,,,,,,,,,,,,,,,,,,,,,0.9,-1.0673041309,-2.2074415549,20.09680836559752,3.1100566996,0.4972206368000003,0.4972206368000003,-2.9874415549
490,490,490.0,490.0,490.0,490.0,,,,,,,,,,,,,,,,,,,,,,,,,,,,,,0.0,0.0,-1.0,7.502529855319011,0.0,0.0684156668,3.5596438274999995,-2.5
491,491,491.0,491.0,491.0,491.0,,,,,,,,,,,,,,,,,,,,,,,,,,,,,,0.1,-0.0588697085,-0.190877306,-19.80826794470502,0.0684156668,0.3562679145,3.4912281606999995,-0.9708773060000002
492,492,492.0,492.0,492.0,492.0,,,,,,,,,,,,,,,,,,,,,,,,,,,,,,0.2,-0.1728549556,-2.0577188533,12.401900329007564,0.4246835813,0.2836814163,3.1349602461999995,-2.2777188533
493,493,493.0,493.0,493.0,493.0,,,,,,,,,,,,,,,,,,,,,,,,,,,,,,0.3,-0.3086796222,-0.6817041539,2.04839797535832,0.7083649976,0.0443412368999999,2.8512788299,-0.5017041539000001
494,494,494.0,494.0,494.0,494.0,,,,,,,,,,,,,,,,,,,,,,,,,,,,,,0.4,-0.3636433658,-0.4219006127,-19.9298953129195,0.7527062345,0.4313024756000001,2.806937593,-0.0019006126999999
495,495,495.0,495.0,495.0,495.0,,,,,,,,,,,,,,,,,,,,,,,,,,,,,,0.5,-0.5002017183,-2.2783317915,15.634566715451646,1.1840087101,0.3801428883,2.3756351174,-1.7783317915
496,496,496.0,496.0,496.0,496.0,,,,,,,,,,,,,,,,,,,,,,,,,,,,,,0.6,-0.6413827436,-0.5736940947,-20.17642400357077,1.5641515984,0.5136522651999997,1.9954922291,-0.1536940946999999
497,497,497.0,497.0,497.0,497.0,,,,,,,,,,,,,,,,,,,,,,,,,,,,,,0.7,-0.7935785935,-2.4391406451,19.847372052507524,2.0778038636,0.4971566402,1.4818399639000002,-2.2591406451
498,498,498.0,498.0,498.0,498.0,,,,,,,,,,,,,,,,,,,,,,,,,,,,,,0.8,-0.9296834943,-0.318298539,-20.17816023296623,2.5749605038,0.4926963120000001,0.9846833237,-0.5382985390000001
499,499,499.0,499.0,499.0,499.0,,,,,,,,,,,,,,,,,,,,,,,,,,,,,,0.9,-1.0575836805,-2.2082143762,19.82894219790732,3.0676568158,0.4919870117,0.4919870117,-2.9882143762
500,500,500.0,500.0,500.0,500.0,,,,,,,,,,,,,,,,,,,,,,,,,,,,,,0.0,0.0,-1.0,7.691321074637512,0.0,0.069024835,2.7456495582,-2.5
501,501,501.0,501.0,501.0,501.0,,,,,,,,,,,,,,,,,,,,,,,,,,,,,,0.1,-0.0579564464,-0.1729114461,-19.86440632072801,0.069024835,0.3543071418,2.6766247232,-0.9529114461000002
502,502,502.0,502.0,502.0,502.0,,,,,,,,,,,,,,,,,,,,,,,,,,,,,,0.2,-0.1705035812,-2.0468049434,12.622173203825882,0.4233319768,0.2810591004999999,2.3223175814,-2.2668049434000004
503,503,503.0,503.0,503.0,503.0,,,,,,,,,,,,,,,,,,,,,,,,,,,,,,0.3,-0.3042241,-0.6508671042,0.8075558933629641,0.7043910773,0.0453729616,2.0412584809,-0.4708671042000001
504,504,504.0,504.0,504.0,504.0,,,,,,,,,,,,,,,,,,,,,,,,,,,,,,0.4,-0.3622558014,-0.5120798135,-13.402852424334291,0.7497640389,0.2481519549999999,1.9958855193,-0.0920798134999999
505,505,505.0,505.0,505.0,505.0,,,,,,,,,,,,,,,,,,,,,,,,,,,,,,0.5,-0.4758218387,-1.7387990186,9.934142310678856,0.9979159939,0.2271718803,1.7477335642999998,-1.2387990186
506,506,506.0,506.0,506.0,506.0,,,,,,,,,,,,,,,,,,,,,,,,,,,,,,0.6,-0.5932349285,-0.6279716978,-10.352796314246676,1.2250878742,0.2224931283,1.5205616839999998,-0.2079716977999999
507,507,507.0,507.0,507.0,507.0,,,,,,,,,,,,,,,,,,,,,,,,,,,,,,0.7,-0.7030751276,-1.5534111301,8.355948227289975,1.4475810025,0.2162413966,1.2980685556999998,-1.3734111300999998
508,508,508.0,508.0,508.0,508.0,,,,,,,,,,,,,,,,,,,,,,,,,,,,,,0.8,-0.8104805515,-0.6104108835,-20.041866558805868,1.6638223991,0.5460534468,1.0818271590999995,-0.8304108835000001
509,509,509.0,509.0,509.0,509.0,,,,,,,,,,,,,,,,,,,,,,,,,,,,,,0.9,-0.9655195784,-2.4595585124,19.827925604314583,2.2098758459,0.5357737122999997,0.5357737122999997,-3.2395585124000004
510,510,510.0,510.0,510.0,510.0,,,,,,,,,,,,,,,,,,,,,,,,,,,,,,0.0,0.0,-1.0,7.560833417352942,0.0,0.0685976316,3.4993536985,0.0159958798
511,511,511.0,511.0,511.0,511.0,,,,,,,,,,,,,,,,,,,,,,,,,,,,,,0.1,-0.0585876698,-0.1853289885,-19.932990058507578,0.0685976316,0.359298206,3.4307560669,0.0159958798
512,512,512.0,512.0,512.0,512.0,,,,,,,,,,,,,,,,,,,,,,,,,,,,,,0.2,-0.1726482579,-2.0645674062,12.514798977788429,0.4278958376,0.2856345849,3.0714578609,0.0159958798
513,513,513.0,513.0,513.0,513.0,,,,,,,,,,,,,,,,,,,,,,,,,,,,,,0.3,-0.3085785125,-0.6771572539,2.1932268632359584,0.7135304225,0.043435988,2.785823276,0.0159958798
514,514,514.0,514.0,514.0,514.0,,,,,,,,,,,,,,,,,,,,,,,,,,,,,,0.4,-0.3624089598,-0.4040041202,-19.80139812777208,0.7569664105,0.4219330921999999,2.742387288,0.0159958798
515,515,515.0,515.0,515.0,515.0,,,,,,,,,,,,,,,,,,,,,,,,,,,,,,0.5,-0.4966426429,-2.2499102499,15.592304815231476,1.1788995027,0.3717224476,2.3204541958,0.0159958798
516,516,516.0,516.0,516.0,516.0,,,,,,,,,,,,,,,,,,,,,,,,,,,,,,0.6,-0.6353234393,-0.5519989719,-20.00871184246772,1.5506219503,0.5001381317,1.9487317482,0.0159958798
517,517,517.0,517.0,517.0,517.0,,,,,,,,,,,,,,,,,,,,,,,,,,,,,,0.7,-0.7846435111,-2.4035500844,19.80624962082036,2.050760082,0.4856491406000001,1.4485936165000002,0.0159958798
518,518,518.0,518.0,518.0,518.0,,,,,,,,,,,,,,,,,,,,,,,,,,,,,,0.8,-0.9175604483,-0.2900081851,-20.0595970336136,2.5364092226,0.4791281094999999,0.9629444759,0.0159958798
519,519,519.0,519.0,519.0,519.0,,,,,,,,,,,,,,,,,,,,,,,,,,,,,,0.9,-1.0421949417,-2.1713333951,20.130276741090583,3.0155373321,0.4838163664000001,0.4838163664000001,0.0159958798
520,520,520.0,520.0,520.0,520.0,,,,,,,,,,,,,,,,,,,,,,,,,,,,,,0.0,0.0,-1.0,7.553544403696143,0.0,0.0685745815,2.9850015203000004,-2.5
521,521,521.0,521.0,521.0,521.0,,,,,,,,,,,,,,,,,,,,,,,,,,,,,,0.1,-0.0586229298,-0.1860226298,-19.89474108948594,0.0685745815,0.3581491085,2.9164269388000004,-0.9660226298000004
522,522,522.0,522.0,522.0,522.0,,,,,,,,,,,,,,,,,,,,,,,,,,,,,,0.2,-0.1725645003,-2.0615551683,12.62828443840767,0.42672369,0.285017791,2.5582778303,-2.2815551683
523,523,523.0,523.0,523.0,523.0,,,,,,,,,,,,,,,,,,,,,,,,,,,,,,0.3,-0.307659126,-0.6636320988,1.3294469368283464,0.711741481,0.0447805566,2.2732600393,-0.4836320988
524,524,524.0,524.0,524.0,524.0,,,,,,,,,,,,,,,,,,,,,,,,,,,,,,0.4,-0.3643809575,-0.4739655735,-17.02181086246652,0.7565220376,0.3453170802999999,2.2284794827,-0.0539655734999999
525,525,525.0,525.0,525.0,525.0,,,,,,,,,,,,,,,,,,,,,,,,,,,,,,0.5,-0.4918263557,-2.0487012616,11.8977188400005,1.1018391179,0.3070863508999999,1.8831624024,-1.5487012616000002
526,526,526.0,526.0,526.0,526.0,,,,,,,,,,,,,,,,,,,,,,,,,,,,,,0.6,-0.6292318434,-0.7215238899,1.0466989939470026,1.4089254688,0.0851467058000001,1.5760760515,-0.3015238899
527,527,527.0,527.0,527.0,527.0,,,,,,,,,,,,,,,,,,,,,,,,,,,,,,0.7,-0.6928306422,-0.5532551918,-19.950268704420484,1.4940721746,0.5066260377,1.4909293457,-0.3732551917999999
528,528,528.0,528.0,528.0,528.0,,,,,,,,,,,,,,,,,,,,,,,,,,,,,,0.8,-0.8419874781,-2.3991252263,19.98055869530932,2.0006982123,0.4965405638,0.984303308,-2.6191252263
529,529,529.0,529.0,529.0,529.0,,,,,,,,,,,,,,,,,,,,,,,,,,,,,,0.9,-0.9736401286,-0.2694167063,-20.13043606567376,2.4972387761,0.4877627441999999,0.4877627441999999,-1.0494167063000002
530,530,530.0,530.0,530.0,530.0,,,,,,,,,,,,,,,,,,,,,,,,,,,,,,0.0,0.0,-1.0,7.475277849847947,0.0,0.0683325019,3.5448111489,0.014123787
531,531,531.0,531.0,531.0,531.0,,,,,,,,,,,,,,,,,,,,,,,,,,,,,,0.1,-0.0590015378,-0.1934706772,-20.039475935259123,0.0683325019,0.364701674,3.476478647,0.014123787
532,532,532.0,532.0,532.0,532.0,,,,,,,,,,,,,,,,,,,,,,,,,,,,,,0.2,-0.1743520266,-2.082067782,12.378377004097088,0.4330341759,0.2901975237,3.111776973,0.014123787
533,533,533.0,533.0,533.0,533.0,,,,,,,,,,,,,,,,,,,,,,,,,,,,,,0.3,-0.3126075922,-0.7059745159,2.4475583634847795,0.7232316996,0.0461478374999999,2.8215794493,0.014123787
534,534,534.0,534.0,534.0,534.0,,,,,,,,,,,,,,,,,,,,,,,,,,,,,,0.4,-0.3679500588,-0.405876213,-20.155432595896286,0.7693795371,0.4356788793,2.7754316118,0.014123787
535,535,535.0,535.0,535.0,535.0,,,,,,,,,,,,,,,,,,,,,,,,,,,,,,0.5,-0.5040745264,-2.2852950049,15.895883712367606,1.2050584164,0.3837415256000001,2.3397527325,0.014123787
536,536,536.0,536.0,536.0,536.0,,,,,,,,,,,,,,,,,,,,,,,,,,,,,,0.6,-0.6446540896,-0.5551270705,-20.07972778952482,1.588799942,0.5050243642000001,1.9560112069,0.014123787
537,537,537.0,537.0,537.0,537.0,,,,,,,,,,,,,,,,,,,,,,,,,,,,,,0.7,-0.7946153725,-2.4131385666,20.004938596057706,2.0938243062,0.4919433142999998,1.4509868427,0.014123787
538,538,538.0,538.0,538.0,538.0,,,,,,,,,,,,,,,,,,,,,,,,,,,,,,0.8,-0.9274836328,-0.2797764467,-19.99265319069791,2.5857676205,0.4762066577000001,0.9590435284,0.014123787
539,539,539.0,539.0,539.0,539.0,,,,,,,,,,,,,,,,,,,,,,,,,,,,,,0.9,-1.0508205859,-2.1557048126,20.1730131426106,3.0619742782,0.4828368706999999,0.4828368706999999,0.014123787
540,540,540.0,540.0,540.0,,,,,,,,,,,,,,,,,,,,,,,,,,,,,,,0.0,0.0,-1.0,6.468194706205211,0.0,0.0661028655,2.3529396413,-2.5
541,541,541.0,541.0,541.0,,,,,,,,,,,,,,,,,,,,,,,,,,,,,,,0.1,-0.06387322,-0.2893073094,-20.130930551490515,0.0661028655,0.3897235757,2.2868367758,-1.0693073094000003
542,542,542.0,542.0,542.0,,,,,,,,,,,,,,,,,,,,,,,,,,,,,,,0.2,-0.1887861781,-2.1774874064,14.65807339984218,0.4558264412,0.322079037,1.8971132001,-2.3974874064
543,543,543.0,543.0,543.0,,,,,,,,,,,,,,,,,,,,,,,,,,,,,,,0.3,-0.3250942775,-0.575371967,-9.584834731483909,0.7779054782,0.1679772578999999,1.5750341630999998,-0.3953719670000001
544,544,544.0,544.0,544.0,,,,,,,,,,,,,,,,,,,,,,,,,,,,,,,0.4,-0.4262139984,-1.4327357193,8.366109482213966,0.9458827361,0.1574574111,1.4070569052,-1.0127357193000002
545,545,545.0,545.0,545.0,,,,,,,,,,,,,,,,,,,,,,,,,,,,,,,0.5,-0.5220864797,-0.5002522898,-19.91583525882096,1.1033401472,0.4676380488,1.2495994941,-0.0002522898
546,546,546.0,546.0,546.0,,,,,,,,,,,,,,,,,,,,,,,,,,,,,,,0.6,-0.6660328912,-2.3478894041,14.813457055038509,1.570978196,0.4195697242,0.7819614452999999,-1.9278894041
547,547,547.0,547.0,547.0,,,,,,,,,,,,,,,,,,,,,,,,,,,,,,,0.7,-0.8178053045,-0.7147712854,0.9271335587539116,1.9905479202,0.1134315862999999,0.3623917210999998,-0.5347712853999999
548,548,548.0,548.0,548.0,,,,,,,,,,,,,,,,,,,,,,,,,,,,,,,0.8,-0.8813399353,-0.5585232986,-1.3074866170362551,2.1039795065,0.1192000049000001,0.2489601347999999,-0.7785232986000002
549,549,549.0,549.0,549.0,,,,,,,,,,,,,,,,,,,,,,,,,,,,,,,0.9,-0.9408146558,-0.6297972398,0.0941024179902197,2.2231795114,0.1297601298999997,0.1297601298999997,-1.4097972398000005
550,550,550.0,550.0,550.0,,,,,,,,,,,,,,,,,,,,,,,,,,,,,,,0.0,0.0,-1.0,6.697823336921138,0.0,0.066466659,2.2306027986,0.1562878226
551,551,551.0,551.0,551.0,,,,,,,,,,,,,,,,,,,,,,,,,,,,,,,0.1,-0.0627624103,-0.267455256,-19.995394381802875,0.066466659,0.3798486475,2.1641361396,0.1562878226
552,552,552.0,552.0,552.0,,,,,,,,,,,,,,,,,,,,,,,,,,,,,,,0.2,-0.1849402252,-2.1448168793,14.4277437160689,0.4463153065,0.3123928825,1.7842874921,0.1562878226
553,553,553.0,553.0,553.0,,,,,,,,,,,,,,,,,,,,,,,,,,,,,,,0.3,-0.3192535138,-0.5677292191,-9.998354408381578,0.758708189,0.1748003296999999,1.4718946096,0.1562878226
554,554,554.0,554.0,554.0,,,,,,,,,,,,,,,,,,,,,,,,,,,,,,,0.4,-0.421646299,-1.4651718747,10.31949876064274,0.9335085187,0.166545923,1.2970942799,0.1562878226
555,555,555.0,555.0,555.0,,,,,,,,,,,,,,,,,,,,,,,,,,,,,,,0.5,-0.5111561203,-0.3437121774,-19.86971541815733,1.1000544417,0.4236469597000001,1.1305483569,0.1562878226
556,556,556.0,556.0,556.0,,,,,,,,,,,,,,,,,,,,,,,,,,,,,,,0.6,-0.6399827785,-2.2018570609,14.360877641366963,1.5237014014,0.3724576371999999,0.7069013972,0.1562878226
557,557,557.0,557.0,557.0,,,,,,,,,,,,,,,,,,,,,,,,,,,,,,,0.7,-0.7800476435,-0.6257044319,0.0277667185609852,1.8961590386,0.1010122999,0.3344437600000001,0.1562878226
558,558,558.0,558.0,558.0,,,,,,,,,,,,,,,,,,,,,,,,,,,,,,,0.8,-0.8394578088,-0.5635175947,-1.0408736580268894,1.9971713385,0.1104158222,0.2334314601,0.1562878226
559,559,559.0,559.0,559.0,,,,,,,,,,,,,,,,,,,,,,,,,,,,,,,0.9,-0.8981175857,-0.6089451836,-0.5334307773479062,2.1075871607,0.1230156379,0.1230156379,0.1562878226
560,560,560.0,560.0,560.0,,,,,,,,,,,,,,,,,,,,,,,,,,,,,,,0.0,0.0,-1.0,6.544112370454675,0.0,0.0662136881,2.302934491,0.1260314829
561,561,561.0,561.0,561.0,,,,,,,,,,,,,,,,,,,,,,,,,,,,,,,0.1,-0.0635059745,-0.2820827884,-20.03146936362318,0.0662136881,0.3845230101,2.2367208029,0.1260314829
562,562,562.0,562.0,562.0,,,,,,,,,,,,,,,,,,,,,,,,,,,,,,,0.2,-0.1872502931,-2.1614854062,14.664727097027042,0.4507366982,0.3178094703,1.8521977928,0.1260314829
563,563,563.0,563.0,563.0,,,,,,,,,,,,,,,,,,,,,,,,,,,,,,,0.3,-0.3220034141,-0.5602595755,-10.62966505338301,0.7685461685,0.1873579946,1.5343883225,0.1260314829
564,564,564.0,564.0,564.0,,,,,,,,,,,,,,,,,,,,,,,,,,,,,,,0.4,-0.4267392837,-1.5184902112,10.508523537431024,0.9559041631,0.1772817779,1.3470303278999998,0.1260314829
565,565,565.0,565.0,565.0,,,,,,,,,,,,,,,,,,,,,,,,,,,,,,,0.5,-0.5204086241,-0.3739685171,-19.96135391662171,1.133185941,0.4355612829999999,1.1697485499999998,0.1260314829
566,566,566.0,566.0,566.0,,,,,,,,,,,,,,,,,,,,,,,,,,,,,,,0.6,-0.6525578329,-2.2379547,14.679115172859053,1.568747224,0.3853399743000001,0.7341872669999998,0.1260314829
567,567,567.0,567.0,567.0,,,,,,,,,,,,,,,,,,,,,,,,,,,,,,,0.7,-0.7945183948,-0.6280826208,-0.1516801265191127,1.9540871983,0.1047554592999999,0.3488472926999997,0.1260314829
568,568,568.0,568.0,568.0,,,,,,,,,,,,,,,,,,,,,,,,,,,,,,,0.8,-0.8550231998,-0.5827458284,-1.188664788748507,2.0588426576,0.1165779364000001,0.2440918333999997,0.1260314829
569,569,569.0,569.0,569.0,,,,,,,,,,,,,,,,,,,,,,,,,,,,,,,0.9,-0.9162279414,-0.6404075657,-0.0952084755229333,2.175420594,0.1275138969999996,0.1275138969999996,0.1260314829
570,570,570.0,570.0,570.0,,,,,,,,,,,,,,,,,,,,,,,,,,,,,,,0.0,0.0,-1.0,6.650201963309858,0.0,0.0663841939,2.1557961611,0.1608794076999999
571,571,571.0,571.0,571.0,,,,,,,,,,,,,,,,,,,,,,,,,,,,,,,0.1,-0.0629927748,-0.2719870289,-19.882522095901663,0.0663841939,0.3769747933,2.0894119672,0.1608794076999999
572,572,572.0,572.0,572.0,,,,,,,,,,,,,,,,,,,,,,,,,,,,,,,0.2,-0.1850558345,-2.1381761787,13.887818299121845,0.4433589872,0.3088020469,1.7124371739000002,0.1608794076999999
573,573,573.0,573.0,573.0,,,,,,,,,,,,,,,,,,,,,,,,,,,,,,,0.3,-0.321349022,-0.6131011614,-7.573567900866438,0.7521610341,0.1358265421,1.403635127,0.1608794076999999
574,574,574.0,574.0,574.0,,,,,,,,,,,,,,,,,,,,,,,,,,,,,,,0.4,-0.4163297058,-1.2754772676,8.564069354195833,0.8879875762,0.1294897333,1.2678085849,0.1608794076999999
575,575,575.0,575.0,575.0,,,,,,,,,,,,,,,,,,,,,,,,,,,,,,,0.5,-0.4962794457,-0.3391205923,-20.13154579396832,1.0174773095,0.4301995062999999,1.1383188516,0.1608794076999999
576,576,576.0,576.0,576.0,,,,,,,,,,,,,,,,,,,,,,,,,,,,,,,0.6,-0.6259357274,-2.22261889,14.321241363345514,1.4476768158,0.3761104518,0.7081193453000001,0.1608794076999999
577,577,577.0,577.0,577.0,,,,,,,,,,,,,,,,,,,,,,,,,,,,,,,0.7,-0.7681681396,-0.6482623414,-0.1275720399132874,1.8237872676,0.1028429944,0.3320088935,0.1608794076999999
578,578,578.0,578.0,578.0,,,,,,,,,,,,,,,,,,,,,,,,,,,,,,,0.8,-0.8304765846,-0.5987111005,-0.573406020511539,1.926630262,0.1099210128999998,0.2291658991,0.1608794076999999
579,579,579.0,579.0,579.0,,,,,,,,,,,,,,,,,,,,,,,,,,,,,,,0.9,-0.8902254118,-0.5963028753,-0.416797119355527,2.0365512749,0.1192448862000001,0.1192448862000001,0.1608794076999999
580,580,580.0,580.0,580.0,,,,,,,,,,,,,,,,,,,,,,,,,,,,,,,0.0,0.0,-1.0,6.5348192361544095,0.0,0.0661996207,2.296090823,0.0454593345
581,581,581.0,581.0,581.0,,,,,,,,,,,,,,,,,,,,,,,,,,,,,,,0.1,-0.0635509293,-0.2829671471,-20.160240314673374,0.0661996207,0.3892561458999999,2.2298912023,0.0454593345
582,582,582.0,582.0,582.0,,,,,,,,,,,,,,,,,,,,,,,,,,,,,,,0.2,-0.1880023246,-2.1745397832,14.51421672110871,0.4554557666,0.3207070204,1.8406350564,0.0454593345
583,583,583.0,583.0,583.0,,,,,,,,,,,,,,,,,,,,,,,,,,,,,,,0.3,-0.3247258155,-0.5863946203,-8.995083696643617,0.776162787,0.1580339536,1.519928036,0.0454593345
584,584,584.0,584.0,584.0,,,,,,,,,,,,,,,,,,,,,,,,,,,,,,,0.4,-0.4240415198,-1.3865872856,8.407667841116577,0.9341967406,0.1487680086,1.3618940824,0.0454593345
585,585,585.0,585.0,585.0,,,,,,,,,,,,,,,,,,,,,,,,,,,,,,,0.5,-0.5153213558,-0.4545406655,-19.84423038914127,1.0829647492,0.4517801665999998,1.2131260738,0.0454593345
586,586,586.0,586.0,586.0,,,,,,,,,,,,,,,,,,,,,,,,,,,,,,,0.6,-0.6545714089,-2.2997136513,14.841255460757646,1.5347449158,0.4037453420000001,0.7613459072000002,0.0454593345
587,587,587.0,587.0,587.0,,,,,,,,,,,,,,,,,,,,,,,,,,,,,,,0.7,-0.8016248348,-0.6685346793,0.6269321151819085,1.9384902578,0.1064418675999998,0.3576005652,0.0454593345
588,588,588.0,588.0,588.0,,,,,,,,,,,,,,,,,,,,,,,,,,,,,,,0.8,-0.8622118836,-0.545254419,-2.17601649515578,2.0449321254,0.121144723,0.2511586976000002,0.0454593345
589,589,589.0,589.0,589.0,,,,,,,,,,,,,,,,,,,,,,,,,,,,,,,0.9,-0.9246260027,-0.7004419495,1.1035331372492143,2.1660768484,0.1300139746000002,0.1300139746000002,0.0454593345
590,590,590.0,590.0,590.0,,,,,,,,,,,,,,,,,,,,,,,,,,,,,,,0.0,0.0,-1.0,6.688229219057779,0.0,0.0664497495,2.3065661263999995,0.1359922861999999
591,591,591.0,591.0,591.0,,,,,,,,,,,,,,,,,,,,,,,,,,,,,,,0.1,-0.0628088211,-0.268368257,-20.068993787092847,0.0664497495,0.3826295439,2.2401163769,0.1359922861999999
592,592,592.0,592.0,592.0,,,,,,,,,,,,,,,,,,,,,,,,,,,,,,,0.2,-0.1854295506,-2.1526469062,14.660731206502538,0.4490792934,0.3153888585999999,1.857486833,0.1359922861999999
593,593,593.0,593.0,593.0,,,,,,,,,,,,,,,,,,,,,,,,,,,,,,,0.3,-0.3193609069,-0.5526424293,-10.97503977770255,0.764468152,0.1934477411,1.5420979743999998,0.1359922861999999
594,594,594.0,594.0,594.0,,,,,,,,,,,,,,,,,,,,,,,,,,,,,,,0.4,-0.4250426322,-1.5444646817,10.860168854637244,0.9579158931,0.1830884861999999,1.3486502333,0.1359922861999999
595,595,595.0,595.0,595.0,,,,,,,,,,,,,,,,,,,,,,,,,,,,,,,0.5,-0.5194827147,-0.3640077138,-20.075113518399256,1.1410043793,0.4370159519000001,1.1655617471,0.1359922861999999
596,596,596.0,596.0,596.0,,,,,,,,,,,,,,,,,,,,,,,,,,,,,,,0.6,-0.6512343311,-2.2397674492,14.481392111673518,1.5780203312,0.3850459104999999,0.7285457951999998,0.1359922861999999
597,597,597.0,597.0,597.0,,,,,,,,,,,,,,,,,,,,,,,,,,,,,,,0.7,-0.7943238683,-0.6485387008,0.1086041162177133,1.9630662417,0.1056740249999999,0.3434998846999999,0.1359922861999999
598,598,598.0,598.0,598.0,,,,,,,,,,,,,,,,,,,,,,,,,,,,,,,0.8,-0.8555158729,-0.5764862846,-1.0158344996456672,2.0687402667,0.1146256606000002,0.2378258597,0.1359922861999999
599,599,599.0,599.0,599.0,,,,,,,,,,,,,,,,,,,,,,,,,,,,,,,0.9,-0.9152886011,-0.6182970063,0.1412575000914734,2.1833659273,0.1232001990999998,0.1232001990999998,0.1359922861999999
600,600,600.0,600.0,,,,,,,,,,,,,,,,,,,,,,,,,,,,,,,,0.0,0.0,-1.0,6.160081851166824,0.0,0.0657489257,3.0842566026,-2.5
601,601,601.0,601.0,,,,,,,,,,,,,,,,,,,,,,,,,,,,,,,,0.1,-0.0653636907,-0.3186281242,-19.85239772940819,0.0657489257,0.3869236782999999,3.0185076769,-1.0986281242000002
602,602,602.0,602.0,,,,,,,,,,,,,,,,,,,,,,,,,,,,,,,,0.2,-0.1917195162,-2.1775120717,12.67144671899275,0.452672604,0.3176707826,2.6315839986,-2.3975120717
603,603,603.0,603.0,,,,,,,,,,,,,,,,,,,,,,,,,,,,,,,,0.3,-0.3376401062,-0.7644468097,1.66894358811887,0.7703433866,0.0575312371999999,2.313913216,-0.5844468097000001
604,604,604.0,604.0,,,,,,,,,,,,,,,,,,,,,,,,,,,,,,,,0.4,-0.4023134395,-0.5328791176,-19.835010278910435,0.8278746238,0.4612954209000001,2.2563819788,-0.1128791175999999
605,605,605.0,605.0,,,,,,,,,,,,,,,,,,,,,,,,,,,,,,,,0.5,-0.5489738235,-2.3697197615,14.157174671400623,1.2891700447,0.4086322756999998,1.7950865579,-1.8697197615
606,606,606.0,606.0,,,,,,,,,,,,,,,,,,,,,,,,,,,,,,,,0.6,-0.7059983293,-0.7969777886,5.59374580653296,1.6978023204,0.0966421457000001,1.3864542822,-0.3769777886
607,607,607.0,607.0,,,,,,,,,,,,,,,,,,,,,,,,,,,,,,,,0.7,-0.754782036,-0.1888195012,-19.89424039767341,1.7944444661,0.4211346772999997,1.2898121365,-0.0088195011999998
608,608,608.0,608.0,,,,,,,,,,,,,,,,,,,,,,,,,,,,,,,,0.8,-0.8689873446,-2.0640382324,16.99998380296536,2.2155791434,0.3909959348000003,0.8686774592000002,-2.2840382324000004
609,609,609.0,609.0,,,,,,,,,,,,,,,,,,,,,,,,,,,,,,,,0.9,-0.9831705378,-0.2498566589,-19.920642452419465,2.6065750782,0.4776815243999999,0.4776815243999999,-1.0298566589000002
610,610,610.0,610.0,,,,,,,,,,,,,,,,,,,,,,,,,,,,,,,,0.0,0.0,-1.0,6.178860923744831,0.0,0.0657660971,3.0500584295,-2.5
611,611,611.0,611.0,,,,,,,,,,,,,,,,,,,,,,,,,,,,,,,,0.1,-0.0652728484,-0.3168410592,-19.88603469127832,0.0657660971,0.387675231,2.9842923324,-1.0968410592000002
612,612,612.0,612.0,,,,,,,,,,,,,,,,,,,,,,,,,,,,,,,,0.2,-0.1916213281,-2.1790960486,12.34966630143184,0.4534413281,0.3179789708,2.5966171014,-2.3990960486
613,613,613.0,613.0,,,,,,,,,,,,,,,,,,,,,,,,,,,,,,,,0.3,-0.3392492398,-0.7965015068,2.640090104043608,0.7714202989,0.0580799493,2.2786381306,-0.6165015068
614,614,614.0,614.0,,,,,,,,,,,,,,,,,,,,,,,,,,,,,,,,0.4,-0.4022751293,-0.4694666069,-19.845718869894185,0.8295002482,0.4442388626,2.2205581813,-0.0494666068999999
615,615,615.0,615.0,,,,,,,,,,,,,,,,,,,,,,,,,,,,,,,,0.5,-0.5429527325,-2.3133608907,12.970532179776342,1.2737391108,0.3898703673999999,1.7763193187,-1.8133608907
616,616,616.0,616.0,,,,,,,,,,,,,,,,,,,,,,,,,,,,,,,,0.6,-0.7003542689,-0.8589061363,6.026675314057086,1.6636094782,0.1030150704000001,1.3864489513,-0.4389061362999999
617,617,617.0,617.0,,,,,,,,,,,,,,,,,,,,,,,,,,,,,,,,0.7,-0.7529369071,-0.2036559667,-19.82800553078774,1.7666245486,0.4218898659000001,1.2834338809,-0.0236559666999998
618,618,618.0,618.0,,,,,,,,,,,,,,,,,,,,,,,,,,,,,,,,0.8,-0.8682336676,-2.0711597593,17.524484103757725,2.1885144145,0.3971481270999999,0.8615440149999998,-2.2911597593
619,619,619.0,619.0,,,,,,,,,,,,,,,,,,,,,,,,,,,,,,,,0.9,-0.9805573358,-0.2063876807,-19.84296732306533,2.5856625416,0.4643958878999998,0.4643958878999998,-0.9863876807000004
620,620,620.0,620.0,,,,,,,,,,,,,,,,,,,,,,,,,,,,,,,,0.0,0.0,-1.0,5.842413017211726,0.0,0.0655449374,2.85823206,-2.5
621,621,621.0,621.0,,,,,,,,,,,,,,,,,,,,,,,,,,,,,,,,0.1,-0.0669003859,-0.3488583124,-18.92062855348837,0.0655449374,0.3620297853,2.7926871226,-1.1288583124000002
622,622,622.0,622.0,,,,,,,,,,,,,,,,,,,,,,,,,,,,,,,,0.2,-0.1916256371,-2.1161959166,12.182264204017164,0.4275747227,0.3002452606999999,2.4306573373,-2.3361959166000004
623,623,623.0,623.0,,,,,,,,,,,,,,,,,,,,,,,,,,,,,,,,0.3,-0.3340776036,-0.7555175296,1.0772785326282113,0.7278199834,0.058946779,2.1304120766,-0.5755175296
624,624,624.0,624.0,,,,,,,,,,,,,,,,,,,,,,,,,,,,,,,,0.4,-0.4007633476,-0.5811039324,-16.388526261994336,0.7867667624,0.3551610437,2.0714652976,-0.1611039323999999
625,625,625.0,625.0,,,,,,,,,,,,,,,,,,,,,,,,,,,,,,,,0.5,-0.5353408509,-2.0853790553,11.8698980037638,1.1419278061,0.3222666741,1.7163042539000002,-1.5853790552999998
626,626,626.0,626.0,,,,,,,,,,,,,,,,,,,,,,,,,,,,,,,,0.6,-0.6763713176,-0.7573587882,5.044725724651646,1.4641944802,0.0876895152999999,1.3940375798000002,-0.3373587882
627,627,627.0,627.0,,,,,,,,,,,,,,,,,,,,,,,,,,,,,,,,0.7,-0.7240406467,-0.2052168867,-19.81380055058351,1.5518839955,0.4172427483000001,1.3063480645000003,-0.0252168866999998
628,628,628.0,628.0,,,,,,,,,,,,,,,,,,,,,,,,,,,,,,,,0.8,-0.8394172329,-2.0712203555,15.581392397690385,1.9691267438,0.3767977551000001,0.8891053162000002,-2.2912203555
629,629,629.0,629.0,,,,,,,,,,,,,,,,,,,,,,,,,,,,,,,,0.9,-0.9611462184,-0.3913521302,-20.029540917408035,2.3459244989,0.5123075611000001,0.5123075611000001,-1.1713521302000005
630,630,630.0,630.0,,,,,,,,,,,,,,,,,,,,,,,,,,,,,,,,0.0,0.0,-1.0,5.858929272839293,0.0,0.0655515104,3.096715167,-2.5
631,631,631.0,631.0,,,,,,,,,,,,,,,,,,,,,,,,,,,,,,,,0.1,-0.0668204898,-0.3472865829,-19.32131176444667,0.0655515104,0.3753401269,3.0311636566,-1.1272865829000005
632,632,632.0,632.0,,,,,,,,,,,,,,,,,,,,,,,,,,,,,,,,0.2,-0.1933344429,-2.1529038063,12.3139473610408,0.4408916373,0.3106299718999999,2.6558235297,-2.3729038063
633,633,633.0,633.0,,,,,,,,,,,,,,,,,,,,,,,,,,,,,,,,0.3,-0.3386426206,-0.7762008925,1.683845469225786,0.7515216092,0.0590469922999999,2.3451935578,-0.5962008925000001
634,634,634.0,634.0,,,,,,,,,,,,,,,,,,,,,,,,,,,,,,,,0.4,-0.4043624159,-0.5420965502,-19.99569539463262,0.8105686015,0.4700773372,2.2861465655,-0.1220965501999999
635,635,635.0,635.0,,,,,,,,,,,,,,,,,,,,,,,,,,,,,,,,0.5,-0.5526772557,-2.3933512499,14.543767284232649,1.2806459387,0.4169500754999999,1.8160692283,-1.8933512499
636,636,636.0,636.0,,,,,,,,,,,,,,,,,,,,,,,,,,,,,,,,0.6,-0.7100804845,-0.7815712927,5.440266399662026,1.6975960142,0.0954592,1.3991191528000002,-0.3615712927
637,637,637.0,637.0,,,,,,,,,,,,,,,,,,,,,,,,,,,,,,,,0.7,-0.7581403024,-0.1894848348,-20.000337701674724,1.7930552142,0.4254554552,1.3036599528,-0.0094848347999998
638,638,638.0,638.0,,,,,,,,,,,,,,,,,,,,,,,,,,,,,,,,0.8,-0.8729221629,-2.0747367445,17.3633764377219,2.2185106694,0.3973696005999998,0.8782044976000001,-2.2947367445
639,639,639.0,639.0,,,,,,,,,,,,,,,,,,,,,,,,,,,,,,,,0.9,-0.9863655717,-0.2249556919,-20.15931581402273,2.61588027,0.4808348970000002,0.4808348970000002,-1.0049556919000002
640,640,640.0,640.0,,,,,,,,,,,,,,,,,,,,,,,,,,,,,,,,0.0,0.0,-1.0,6.158912697882896,0.0,0.0657478755,3.0866038157000006,-2.5
641,641,641.0,641.0,,,,,,,,,,,,,,,,,,,,,,,,,,,,,,,,0.1,-0.0653693464,-0.3187393839,-19.89526168699112,0.0657478755,0.3884552606,3.0208559402000006,-1.0987393839000004
642,642,642.0,642.0,,,,,,,,,,,,,,,,,,,,,,,,,,,,,,,,0.2,-0.1919431105,-2.1816917885,12.327199825325607,0.4542031361,0.3187374064,2.6324006796000003,-2.4016917885
643,643,643.0,643.0,,,,,,,,,,,,,,,,,,,,,,,,,,,,,,,,0.3,-0.3399267192,-0.8009881972,2.397457961782125,0.7729405425,0.0594910066999999,2.3136632732000004,-0.6209881972000001
644,644,644.0,644.0,,,,,,,,,,,,,,,,,,,,,,,,,,,,,,,,0.4,-0.4045532848,-0.4966158354,-19.840353064772668,0.8324315492,0.4516331916999999,2.2541722665000004,-0.0766158353999999
645,645,645.0,645.0,,,,,,,,,,,,,,,,,,,,,,,,,,,,,,,,0.5,-0.5477885374,-2.3374158893,13.484326407064676,1.2840647409,0.3979682675,1.8025390748000003,-1.8374158893
646,646,646.0,646.0,,,,,,,,,,,,,,,,,,,,,,,,,,,,,,,,0.6,-0.7049937719,-0.831778014,5.497071131919303,1.6820330084,0.1000026761000001,1.4045708073000005,-0.4117780139999999
647,647,647.0,647.0,,,,,,,,,,,,,,,,,,,,,,,,,,,,,,,,0.7,-0.7575567872,-0.2295078856,-19.99883013692535,1.7820356845,0.4343950917000001,1.3045681312,-0.0495078855999998
648,648,648.0,648.0,,,,,,,,,,,,,,,,,,,,,,,,,,,,,,,,0.8,-0.8761400385,-2.110807648,18.571146037391685,2.2164307762,0.4179894387999998,0.8701730395,-2.3308076480000004
649,649,649.0,649.0,,,,,,,,,,,,,,,,,,,,,,,,,,,,,,,,0.9,-0.9871735601,-0.1426595226,-19.858932052270504,2.634420215,0.4521836007000002,0.4521836007000002,-0.9226595226000004
650,650,650.0,650.0,,,,,,,,,,,,,,,,,,,,,,,,,,,,,,,,0.0,0.0,-1.0,5.807337431607122,0.0,0.0655324438,3.0537604462,-2.5
651,651,651.0,651.0,,,,,,,,,,,,,,,,,,,,,,,,,,,,,,,,0.1,-0.0670700611,-0.3521961957,-18.818655062630377,0.0655324438,0.3593767756,2.9882280024,-1.1321961957000002
652,652,652.0,652.0,,,,,,,,,,,,,,,,,,,,,,,,,,,,,,,,0.2,-0.1916196658,-2.1095120973,11.873414910824833,0.4249092194,0.2983203297,2.6288512268,-2.3295120973000003
653,653,653.0,653.0,,,,,,,,,,,,,,,,,,,,,,,,,,,,,,,,0.3,-0.3349296159,-0.7788606561,2.0790444081380426,0.7232295491,0.0574817655999999,2.3305308971,-0.5988606561
654,654,654.0,654.0,,,,,,,,,,,,,,,,,,,,,,,,,,,,,,,,0.4,-0.3989907739,-0.5068950573,-20.069697317363964,0.7807113147,0.4624492641,2.2730491315,-0.0868950572999999
655,655,655.0,655.0,,,,,,,,,,,,,,,,,,,,,,,,,,,,,,,,0.5,-0.5443137277,-2.3685418352,13.87441438483622,1.2431605788,0.4073860654000001,1.8105998674,-1.8685418352
656,656,656.0,656.0,,,,,,,,,,,,,,,,,,,,,,,,,,,,,,,,0.6,-0.7025939681,-0.8228201564,5.399277509417503,1.6505466442,0.0985778615999999,1.403213802,-0.4028201563999999
657,657,657.0,657.0,,,,,,,,,,,,,,,,,,,,,,,,,,,,,,,,0.7,-0.7547776,-0.2307087736,-20.06980640559081,1.7491245058,0.4366971290999999,1.3046359404,-0.0507087735999998
658,658,658.0,658.0,,,,,,,,,,,,,,,,,,,,,,,,,,,,,,,,0.8,-0.8738184725,-2.1186485416,18.891318735915387,2.1858216349,0.4227748758,0.8679388113000002,-2.3386485416
659,659,659.0,659.0,,,,,,,,,,,,,,,,,,,,,,,,,,,,,,,,0.9,-0.9840493443,-0.1192857962,-19.817751845143125,2.6085965107,0.4451639355000001,0.4451639355000001,-0.8992857962000003
660,660,660.0,,,,,,,,,,,,,,,,,,,,,,,,,,,,,,,,,0.0,0.0,-1.0,7.166460790521076,0.0,0.0674741439,2.7118534118,-2.5
661,661,661.0,,,,,,,,,,,,,,,,,,,,,,,,,,,,,,,,,0.1,-0.060495415,-0.2228585059,-19.974953296774,0.0674741439,0.3689863106,2.6443792679,-1.0028585059000004
662,662,662.0,,,,,,,,,,,,,,,,,,,,,,,,,,,,,,,,,0.2,-0.1783303962,-2.1025188545,11.50037509551018,0.4364604545,0.2957524029,2.2753929573,-2.3225188545
663,663,663.0,,,,,,,,,,,,,,,,,,,,,,,,,,,,,,,,,0.3,-0.3227794007,-0.8080323404,-1.9462356854689005,0.7322128574,0.089871521,1.9796405544,-0.6280323404000001
664,664,664.0,,,,,,,,,,,,,,,,,,,,,,,,,,,,,,,,,0.4,-0.4090885993,-0.9163467103,-2.370817178905104,0.8220843784,0.1213198129999999,1.8897690334,-0.4963467103
665,665,665.0,,,,,,,,,,,,,,,,,,,,,,,,,,,,,,,,,0.5,-0.5077591498,-1.0547578777,4.972982374084311,0.9434041914,0.1037241974,1.7684492204,-0.5547578777
666,666,666.0,,,,,,,,,,,,,,,,,,,,,,,,,,,,,,,,,0.6,-0.584076239,-0.4811425511,-19.995216148406143,1.0471283888,0.4728517750999998,1.664725023,-0.0611425510999999
667,667,667.0,,,,,,,,,,,,,,,,,,,,,,,,,,,,,,,,,0.7,-0.7265881781,-2.3381522269,8.408575738875452,1.5199801639,0.4431954920000001,1.1918732479,-2.1581522269
668,668,668.0,,,,,,,,,,,,,,,,,,,,,,,,,,,,,,,,,0.8,-0.9084171177,-1.3154657134,-4.019181489951534,1.9631756559,0.3137328249,0.7486777559,-1.5354657134000005
669,669,669.0,,,,,,,,,,,,,,,,,,,,,,,,,,,,,,,,,0.9,-1.0530425343,-1.5727584457,-4.53982093947274,2.2769084808,0.434944931,0.434944931,-2.3527584457
670,670,670.0,,,,,,,,,,,,,,,,,,,,,,,,,,,,,,,,,0.0,0.0,-1.0,6.987620381879394,0.0,0.067047693,2.6216350015,-2.5
671,671,671.0,,,,,,,,,,,,,,,,,,,,,,,,,,,,,,,,,0.1,-0.0613605409,-0.239877421,-19.84788977646111,0.067047693,0.3684395895,2.5545873085,-1.0198774210000003
672,672,672.0,,,,,,,,,,,,,,,,,,,,,,,,,,,,,,,,,0.2,-0.1802004252,-2.1058265143,11.653069147682942,0.4354872825,0.2967118798,2.186147719,-2.3258265143
673,673,673.0,,,,,,,,,,,,,,,,,,,,,,,,,,,,,,,,,0.3,-0.3242255502,-0.7964944745,-2.1436036911044893,0.7321991623,0.0901554367999999,1.8894358392,-0.6164944745000001
674,674,674.0,,,,,,,,,,,,,,,,,,,,,,,,,,,,,,,,,0.4,-0.4103915311,-0.9246888627,-2.645641144577258,0.8223545991,0.1265090478,1.7992804024,-0.5046888626999999
675,675,675.0,,,,,,,,,,,,,,,,,,,,,,,,,,,,,,,,,0.5,-0.5111853939,-1.0884591143,5.122932954859139,0.9488636469,0.1090358853999999,1.6727713546,-0.5884591143
676,676,676.0,,,,,,,,,,,,,,,,,,,,,,,,,,,,,,,,,0.6,-0.5899842069,-0.4973670059,-20.12053696934715,1.0578995323,0.4827584355000001,1.5637354692,-0.0773670058999999
677,677,677.0,,,,,,,,,,,,,,,,,,,,,,,,,,,,,,,,,0.7,-0.7346462794,-2.3647586303,8.43220989479245,1.5406579678,0.4538800233,1.0809770337,-2.1847586303
678,678,678.0,,,,,,,,,,,,,,,,,,,,,,,,,,,,,,,,,0.8,-0.9188928253,-1.3372910949,-4.157719426795619,1.9945379911,0.3246909110999998,0.6270970104,-1.5572910949000005
679,679,679.0,,,,,,,,,,,,,,,,,,,,,,,,,,,,,,,,,0.9,-1.0662653778,-1.6056904851,6.394390631830926,2.3192289022,0.3024060993000002,0.3024060993000002,-2.3856904851000005
680,680,680.0,,,,,,,,,,,,,,,,,,,,,,,,,,,,,,,,,0.0,0.0,-1.0,7.033269945714948,0.0,0.0671516214,2.6905459657,-2.5
681,681,681.0,,,,,,,,,,,,,,,,,,,,,,,,,,,,,,,,,0.1,-0.0611397148,-0.2355332906,-19.81486613485989,0.0671516214,0.3663295794,2.6233943443000003,-1.0155332906000003
682,682,682.0,,,,,,,,,,,,,,,,,,,,,,,,,,,,,,,,,0.2,-0.1794064515,-2.0987531674,11.6805437947111,0.4334812008,0.2946956353999999,2.2570647649000004,-2.3187531674
683,683,683.0,,,,,,,,,,,,,,,,,,,,,,,,,,,,,,,,,0.3,-0.3226255523,-0.7874796872,-2.081113799615669,0.7281768362,0.0878691458,1.9623691295000003,-0.6074796872
684,684,684.0,,,,,,,,,,,,,,,,,,,,,,,,,,,,,,,,,0.4,-0.407631369,-0.9105852504,-2.3253114527236853,0.816045982,0.1195274324999999,1.8744999837000005,-0.4905852504
685,685,685.0,,,,,,,,,,,,,,,,,,,,,,,,,,,,,,,,,0.5,-0.505533513,-1.0452142517,4.908229953493084,0.9355734145,0.1021480683000001,1.7549725512000005,-0.5452142517
686,686,686.0,,,,,,,,,,,,,,,,,,,,,,,,,,,,,,,,,0.6,-0.5812556404,-0.4786691289,-20.075022303516537,1.0377214828,0.4747647301,1.6528244829,-0.0586691288999999
687,687,687.0,,,,,,,,,,,,,,,,,,,,,,,,,,,,,,,,,0.7,-0.7239182589,-2.3435087407,8.679689743990872,1.5124862129,0.4425841764,1.1780597528,-2.1635087407
688,688,688.0,,,,,,,,,,,,,,,,,,,,,,,,,,,,,,,,,0.8,-0.9049454426,-1.2945125827,-4.131094254780988,1.9550703893,0.3092199315999997,0.7354755764,-1.5145125827
689,689,689.0,,,,,,,,,,,,,,,,,,,,,,,,,,,,,,,,,0.9,-1.0481182913,-1.5644491595,-4.31998431543255,2.2642903209,0.4262556448000003,0.4262556448000003,-2.3444491595000003
690,690,690.0,,,,,,,,,,,,,,,,,,,,,,,,,,,,,,,,,0.0,0.0,-1.0,6.900172411580636,0.0,0.0668580308,2.7443395516000004,-2.5
691,691,691.0,,,,,,,,,,,,,,,,,,,,,,,,,,,,,,,,,0.1,-0.0617835632,-0.2481991956,-19.83661365739903,0.0668580308,0.3699337465,2.6774815208,-1.0281991956000005
692,692,692.0,,,,,,,,,,,,,,,,,,,,,,,,,,,,,,,,,0.2,-0.1813608328,-2.1122832918,11.563769491117926,0.4367917773,0.2986168267999999,2.3075477743,-2.3322832918
693,693,693.0,,,,,,,,,,,,,,,,,,,,,,,,,,,,,,,,,0.3,-0.3264323812,-0.8108347943,-2.18246857243656,0.7354086041,0.0931645955,2.0089309475,-0.6308347943000001
694,694,694.0,,,,,,,,,,,,,,,,,,,,,,,,,,,,,,,,,0.4,-0.414151033,-0.9413629997,-2.339051306566888,0.8285731996,0.1262535918,1.915766352,-0.5213629997
695,695,695.0,,,,,,,,,,,,,,,,,,,,,,,,,,,,,,,,,0.5,-0.5150485333,-1.0743706301,4.972629299962808,0.9548267914,0.107542815,1.7895127602,-0.5743706301
696,696,696.0,,,,,,,,,,,,,,,,,,,,,,,,,,,,,,,,,0.6,-0.5932337307,-0.4989225027,-19.87901511710076,1.0623696064,0.4746487215999999,1.6819699452,-0.0789225026999999
697,697,697.0,,,,,,,,,,,,,,,,,,,,,,,,,,,,,,,,,0.7,-0.7368754826,-2.3431822625,8.423165661333444,1.537018328,0.4465840034999999,1.2073212236,-2.1631822625
698,698,698.0,,,,,,,,,,,,,,,,,,,,,,,,,,,,,,,,,0.8,-0.9191125181,-1.3186286608,-4.152995055843482,1.9836023315,0.3192664519000001,0.7607372201,-1.5386286608000002
699,699,699.0,,,,,,,,,,,,,,,,,,,,,,,,,,,,,,,,,0.9,-1.0646862544,-1.5883544302,-4.475409210142761,2.3028687834,0.4414707681999998,0.4414707681999998,-2.3683544302
700,700,700.0,,,,,,,,,,,,,,,,,,,,,,,,,,,,,,,,,0.0,0.0,-1.0,7.093965094608141,0.0,0.0672950313,2.7264775433,-2.5
701,701,701.0,,,,,,,,,,,,,,,,,,,,,,,,,,,,,,,,,0.1,-0.060846107,-0.2297573835,-19.811334578466617,0.0672950313,0.3649157841,2.659182512,-1.0097573835000002
702,702,702.0,,,,,,,,,,,,,,,,,,,,,,,,,,,,,,,,,0.2,-0.1785461126,-2.0931908358,11.365304641553756,0.4322108154,0.2932355715999999,2.2942667279,-2.3131908358000004
703,703,703.0,,,,,,,,,,,,,,,,,,,,,,,,,,,,,,,,,0.3,-0.322760831,-0.8124456533,-1.837917983262818,0.725446387,0.0894700009,2.0010311563000003,-0.6324456533
704,704,704.0,,,,,,,,,,,,,,,,,,,,,,,,,,,,,,,,,0.4,-0.4089660324,-0.9100322502,-2.480246294429107,0.8149163879,0.1214474951999999,1.9115611554000005,-0.4900322501999999
705,705,705.0,,,,,,,,,,,,,,,,,,,,,,,,,,,,,,,,,0.5,-0.5075650407,-1.0594578713,4.991850646953075,0.9363638831,0.1043850607999999,1.7901136602000003,-0.5594578713
706,706,706.0,,,,,,,,,,,,,,,,,,,,,,,,,,,,,,,,,0.6,-0.5842381199,-0.4835997274,-20.198028251600032,1.0407489439,0.4810793969,1.6857285994000002,-0.0635997273999999
707,707,707.0,,,,,,,,,,,,,,,,,,,,,,,,,,,,,,,,,0.7,-0.7279649775,-2.359675695,8.522122374199894,1.5218283408,0.4502246881,1.2046492025000002,-2.179675695
708,708,708.0,,,,,,,,,,,,,,,,,,,,,,,,,,,,,,,,,0.8,-0.9112928709,-1.3241355642,-3.971484725018332,1.9720530289,0.3158743538999999,0.7544245144000001,-1.5441355642
709,709,709.0,,,,,,,,,,,,,,,,,,,,,,,,,,,,,,,,,0.9,-1.0565125965,-1.5760643111,-4.616785810211519,2.2879273828,0.4385501605000002,0.4385501605000002,-2.3560643111
710,710,710.0,,,,,,,,,,,,,,,,,,,,,,,,,,,,,,,,,0.0,0.0,-1.0,7.161411352266103,0.0,0.0674613926,2.6074185085,-2.5
711,711,711.0,,,,,,,,,,,,,,,,,,,,,,,,,,,,,,,,,0.1,-0.0605198413,-0.2233390235,-19.83867006312669,0.0674613926,0.3644199812,2.5399571159,-1.0033390235
712,712,712.0,,,,,,,,,,,,,,,,,,,,,,,,,,,,,,,,,0.2,-0.1777412906,-2.0899845805,11.51816866950226,0.4318813738,0.2922228164,2.1755371347,-2.3099845805
713,713,713.0,,,,,,,,,,,,,,,,,,,,,,,,,,,,,,,,,0.3,-0.3209114263,-0.7949975778,-2.172797309197652,0.7241041902,0.0899791553,1.8833143183,-0.6149975778000001
714,714,714.0,,,,,,,,,,,,,,,,,,,,,,,,,,,,,,,,,0.4,-0.4070761847,-0.9261125503,-2.584366853068102,0.8140833455,0.1257020932999999,1.7933351629999998,-0.5061125502999999
715,715,715.0,,,,,,,,,,,,,,,,,,,,,,,,,,,,,,,,,0.5,-0.5077091167,-1.0839163037,5.161116856136922,0.9397854388,0.1078783513000001,1.6676330697,-0.5839163036999999
716,716,716.0,,,,,,,,,,,,,,,,,,,,,,,,,,,,,,,,,0.6,-0.5858909126,-0.4896228221,-20.16677018137171,1.0476637901,0.4817996184999999,1.5597547183999998,-0.0696228220999999
717,717,717.0,,,,,,,,,,,,,,,,,,,,,,,,,,,,,,,,,0.7,-0.730039683,-2.3621510699,8.399978655875312,1.5294634086,0.4524322562999998,1.0779550998999998,-2.1821510699
718,718,718.0,,,,,,,,,,,,,,,,,,,,,,,,,,,,,,,,,0.8,-0.9141940015,-1.3379988858,-4.178965317312852,1.9818956649,0.3243754533000003,0.6255228436,-1.5579988858000002
719,719,719.0,,,,,,,,,,,,,,,,,,,,,,,,,,,,,,,,,0.9,-1.061736689,-1.60835273,6.594274823500637,2.3062711182,0.3011473902999997,0.3011473902999997,-2.3883527300000003
720,720,,,,,,,,,,,,,,,,,,,,,,,,,,,,,,,,,,0.0,0.0,-1.0,3.5668731639274154,0.0,0.0688636119,1.7791794108,-2.5
721,721,,,,,,,,,,,,,,,,,,,,,,,,,,,,,,,,,,0.1,-0.0779081235,-0.5654045601,-10.47742989583674,0.0688636119,0.1730693273,1.7103157989,-1.3454045601000002
722,722,,,,,,,,,,,,,,,,,,,,,,,,,,,,,,,,,,0.2,-0.182397188,-1.5086584852,3.35992881904791,0.2419329392,0.1759050687999999,1.5372464715999998,-1.7286584852
723,723,,,,,,,,,,,,,,,,,,,,,,,,,,,,,,,,,,0.3,-0.3097117368,-1.0453510545,3.1138993380450244,0.417838008,0.0900910675,1.3613414028,-0.8653510545
724,724,,,,,,,,,,,,,,,,,,,,,,,,,,,,,,,,,,0.4,-0.394126901,-0.6495459565,-11.412602399596445,0.5079290755,0.2306423308999999,1.2712503353,-0.2295459564999999
725,725,,,,,,,,,,,,,,,,,,,,,,,,,,,,,,,,,,0.5,-0.5111468054,-1.673786292,1.9128920355071195,0.7385714064,0.2627643953,1.0406080044,-1.173786292
726,726,,,,,,,,,,,,,,,,,,,,,,,,,,,,,,,,,,0.6,-0.6611751501,-1.3324687438,1.660608621181455,1.0013358017,0.1954934906999998,0.7778436091,-0.9124687438
727,727,,,,,,,,,,,,,,,,,,,,,,,,,,,,,,,,,,0.7,-0.7799433135,-1.0476397182,1.4832986233488996,1.1968292924,0.1558490022000001,0.5823501184000002,-0.8676397181999997
728,728,,,,,,,,,,,,,,,,,,,,,,,,,,,,,,,,,,0.8,-0.8724642035,-0.8067889659,1.0940305014149698,1.3526782946,0.1347710789,0.4265011162000001,-1.0267889659000002
729,729,,,,,,,,,,,,,,,,,,,,,,,,,,,,,,,,,,0.9,-0.9439481851,-0.6259019342,-10.890162516721894,1.4874493735,0.2917300373,0.2917300373,-1.4059019342
730,730,,,,,,,,,,,,,,,,,,,,,,,,,,,,,,,,,,0.0,0.0,-1.0,3.495007114644543,0.0,0.0691050567,1.7893820138999996,-2.5
731,731,,,,,,,,,,,,,,,,,,,,,,,,,,,,,,,,,,0.1,-0.0782557696,-0.572243519,-10.388020641522685,0.0691050567,0.1724633876,1.7202769571999996,-1.3522435190000004
732,732,,,,,,,,,,,,,,,,,,,,,,,,,,,,,,,,,,0.2,-0.1829631371,-1.5063382156,3.4044469637900474,0.2415684443,0.1749962632,1.5478135695999995,-1.7263382156
733,733,,,,,,,,,,,,,,,,,,,,,,,,,,,,,,,,,,0.3,-0.3098415305,-1.0390151258,3.168531531686831,0.4165647075,0.0888164949999999,1.3728173063999998,-0.8590151258000001
734,734,,,,,,,,,,,,,,,,,,,,,,,,,,,,,,,,,,0.4,-0.3933894721,-0.638614031,-11.514983923392323,0.5053812025,0.2306282795999999,1.2840008114,-0.218614031
735,735,,,,,,,,,,,,,,,,,,,,,,,,,,,,,,,,,,0.5,-0.5098643765,-1.673637519,1.8727181037665663,0.7360094821,0.2630640178000001,1.0533725318,-1.173637519
736,736,,,,,,,,,,,,,,,,,,,,,,,,,,,,,,,,,,0.6,-0.6600729019,-1.3361571832,1.4589101066910886,0.9990734999,0.1981779198999999,0.790308514,-0.9161571832
737,737,,,,,,,,,,,,,,,,,,,,,,,,,,,,,,,,,,0.7,-0.780167764,-1.0701713105,1.4956444410353416,1.1972514198,0.1599988936,0.5921305941000001,-0.8901713104999998
738,738,,,,,,,,,,,,,,,,,,,,,,,,,,,,,,,,,,0.8,-0.8747730787,-0.8260015517,0.8462519767372676,1.3572503134,0.13955604,0.4321317005,-1.0460015517000003
739,739,,,,,,,,,,,,,,,,,,,,,,,,,,,,,,,,,,0.9,-0.9492840487,-0.666865384,-10.490746590244733,1.4968063534,0.2925756605,0.2925756605,-1.446865384
740,740,,,,,,,,,,,,,,,,,,,,,,,,,,,,,,,,,,0.0,0.0,-1.0,3.4949910213145774,0.0,0.0691051118,1.8271873793,-2.5
741,741,,,,,,,,,,,,,,,,,,,,,,,,,,,,,,,,,,0.1,-0.0782558474,-0.5722450504,-10.397770124079283,0.0691051118,0.17267873,1.7580822675,-1.3522450504
742,742,,,,,,,,,,,,,,,,,,,,,,,,,,,,,,,,,,0.2,-0.183010523,-1.5072673873,3.441246746759109,0.2417838418,0.1749244690999999,1.5854035375,-1.7272673873
743,743,,,,,,,,,,,,,,,,,,,,,,,,,,,,,,,,,,0.3,-0.3097993228,-1.0363539128,2.9703041625560083,0.4167083109,0.0892793767,1.4104790684,-0.8563539128000002
744,744,,,,,,,,,,,,,,,,,,,,,,,,,,,,,,,,,,0.4,-0.3940529305,-0.6550698889,-11.56266564472396,0.5059876876,0.2355887320999999,1.3211996917,-0.2350698888999999
745,745,,,,,,,,,,,,,,,,,,,,,,,,,,,,,,,,,,0.5,-0.5123244285,-1.6930649553,1.8730005420147573,0.7415764197,0.2690645981,1.0856109596,-1.1930649553
746,746,,,,,,,,,,,,,,,,,,,,,,,,,,,,,,,,,,0.6,-0.664380353,-1.3537089766,1.3902985695015138,1.0106410178,0.2036758017,0.8165463614999999,-0.9337089766
747,747,,,,,,,,,,,,,,,,,,,,,,,,,,,,,,,,,,0.7,-0.7864773896,-1.0925820831,1.338784219877019,1.2143168195,0.1665602687,0.6128705597999999,-0.9125820830999998
748,748,,,,,,,,,,,,,,,,,,,,,,,,,,,,,,,,,,0.8,-0.8839742016,-0.8612068491,0.9823234639258136,1.3808770882,0.1457762157,0.4463102910999998,-1.0812068491000002
749,749,,,,,,,,,,,,,,,,,,,,,,,,,,,,,,,,,,0.9,-0.9611771444,-0.6857715599,-10.544476759102428,1.5266533039,0.3005340753999999,0.3005340753999999,-1.4657715599000003
750,750,,,,,,,,,,,,,,,,,,,,,,,,,,,,,,,,,,0.0,0.0,-1.0,3.4514994300713417,0.0,0.0692552958,1.8435903373,-2.5
751,751,,,,,,,,,,,,,,,,,,,,,,,,,,,,,,,,,,0.1,-0.0784662344,-0.5763838225,-10.432629033638683,0.0692552958,0.1742815305,1.7743350415,-1.3563838225000002
752,752,,,,,,,,,,,,,,,,,,,,,,,,,,,,,,,,,,0.2,-0.1837833934,-1.514329567,3.4194238302583195,0.2435368263,0.1768758778999999,1.6000535109999998,-1.734329567
753,753,,,,,,,,,,,,,,,,,,,,,,,,,,,,,,,,,,0.3,-0.3113498151,-1.0448207622,2.8795385959578037,0.4204127042,0.0912295957,1.4231776331,-0.8648207622000001
754,754,,,,,,,,,,,,,,,,,,,,,,,,,,,,,,,,,,0.4,-0.3968482226,-0.6713684951,-11.546487068458552,0.5116422999,0.2391744136,1.3319480374,-0.2513684950999999
755,755,,,,,,,,,,,,,,,,,,,,,,,,,,,,,,,,,,0.5,-0.5165924691,-1.7062729555,1.8319061771453933,0.7508167135,0.2740159328999999,1.0927736238,-1.2062729555
756,756,,,,,,,,,,,,,,,,,,,,,,,,,,,,,,,,,,0.6,-0.6701040918,-1.3695707151,1.437714130294008,1.0248326464,0.2078516857000001,0.8187576909000001,-0.9495707151
757,757,,,,,,,,,,,,,,,,,,,,,,,,,,,,,,,,,,0.7,-0.7934812035,-1.1024221904,1.6755178765800427,1.2326843321,0.1670223805999999,0.6109060051999999,-0.9224221903999998
758,758,,,,,,,,,,,,,,,,,,,,,,,,,,,,,,,,,,0.8,-0.8902854662,-0.83806614,1.1409818670164074,1.3997067127,0.1423969191,0.4438836245999999,-1.0580661400000002
759,759,,,,,,,,,,,,,,,,,,,,,,,,,,,,,,,,,,0.9,-0.9645187429,-0.6497346766,-10.902307447165631,1.5421036318,0.3014867054999999,0.3014867054999999,-1.4297346766000003
760,760,,,,,,,,,,,,,,,,,,,,,,,,,,,,,,,,,,0.0,0.0,-1.0,3.612127960084876,0.0,0.0687158615,1.7913052322000005,-2.5
761,761,,,,,,,,,,,,,,,,,,,,,,,,,,,,,,,,,,0.1,-0.0776892071,-0.5610979969,-10.511792937943744,0.0687158615,0.1729699554,1.7225893707000002,-1.3410979969000003
762,762,,,,,,,,,,,,,,,,,,,,,,,,,,,,,,,,,,0.2,-0.1819346764,-1.5080318214,3.439832298587103,0.2416858169,0.175069371,1.5496194153000002,-1.7280318214
763,763,,,,,,,,,,,,,,,,,,,,,,,,,,,,,,,,,,0.3,-0.3088030636,-1.0371802044,3.137308017403258,0.4167551879,0.0885814145,1.3745500443000005,-0.8571802044000001
764,764,,,,,,,,,,,,,,,,,,,,,,,,,,,,,,,,,,0.4,-0.392327431,-0.6399250352,-11.613416103772288,0.5053366024,0.233257102,1.2859686298000002,-0.2199250351999999
765,765,,,,,,,,,,,,,,,,,,,,,,,,,,,,,,,,,,0.5,-0.509403252,-1.6841908245,2.027693017238782,0.7385937044,0.2641992114999999,1.0527115278,-1.1841908245
766,766,,,,,,,,,,,,,,,,,,,,,,,,,,,,,,,,,,0.6,-0.6598663786,-1.3309583962,1.4939754034880957,1.0027929159,0.1965753604,0.7885123163000001,-0.9109583962
767,767,,,,,,,,,,,,,,,,,,,,,,,,,,,,,,,,,,0.7,-0.7792968866,-1.0621303479,1.568156079937359,1.1993682763,0.1578060259,0.5919369559000001,-0.8821303478999998
768,768,,,,,,,,,,,,,,,,,,,,,,,,,,,,,,,,,,0.8,-0.8727862293,-0.8118253972,1.0953736245834538,1.3571743022,0.1355556707,0.43413093,-1.0318253972000002
769,769,,,,,,,,,,,,,,,,,,,,,,,,,,,,,,,,,,0.9,-0.944742995,-0.6303312691,-11.129138046053152,1.4927299729,0.2985752592999999,0.2985752592999999,-1.4103312691000005
770,770,,,,,,,,,,,,,,,,,,,,,,,,,,,,,,,,,,0.0,0.0,-1.0,3.6943621598154297,0.0,0.06845587,1.7729258939,-2.5
771,771,,,,,,,,,,,,,,,,,,,,,,,,,,,,,,,,,,0.1,-0.0772914059,-0.5532723781,-10.642483937464482,0.06845587,0.1743134379,1.7044700239,-1.3332723781000002
772,772,,,,,,,,,,,,,,,,,,,,,,,,,,,,,,,,,,0.2,-0.1814243761,-1.5133878016,3.4266349085195467,0.2427693079,0.1764665173,1.5301565860000002,-1.7333878016
773,773,,,,,,,,,,,,,,,,,,,,,,,,,,,,,,,,,,0.3,-0.3088662932,-1.0432823937,2.995555818488178,0.4192358252,0.0902377278999999,1.3536900687000002,-0.8632823937
774,774,,,,,,,,,,,,,,,,,,,,,,,,,,,,,,,,,,0.4,-0.3936570791,-0.6589360259,-11.395182785978088,0.5094735531,0.2322985481,1.2634523408000002,-0.2389360258999999
775,775,,,,,,,,,,,,,,,,,,,,,,,,,,,,,,,,,,0.5,-0.5114863,-1.6806250837,2.0881660187995728,0.7417721012,0.2626700193,1.0311537927,-1.1806250837
776,776,,,,,,,,,,,,,,,,,,,,,,,,,,,,,,,,,,0.6,-0.6613175677,-1.3219772141,1.658168379281156,1.0044421205,0.1930956860999999,0.7684837734000001,-0.9019772141
777,777,,,,,,,,,,,,,,,,,,,,,,,,,,,,,,,,,,0.7,-0.7790991361,-1.0383788078,1.6551636737534343,1.1975378066,0.1527799555,0.5753880873000001,-0.8583788077999999
778,778,,,,,,,,,,,,,,,,,,,,,,,,,,,,,,,,,,0.8,-0.869907322,-0.7820542545,0.8587641190999861,1.3503177621,0.1321351736,0.4226081318000001,-1.0020542545000002
779,779,,,,,,,,,,,,,,,,,,,,,,,,,,,,,,,,,,0.9,-0.9401756129,-0.6259095517,-10.86848832189894,1.4824529357,0.2904729582000001,0.2904729582000001,-1.4059095517000002
780,,,,,,,,,,,,,,,,,,,,,,,,,,,,,,,,,,,0.0,0.0,-1.0,4.376816646547987,0.0,0.0667211719,2.3760790288,-2.5
781,,,,,,,,,,,,,,,,,,,,,,,,,,,,,,,,,,,0.1,-0.0739900945,-0.4883282408,-19.882125971471325,0.0667211719,0.4313790596,2.3093578569,-1.2683282408000003
782,,,,,,,,,,,,,,,,,,,,,,,,,,,,,,,,,,,0.2,-0.2166388227,-2.3338921098,13.982870797775991,0.4981002315,0.36603750529999995,1.8779787973,-2.5538921097999996
783,,,,,,,,,,,,,,,,,,,,,,,,,,,,,,,,,,,0.3,-0.3710970349,-0.7811468178,1.3883696651354196,0.8641377368,0.06361506930000005,1.511941292,-0.6011468178
784,,,,,,,,,,,,,,,,,,,,,,,,,,,,,,,,,,,0.4,-0.4387168412,-0.574690045,-8.53283167593079,0.9277528061,0.1564322453,1.4483262227,-0.15469004499999994
785,,,,,,,,,,,,,,,,,,,,,,,,,,,,,,,,,,,0.5,-0.5346826943,-1.3320073595,5.352256825007275,1.0841850514,0.15438125710000006,1.2918939774,-0.8320073594999999
786,,,,,,,,,,,,,,,,,,,,,,,,,,,,,,,,,,,0.6,-0.6355489952,-0.6959153761,-2.4272902652608206,1.2385663085,0.10932569130000003,1.1375127203,-0.27591537609999994
787,,,,,,,,,,,,,,,,,,,,,,,,,,,,,,,,,,,0.7,-0.7135158892,-0.8606775086,3.831632029069628,1.3478919998,0.10527888330000001,1.028187029,-0.6806775085999999
788,,,,,,,,,,,,,,,,,,,,,,,,,,,,,,,,,,,0.8,-0.7768849476,-0.4141452473,-19.994034424371335,1.4531708831,0.4830780446999998,0.9229081456999999,-0.6341452473000002
789,,,,,,,,,,,,,,,,,,,,,,,,,,,,,,,,,,,0.9,-0.9130155632,-2.2774180742,13.689087710394876,1.9362489278,0.4398301010000001,0.4398301010000001,-3.0574180742
790,,,,,,,,,,,,,,,,,,,,,,,,,,,,,,,,,,,0.0,0.0,-1.0,4.391068554474171,0.0,0.0666929828,2.4272814388999997,-2.5
791,,,,,,,,,,,,,,,,,,,,,,,,,,,,,,,,,,,0.1,-0.0739211521,-0.4869719924,-20.130667128044635,0.0666929828,0.4401708945,2.3605884561,-1.2669719924000002
792,,,,,,,,,,,,,,,,,,,,,,,,,,,,,,,,,,,0.2,-0.2176431136,-2.3563167437,14.02791011947221,0.5068638773,0.37291974929999994,1.9204175615999999,-2.5763167436999996
793,,,,,,,,,,,,,,,,,,,,,,,,,,,,,,,,,,,0.3,-0.3740174378,-0.7971514076,1.8265149364649897,0.8797836266,0.06392313030000008,1.5474978123,-0.6171514076000001
794,,,,,,,,,,,,,,,,,,,,,,,,,,,,,,,,,,,0.4,-0.4410407845,-0.5474765672,-17.032221236134625,0.9437067569,0.37111088430000005,1.483574682,-0.1274765672
795,,,,,,,,,,,,,,,,,,,,,,,,,,,,,,,,,,,0.5,-0.5755320378,-2.1162074376,13.863069541144904,1.3148176412,0.33888581569999987,1.1124637977,-1.6162074376
796,,,,,,,,,,,,,,,,,,,,,,,,,,,,,,,,,,,0.6,-0.7098543668,-0.5955781545,-10.008858632161235,1.6537034569,0.2243072385,0.7735779820000002,-0.17557815449999992
797,,,,,,,,,,,,,,,,,,,,,,,,,,,,,,,,,,,0.7,-0.8149481677,-1.4913702168,6.132897381415836,1.8780106954,0.22624832029999986,0.5492707435000002,-1.3113702167999999
798,,,,,,,,,,,,,,,,,,,,,,,,,,,,,,,,,,,0.8,-0.9272036179,-0.7658250284,-0.00730940333491531,2.1042590157,0.1462335181000003,0.3230224232000003,-0.9858250284000002
799,,,,,,,,,,,,,,,,,,,,,,,,,,,,,,,,,,,0.9,-1.0001177289,-0.6936418577,-2.9246157656951492,2.2504925338,0.1767889051,0.1767889051,-1.4736418577000001
800,,,,,,,,,,,,,,,,,,,,,,,,,,,,,,,,,,,0.0,0.0,-1.0,4.398298804367241,0.0,0.0666788077,2.3649261043999994,-2.5
801,,,,,,,,,,,,,,,,,,,,,,,,,,,,,,,,,,,0.1,-0.0738861764,-0.4862839432,-19.951833740768294,0.0666788077,0.4333832998,2.2982472966999996,-1.2662839432000004
802,,,,,,,,,,,,,,,,,,,,,,,,,,,,,,,,,,,0.2,-0.2166775694,-2.3386759242,14.07582363067705,0.5000621075,0.36760758829999995,1.8648639968999996,-2.5586759242
803,,,,,,,,,,,,,,,,,,,,,,,,,,,,,,,,,,,0.3,-0.37114137,-0.7766297605,1.0418208039080534,0.8676696958,0.06482357770000002,1.4972564085999998,-0.5966297605
804,,,,,,,,,,,,,,,,,,,,,,,,,,,,,,,,,,,0.4,-0.4400077996,-0.6035812506,-6.093913384358207,0.9324932735,0.11940897870000011,1.4324328308999998,-0.18358125059999997
805,,,,,,,,,,,,,,,,,,,,,,,,,,,,,,,,,,,0.5,-0.5269247694,-1.1260556192,5.97156040086075,1.0519022522,0.11562814389999998,1.3130238521999997,-0.6260556192
806,,,,,,,,,,,,,,,,,,,,,,,,,,,,,,,,,,,0.6,-0.6051961978,-0.4506281507,-20.107025407454977,1.1675303961,0.4714034452,1.1973957082999998,-0.030628150699999968
807,,,,,,,,,,,,,,,,,,,,,,,,,,,,,,,,,,,0.7,-0.7453452087,-2.3211816806,14.555626535091962,1.6389338413,0.42360544729999994,0.7259922630999998,-2.1411816806
808,,,,,,,,,,,,,,,,,,,,,,,,,,,,,,,,,,,0.8,-0.8958232866,-0.7151409492,-2.088492819341803,2.0625392886,0.15066259510000002,0.3023868157999998,-0.9351409492000002
809,,,,,,,,,,,,,,,,,,,,,,,,,,,,,,,,,,,0.9,-0.9739804612,-0.8458330565,2.8386707498211043,2.2132018837,0.1517242206999998,0.1517242206999998,-1.6258330565000003
810,,,,,,,,,,,,,,,,,,,,,,,,,,,,,,,,,,,0.0,0.0,-1.0,4.394026051692449,0.0,0.0666871743,1.7441251623,-2.5
811,,,,,,,,,,,,,,,,,,,,,,,,,,,,,,,,,,,0.1,-0.0739068455,-0.4866905494,-19.91996065366006,0.0666871743,0.4323228637,1.677437988,-1.2666905494000003
812,,,,,,,,,,,,,,,,,,,,,,,,,,,,,,,,,,,0.2,-0.2165827487,-2.3360107114,14.000142267665447,0.499010038,0.36669322420000006,1.2451151243,-2.5560107114
813,,,,,,,,,,,,,,,,,,,,,,,,,,,,,,,,,,,0.3,-0.3711590232,-0.7814202102,1.3974589620402262,0.8657032622,0.06361140899999995,0.8784219001,-0.6014202102
814,,,,,,,,,,,,,,,,,,,,,,,,,,,,,,,,,,,0.4,-0.4387608768,-0.5740724604,-9.01426681922488,0.9293146712,0.1657417697000001,0.8148104911,-0.1540724604
815,,,,,,,,,,,,,,,,,,,,,,,,,,,,,,,,,,,0.5,-0.5369968604,-1.3772631587,5.398919584813612,1.0950564409,0.16365644569999982,0.6490687213999999,-0.8772631586999999
816,,,,,,,,,,,,,,,,,,,,,,,,,,,,,,,,,,,0.6,-0.6419440964,-0.7324239643,-1.0616857042816512,1.2587128866,0.1027409732000002,0.4854122757000001,-0.31242396429999997
817,,,,,,,,,,,,,,,,,,,,,,,,,,,,,,,,,,,0.7,-0.7167788717,-0.7637577594,0.06887964770003524,1.3614538598,0.10923551079999982,0.3826713024999999,-0.5837577593999999
818,,,,,,,,,,,,,,,,,,,,,,,,,,,,,,,,,,,0.8,-0.7891273421,-0.6845213242,-3.0559519334016856,1.4706893706,0.13745217860000003,0.2734357917000001,-0.9045213242000002
819,,,,,,,,,,,,,,,,,,,,,,,,,,,,,,,,,,,0.9,-0.8690511065,-0.9101927531,5.387425069196225,1.6081415492,0.13598361310000007,0.13598361310000007,-1.6901927531000003
820,,,,,,,,,,,,,,,,,,,,,,,,,,,,,,,,,,,0.0,0.0,-1.0,4.460959362662532,0.0,0.0665595074,2.7873557254,-2.5
821,,,,,,,,,,,,,,,,,,,,,,,,,,,,,,,,,,,0.1,-0.073583061,-0.4803210027,-20.136755956113202,0.0665595074,0.43858193780000004,2.720796218,-1.2603210027000002
822,,,,,,,,,,,,,,,,,,,,,,,,,,,,,,,,,,,0.2,-0.2167015515,-2.3508781079,14.172113921327941,0.5051414452,0.37142029069999993,2.2822142802,-2.5708781078999996
823,,,,,,,,,,,,,,,,,,,,,,,,,,,,,,,,,,,0.3,-0.371860747,-0.7785075202,1.4252902535299905,0.8765617359,0.06314523800000005,1.9107939895000001,-0.5985075202000001
824,,,,,,,,,,,,,,,,,,,,,,,,,,,,,,,,,,,0.4,-0.439050784,-0.5687884578,-10.653757499839257,0.9397069739,0.19958328520000002,1.8476487515,-0.14878845779999994
825,,,,,,,,,,,,,,,,,,,,,,,,,,,,,,,,,,,0.5,-0.5447148278,-1.5285001641,4.992020345779262,1.1392902591,0.20022528670000006,1.6480654662999998,-1.0285001641
826,,,,,,,,,,,,,,,,,,,,,,,,,,,,,,,,,,,0.6,-0.6660225358,-0.9079904214,6.086567450996138,1.3395155458,0.10369690249999985,1.4478401795999998,-0.48799042139999993
827,,,,,,,,,,,,,,,,,,,,,,,,,,,,,,,,,,,0.7,-0.7229859683,-0.2423702439,-19.856106854744553,1.4432124483,0.4270013077000001,1.3441432771,-0.062370243899999844
828,,,,,,,,,,,,,,,,,,,,,,,,,,,,,,,,,,,0.8,-0.8421027761,-2.1088641216,15.03006639779318,1.870213756,0.3836193487999999,0.9171419693999998,-2.3288641216
829,,,,,,,,,,,,,,,,,,,,,,,,,,,,,,,,,,,0.9,-0.9700810348,-0.4778792231,-19.921768119747583,2.2538331048,0.5335226205999999,0.5335226205999999,-1.2578792231000002
830,,,,,,,,,,,,,,,,,,,,,,,,,,,,,,,,,,,0.0,0.0,-1.0,4.478743320330816,0.0,0.066526807,2.3590508647,-2.5
831,,,,,,,,,,,,,,,,,,,,,,,,,,,,,,,,,,,0.1,-0.0734970326,-0.4786286354,-20.052475499630198,0.066526807,0.43500985969999995,2.2925240577,-1.2586286354000003
832,,,,,,,,,,,,,,,,,,,,,,,,,,,,,,,,,,,0.2,-0.2160467732,-2.3413264448,14.163401295456461,0.5015366667,0.36849905940000005,1.857514198,-2.5613264447999997
833,,,,,,,,,,,,,,,,,,,,,,,,,,,,,,,,,,,0.3,-0.3703391544,-0.770693934,0.9318005415950127,0.8700357261,0.06456523120000002,1.4890151386,-0.590693934
834,,,,,,,,,,,,,,,,,,,,,,,,,,,,,,,,,,,0.4,-0.439172936,-0.6086800983,-5.9947052084824595,0.9346009573,0.11866125960000007,1.4244499073999999,-0.1886800983
835,,,,,,,,,,,,,,,,,,,,,,,,,,,,,,,,,,,0.5,-0.5260952042,-1.1212283509,6.167699154325782,1.0532622169,0.11468195419999994,1.3057886477999998,-0.6212283509000001
836,,,,,,,,,,,,,,,,,,,,,,,,,,,,,,,,,,,0.6,-0.6029584393,-0.4275952004,-20.18772448735101,1.1679441711,0.4678932632999999,1.1911066935999999,-0.007595200399999946
837,,,,,,,,,,,,,,,,,,,,,,,,,,,,,,,,,,,0.7,-0.7413059536,-2.3080201348,14.534418819483577,1.6358374344,0.41898716290000015,0.7232134303,-2.1280201348
838,,,,,,,,,,,,,,,,,,,,,,,,,,,,,,,,,,,0.8,-0.890634135,-0.7052500715,-2.4949467905744487,2.0548245973,0.1523733478999998,0.3042262673999998,-0.9252500715000002
839,,,,,,,,,,,,,,,,,,,,,,,,,,,,,,,,,,,0.9,-0.9698166233,-0.8755622622,4.025192477727298,2.2071979452,0.15185291950000002,0.15185291950000002,-1.6555622622000001
840,840,840.0,840.0,840.0,840.0,840.0,840.0,840.0,840.0,840.0,840.0,840.0,840.0,840.0,840.0,840.0,840.0,840.0,840.0,840.0,840.0,840.0,840.0,840.0,840.0,840.0,840.0,840.0,840.0,840.0,840.0,840.0,840.0,0.0,0.0,0.0,-1.0,-19.96025586444087,0.0,0.5948567742,6.5909957082,-2.5
841,841,841.0,841.0,841.0,841.0,841.0,841.0,841.0,841.0,841.0,841.0,841.0,841.0,841.0,841.0,841.0,841.0,841.0,841.0,841.0,841.0,841.0,841.0,841.0,841.0,841.0,841.0,841.0,841.0,841.0,841.0,841.0,841.0,1.0,0.1,-0.1917186822,-2.8043069043,8.7519681257563,0.5948567742,0.5627309644999999,5.996138934,-3.5843069043000004
842,842,842.0,842.0,842.0,842.0,842.0,842.0,842.0,842.0,842.0,842.0,842.0,842.0,842.0,842.0,842.0,842.0,842.0,842.0,842.0,842.0,842.0,842.0,842.0,842.0,842.0,842.0,842.0,842.0,842.0,842.0,842.0,842.0,2.0,0.2,-0.4162468569,-1.7045819169,8.95914514212766,1.1575877387,0.2135787793999999,5.4334079695,-1.9245819169
843,843,843.0,843.0,843.0,843.0,843.0,843.0,843.0,843.0,843.0,843.0,843.0,843.0,843.0,843.0,843.0,843.0,843.0,843.0,843.0,843.0,843.0,843.0,843.0,843.0,843.0,843.0,843.0,843.0,843.0,843.0,843.0,843.0,3.0,0.3,-0.5351201648,-0.6897940949,-9.193688068776002,1.3711665181,0.2031196183000001,5.2198291901000005,-0.5097940949
844,844,844.0,844.0,844.0,844.0,844.0,844.0,844.0,844.0,844.0,844.0,844.0,844.0,844.0,844.0,844.0,844.0,844.0,844.0,844.0,844.0,844.0,844.0,844.0,844.0,844.0,844.0,844.0,844.0,844.0,844.0,844.0,844.0,4.0,0.4,-0.6452363022,-1.4990467643,1.4608047764551555,1.5742861364,0.2368943490999999,5.0167095718,-1.0790467643
845,845,845.0,845.0,845.0,845.0,845.0,845.0,845.0,845.0,845.0,845.0,845.0,845.0,845.0,845.0,845.0,845.0,845.0,845.0,845.0,845.0,845.0,845.0,845.0,845.0,845.0,845.0,845.0,845.0,845.0,845.0,845.0,845.0,5.0,0.5,-0.7808230072,-1.2173795817,-17.087789301142298,1.8111804855,0.6346557506999999,4.7798152227,-0.7173795816999999
846,846,846.0,846.0,846.0,846.0,846.0,846.0,846.0,846.0,846.0,846.0,846.0,846.0,846.0,846.0,846.0,846.0,846.0,846.0,846.0,846.0,846.0,846.0,846.0,846.0,846.0,846.0,846.0,846.0,846.0,846.0,846.0,846.0,6.0,0.6,-0.9793325819,-2.7276489371,-10.59372165169422,2.4458362362,1.1550072891000005,4.1451594720000005,-2.3076489371
847,847,847.0,847.0,847.0,847.0,847.0,847.0,847.0,847.0,847.0,847.0,847.0,847.0,847.0,847.0,847.0,847.0,847.0,847.0,847.0,847.0,847.0,847.0,847.0,847.0,847.0,847.0,847.0,847.0,847.0,847.0,847.0,847.0,7.0,0.7,-1.2901490121,-3.4762046721,-0.9514868771387412,3.6008435253,1.3399845482999997,2.9901521829,-3.2962046721
848,848,848.0,848.0,848.0,848.0,848.0,848.0,848.0,848.0,848.0,848.0,848.0,848.0,848.0,848.0,848.0,848.0,848.0,848.0,848.0,848.0,848.0,848.0,848.0,848.0,848.0,848.0,848.0,848.0,848.0,848.0,848.0,848.0,8.0,0.8,-1.6255571219,-3.23594525,14.397234393927654,4.9408280736,1.0047314967000007,1.6501676346000007,-3.45594525
849,849,849.0,849.0,849.0,849.0,849.0,849.0,849.0,849.0,849.0,849.0,849.0,849.0,849.0,849.0,849.0,849.0,849.0,849.0,849.0,849.0,849.0,849.0,849.0,849.0,849.0,849.0,849.0,849.0,849.0,849.0,849.0,849.0,9.0,0.9,-1.8638527992,-1.5579261333,-2.8802467268041454,5.9455595703,0.6454361379,0.6454361379,-2.3379261333000003
850,850,850.0,850.0,850.0,850.0,850.0,850.0,850.0,850.0,850.0,850.0,850.0,850.0,850.0,850.0,850.0,850.0,850.0,850.0,850.0,850.0,850.0,850.0,850.0,850.0,850.0,850.0,850.0,850.0,850.0,850.0,850.0,850.0,0.0,0.0,0.0,-1.0,-10.010414429376128,0.0,0.2629938696,4.0381175438,-2.5
851,851,851.0,851.0,851.0,851.0,851.0,851.0,851.0,851.0,851.0,851.0,851.0,851.0,851.0,851.0,851.0,851.0,851.0,851.0,851.0,851.0,851.0,851.0,851.0,851.0,851.0,851.0,851.0,851.0,851.0,851.0,851.0,851.0,1.0,0.1,-0.1435871432,-1.8574542998,-0.1423179134033887,0.2629938696,0.320835966,3.775123674200001,-2.6374542998000003
852,852,852.0,852.0,852.0,852.0,852.0,852.0,852.0,852.0,852.0,852.0,852.0,852.0,852.0,852.0,852.0,852.0,852.0,852.0,852.0,852.0,852.0,852.0,852.0,852.0,852.0,852.0,852.0,852.0,852.0,852.0,852.0,852.0,2.0,0.2,-0.3210358491,-1.6942373852,5.86743460971876,0.5838298356,0.2136329109,3.4542877082000003,-1.9142373852
853,853,853.0,853.0,853.0,853.0,853.0,853.0,853.0,853.0,853.0,853.0,853.0,853.0,853.0,853.0,853.0,853.0,853.0,853.0,853.0,853.0,853.0,853.0,853.0,853.0,853.0,853.0,853.0,853.0,853.0,853.0,853.0,853.0,3.0,0.3,-0.4538806292,-0.9746491441,3.5907200097377654,0.7974627465,0.0894118748999999,3.2406547973000004,-0.7946491441000001
854,854,854.0,854.0,854.0,854.0,854.0,854.0,854.0,854.0,854.0,854.0,854.0,854.0,854.0,854.0,854.0,854.0,854.0,854.0,854.0,854.0,854.0,854.0,854.0,854.0,854.0,854.0,854.0,854.0,854.0,854.0,854.0,854.0,4.0,0.4,-0.5292610891,-0.5401966832,-9.015487483284709,0.8868746214,0.1689156963000001,3.1512429224000007,-0.1201966831999999
855,855,855.0,855.0,855.0,855.0,855.0,855.0,855.0,855.0,855.0,855.0,855.0,855.0,855.0,855.0,855.0,855.0,855.0,855.0,855.0,855.0,855.0,855.0,855.0,855.0,855.0,855.0,855.0,855.0,855.0,855.0,855.0,855.0,5.0,0.5,-0.6242792705,-1.3467272501,-3.2321580314049783,1.0557903177,0.2606877616999998,2.9823272261000007,-0.8467272501
856,856,856.0,856.0,856.0,856.0,856.0,856.0,856.0,856.0,856.0,856.0,856.0,856.0,856.0,856.0,856.0,856.0,856.0,856.0,856.0,856.0,856.0,856.0,856.0,856.0,856.0,856.0,856.0,856.0,856.0,856.0,856.0,856.0,6.0,0.6,-0.7680726442,-1.5261496796,8.470280386567506,1.3164780794,0.2207798788999999,2.721639464400001,-1.1061496796
857,857,857.0,857.0,857.0,857.0,857.0,857.0,857.0,857.0,857.0,857.0,857.0,857.0,857.0,857.0,857.0,857.0,857.0,857.0,857.0,857.0,857.0,857.0,857.0,857.0,857.0,857.0,857.0,857.0,857.0,857.0,857.0,857.0,7.0,0.7,-0.872330726,-0.5748635591,-13.38242130741667,1.5372579583,0.3296955384000002,2.5008595855000006,-0.3948635590999998
858,858,858.0,858.0,858.0,858.0,858.0,858.0,858.0,858.0,858.0,858.0,858.0,858.0,858.0,858.0,858.0,858.0,858.0,858.0,858.0,858.0,858.0,858.0,858.0,858.0,858.0,858.0,858.0,858.0,858.0,858.0,858.0,858.0,8.0,0.8,-0.9917725941,-1.7936638218,-12.202150002402735,1.8669534967,0.7314015225999999,2.1711640471000004,-2.0136638218000003
859,859,859.0,859.0,859.0,859.0,859.0,859.0,859.0,859.0,859.0,859.0,859.0,859.0,859.0,859.0,859.0,859.0,859.0,859.0,859.0,859.0,859.0,859.0,859.0,859.0,859.0,859.0,859.0,859.0,859.0,859.0,859.0,859.0,9.0,0.9,-1.2214891728,-2.7841622433,-14.705090934391052,2.5983550193,1.4397625245000003,1.4397625245000003,-3.5641622433
860,860,860.0,860.0,860.0,860.0,860.0,860.0,860.0,860.0,860.0,860.0,860.0,860.0,860.0,860.0,860.0,860.0,860.0,860.0,860.0,860.0,860.0,860.0,860.0,860.0,860.0,860.0,860.0,860.0,860.0,860.0,860.0,860.0,0.0,0.0,0.0,-1.0,2.2796002226648007,0.0,0.0744556374,10.5510211726,5.0307872586
861,861,861.0,861.0,861.0,861.0,861.0,861.0,861.0,861.0,861.0,861.0,861.0,861.0,861.0,861.0,861.0,861.0,861.0,861.0,861.0,861.0,861.0,861.0,861.0,861.0,861.0,861.0,861.0,861.0,861.0,861.0,861.0,861.0,1.0,0.1,-0.0841351998,-0.6879047779,9.49263643920338,0.0744556374,0.0577392536,10.4765655352,5.0307872586
862,862,862.0,862.0,862.0,862.0,862.0,862.0,862.0,862.0,862.0,862.0,862.0,862.0,862.0,862.0,862.0,862.0,862.0,862.0,862.0,862.0,862.0,862.0,862.0,862.0,862.0,862.0,862.0,862.0,862.0,862.0,862.0,862.0,2.0,0.2,-0.1036781476,0.2809018138,-0.1467882359690904,0.132194891,0.0076171663999999,10.4188262816,5.0307872586
863,863,863.0,863.0,863.0,863.0,863.0,863.0,863.0,863.0,863.0,863.0,863.0,863.0,863.0,863.0,863.0,863.0,863.0,863.0,863.0,863.0,863.0,863.0,863.0,863.0,863.0,863.0,863.0,863.0,863.0,863.0,863.0,863.0,3.0,0.3,-0.0776568771,0.2402017197,15.303656169256245,0.1398120574,0.2283473512,10.4112091152,5.0307872586
864,864,864.0,864.0,864.0,864.0,864.0,864.0,864.0,864.0,864.0,864.0,864.0,864.0,864.0,864.0,864.0,864.0,864.0,864.0,864.0,864.0,864.0,864.0,864.0,864.0,864.0,864.0,864.0,864.0,864.0,864.0,864.0,864.0,4.0,0.4,0.0192314996,1.67367896,19.51357375612035,0.3681594086,0.8601552444,10.182861764,5.0307872586
865,865,865.0,865.0,865.0,865.0,865.0,865.0,865.0,865.0,865.0,865.0,865.0,865.0,865.0,865.0,865.0,865.0,865.0,865.0,865.0,865.0,865.0,865.0,865.0,865.0,865.0,865.0,865.0,865.0,865.0,865.0,865.0,865.0,5.0,0.5,0.2728984148,3.3713694203,8.369893428218749,1.228314653,1.3637156125,9.3227065196,5.0307872586
866,866,866.0,866.0,866.0,866.0,866.0,866.0,866.0,866.0,866.0,866.0,866.0,866.0,866.0,866.0,866.0,866.0,866.0,866.0,866.0,866.0,866.0,866.0,866.0,866.0,866.0,866.0,866.0,866.0,866.0,866.0,866.0,866.0,6.0,0.6,0.6342152619,3.8470419161,14.39472487700776,2.5920302655,2.0833673785,7.9589909071,5.0307872586
867,867,867.0,867.0,867.0,867.0,867.0,867.0,867.0,867.0,867.0,867.0,867.0,867.0,867.0,867.0,867.0,867.0,867.0,867.0,867.0,867.0,867.0,867.0,867.0,867.0,867.0,867.0,867.0,867.0,867.0,867.0,867.0,867.0,7.0,0.7,1.069942407,4.8507872586,4.782963405063985,4.675397644,2.5354619917,5.8756235286,5.0307872586
868,868,868.0,868.0,868.0,868.0,868.0,868.0,868.0,868.0,868.0,868.0,868.0,868.0,868.0,868.0,868.0,868.0,868.0,868.0,868.0,868.0,868.0,868.0,868.0,868.0,868.0,868.0,868.0,868.0,868.0,868.0,868.0,868.0,8.0,0.8,1.5546930397,4.8443329665,-17.70849532858098,7.2108596357,1.9149811431000003,3.3401615369,5.0307872586
869,869,869.0,869.0,869.0,869.0,869.0,869.0,869.0,869.0,869.0,869.0,869.0,869.0,869.0,869.0,869.0,869.0,869.0,869.0,869.0,869.0,869.0,869.0,869.0,869.0,869.0,869.0,869.0,869.0,869.0,869.0,869.0,869.0,9.0,0.9,1.9300291115,2.6981473618,10.1923719787044,9.1258407788,1.4251803937999998,1.4251803937999998,5.0307872586
870,870,870.0,870.0,870.0,870.0,870.0,870.0,870.0,870.0,870.0,870.0,870.0,870.0,870.0,870.0,870.0,870.0,870.0,870.0,870.0,870.0,870.0,870.0,870.0,870.0,870.0,870.0,870.0,870.0,870.0,870.0,870.0,870.0,0.0,0.0,0.0,-1.0,-17.798198930265055,0.0,0.5091069155,12.4012120932,-2.5
871,871,871.0,871.0,871.0,871.0,871.0,871.0,871.0,871.0,871.0,871.0,871.0,871.0,871.0,871.0,871.0,871.0,871.0,871.0,871.0,871.0,871.0,871.0,871.0,871.0,871.0,871.0,871.0,871.0,871.0,871.0,871.0,871.0,1.0,0.1,-0.1812599107,-2.5985599824,-15.784177176043253,0.5091069155,1.1970596429000002,11.8921051777,-3.3785599824
872,872,872.0,872.0,872.0,872.0,872.0,872.0,872.0,872.0,872.0,872.0,872.0,872.0,872.0,872.0,872.0,872.0,872.0,872.0,872.0,872.0,872.0,872.0,872.0,872.0,872.0,872.0,872.0,872.0,872.0,872.0,872.0,872.0,2.0,0.2,-0.5049002363,-3.8533373743,8.546835675926122,1.7061665584,1.1534259895,10.6950455348,-4.0733373743
873,873,873.0,873.0,873.0,873.0,873.0,873.0,873.0,873.0,873.0,873.0,873.0,873.0,873.0,873.0,873.0,873.0,873.0,873.0,873.0,873.0,873.0,873.0,873.0,873.0,873.0,873.0,873.0,873.0,873.0,873.0,873.0,873.0,3.0,0.3,-0.8302494089,-2.6733046342,2.4531554694249,2.8595925479,0.6850070118999998,9.5416195453,-2.4933046342000003
874,874,874.0,874.0,874.0,874.0,874.0,874.0,874.0,874.0,874.0,874.0,874.0,874.0,874.0,874.0,874.0,874.0,874.0,874.0,874.0,874.0,874.0,874.0,874.0,874.0,874.0,874.0,874.0,874.0,874.0,874.0,874.0,874.0,4.0,0.4,-1.0727809909,-2.1854575052,-17.07811711525634,3.5445995598,1.1531917518999997,8.8566125334,-1.7654575052
875,875,875.0,875.0,875.0,875.0,875.0,875.0,875.0,875.0,875.0,875.0,875.0,875.0,875.0,875.0,875.0,875.0,875.0,875.0,875.0,875.0,875.0,875.0,875.0,875.0,875.0,875.0,875.0,875.0,875.0,875.0,875.0,875.0,5.0,0.5,-1.3633687731,-3.6026814345,3.822935013943544,4.6977913117,1.2988752938,7.7034207815,-3.1026814345
876,876,876.0,876.0,876.0,876.0,876.0,876.0,876.0,876.0,876.0,876.0,876.0,876.0,876.0,876.0,876.0,876.0,876.0,876.0,876.0,876.0,876.0,876.0,876.0,876.0,876.0,876.0,876.0,876.0,876.0,876.0,876.0,876.0,6.0,0.6,-1.6877160307,-2.8960406756,0.6206259102886058,5.9966666055,1.0785319492000005,6.4045454877,-2.4760406756
877,877,877.0,877.0,877.0,877.0,877.0,877.0,877.0,877.0,877.0,877.0,877.0,877.0,877.0,877.0,877.0,877.0,877.0,877.0,877.0,877.0,877.0,877.0,877.0,877.0,877.0,877.0,877.0,877.0,877.0,877.0,877.0,877.0,7.0,0.7,-1.9603087137,-2.5613854015,-8.108478810484208,7.0751985547,1.276507221999999,5.3260135385,-2.3813854015
878,878,878.0,878.0,878.0,878.0,878.0,878.0,878.0,878.0,878.0,878.0,878.0,878.0,878.0,878.0,878.0,878.0,878.0,878.0,878.0,878.0,878.0,878.0,878.0,878.0,878.0,878.0,878.0,878.0,878.0,878.0,878.0,878.0,8.0,0.8,-2.2432805941,-3.0892614022,-8.947577440754944,8.3517057767,1.7605457771000008,4.0495063165000005,-3.3092614022
879,879,879.0,879.0,879.0,879.0,879.0,879.0,879.0,879.0,879.0,879.0,879.0,879.0,879.0,879.0,879.0,879.0,879.0,879.0,879.0,879.0,879.0,879.0,879.0,879.0,879.0,879.0,879.0,879.0,879.0,879.0,879.0,879.0,9.0,0.9,-2.5805455802,-3.6467541602,-7.98099493384699,10.1122515538,2.2889605394,2.2889605394,-4.4267541602
880,880,880.0,880.0,880.0,880.0,880.0,880.0,880.0,880.0,880.0,880.0,880.0,880.0,880.0,880.0,880.0,880.0,880.0,880.0,880.0,880.0,880.0,880.0,880.0,880.0,880.0,880.0,880.0,880.0,880.0,880.0,880.0,880.0,0.0,0.0,0.0,-1.0,14.38707078748265,0.0,0.1279656285,3.7607889601000006,-2.5
881,881,881.0,881.0,881.0,881.0,881.0,881.0,881.0,881.0,881.0,881.0,881.0,881.0,881.0,881.0,881.0,881.0,881.0,881.0,881.0,881.0,881.0,881.0,881.0,881.0,881.0,881.0,881.0,881.0,881.0,881.0,881.0,881.0,1.0,0.1,-0.0255663066,0.4642733853,-17.709578196521214,0.1279656285,0.1990688395999999,3.632823331600001,-0.3157266147000002
882,882,882.0,882.0,882.0,882.0,882.0,882.0,882.0,882.0,882.0,882.0,882.0,882.0,882.0,882.0,882.0,882.0,882.0,882.0,882.0,882.0,882.0,882.0,882.0,882.0,882.0,882.0,882.0,882.0,882.0,882.0,882.0,882.0,2.0,0.2,-0.0670534809,-1.26519726,-14.795691782036142,0.3270344681,0.4944354777,3.4337544920000007,-1.48519726
883,883,883.0,883.0,883.0,883.0,883.0,883.0,883.0,883.0,883.0,883.0,883.0,883.0,883.0,883.0,883.0,883.0,883.0,883.0,883.0,883.0,883.0,883.0,883.0,883.0,883.0,883.0,883.0,883.0,883.0,883.0,883.0,883.0,3.0,0.3,-0.2590258078,-2.5527941113,0.0104814999432498,0.8214699458,0.6055231322,2.9393190143000005,-2.3727941113
884,884,884.0,884.0,884.0,884.0,884.0,884.0,884.0,884.0,884.0,884.0,884.0,884.0,884.0,884.0,884.0,884.0,884.0,884.0,884.0,884.0,884.0,884.0,884.0,884.0,884.0,884.0,884.0,884.0,884.0,884.0,884.0,884.0,4.0,0.4,-0.5019055738,-2.3088661953,-1.481759543229476,1.426993078,0.5542957627,2.3337958821000004,-1.8888661953
885,885,885.0,885.0,885.0,885.0,885.0,885.0,885.0,885.0,885.0,885.0,885.0,885.0,885.0,885.0,885.0,885.0,885.0,885.0,885.0,885.0,885.0,885.0,885.0,885.0,885.0,885.0,885.0,885.0,885.0,885.0,885.0,885.0,5.0,0.5,-0.7287911707,-2.2301565527,16.351882669950086,1.9812888407,0.4027466496,1.7795001194000002,-1.7301565527
886,886,886.0,886.0,886.0,886.0,886.0,886.0,886.0,886.0,886.0,886.0,886.0,886.0,886.0,886.0,886.0,886.0,886.0,886.0,886.0,886.0,886.0,886.0,886.0,886.0,886.0,886.0,886.0,886.0,886.0,886.0,886.0,886.0,6.0,0.6,-0.8619177521,-0.4618417044,-11.24287635329878,2.3840354903,0.2502165154,1.3767534698,-0.0418417043999999
887,887,887.0,887.0,887.0,887.0,887.0,887.0,887.0,887.0,887.0,887.0,887.0,887.0,887.0,887.0,887.0,887.0,887.0,887.0,887.0,887.0,887.0,887.0,887.0,887.0,887.0,887.0,887.0,887.0,887.0,887.0,887.0,887.0,7.0,0.7,-0.9602541056,-1.4877929861,-6.854694725146167,2.6342520057,0.4401270684999998,1.1265369544,-1.3077929861
888,888,888.0,888.0,888.0,888.0,888.0,888.0,888.0,888.0,888.0,888.0,888.0,888.0,888.0,888.0,888.0,888.0,888.0,888.0,888.0,888.0,888.0,888.0,888.0,888.0,888.0,888.0,888.0,888.0,888.0,888.0,888.0,888.0,8.0,0.8,-1.1349954104,-1.9985211539,7.279922083515203,3.0743790742,0.4221548956000003,0.6864098859000003,-2.2185211539000003
889,889,889.0,889.0,889.0,889.0,889.0,889.0,889.0,889.0,889.0,889.0,889.0,889.0,889.0,889.0,889.0,889.0,889.0,889.0,889.0,889.0,889.0,889.0,889.0,889.0,889.0,889.0,889.0,889.0,889.0,889.0,889.0,889.0,9.0,0.9,-1.289964123,-1.1155602329,9.018144428925602,3.4965339698,0.2642549903,0.2642549903,-1.8955602329000003
890,890,890.0,890.0,890.0,890.0,890.0,890.0,890.0,890.0,890.0,890.0,890.0,890.0,890.0,890.0,890.0,890.0,890.0,890.0,890.0,890.0,890.0,890.0,890.0,890.0,890.0,890.0,890.0,890.0,890.0,890.0,890.0,890.0,0.0,0.0,0.0,-1.0,-16.78075396649534,0.0,0.4713739929,3.0437228112999994,2.2601696104
891,891,891.0,891.0,891.0,891.0,891.0,891.0,891.0,891.0,891.0,891.0,891.0,891.0,891.0,891.0,891.0,891.0,891.0,891.0,891.0,891.0,891.0,891.0,891.0,891.0,891.0,891.0,891.0,891.0,891.0,891.0,891.0,891.0,1.0,0.1,-0.1763381042,-2.5017372925,11.48699834175499,0.4713739929,0.4218673391,2.5723488184,2.2601696104
892,892,892.0,892.0,892.0,892.0,892.0,892.0,892.0,892.0,892.0,892.0,892.0,892.0,892.0,892.0,892.0,892.0,892.0,892.0,892.0,892.0,892.0,892.0,892.0,892.0,892.0,892.0,892.0,892.0,892.0,892.0,892.0,892.0,2.0,0.2,-0.3588425365,-1.170533026,17.955988680244054,0.893241332,0.2097601308,2.1504814793,2.2601696104
893,893,893.0,893.0,893.0,893.0,893.0,893.0,893.0,893.0,893.0,893.0,893.0,893.0,893.0,893.0,893.0,893.0,893.0,893.0,893.0,893.0,893.0,893.0,893.0,893.0,893.0,893.0,893.0,893.0,893.0,893.0,893.0,893.0,3.0,0.3,-0.3833728634,0.6495961689,-10.692063926593596,1.1030014628,0.0815278058999999,1.9407213485,2.2601696104
894,894,894.0,894.0,894.0,894.0,894.0,894.0,894.0,894.0,894.0,894.0,894.0,894.0,894.0,894.0,894.0,894.0,894.0,894.0,894.0,894.0,894.0,894.0,894.0,894.0,894.0,894.0,894.0,894.0,894.0,894.0,894.0,894.0,4.0,0.4,-0.3732775821,-0.429705505,13.79055680873654,1.1845292687,0.1308371589000001,1.8591935426,2.2601696104
895,895,895.0,895.0,895.0,895.0,895.0,895.0,895.0,895.0,895.0,895.0,895.0,895.0,895.0,895.0,895.0,895.0,895.0,895.0,895.0,895.0,895.0,895.0,895.0,895.0,895.0,895.0,895.0,895.0,895.0,895.0,895.0,895.0,5.0,0.5,-0.3474588782,0.9235314719,-14.534397834159307,1.3153664276,0.1374051231999999,1.7283563836999998,2.2601696104
896,896,896.0,896.0,896.0,896.0,896.0,896.0,896.0,896.0,896.0,896.0,896.0,896.0,896.0,896.0,896.0,896.0,896.0,896.0,896.0,896.0,896.0,896.0,896.0,896.0,896.0,896.0,896.0,896.0,896.0,896.0,896.0,896.0,6.0,0.6,-0.3298821289,-0.5474850608,17.30873884038153,1.4527715508,0.1946491619999999,1.5909512604999998,2.2601696104
897,897,897.0,897.0,897.0,897.0,897.0,897.0,897.0,897.0,897.0,897.0,897.0,897.0,897.0,897.0,897.0,897.0,897.0,897.0,897.0,897.0,897.0,897.0,897.0,897.0,897.0,897.0,897.0,897.0,897.0,897.0,897.0,897.0,7.0,0.7,-0.2982527323,1.1517594267,15.111131822865955,1.6474207128,0.4677211845,1.3963020985,2.2601696104
898,898,898.0,898.0,898.0,898.0,898.0,898.0,898.0,898.0,898.0,898.0,898.0,898.0,898.0,898.0,898.0,898.0,898.0,898.0,898.0,898.0,898.0,898.0,898.0,898.0,898.0,898.0,898.0,898.0,898.0,898.0,898.0,898.0,8.0,0.8,-0.1155497337,2.4801696104,0.5853673233553103,2.1151418973,0.5714177273000001,0.928580914,2.2601696104
899,899,899.0,899.0,899.0,899.0,899.0,899.0,899.0,899.0,899.0,899.0,899.0,899.0,899.0,899.0,899.0,899.0,899.0,899.0,899.0,899.0,899.0,899.0,899.0,899.0,899.0,899.0,899.0,899.0,899.0,899.0,899.0,899.0,9.0,0.9,0.1233012597,2.2998553493,-9.981959628281189,2.6865596246,0.3571631866999998,0.3571631866999998,2.2601696104
900,900,900.0,900.0,900.0,900.0,900.0,900.0,900.0,900.0,900.0,900.0,900.0,900.0,900.0,900.0,900.0,900.0,900.0,900.0,900.0,900.0,900.0,900.0,900.0,900.0,900.0,900.0,900.0,900.0,900.0,900.0,900.0,900.0,0.0,0.0,0.0,-1.0,-16.500138614847792,0.0,0.4612621296,20.358038471200004,-2.5
901,901,901.0,901.0,901.0,901.0,901.0,901.0,901.0,901.0,901.0,901.0,901.0,901.0,901.0,901.0,901.0,901.0,901.0,901.0,901.0,901.0,901.0,901.0,901.0,901.0,901.0,901.0,901.0,901.0,901.0,901.0,901.0,901.0,1.0,0.1,-0.1749806504,-2.475033211,-11.764066744702347,0.4612621296,0.9414722049,19.896776341600003,-3.255033211
902,902,902.0,902.0,902.0,902.0,902.0,902.0,902.0,902.0,902.0,902.0,902.0,902.0,902.0,902.0,902.0,902.0,902.0,902.0,902.0,902.0,902.0,902.0,902.0,902.0,902.0,902.0,902.0,902.0,902.0,902.0,902.0,902.0,2.0,0.2,-0.4674189121,-3.3590016239,-7.928248071775933,1.4027343345,1.3570571848999995,18.955304136700004,-3.5790016239
903,903,903.0,903.0,903.0,903.0,903.0,903.0,903.0,903.0,903.0,903.0,903.0,903.0,903.0,903.0,903.0,903.0,903.0,903.0,903.0,903.0,903.0,903.0,903.0,903.0,903.0,903.0,903.0,903.0,903.0,903.0,903.0,903.0,3.0,0.3,-0.8254227427,-3.7938226004,-7.421470342485538,2.7597915194,1.7096347378000003,17.598246951800004,-3.6138226004
904,904,904.0,904.0,904.0,904.0,904.0,904.0,904.0,904.0,904.0,904.0,904.0,904.0,904.0,904.0,904.0,904.0,904.0,904.0,904.0,904.0,904.0,904.0,904.0,904.0,904.0,904.0,904.0,904.0,904.0,904.0,904.0,904.0,4.0,0.4,-1.222353409,-4.1390389684,-11.722522011502168,4.4694262572,2.3128952789,15.888612214000002,-3.719038968400001
905,905,905.0,905.0,905.0,905.0,905.0,905.0,905.0,905.0,905.0,905.0,905.0,905.0,905.0,905.0,905.0,905.0,905.0,905.0,905.0,905.0,905.0,905.0,905.0,905.0,905.0,905.0,905.0,905.0,905.0,905.0,905.0,905.0,5.0,0.5,-1.6729402221,-4.8607043564,-14.35329964399731,6.7823215361,3.3153363862999994,13.5757169351,-4.3607043564
906,906,906.0,906.0,906.0,906.0,906.0,906.0,906.0,906.0,906.0,906.0,906.0,906.0,906.0,906.0,906.0,906.0,906.0,906.0,906.0,906.0,906.0,906.0,906.0,906.0,906.0,906.0,906.0,906.0,906.0,906.0,906.0,906.0,6.0,0.6,-2.2049303822,-5.7640441607,2.634495786364788,10.0976579224,3.4965246374000003,10.2603805488,-5.3440441607
907,907,907.0,907.0,907.0,907.0,907.0,907.0,907.0,907.0,907.0,907.0,907.0,907.0,907.0,907.0,907.0,907.0,907.0,907.0,907.0,907.0,907.0,907.0,907.0,907.0,907.0,907.0,907.0,907.0,907.0,907.0,907.0,907.0,7.0,0.7,-2.7407074647,-4.9648174996,6.649315933527372,13.5941825598,2.854655953199998,6.7638559114,-4.784817499599999
908,908,908.0,908.0,908.0,908.0,908.0,908.0,908.0,908.0,908.0,908.0,908.0,908.0,908.0,908.0,908.0,908.0,908.0,908.0,908.0,908.0,908.0,908.0,908.0,908.0,908.0,908.0,908.0,908.0,908.0,908.0,908.0,908.0,8.0,0.8,-3.1810069989,-3.859586372,10.856567439575006,16.448838513,2.189165890800002,3.909199958200002,-4.079586372
909,909,909.0,909.0,909.0,909.0,909.0,909.0,909.0,909.0,909.0,909.0,909.0,909.0,909.0,909.0,909.0,909.0,909.0,909.0,909.0,909.0,909.0,909.0,909.0,909.0,909.0,909.0,909.0,909.0,909.0,909.0,909.0,909.0,9.0,0.9,-3.4957773255,-2.4591593015,7.930870679797586,18.6380044038,1.7200340674000003,1.7200340674000003,-3.2391593015000004
910,910,910.0,910.0,910.0,910.0,910.0,910.0,910.0,910.0,910.0,910.0,910.0,910.0,910.0,910.0,910.0,910.0,910.0,910.0,910.0,910.0,910.0,910.0,910.0,910.0,910.0,910.0,910.0,910.0,910.0,910.0,910.0,910.0,0.0,0.0,0.0,-1.0,1.5809089531132583,0.0,0.0786147781,4.878117553400001,-2.5
911,911,911.0,911.0,911.0,911.0,911.0,911.0,911.0,911.0,911.0,911.0,911.0,911.0,911.0,911.0,911.0,911.0,911.0,911.0,911.0,911.0,911.0,911.0,911.0,911.0,911.0,911.0,911.0,911.0,911.0,911.0,911.0,911.0,1.0,0.1,-0.087515065,-0.7543940396,-17.067262462477473,0.0786147781,0.4064740856,4.799502775300001,-1.5343940396000002
912,912,912.0,912.0,912.0,912.0,912.0,912.0,912.0,912.0,912.0,912.0,912.0,912.0,912.0,912.0,912.0,912.0,912.0,912.0,912.0,912.0,912.0,912.0,912.0,912.0,912.0,912.0,912.0,912.0,912.0,912.0,912.0,912.0,2.0,0.2,-0.2418666344,-2.3067687165,7.1022703915759,0.4850888637,0.3867277502,4.3930286897,-2.5267687165000003
913,913,913.0,913.0,913.0,913.0,913.0,913.0,913.0,913.0,913.0,913.0,913.0,913.0,913.0,913.0,913.0,913.0,913.0,913.0,913.0,913.0,913.0,913.0,913.0,913.0,913.0,913.0,913.0,913.0,913.0,913.0,913.0,913.0,3.0,0.3,-0.4270281519,-1.4113801599,6.507618327305963,0.8718166139,0.1552339182000001,4.0063009395,-1.2313801599
914,914,914.0,914.0,914.0,914.0,914.0,914.0,914.0,914.0,914.0,914.0,914.0,914.0,914.0,914.0,914.0,914.0,914.0,914.0,914.0,914.0,914.0,914.0,914.0,914.0,914.0,914.0,914.0,914.0,914.0,914.0,914.0,914.0,4.0,0.4,-0.5298587632,-0.6577877158,-16.461795146716135,1.0270505321,0.3914321824,3.8510670213,-0.2377877157999999
915,915,915.0,915.0,915.0,915.0,915.0,915.0,915.0,915.0,915.0,915.0,915.0,915.0,915.0,915.0,915.0,915.0,915.0,915.0,915.0,915.0,915.0,915.0,915.0,915.0,915.0,915.0,915.0,915.0,915.0,915.0,915.0,915.0,5.0,0.5,-0.6720881112,-2.1617378825,13.585049355860429,1.4184827145,0.3640932383999999,3.4596348389,-1.6617378825000002
916,916,916.0,916.0,916.0,916.0,916.0,916.0,916.0,916.0,916.0,916.0,916.0,916.0,916.0,916.0,916.0,916.0,916.0,916.0,916.0,916.0,916.0,916.0,916.0,916.0,916.0,916.0,916.0,916.0,916.0,916.0,916.0,916.0,6.0,0.6,-0.8120881863,-0.6632328719,-17.490094356727074,1.7825759529,0.4688634868999999,3.0955416005,-0.2432328718999999
917,917,917.0,917.0,917.0,917.0,917.0,917.0,917.0,917.0,917.0,917.0,917.0,917.0,917.0,917.0,917.0,917.0,917.0,917.0,917.0,917.0,917.0,917.0,917.0,917.0,917.0,917.0,917.0,917.0,917.0,917.0,917.0,917.0,7.0,0.7,-0.9598100367,-2.2645204571,4.685126134963589,2.2514394398,0.4995109299,2.6266781136,-2.0845204571
918,918,918.0,918.0,918.0,918.0,918.0,918.0,918.0,918.0,918.0,918.0,918.0,918.0,918.0,918.0,918.0,918.0,918.0,918.0,918.0,918.0,918.0,918.0,918.0,918.0,918.0,918.0,918.0,918.0,918.0,918.0,918.0,918.0,8.0,0.8,-1.1526439526,-1.6031739277,-17.835981961042844,2.7509503697,0.9084359976000004,2.1271671837,-1.8231739277
919,919,919.0,919.0,919.0,919.0,919.0,919.0,919.0,919.0,919.0,919.0,919.0,919.0,919.0,919.0,919.0,919.0,919.0,919.0,919.0,919.0,919.0,919.0,919.0,919.0,919.0,919.0,919.0,919.0,919.0,919.0,919.0,919.0,9.0,0.9,-1.3914862268,-3.1479298497,-2.616480371168308,3.6593863673,1.2187311861,1.2187311861,-3.9279298497
920,920,920.0,920.0,920.0,920.0,920.0,920.0,920.0,920.0,920.0,920.0,920.0,920.0,920.0,920.0,920.0,920.0,920.0,920.0,920.0,920.0,920.0,920.0,920.0,920.0,920.0,920.0,920.0,920.0,920.0,920.0,920.0,920.0,0.0,0.0,0.0,-1.0,19.27398243251868,0.0,0.2168285169,8.8991701198,4.6463941935
921,921,921.0,921.0,921.0,921.0,921.0,921.0,921.0,921.0,921.0,921.0,921.0,921.0,921.0,921.0,921.0,921.0,921.0,921.0,921.0,921.0,921.0,921.0,921.0,921.0,921.0,921.0,921.0,921.0,921.0,921.0,921.0,921.0,1.0,0.1,-0.0019262712,0.9293245145,14.133612174091212,0.2168285169,0.3595634822999999,8.682341602900001,4.6463941935
922,922,922.0,922.0,922.0,922.0,922.0,922.0,922.0,922.0,922.0,922.0,922.0,922.0,922.0,922.0,922.0,922.0,922.0,922.0,922.0,922.0,922.0,922.0,922.0,922.0,922.0,922.0,922.0,922.0,922.0,922.0,922.0,922.0,2.0,0.2,0.1548808368,2.1858786238,12.49717540688463,0.5763919992,0.8153576032000001,8.3227781206,4.6463941935
923,923,923.0,923.0,923.0,923.0,923.0,923.0,923.0,923.0,923.0,923.0,923.0,923.0,923.0,923.0,923.0,923.0,923.0,923.0,923.0,923.0,923.0,923.0,923.0,923.0,923.0,923.0,923.0,923.0,923.0,923.0,923.0,923.0,3.0,0.3,0.423348738,3.1671282634,14.298243181732843,1.3917496024,1.5218356287,7.507420517400001,4.6463941935
924,924,924.0,924.0,924.0,924.0,924.0,924.0,924.0,924.0,924.0,924.0,924.0,924.0,924.0,924.0,924.0,924.0,924.0,924.0,924.0,924.0,924.0,924.0,924.0,924.0,924.0,924.0,924.0,924.0,924.0,924.0,924.0,924.0,4.0,0.4,0.793907126,4.2263941935,-14.730852653177834,2.9135852311,1.3266573772,5.985584888700001,4.6463941935
925,925,925.0,925.0,925.0,925.0,925.0,925.0,925.0,925.0,925.0,925.0,925.0,925.0,925.0,925.0,925.0,925.0,925.0,925.0,925.0,925.0,925.0,925.0,925.0,925.0,925.0,925.0,925.0,925.0,925.0,925.0,925.0,925.0,5.0,0.5,1.1248424352,2.422373619,5.705108621821928,4.2402426083,0.8404643785000001,4.658927511500001,4.6463941935
926,926,926.0,926.0,926.0,926.0,926.0,926.0,926.0,926.0,926.0,926.0,926.0,926.0,926.0,926.0,926.0,926.0,926.0,926.0,926.0,926.0,926.0,926.0,926.0,926.0,926.0,926.0,926.0,926.0,926.0,926.0,926.0,926.0,6.0,0.6,1.3829597586,2.7347671578,11.500336253044082,5.0807069868,1.3058568733999998,3.8184631330000007,4.6463941935
927,927,927.0,927.0,927.0,927.0,927.0,927.0,927.0,927.0,927.0,927.0,927.0,927.0,927.0,927.0,927.0,927.0,927.0,927.0,927.0,927.0,927.0,927.0,927.0,927.0,927.0,927.0,927.0,927.0,927.0,927.0,927.0,927.0,7.0,0.7,1.6988391626,3.5689213791,-14.935888546807492,6.3865638602,1.1941059401,2.512606259600001,4.6463941935
928,928,928.0,928.0,928.0,928.0,928.0,928.0,928.0,928.0,928.0,928.0,928.0,928.0,928.0,928.0,928.0,928.0,928.0,928.0,928.0,928.0,928.0,928.0,928.0,928.0,928.0,928.0,928.0,928.0,928.0,928.0,928.0,928.0,8.0,0.8,1.9662160497,1.8079556373,-16.762623509879468,7.5806698003,0.6599837390000003,1.318500319500001,4.6463941935
929,929,929.0,929.0,929.0,929.0,929.0,929.0,929.0,929.0,929.0,929.0,929.0,929.0,929.0,929.0,929.0,929.0,929.0,929.0,929.0,929.0,929.0,929.0,929.0,929.0,929.0,929.0,929.0,929.0,929.0,929.0,929.0,929.0,9.0,0.9,2.0571783711,0.0407309649,-17.664638158516368,8.2406535393,0.6585165805000006,0.6585165805000006,4.6463941935
930,930,930.0,930.0,930.0,930.0,930.0,930.0,930.0,930.0,930.0,930.0,930.0,930.0,930.0,930.0,930.0,930.0,930.0,930.0,930.0,930.0,930.0,930.0,930.0,930.0,930.0,930.0,930.0,930.0,930.0,930.0,930.0,930.0,0.0,0.0,0.0,-1.0,3.339011727313462,0.0,0.0696579465,7.222491026999999,-2.5
931,931,931.0,931.0,931.0,931.0,931.0,931.0,931.0,931.0,931.0,931.0,931.0,931.0,931.0,931.0,931.0,931.0,931.0,931.0,931.0,931.0,931.0,931.0,931.0,931.0,931.0,931.0,931.0,931.0,931.0,931.0,931.0,931.0,1.0,0.1,-0.0790103845,-0.5870884427,-17.943799357151086,0.0696579465,0.3893096666,7.1528330805,-1.3670884427000003
932,932,932.0,932.0,932.0,932.0,932.0,932.0,932.0,932.0,932.0,932.0,932.0,932.0,932.0,932.0,932.0,932.0,932.0,932.0,932.0,932.0,932.0,932.0,932.0,932.0,932.0,932.0,932.0,932.0,932.0,932.0,932.0,932.0,2.0,0.2,-0.2216808832,-2.2387978798,-19.14362630285099,0.4589676131,1.1528766112,6.7635234139,-2.4587978798
933,933,933.0,933.0,933.0,933.0,933.0,933.0,933.0,933.0,933.0,933.0,933.0,933.0,933.0,933.0,933.0,933.0,933.0,933.0,933.0,933.0,933.0,933.0,933.0,933.0,933.0,933.0,933.0,933.0,933.0,933.0,933.0,933.0,3.0,0.3,-0.5273364113,-3.847504982,18.93987244278328,1.6118442243,1.0193787364000002,5.6106468027,-3.667504982
934,934,934.0,934.0,934.0,934.0,934.0,934.0,934.0,934.0,934.0,934.0,934.0,934.0,934.0,934.0,934.0,934.0,934.0,934.0,934.0,934.0,934.0,934.0,934.0,934.0,934.0,934.0,934.0,934.0,934.0,934.0,934.0,934.0,4.0,0.4,-0.8018548386,-1.6789993104,-11.77723322961548,2.6312229607,0.6286402858,4.5912680663,-1.2589993104
935,935,935.0,935.0,935.0,935.0,935.0,935.0,935.0,935.0,935.0,935.0,935.0,935.0,935.0,935.0,935.0,935.0,935.0,935.0,935.0,935.0,935.0,935.0,935.0,935.0,935.0,935.0,935.0,935.0,935.0,935.0,935.0,935.0,5.0,0.5,-1.0186041792,-2.6399732928,2.870913295269549,3.2598632465,0.7005087199999998,3.9626277805,-2.1399732928
936,936,936.0,936.0,936.0,936.0,936.0,936.0,936.0,936.0,936.0,936.0,936.0,936.0,936.0,936.0,936.0,936.0,936.0,936.0,936.0,936.0,936.0,936.0,936.0,936.0,936.0,936.0,936.0,936.0,936.0,936.0,936.0,936.0,6.0,0.6,-1.2559429953,-2.1155431471,-16.580440745197347,3.9603719665,1.1383678663,3.2621190605000003,-1.6955431471
937,937,937.0,937.0,937.0,937.0,937.0,937.0,937.0,937.0,937.0,937.0,937.0,937.0,937.0,937.0,937.0,937.0,937.0,937.0,937.0,937.0,937.0,937.0,937.0,937.0,937.0,937.0,937.0,937.0,937.0,937.0,937.0,937.0,7.0,0.7,-1.5374700803,-3.4920601366,19.81665433436075,5.0987398328,1.0772113022000005,2.1237511942000005,-3.3120601366
938,938,938.0,938.0,938.0,938.0,938.0,938.0,938.0,938.0,938.0,938.0,938.0,938.0,938.0,938.0,938.0,938.0,938.0,938.0,938.0,938.0,938.0,938.0,938.0,938.0,938.0,938.0,938.0,938.0,938.0,938.0,938.0,938.0,8.0,0.8,-1.773922318,-1.2739424655,1.4548452798066478,6.175951135,0.4681867017999996,1.0465398920000002,-1.4939424655000002
939,939,939.0,939.0,939.0,939.0,939.0,939.0,939.0,939.0,939.0,939.0,939.0,939.0,939.0,939.0,939.0,939.0,939.0,939.0,939.0,939.0,939.0,939.0,939.0,939.0,939.0,939.0,939.0,939.0,939.0,939.0,939.0,939.0,9.0,0.9,-1.8881164872,-1.0142637683,-7.061790072849528,6.6441378368,0.5783531902000005,0.5783531902000005,-1.7942637683000002
940,940,940.0,940.0,940.0,940.0,940.0,940.0,940.0,940.0,940.0,940.0,940.0,940.0,940.0,940.0,940.0,940.0,940.0,940.0,940.0,940.0,940.0,940.0,940.0,940.0,940.0,940.0,940.0,940.0,940.0,940.0,940.0,940.0,0.0,0.0,0.0,-1.0,-16.671889466398994,0.0,0.4674359598,3.1809147441,-2.5
941,941,941.0,941.0,941.0,941.0,941.0,941.0,941.0,941.0,941.0,941.0,941.0,941.0,941.0,941.0,941.0,941.0,941.0,941.0,941.0,941.0,941.0,941.0,941.0,941.0,941.0,941.0,941.0,941.0,941.0,941.0,941.0,941.0,1.0,0.1,-0.1758114811,-2.4913774655,2.7759081241400736,0.4674359598,0.5151062069000001,2.7134787843,-3.2713774655
942,942,942.0,942.0,942.0,942.0,942.0,942.0,942.0,942.0,942.0,942.0,942.0,942.0,942.0,942.0,942.0,942.0,942.0,942.0,942.0,942.0,942.0,942.0,942.0,942.0,942.0,942.0,942.0,942.0,942.0,942.0,942.0,942.0,2.0,0.2,-0.3994691632,-1.990128971,15.581052234206249,0.9825421667,0.2969112756999998,2.1983725774,-2.210128971
943,943,943.0,943.0,943.0,943.0,943.0,943.0,943.0,943.0,943.0,943.0,943.0,943.0,943.0,943.0,943.0,943.0,943.0,943.0,943.0,943.0,943.0,943.0,943.0,943.0,943.0,943.0,943.0,943.0,943.0,943.0,943.0,943.0,3.0,0.3,-0.5134829214,-0.3180099894,-6.933973165200044,1.2794534424,0.0972658645999999,1.9014613017,-0.1380099894000001
944,944,944.0,944.0,944.0,944.0,944.0,944.0,944.0,944.0,944.0,944.0,944.0,944.0,944.0,944.0,944.0,944.0,944.0,944.0,944.0,944.0,944.0,944.0,944.0,944.0,944.0,944.0,944.0,944.0,944.0,944.0,944.0,944.0,4.0,0.4,-0.5772879396,-0.9476022877,3.0064145841119654,1.376719307,0.1011702169000001,1.8041954371,-0.5276022877
945,945,945.0,945.0,945.0,945.0,945.0,945.0,945.0,945.0,945.0,945.0,945.0,945.0,945.0,945.0,945.0,945.0,945.0,945.0,945.0,945.0,945.0,945.0,945.0,945.0,945.0,945.0,945.0,945.0,945.0,945.0,945.0,945.0,5.0,0.5,-0.6529208982,-0.5713278708,-17.223807765003244,1.4778895239,0.4092079234999999,1.7030252201999998,-0.0713278708
946,946,946.0,946.0,946.0,946.0,946.0,946.0,946.0,946.0,946.0,946.0,946.0,946.0,946.0,946.0,946.0,946.0,946.0,946.0,946.0,946.0,946.0,946.0,946.0,946.0,946.0,946.0,946.0,946.0,946.0,946.0,946.0,946.0,6.0,0.6,-0.7906084867,-2.1560210587,2.5623944477449143,1.8870974474,0.4562408338999999,1.2938172967,-1.7360210587
947,947,947.0,947.0,947.0,947.0,947.0,947.0,947.0,947.0,947.0,947.0,947.0,947.0,947.0,947.0,947.0,947.0,947.0,947.0,947.0,947.0,947.0,947.0,947.0,947.0,947.0,947.0,947.0,947.0,947.0,947.0,947.0,947.0,7.0,0.7,-0.9833856038,-1.7070044968,8.747178573888483,2.3433382813,0.3015472514000001,0.8375764628,-1.5270044967999998
948,948,948.0,948.0,948.0,948.0,948.0,948.0,948.0,948.0,948.0,948.0,948.0,948.0,948.0,948.0,948.0,948.0,948.0,948.0,948.0,948.0,948.0,948.0,948.0,948.0,948.0,948.0,948.0,948.0,948.0,948.0,948.0,948.0,8.0,0.8,-1.1035148031,-0.7121574402,-0.5571957013194151,2.6448855327,0.1795604519,0.5360292113999998,-0.9321574402000002
949,949,949.0,949.0,949.0,949.0,949.0,949.0,949.0,949.0,949.0,949.0,949.0,949.0,949.0,949.0,949.0,949.0,949.0,949.0,949.0,949.0,949.0,949.0,949.0,949.0,949.0,949.0,949.0,949.0,949.0,949.0,949.0,949.0,9.0,0.9,-1.1739816428,-0.6974101706,19.06863158111885,2.8244459846,0.3564687594999998,0.3564687594999998,-1.4774101706000002
950,950,950.0,950.0,950.0,950.0,950.0,950.0,950.0,950.0,950.0,950.0,950.0,950.0,950.0,950.0,950.0,950.0,950.0,950.0,950.0,950.0,950.0,950.0,950.0,950.0,950.0,950.0,950.0,950.0,950.0,950.0,950.0,950.0,0.0,0.0,0.0,-1.0,1.3588640499302471,0.0,0.0801019899,1.4442210991000002,2.4556247334
951,951,951.0,951.0,951.0,951.0,951.0,951.0,951.0,951.0,951.0,951.0,951.0,951.0,951.0,951.0,951.0,951.0,951.0,951.0,951.0,951.0,951.0,951.0,951.0,951.0,951.0,951.0,951.0,951.0,951.0,951.0,951.0,951.0,1.0,0.1,-0.0885891846,-0.7755244104,6.950620941352689,0.0801019899,0.0461344746999999,1.3641191092000002,2.4556247334
952,952,952.0,952.0,952.0,952.0,952.0,952.0,952.0,952.0,952.0,952.0,952.0,952.0,952.0,952.0,952.0,952.0,952.0,952.0,952.0,952.0,952.0,952.0,952.0,952.0,952.0,952.0,952.0,952.0,952.0,952.0,952.0,952.0,2.0,0.2,-0.1287670345,-0.0402844664,14.025529941977425,0.1262364646,0.1554653716,1.3179846345,2.4556247334
953,953,953.0,953.0,953.0,953.0,953.0,953.0,953.0,953.0,953.0,953.0,953.0,953.0,953.0,953.0,953.0,953.0,953.0,953.0,953.0,953.0,953.0,953.0,953.0,953.0,953.0,953.0,953.0,953.0,953.0,953.0,953.0,953.0,3.0,0.3,-0.0647532618,1.2982547551,5.934042677946948,0.2817018362,0.2512303046999999,1.1625192629,2.4556247334
954,954,954.0,954.0,954.0,954.0,954.0,954.0,954.0,954.0,954.0,954.0,954.0,954.0,954.0,954.0,954.0,954.0,954.0,954.0,954.0,954.0,954.0,954.0,954.0,954.0,954.0,954.0,954.0,954.0,954.0,954.0,954.0,954.0,4.0,0.4,0.0874974598,1.7394083014,4.011482616420334,0.5329321409,0.3538927819,0.9112889582,2.4556247334
955,955,955.0,955.0,955.0,955.0,955.0,955.0,955.0,955.0,955.0,955.0,955.0,955.0,955.0,955.0,955.0,955.0,955.0,955.0,955.0,955.0,955.0,955.0,955.0,955.0,955.0,955.0,955.0,955.0,955.0,955.0,955.0,955.0,5.0,0.5,0.2724292894,1.9556247334,-12.686169585635977,0.8868249228,0.2643627719999999,0.5573961762999999,2.4556247334
956,956,956.0,956.0,956.0,956.0,956.0,956.0,956.0,956.0,956.0,956.0,956.0,956.0,956.0,956.0,956.0,956.0,956.0,956.0,956.0,956.0,956.0,956.0,956.0,956.0,956.0,956.0,956.0,956.0,956.0,956.0,956.0,956.0,6.0,0.6,0.3971632965,0.5622737677,-13.16363922222111,1.1511876948,0.1181314098000001,0.2930334043,2.4556247334
957,957,957.0,957.0,957.0,957.0,957.0,957.0,957.0,957.0,957.0,957.0,957.0,957.0,957.0,957.0,957.0,957.0,957.0,957.0,957.0,957.0,957.0,957.0,957.0,957.0,957.0,957.0,957.0,957.0,957.0,957.0,957.0,957.0,7.0,0.7,0.3869926941,-0.7439195521,12.127269279853644,1.2693191046,0.1012525847999998,0.1749019944999998,2.4556247334
958,958,958.0,958.0,958.0,958.0,958.0,958.0,958.0,958.0,958.0,958.0,958.0,958.0,958.0,958.0,958.0,958.0,958.0,958.0,958.0,958.0,958.0,958.0,958.0,958.0,958.0,958.0,958.0,958.0,958.0,958.0,958.0,958.0,8.0,0.8,0.3748640368,0.4809360331,-7.188483784790671,1.3705716894,0.0464186434,0.0736494097,2.4556247334
959,959,959.0,959.0,959.0,959.0,959.0,959.0,959.0,959.0,959.0,959.0,959.0,959.0,959.0,959.0,959.0,959.0,959.0,959.0,959.0,959.0,959.0,959.0,959.0,959.0,959.0,959.0,959.0,959.0,959.0,959.0,959.0,959.0,9.0,0.9,0.3858574404,-0.2489057489,-2.02387384019881,1.4169903328,0.0272307662999999,0.0272307662999999,2.4556247334
960,960,960.0,960.0,960.0,960.0,960.0,960.0,960.0,960.0,960.0,960.0,960.0,960.0,960.0,960.0,960.0,960.0,960.0,960.0,960.0,960.0,960.0,960.0,960.0,960.0,960.0,960.0,960.0,960.0,960.0,960.0,960.0,960.0,0.0,0.0,0.0,-1.0,-15.795431528361812,0.0,0.4364305804,25.839222311299995,-2.5
961,961,961.0,961.0,961.0,961.0,961.0,961.0,961.0,961.0,961.0,961.0,961.0,961.0,961.0,961.0,961.0,961.0,961.0,961.0,961.0,961.0,961.0,961.0,961.0,961.0,961.0,961.0,961.0,961.0,961.0,961.0,961.0,961.0,1.0,0.1,-0.1715716883,-2.4079714646,-12.780457105829598,0.4364305804,0.9466876893,25.402791730899995,-3.1879714646000004
962,962,962.0,962.0,962.0,962.0,962.0,962.0,962.0,962.0,962.0,962.0,962.0,962.0,962.0,962.0,962.0,962.0,962.0,962.0,962.0,962.0,962.0,962.0,962.0,962.0,962.0,962.0,962.0,962.0,962.0,962.0,962.0,962.0,2.0,0.2,-0.4625448707,-3.3950439927,-16.45652576699648,1.3831182697,1.8139316656,24.4561040416,-3.6150439927
963,963,963.0,963.0,963.0,963.0,963.0,963.0,963.0,963.0,963.0,963.0,963.0,963.0,963.0,963.0,963.0,963.0,963.0,963.0,963.0,963.0,963.0,963.0,963.0,963.0,963.0,963.0,963.0,963.0,963.0,963.0,963.0,963.0,3.0,0.3,-0.8652328513,-4.6380085889,-10.878860259383924,3.1970499353,2.6270227323000004,22.642172376,-4.4580085889
964,964,964.0,964.0,964.0,964.0,964.0,964.0,964.0,964.0,964.0,964.0,964.0,964.0,964.0,964.0,964.0,964.0,964.0,964.0,964.0,964.0,964.0,964.0,964.0,964.0,964.0,964.0,964.0,964.0,964.0,964.0,964.0,964.0,4.0,0.4,-1.3592234182,-5.2319040478,-9.994815898456926,5.8240726676,3.3030540584,20.0151496437,-4.8119040478
965,965,965.0,965.0,965.0,965.0,965.0,965.0,965.0,965.0,965.0,965.0,965.0,965.0,965.0,965.0,965.0,965.0,965.0,965.0,965.0,965.0,965.0,965.0,965.0,965.0,965.0,965.0,965.0,965.0,965.0,965.0,965.0,965.0,5.0,0.5,-1.9054538607,-5.6851551952,-10.324247748098228,9.127126726,4.032935241600001,16.7120955853,-5.1851551952
966,966,966.0,966.0,966.0,966.0,966.0,966.0,966.0,966.0,966.0,966.0,966.0,966.0,966.0,966.0,966.0,966.0,966.0,966.0,966.0,966.0,966.0,966.0,966.0,966.0,966.0,966.0,966.0,966.0,966.0,966.0,966.0,966.0,6.0,0.6,-2.4964100977,-6.1266237331,14.658178106039005,13.1600619676,3.5316065984,12.679160343699998,-5.7066237331
967,967,967.0,967.0,967.0,967.0,967.0,967.0,967.0,967.0,967.0,967.0,967.0,967.0,967.0,967.0,967.0,967.0,967.0,967.0,967.0,967.0,967.0,967.0,967.0,967.0,967.0,967.0,967.0,967.0,967.0,967.0,967.0,967.0,7.0,0.7,-3.0085283325,-4.1486876876,-9.74826979245666,16.691668566,3.0448813900000005,9.147553745299998,-3.9686876876
968,968,968.0,968.0,968.0,968.0,968.0,968.0,968.0,968.0,968.0,968.0,968.0,968.0,968.0,968.0,968.0,968.0,968.0,968.0,968.0,968.0,968.0,968.0,968.0,968.0,968.0,968.0,968.0,968.0,968.0,968.0,968.0,968.0,8.0,0.8,-3.4504839805,-4.6815590189,3.3160598802428964,19.736549956,3.2043291276999994,6.1026723552999975,-4.9015590189000005
969,969,969.0,969.0,969.0,969.0,969.0,969.0,969.0,969.0,969.0,969.0,969.0,969.0,969.0,969.0,969.0,969.0,969.0,969.0,969.0,969.0,969.0,969.0,969.0,969.0,969.0,969.0,969.0,969.0,969.0,969.0,969.0,969.0,9.0,0.9,-3.8799526419,-3.9204843694,4.588314784163838,22.9408790837,2.898343227599998,2.898343227599998,-4.7004843694
970,970,970.0,970.0,970.0,970.0,970.0,970.0,970.0,970.0,970.0,970.0,970.0,970.0,970.0,970.0,970.0,970.0,970.0,970.0,970.0,970.0,970.0,970.0,970.0,970.0,970.0,970.0,970.0,970.0,970.0,970.0,970.0,970.0,0.0,0.0,0.0,-1.0,-3.7485677260250654,0.0,0.1363594797,14.888170888599998,-2.5
971,971,971.0,971.0,971.0,971.0,971.0,971.0,971.0,971.0,971.0,971.0,971.0,971.0,971.0,971.0,971.0,971.0,971.0,971.0,971.0,971.0,971.0,971.0,971.0,971.0,971.0,971.0,971.0,971.0,971.0,971.0,971.0,971.0,1.0,0.1,-0.1132959757,-1.2615607969,7.545669228934642,0.1363594797,0.1068157535,14.751811408899998,-2.0415607969000003
972,972,972.0,972.0,972.0,972.0,972.0,972.0,972.0,972.0,972.0,972.0,972.0,972.0,972.0,972.0,972.0,972.0,972.0,972.0,972.0,972.0,972.0,972.0,972.0,972.0,972.0,972.0,972.0,972.0,972.0,972.0,972.0,972.0,2.0,0.2,-0.1968478043,-0.4234420454,-19.41702820395456,0.2431752332,0.4022430319,14.6449956554,-0.6434420454
973,973,973.0,973.0,973.0,973.0,973.0,973.0,973.0,973.0,973.0,973.0,973.0,973.0,973.0,973.0,973.0,973.0,973.0,973.0,973.0,973.0,973.0,973.0,973.0,973.0,973.0,973.0,973.0,973.0,973.0,973.0,973.0,973.0,3.0,0.3,-0.3310719222,-2.2309207479,-17.280055463791705,0.6454182651,1.0644548397,14.2427526235,-2.0509207479
974,974,974.0,974.0,974.0,974.0,974.0,974.0,974.0,974.0,974.0,974.0,974.0,974.0,974.0,974.0,974.0,974.0,974.0,974.0,974.0,974.0,974.0,974.0,974.0,974.0,974.0,974.0,974.0,974.0,974.0,974.0,974.0,974.0,4.0,0.4,-0.6269629479,-3.6630352686,-8.87946914826854,1.7098731048,1.6427816601,13.1782977838,-3.2430352686
975,975,975.0,975.0,975.0,975.0,975.0,975.0,975.0,975.0,975.0,975.0,975.0,975.0,975.0,975.0,975.0,975.0,975.0,975.0,975.0,975.0,975.0,975.0,975.0,975.0,975.0,975.0,975.0,975.0,975.0,975.0,975.0,975.0,5.0,0.5,-1.0185007293,-4.1594444021,-12.063306396427045,3.3526547649,2.2955834778,11.5355161237,-3.6594444021
976,976,976.0,976.0,976.0,976.0,976.0,976.0,976.0,976.0,976.0,976.0,976.0,976.0,976.0,976.0,976.0,976.0,976.0,976.0,976.0,976.0,976.0,976.0,976.0,976.0,976.0,976.0,976.0,976.0,976.0,976.0,976.0,976.0,6.0,0.6,-1.4726786698,-4.9115971012,10.084829487586372,5.6482382427,2.1085885799,9.2399326459,-4.4915971012
977,977,977.0,977.0,977.0,977.0,977.0,977.0,977.0,977.0,977.0,977.0,977.0,977.0,977.0,977.0,977.0,977.0,977.0,977.0,977.0,977.0,977.0,977.0,977.0,977.0,977.0,977.0,977.0,977.0,977.0,977.0,977.0,977.0,7.0,0.7,-1.8912943993,-3.4844984228,-6.750013107039301,7.7568268226,1.7802835486000008,7.131344066,-3.3044984228
978,978,978.0,978.0,978.0,978.0,978.0,978.0,978.0,978.0,978.0,978.0,978.0,978.0,978.0,978.0,978.0,978.0,978.0,978.0,978.0,978.0,978.0,978.0,978.0,978.0,978.0,978.0,978.0,978.0,978.0,978.0,978.0,978.0,8.0,0.8,-2.2555408916,-3.7952532413,-15.052614487995362,9.5371103712,2.614762581799999,5.351060517399999,-4.0152532413
979,979,979.0,979.0,979.0,979.0,979.0,979.0,979.0,979.0,979.0,979.0,979.0,979.0,979.0,979.0,979.0,979.0,979.0,979.0,979.0,979.0,979.0,979.0,979.0,979.0,979.0,979.0,979.0,979.0,979.0,979.0,979.0,979.0,9.0,0.9,-2.6895227172,-4.8665328645,6.757947056994279,12.151872953,2.7362979356,2.7362979356,-5.6465328645
980,980,980.0,980.0,980.0,980.0,980.0,980.0,980.0,980.0,980.0,980.0,980.0,980.0,980.0,980.0,980.0,980.0,980.0,980.0,980.0,980.0,980.0,980.0,980.0,980.0,980.0,980.0,980.0,980.0,980.0,980.0,980.0,980.0,0.0,0.0,0.0,-1.0,17.117283380857636,0.0,0.172842239,4.120714973,3.2929881901
981,981,981.0,981.0,981.0,981.0,981.0,981.0,981.0,981.0,981.0,981.0,981.0,981.0,981.0,981.0,981.0,981.0,981.0,981.0,981.0,981.0,981.0,981.0,981.0,981.0,981.0,981.0,981.0,981.0,981.0,981.0,981.0,981.0,1.0,0.1,-0.0123591259,0.7240874639,17.37459555773527,0.172842239,0.406265822,3.947872734,3.2929881901
982,982,982.0,982.0,982.0,982.0,982.0,982.0,982.0,982.0,982.0,982.0,982.0,982.0,982.0,982.0,982.0,982.0,982.0,982.0,982.0,982.0,982.0,982.0,982.0,982.0,982.0,982.0,982.0,982.0,982.0,982.0,982.0,982.0,2.0,0.2,0.1405950833,2.3085928106,-7.408527374398005,0.579108061,0.3786417826,3.541606912,3.2929881901
983,983,983.0,983.0,983.0,983.0,983.0,983.0,983.0,983.0,983.0,983.0,983.0,983.0,983.0,983.0,983.0,983.0,983.0,983.0,983.0,983.0,983.0,983.0,983.0,983.0,983.0,983.0,983.0,983.0,983.0,983.0,983.0,983.0,3.0,0.3,0.3244486087,1.3838865477,-0.543938833585706,0.9577498436,0.1823886450999998,3.1629651294,3.2929881901
984,984,984.0,984.0,984.0,984.0,984.0,984.0,984.0,984.0,984.0,984.0,984.0,984.0,984.0,984.0,984.0,984.0,984.0,984.0,984.0,984.0,984.0,984.0,984.0,984.0,984.0,984.0,984.0,984.0,984.0,984.0,984.0,984.0,4.0,0.4,0.4535115459,1.2004297271,6.511835061090089,1.1401384887,0.2631641478000002,2.9805764843,3.2929881901
985,985,985.0,985.0,985.0,985.0,985.0,985.0,985.0,985.0,985.0,985.0,985.0,985.0,985.0,985.0,985.0,985.0,985.0,985.0,985.0,985.0,985.0,985.0,985.0,985.0,985.0,985.0,985.0,985.0,985.0,985.0,985.0,985.0,5.0,0.5,0.5992480445,1.7058767346,13.970271149616316,1.4033026365,0.6876179541,2.7174123365,3.2929881901
986,986,986.0,986.0,986.0,986.0,986.0,986.0,986.0,986.0,986.0,986.0,986.0,986.0,986.0,986.0,986.0,986.0,986.0,986.0,986.0,986.0,986.0,986.0,986.0,986.0,986.0,986.0,986.0,986.0,986.0,986.0,986.0,986.0,6.0,0.6,0.829163704,2.8729881901,-15.1361856190719,2.0909205906,0.6291153248999999,2.0297943824,3.2929881901
987,987,987.0,987.0,987.0,987.0,987.0,987.0,987.0,987.0,987.0,987.0,987.0,987.0,987.0,987.0,987.0,987.0,987.0,987.0,987.0,987.0,987.0,987.0,987.0,987.0,987.0,987.0,987.0,987.0,987.0,987.0,987.0,987.0,7.0,0.7,1.0293447246,1.1591886076,1.773367624135318,2.7200359155,0.2615107425,1.4006790575,3.2929881901
988,988,988.0,988.0,988.0,988.0,988.0,988.0,988.0,988.0,988.0,988.0,988.0,988.0,988.0,988.0,988.0,988.0,988.0,988.0,988.0,988.0,988.0,988.0,988.0,988.0,988.0,988.0,988.0,988.0,988.0,988.0,988.0,988.0,8.0,0.8,1.1482340418,1.2176360528,11.522947272380527,2.981546658,0.5194544570000001,1.139168315,3.2929881901
989,989,989.0,989.0,989.0,989.0,989.0,989.0,989.0,989.0,989.0,989.0,989.0,989.0,989.0,989.0,989.0,989.0,989.0,989.0,989.0,989.0,989.0,989.0,989.0,989.0,989.0,989.0,989.0,989.0,989.0,989.0,989.0,989.0,9.0,0.9,1.3198481798,2.1983166421,-1.1326374835272937,3.501001115,0.6197138579999999,0.6197138579999999,3.2929881901
990,990,990.0,990.0,990.0,990.0,990.0,990.0,990.0,990.0,990.0,990.0,990.0,990.0,990.0,990.0,990.0,990.0,990.0,990.0,990.0,990.0,990.0,990.0,990.0,990.0,990.0,990.0,990.0,990.0,990.0,990.0,990.0,990.0,0.0,0.0,0.0,-1.0,0.7482998809465471,0.0,0.0846034904,3.6985920142,-2.5
991,991,991.0,991.0,991.0,991.0,991.0,991.0,991.0,991.0,991.0,991.0,991.0,991.0,991.0,991.0,991.0,991.0,991.0,991.0,991.0,991.0,991.0,991.0,991.0,991.0,991.0,991.0,991.0,991.0,991.0,991.0,991.0,991.0,1.0,0.1,-0.0915427394,-0.8336272725,-12.633331713010044,0.0846034904,0.2900376503,3.6139885238,-1.6136272725000005
992,992,992.0,992.0,992.0,992.0,992.0,992.0,992.0,992.0,992.0,992.0,992.0,992.0,992.0,992.0,992.0,992.0,992.0,992.0,992.0,992.0,992.0,992.0,992.0,992.0,992.0,992.0,992.0,992.0,992.0,992.0,992.0,992.0,2.0,0.2,-0.231985568,-1.9565176152,-3.223989651026568,0.3746411407,0.4238363497,3.3239508735000003,-2.1765176152
993,993,993.0,993.0,993.0,993.0,993.0,993.0,993.0,993.0,993.0,993.0,993.0,993.0,993.0,993.0,993.0,993.0,993.0,993.0,993.0,993.0,993.0,993.0,993.0,993.0,993.0,993.0,993.0,993.0,993.0,993.0,993.0,993.0,3.0,0.3,-0.4337685822,-2.0771335661,0.7269914188831663,0.7984774904,0.4065283223,2.9001145238,-1.8971335661
994,994,994.0,994.0,994.0,994.0,994.0,994.0,994.0,994.0,994.0,994.0,994.0,994.0,994.0,994.0,994.0,994.0,994.0,994.0,994.0,994.0,994.0,994.0,994.0,994.0,994.0,994.0,994.0,994.0,994.0,994.0,994.0,994.0,4.0,0.4,-0.6279175153,-1.8102854911,-8.445940673935173,1.2050058127,0.5467795806,2.4935862015,-1.3902854910999998
995,995,995.0,995.0,995.0,995.0,995.0,995.0,995.0,995.0,995.0,995.0,995.0,995.0,995.0,995.0,995.0,995.0,995.0,995.0,995.0,995.0,995.0,995.0,995.0,995.0,995.0,995.0,995.0,995.0,995.0,995.0,995.0,995.0,5.0,0.5,-0.8410455101,-2.4417515638,14.58063982781151,1.7517853933,0.4777856390999999,1.9468066209,-1.9417515638
996,996,996.0,996.0,996.0,996.0,996.0,996.0,996.0,996.0,996.0,996.0,996.0,996.0,996.0,996.0,996.0,996.0,996.0,996.0,996.0,996.0,996.0,996.0,996.0,996.0,996.0,996.0,996.0,996.0,996.0,996.0,996.0,996.0,6.0,0.6,-1.0028763218,-0.8218567692,-14.717867197447156,2.2295710324,0.4600445031000002,1.4690209818,-0.4018567691999999
997,997,997.0,997.0,997.0,997.0,997.0,997.0,997.0,997.0,997.0,997.0,997.0,997.0,997.0,997.0,997.0,997.0,997.0,997.0,997.0,997.0,997.0,997.0,997.0,997.0,997.0,997.0,997.0,997.0,997.0,997.0,997.0,997.0,7.0,0.7,-1.1522827916,-2.1442370192,8.806688782083004,2.6896155355,0.4628917963999996,1.0089764786999995,-1.9642370192
998,998,998.0,998.0,998.0,998.0,998.0,998.0,998.0,998.0,998.0,998.0,998.0,998.0,998.0,998.0,998.0,998.0,998.0,998.0,998.0,998.0,998.0,998.0,998.0,998.0,998.0,998.0,998.0,998.0,998.0,998.0,998.0,998.0,8.0,0.8,-1.3137325322,-1.1021184003,1.267747402079081,3.1525073319,0.2851391812999999,0.5460846823000001,-1.3221184003000002
999,999,999.0,999.0,999.0,999.0,999.0,999.0,999.0,999.0,999.0,999.0,999.0,999.0,999.0,999.0,999.0,999.0,999.0,999.0,999.0,999.0,999.0,999.0,999.0,999.0,999.0,999.0,999.0,999.0,999.0,999.0,999.0,999.0,9.0,0.9,-1.4124806037,-0.8765955887,3.864037680546669,3.4376465132,0.2609455010000001,0.2609455010000001,-1.6565955887
1000,1000,1000.0,1000.0,1000.0,1000.0,1000.0,1000.0,1000.0,1000.0,1000.0,1000.0,1000.0,1000.0,1000.0,1000.0,1000.0,1000.0,1000.0,1000.0,1000.0,1000.0,1000.0,1000.0,1000.0,1000.0,1000.0,1000.0,1000.0,1000.0,1000.0,1000.0,1000.0,1000.0,0.0,0.0,0.0,-1.0,-3.619523335269968,0.0,0.1344177553,5.326999620800001,-2.5
1001,1001,1001.0,1001.0,1001.0,1001.0,1001.0,1001.0,1001.0,1001.0,1001.0,1001.0,1001.0,1001.0,1001.0,1001.0,1001.0,1001.0,1001.0,1001.0,1001.0,1001.0,1001.0,1001.0,1001.0,1001.0,1001.0,1001.0,1001.0,1001.0,1001.0,1001.0,1001.0,1001.0,1.0,0.1,-0.1126717338,-1.2492805997,-13.99200316354828,0.1344177553,0.4623516054,5.1925818655,-2.0292805997000003
1002,1002,1002.0,1002.0,1002.0,1002.0,1002.0,1002.0,1002.0,1002.0,1002.0,1002.0,1002.0,1002.0,1002.0,1002.0,1002.0,1002.0,1002.0,1002.0,1002.0,1002.0,1002.0,1002.0,1002.0,1002.0,1002.0,1002.0,1002.0,1002.0,1002.0,1002.0,1002.0,1002.0,2.0,0.2,-0.2992416766,-2.4619109732,-3.0676963005441067,0.5967693607,0.6437868357000001,4.7302302601,-2.6819109732
1003,1003,1003.0,1003.0,1003.0,1003.0,1003.0,1003.0,1003.0,1003.0,1003.0,1003.0,1003.0,1003.0,1003.0,1003.0,1003.0,1003.0,1003.0,1003.0,1003.0,1003.0,1003.0,1003.0,1003.0,1003.0,1003.0,1003.0,1003.0,1003.0,1003.0,1003.0,1003.0,1003.0,3.0,0.3,-0.5483631913,-2.5195590886,-0.6386002277940293,1.2405561964,0.6358224419,4.0864434244,-2.3395590886
1004,1004,1004.0,1004.0,1004.0,1004.0,1004.0,1004.0,1004.0,1004.0,1004.0,1004.0,1004.0,1004.0,1004.0,1004.0,1004.0,1004.0,1004.0,1004.0,1004.0,1004.0,1004.0,1004.0,1004.0,1004.0,1004.0,1004.0,1004.0,1004.0,1004.0,1004.0,1004.0,1004.0,4.0,0.4,-0.7912203181,-2.3405619847,5.936893190351192,1.8763786383,0.4795945123,3.4506209824999994,-1.9205619847
1005,1005,1005.0,1005.0,1005.0,1005.0,1005.0,1005.0,1005.0,1005.0,1005.0,1005.0,1005.0,1005.0,1005.0,1005.0,1005.0,1005.0,1005.0,1005.0,1005.0,1005.0,1005.0,1005.0,1005.0,1005.0,1005.0,1005.0,1005.0,1005.0,1005.0,1005.0,1005.0,1005.0,5.0,0.5,-0.985235219,-1.5528577647,0.1070521188502837,2.3559731506,0.3296371982999999,2.9710264701999995,-1.0528577647
1006,1006,1006.0,1006.0,1006.0,1006.0,1006.0,1006.0,1006.0,1006.0,1006.0,1006.0,1006.0,1006.0,1006.0,1006.0,1006.0,1006.0,1006.0,1006.0,1006.0,1006.0,1006.0,1006.0,1006.0,1006.0,1006.0,1006.0,1006.0,1006.0,1006.0,1006.0,1006.0,1006.0,6.0,0.6,-1.1324915422,-1.3948962296,-0.0425536627920983,2.6856103489,0.3210488155999997,2.6413892719,-0.9748962296
1007,1007,1007.0,1007.0,1007.0,1007.0,1007.0,1007.0,1007.0,1007.0,1007.0,1007.0,1007.0,1007.0,1007.0,1007.0,1007.0,1007.0,1007.0,1007.0,1007.0,1007.0,1007.0,1007.0,1007.0,1007.0,1007.0,1007.0,1007.0,1007.0,1007.0,1007.0,1007.0,1007.0,7.0,0.7,-1.265439743,-1.266203395,-13.101242219666284,3.0066591645,0.6164845153000003,2.3203404563,-1.0862033949999998
1008,1008,1008.0,1008.0,1008.0,1008.0,1008.0,1008.0,1008.0,1008.0,1008.0,1008.0,1008.0,1008.0,1008.0,1008.0,1008.0,1008.0,1008.0,1008.0,1008.0,1008.0,1008.0,1008.0,1008.0,1008.0,1008.0,1008.0,1008.0,1008.0,1008.0,1008.0,1008.0,1008.0,8.0,0.8,-1.4493105168,-2.3924568433,3.164716380075877,3.6231436798,0.7020218709000003,1.7038559409999996,-2.6124568433000004
1009,1009,1009.0,1009.0,1009.0,1009.0,1009.0,1009.0,1009.0,1009.0,1009.0,1009.0,1009.0,1009.0,1009.0,1009.0,1009.0,1009.0,1009.0,1009.0,1009.0,1009.0,1009.0,1009.0,1009.0,1009.0,1009.0,1009.0,1009.0,1009.0,1009.0,1009.0,1009.0,1009.0,9.0,0.9,-1.661673955,-1.863621767,-13.412720453942498,4.3251655507,1.0018340700999993,1.0018340700999993,-2.643621767
1010,1010,1010.0,1010.0,1010.0,1010.0,1010.0,1010.0,1010.0,1010.0,1010.0,1010.0,1010.0,1010.0,1010.0,1010.0,1010.0,1010.0,1010.0,1010.0,1010.0,1010.0,1010.0,1010.0,1010.0,1010.0,1010.0,1010.0,1010.0,1010.0,1010.0,1010.0,1010.0,1010.0,0.0,0.0,0.0,-1.0,1.7557265686259704,0.0,0.0774999903,2.1781940817000005,2.0994815013
1011,1011,1011.0,1011.0,1011.0,1011.0,1011.0,1011.0,1011.0,1011.0,1011.0,1011.0,1011.0,1011.0,1011.0,1011.0,1011.0,1011.0,1011.0,1011.0,1011.0,1011.0,1011.0,1011.0,1011.0,1011.0,1011.0,1011.0,1011.0,1011.0,1011.0,1011.0,1011.0,1011.0,1.0,0.1,-0.0866693993,-0.7377579438,15.325545355507536,0.0774999903,0.1380126625,2.1006940914000003,2.0994815013
1012,1012,1012.0,1012.0,1012.0,1012.0,1012.0,1012.0,1012.0,1012.0,1012.0,1012.0,1012.0,1012.0,1012.0,1012.0,1012.0,1012.0,1012.0,1012.0,1012.0,1012.0,1012.0,1012.0,1012.0,1012.0,1012.0,1012.0,1012.0,1012.0,1012.0,1012.0,1012.0,1012.0,2.0,0.2,-0.0827402777,0.7908674701,12.65071831479429,0.2155126528,0.2770556223,1.9626814289,2.0994815013
1013,1013,1013.0,1013.0,1013.0,1013.0,1013.0,1013.0,1013.0,1013.0,1013.0,1013.0,1013.0,1013.0,1013.0,1013.0,1013.0,1013.0,1013.0,1013.0,1013.0,1013.0,1013.0,1013.0,1013.0,1013.0,1013.0,1013.0,1013.0,1013.0,1013.0,1013.0,1013.0,1013.0,3.0,0.3,0.0537175226,1.9194815013,-6.3949320890331975,0.4925682751,0.2579258719999999,1.6856258066,2.0994815013
1014,1014,1014.0,1014.0,1014.0,1014.0,1014.0,1014.0,1014.0,1014.0,1014.0,1014.0,1014.0,1014.0,1014.0,1014.0,1014.0,1014.0,1014.0,1014.0,1014.0,1014.0,1014.0,1014.0,1014.0,1014.0,1014.0,1014.0,1014.0,1014.0,1014.0,1014.0,1014.0,1014.0,4.0,0.4,0.2054454644,1.1282603506,-15.5538650759837,0.7504941471,0.1578044092,1.4276999346,2.0994815013
1015,1015,1015.0,1015.0,1015.0,1015.0,1015.0,1015.0,1015.0,1015.0,1015.0,1015.0,1015.0,1015.0,1015.0,1015.0,1015.0,1015.0,1015.0,1015.0,1015.0,1015.0,1015.0,1015.0,1015.0,1015.0,1015.0,1015.0,1015.0,1015.0,1015.0,1015.0,1015.0,1015.0,5.0,0.5,0.2375730901,-0.4592537827,-9.46939637442962,0.9082985563,0.135149007,1.2698955254,2.0994815013
1016,1016,1016.0,1016.0,1016.0,1016.0,1016.0,1016.0,1016.0,1016.0,1016.0,1016.0,1016.0,1016.0,1016.0,1016.0,1016.0,1016.0,1016.0,1016.0,1016.0,1016.0,1016.0,1016.0,1016.0,1016.0,1016.0,1016.0,1016.0,1016.0,1016.0,1016.0,1016.0,1016.0,6.0,0.6,0.1480618824,-1.3166822124,14.533097164927156,1.0434475633,0.156001552,1.1347465184,2.0994815013
1017,1017,1017.0,1017.0,1017.0,1017.0,1017.0,1017.0,1017.0,1017.0,1017.0,1017.0,1017.0,1017.0,1017.0,1017.0,1017.0,1017.0,1017.0,1017.0,1017.0,1017.0,1017.0,1017.0,1017.0,1017.0,1017.0,1017.0,1017.0,1017.0,1017.0,1017.0,1017.0,1017.0,7.0,0.7,0.0930656653,0.1916237211,3.580790181343552,1.1994491153,0.0211030520999999,0.9787449664,2.0994815013
1018,1018,1018.0,1018.0,1018.0,1018.0,1018.0,1018.0,1018.0,1018.0,1018.0,1018.0,1018.0,1018.0,1018.0,1018.0,1018.0,1018.0,1018.0,1018.0,1018.0,1018.0,1018.0,1018.0,1018.0,1018.0,1018.0,1018.0,1018.0,1018.0,1018.0,1018.0,1018.0,1018.0,8.0,0.8,0.1286226306,0.5141457739,10.868042294819151,1.2205521674,0.1731868746,0.9576419143,2.0994815013
1019,1019,1019.0,1019.0,1019.0,1019.0,1019.0,1019.0,1019.0,1019.0,1019.0,1019.0,1019.0,1019.0,1019.0,1019.0,1019.0,1019.0,1019.0,1019.0,1019.0,1019.0,1019.0,1019.0,1019.0,1019.0,1019.0,1019.0,1019.0,1019.0,1019.0,1019.0,1019.0,1019.0,9.0,0.9,0.2301233362,1.4994492979,19.42120141163609,1.393739042,0.7844550397000001,0.7844550397000001,2.0994815013
1020,1020,1020.0,1020.0,1020.0,1020.0,1020.0,1020.0,1020.0,1020.0,1020.0,1020.0,1020.0,1020.0,1020.0,1020.0,1020.0,1020.0,1020.0,1020.0,1020.0,1020.0,1020.0,1020.0,1020.0,1020.0,1020.0,1020.0,1020.0,1020.0,1020.0,1020.0,1020.0,1020.0,0.0,0.0,0.0,-1.0,-9.732279949041548,0.0,0.2560211568,4.262069795100001,-2.5
1021,1021,1021.0,1021.0,1021.0,1021.0,1021.0,1021.0,1021.0,1021.0,1021.0,1021.0,1021.0,1021.0,1021.0,1021.0,1021.0,1021.0,1021.0,1021.0,1021.0,1021.0,1021.0,1021.0,1021.0,1021.0,1021.0,1021.0,1021.0,1021.0,1021.0,1021.0,1021.0,1021.0,1.0,0.1,-0.1422416905,-1.8309863044,7.248080128224252,0.2560211568,0.2311568906,4.006048638300001,-2.6109863044000003
1022,1022,1022.0,1022.0,1022.0,1022.0,1022.0,1022.0,1022.0,1022.0,1022.0,1022.0,1022.0,1022.0,1022.0,1022.0,1022.0,1022.0,1022.0,1022.0,1022.0,1022.0,1022.0,1022.0,1022.0,1022.0,1022.0,1022.0,1022.0,1022.0,1022.0,1022.0,1022.0,1022.0,2.0,0.2,-0.2814211355,-0.9669988466,-3.0741977729466257,0.4871780474,0.1305193811,3.774891747700001,-1.1869988466
1023,1023,1023.0,1023.0,1023.0,1023.0,1023.0,1023.0,1023.0,1023.0,1023.0,1023.0,1023.0,1023.0,1023.0,1023.0,1023.0,1023.0,1023.0,1023.0,1023.0,1023.0,1023.0,1023.0,1023.0,1023.0,1023.0,1023.0,1023.0,1023.0,1023.0,1023.0,1023.0,1023.0,3.0,0.3,-0.3883144503,-1.1675253091,-14.234530278012482,0.6176974285,0.4602308055,3.6443723666000007,-0.9875253091
1024,1024,1024.0,1024.0,1024.0,1024.0,1024.0,1024.0,1024.0,1024.0,1024.0,1024.0,1024.0,1024.0,1024.0,1024.0,1024.0,1024.0,1024.0,1024.0,1024.0,1024.0,1024.0,1024.0,1024.0,1024.0,1024.0,1024.0,1024.0,1024.0,1024.0,1024.0,1024.0,1024.0,4.0,0.4,-0.5682775354,-2.4110152518,11.227765880257593,1.077928234,0.4284543407999999,3.184141561100001,-1.9910152518
1025,1025,1025.0,1025.0,1025.0,1025.0,1025.0,1025.0,1025.0,1025.0,1025.0,1025.0,1025.0,1025.0,1025.0,1025.0,1025.0,1025.0,1025.0,1025.0,1025.0,1025.0,1025.0,1025.0,1025.0,1025.0,1025.0,1025.0,1025.0,1025.0,1025.0,1025.0,1025.0,1025.0,5.0,0.5,-0.7434025978,-1.1131136014,-13.628390007071864,1.5063825748,0.4674183799,2.7556872203000005,-0.6131136014
1026,1026,1026.0,1026.0,1026.0,1026.0,1026.0,1026.0,1026.0,1026.0,1026.0,1026.0,1026.0,1026.0,1026.0,1026.0,1026.0,1026.0,1026.0,1026.0,1026.0,1026.0,1026.0,1026.0,1026.0,1026.0,1026.0,1026.0,1026.0,1026.0,1026.0,1026.0,1026.0,1026.0,6.0,0.6,-0.9152552965,-2.3040999034,-1.2796795834071162,1.9738009547,0.6154681006,2.2882688404000007,-1.8840999034
1027,1027,1027.0,1027.0,1027.0,1027.0,1027.0,1027.0,1027.0,1027.0,1027.0,1027.0,1027.0,1027.0,1027.0,1027.0,1027.0,1027.0,1027.0,1027.0,1027.0,1027.0,1027.0,1027.0,1027.0,1027.0,1027.0,1027.0,1027.0,1027.0,1027.0,1027.0,1027.0,1027.0,7.0,0.7,-1.1407102163,-2.2066129419,-4.652397026015329,2.5892690553,0.7097601806,1.6728007398000004,-2.0266129419
1028,1028,1028.0,1028.0,1028.0,1028.0,1028.0,1028.0,1028.0,1028.0,1028.0,1028.0,1028.0,1028.0,1028.0,1028.0,1028.0,1028.0,1028.0,1028.0,1028.0,1028.0,1028.0,1028.0,1028.0,1028.0,1028.0,1028.0,1028.0,1028.0,1028.0,1028.0,1028.0,1028.0,8.0,0.8,-1.3732028379,-2.4393600229,10.64958416045993,3.2990292359,0.6133841115999998,0.9630405592000004,-2.6593600229
1029,1029,1029.0,1029.0,1029.0,1029.0,1029.0,1029.0,1029.0,1029.0,1029.0,1029.0,1029.0,1029.0,1029.0,1029.0,1029.0,1029.0,1029.0,1029.0,1029.0,1029.0,1029.0,1029.0,1029.0,1029.0,1029.0,1029.0,1029.0,1029.0,1029.0,1029.0,1029.0,1029.0,9.0,0.9,-1.5538223883,-1.1937820564,6.316279612144591,3.9124133475,0.3496564476000006,0.3496564476000006,-1.9737820564
1030,1030,1030.0,1030.0,1030.0,1030.0,1030.0,1030.0,1030.0,1030.0,1030.0,1030.0,1030.0,1030.0,1030.0,1030.0,1030.0,1030.0,1030.0,1030.0,1030.0,1030.0,1030.0,1030.0,1030.0,1030.0,1030.0,1030.0,1030.0,1030.0,1030.0,1030.0,1030.0,1030.0,0.0,0.0,0.0,-1.0,-13.11466783862321,0.0,0.3493203371,9.9514690612,-2.5
1031,1031,1031.0,1031.0,1031.0,1031.0,1031.0,1031.0,1031.0,1031.0,1031.0,1031.0,1031.0,1031.0,1031.0,1031.0,1031.0,1031.0,1031.0,1031.0,1031.0,1031.0,1031.0,1031.0,1031.0,1031.0,1031.0,1031.0,1031.0,1031.0,1031.0,1031.0,1031.0,1031.0,1.0,0.1,-0.158603714,-2.1528630698,19.50075670014867,0.3493203371,0.3531521113,9.6021487241,-2.9328630698
1032,1032,1032.0,1032.0,1032.0,1032.0,1032.0,1032.0,1032.0,1032.0,1032.0,1032.0,1032.0,1032.0,1032.0,1032.0,1032.0,1032.0,1032.0,1032.0,1032.0,1032.0,1032.0,1032.0,1032.0,1032.0,1032.0,1032.0,1032.0,1032.0,1032.0,1032.0,1032.0,1032.0,2.0,0.2,-0.2691424123,-0.0922487016,-4.241918606578938,0.7024724484,0.0267573084,9.2489966128,-0.3122487015999999
1033,1033,1033.0,1033.0,1033.0,1033.0,1033.0,1033.0,1033.0,1033.0,1033.0,1033.0,1033.0,1033.0,1033.0,1033.0,1033.0,1033.0,1033.0,1033.0,1033.0,1033.0,1033.0,1033.0,1033.0,1033.0,1033.0,1033.0,1033.0,1033.0,1033.0,1033.0,1033.0,1033.0,3.0,0.3,-0.2984408185,-0.487142156,-19.767195997566468,0.7292297568,0.4377202109999999,9.2222393044,-0.307142156
1034,1034,1034.0,1034.0,1034.0,1034.0,1034.0,1034.0,1034.0,1034.0,1034.0,1034.0,1034.0,1034.0,1034.0,1034.0,1034.0,1034.0,1034.0,1034.0,1034.0,1034.0,1034.0,1034.0,1034.0,1034.0,1034.0,1034.0,1034.0,1034.0,1034.0,1034.0,1034.0,1034.0,4.0,0.4,-0.4404206273,-2.321881947,-6.688065981366913,1.1669499678,0.6977614164000001,8.784519093399998,-1.901881947
1035,1035,1035.0,1035.0,1035.0,1035.0,1035.0,1035.0,1035.0,1035.0,1035.0,1035.0,1035.0,1035.0,1035.0,1035.0,1035.0,1035.0,1035.0,1035.0,1035.0,1035.0,1035.0,1035.0,1035.0,1035.0,1035.0,1035.0,1035.0,1035.0,1035.0,1035.0,1035.0,1035.0,5.0,0.5,-0.693729824,-2.7373793484,-19.51103034146335,1.8647113842,1.5456091283999998,8.086757676999998,-2.2373793484
1036,1036,1036.0,1036.0,1036.0,1036.0,1036.0,1036.0,1036.0,1036.0,1036.0,1036.0,1036.0,1036.0,1036.0,1036.0,1036.0,1036.0,1036.0,1036.0,1036.0,1036.0,1036.0,1036.0,1036.0,1036.0,1036.0,1036.0,1036.0,1036.0,1036.0,1036.0,1036.0,1036.0,6.0,0.6,-1.0486089014,-4.3336033052,0.3485099173245416,3.4103205126,1.8481392426,6.541148548599999,-3.9136033052
1037,1037,1037.0,1037.0,1037.0,1037.0,1037.0,1037.0,1037.0,1037.0,1037.0,1037.0,1037.0,1037.0,1037.0,1037.0,1037.0,1037.0,1037.0,1037.0,1037.0,1037.0,1037.0,1037.0,1037.0,1037.0,1037.0,1037.0,1037.0,1037.0,1037.0,1037.0,1037.0,1037.0,7.0,0.7,-1.4593202209,-3.8880409939,6.59291350591154,5.2584597552,1.4419995396000005,4.693009306,-3.7080409939
1038,1038,1038.0,1038.0,1038.0,1038.0,1038.0,1038.0,1038.0,1038.0,1038.0,1038.0,1038.0,1038.0,1038.0,1038.0,1038.0,1038.0,1038.0,1038.0,1038.0,1038.0,1038.0,1038.0,1038.0,1038.0,1038.0,1038.0,1038.0,1038.0,1038.0,1038.0,1038.0,1038.0,8.0,0.8,-1.7974239577,-2.8906459065,-9.62144472209804,6.7004592948,1.4663737565999997,3.2510097664,-3.1106459065000003
1039,1039,1039.0,1039.0,1039.0,1039.0,1039.0,1039.0,1039.0,1039.0,1039.0,1039.0,1039.0,1039.0,1039.0,1039.0,1039.0,1039.0,1039.0,1039.0,1039.0,1039.0,1039.0,1039.0,1039.0,1039.0,1039.0,1039.0,1039.0,1039.0,1039.0,1039.0,1039.0,1039.0,9.0,0.9,-2.1190480582,-3.5311662783,-3.621086171873408,8.1668330514,1.7846360097999998,1.7846360097999998,-4.3111662783
1040,1040,1040.0,1040.0,1040.0,1040.0,1040.0,1040.0,1040.0,1040.0,1040.0,1040.0,1040.0,1040.0,1040.0,1040.0,1040.0,1040.0,1040.0,1040.0,1040.0,1040.0,1040.0,1040.0,1040.0,1040.0,1040.0,1040.0,1040.0,1040.0,1040.0,1040.0,1040.0,1040.0,0.0,0.0,0.0,-1.0,-11.381754729672506,0.0,0.2992048733,3.0836747546,0.0868204302999999
1041,1041,1041.0,1041.0,1041.0,1041.0,1041.0,1041.0,1041.0,1041.0,1041.0,1041.0,1041.0,1041.0,1041.0,1041.0,1041.0,1041.0,1041.0,1041.0,1041.0,1041.0,1041.0,1041.0,1041.0,1041.0,1041.0,1041.0,1041.0,1041.0,1041.0,1041.0,1041.0,1041.0,1.0,0.1,-0.150220889,-1.9879545839,5.656441243567812,0.2992048733,0.2880976739999999,2.7844698813,0.0868204302999999
1042,1042,1042.0,1042.0,1042.0,1042.0,1042.0,1042.0,1042.0,1042.0,1042.0,1042.0,1042.0,1042.0,1042.0,1042.0,1042.0,1042.0,1042.0,1042.0,1042.0,1042.0,1042.0,1042.0,1042.0,1042.0,1042.0,1042.0,1042.0,1042.0,1042.0,1042.0,1042.0,1042.0,2.0,0.2,-0.3120372508,-1.2604940978,8.006178216874527,0.5873025473,0.1175150734,2.4963722073000003,0.0868204302999999
1043,1043,1043.0,1043.0,1043.0,1043.0,1043.0,1043.0,1043.0,1043.0,1043.0,1043.0,1043.0,1043.0,1043.0,1043.0,1043.0,1043.0,1043.0,1043.0,1043.0,1043.0,1043.0,1043.0,1043.0,1043.0,1043.0,1043.0,1043.0,1043.0,1043.0,1043.0,1043.0,1043.0,3.0,0.3,-0.393259903,-0.3786536239,-6.272854755376995,0.7048176207,0.0841825183,2.3788571339000004,0.0868204302999999
1044,1044,1044.0,1044.0,1044.0,1044.0,1044.0,1044.0,1044.0,1044.0,1044.0,1044.0,1044.0,1044.0,1044.0,1044.0,1044.0,1044.0,1044.0,1044.0,1044.0,1044.0,1044.0,1044.0,1044.0,1044.0,1044.0,1044.0,1044.0,1044.0,1044.0,1044.0,1044.0,1044.0,4.0,0.4,-0.4596379898,-0.9395610127,4.591830117574464,0.789000139,0.0828068469,2.2946746156000004,0.0868204302999999
1045,1045,1045.0,1045.0,1045.0,1045.0,1045.0,1045.0,1045.0,1045.0,1045.0,1045.0,1045.0,1045.0,1045.0,1045.0,1045.0,1045.0,1045.0,1045.0,1045.0,1045.0,1045.0,1045.0,1045.0,1045.0,1045.0,1045.0,1045.0,1045.0,1045.0,1045.0,1045.0,1045.0,5.0,0.5,-0.526836421,-0.4131795697,-8.776001307366666,0.8718069859,0.1421923581999998,2.2118677687000003,0.0868204302999999
1046,1046,1046.0,1046.0,1046.0,1046.0,1046.0,1046.0,1046.0,1046.0,1046.0,1046.0,1046.0,1046.0,1046.0,1046.0,1046.0,1046.0,1046.0,1046.0,1046.0,1046.0,1046.0,1046.0,1046.0,1046.0,1046.0,1046.0,1046.0,1046.0,1046.0,1046.0,1046.0,1046.0,6.0,0.6,-0.608608845,-1.2090072764,-15.826074249979772,1.0139993441,0.5568056929,2.0696754105000004,0.0868204302999999
1047,1047,1047.0,1047.0,1047.0,1047.0,1047.0,1047.0,1047.0,1047.0,1047.0,1047.0,1047.0,1047.0,1047.0,1047.0,1047.0,1047.0,1047.0,1047.0,1047.0,1047.0,1047.0,1047.0,1047.0,1047.0,1047.0,1047.0,1047.0,1047.0,1047.0,1047.0,1047.0,1047.0,7.0,0.7,-0.8002184361,-2.6000051104,4.209777784087226,1.570805037,0.6128272700999999,1.5128697176,0.0868204302999999
1048,1048,1048.0,1048.0,1048.0,1048.0,1048.0,1048.0,1048.0,1048.0,1048.0,1048.0,1048.0,1048.0,1048.0,1048.0,1048.0,1048.0,1048.0,1048.0,1048.0,1048.0,1048.0,1048.0,1048.0,1048.0,1048.0,1048.0,1048.0,1048.0,1048.0,1048.0,1048.0,1048.0,8.0,0.8,-1.0272771562,-1.9519686119,5.875593796283592,2.1836323071,0.3933155364000003,0.9000424475000002,0.0868204302999999
1049,1049,1049.0,1049.0,1049.0,1049.0,1049.0,1049.0,1049.0,1049.0,1049.0,1049.0,1049.0,1049.0,1049.0,1049.0,1049.0,1049.0,1049.0,1049.0,1049.0,1049.0,1049.0,1049.0,1049.0,1049.0,1049.0,1049.0,1049.0,1049.0,1049.0,1049.0,1049.0,1049.0,9.0,0.9,-1.1846090265,-1.2070773619,-10.905413097732506,2.5769478435,0.5067269110999999,0.5067269110999999,0.0868204302999999
1050,1050,1050.0,1050.0,1050.0,1050.0,1050.0,1050.0,1050.0,1050.0,1050.0,1050.0,1050.0,1050.0,1050.0,1050.0,1050.0,1050.0,1050.0,1050.0,1050.0,1050.0,1050.0,1050.0,1050.0,1050.0,1050.0,1050.0,1050.0,1050.0,1050.0,1050.0,1050.0,1050.0,0.0,0.0,0.0,-1.0,-18.68961108792739,0.0,0.5435441309,30.0681982972,-2.5
1051,1051,1051.0,1051.0,1051.0,1051.0,1051.0,1051.0,1051.0,1051.0,1051.0,1051.0,1051.0,1051.0,1051.0,1051.0,1051.0,1051.0,1051.0,1051.0,1051.0,1051.0,1051.0,1051.0,1051.0,1051.0,1051.0,1051.0,1051.0,1051.0,1051.0,1051.0,1051.0,1051.0,1.0,0.1,-0.1855720422,-2.6833890666,-9.459668252650957,0.5435441309,0.9666317205,29.524654166300003,-3.4633890666000005
1052,1052,1052.0,1052.0,1052.0,1052.0,1052.0,1052.0,1052.0,1052.0,1052.0,1052.0,1052.0,1052.0,1052.0,1052.0,1052.0,1052.0,1052.0,1052.0,1052.0,1052.0,1052.0,1052.0,1052.0,1052.0,1052.0,1052.0,1052.0,1052.0,1052.0,1052.0,1052.0,1052.0,2.0,0.2,-0.4866903626,-3.3282375715,-18.86469793975533,1.5101758514,1.9080391771,28.5580224458,-3.5482375715
1053,1053,1053.0,1053.0,1053.0,1053.0,1053.0,1053.0,1053.0,1053.0,1053.0,1053.0,1053.0,1053.0,1053.0,1053.0,1053.0,1053.0,1053.0,1053.0,1053.0,1053.0,1053.0,1053.0,1053.0,1053.0,1053.0,1053.0,1053.0,1053.0,1053.0,1053.0,1053.0,1053.0,3.0,0.3,-0.8946704693,-4.8067272587,-6.261584696176845,3.4182150285,2.5297378532,26.6499832687,-4.6267272587
1054,1054,1054.0,1054.0,1054.0,1054.0,1054.0,1054.0,1054.0,1054.0,1054.0,1054.0,1054.0,1054.0,1054.0,1054.0,1054.0,1054.0,1054.0,1054.0,1054.0,1054.0,1054.0,1054.0,1054.0,1054.0,1054.0,1054.0,1054.0,1054.0,1054.0,1054.0,1054.0,1054.0,4.0,0.4,-1.382380471,-4.9451757266,-19.10401871195024,5.9479528817,3.6431811773,24.1202454155,-4.5251757266
1055,1055,1055.0,1055.0,1055.0,1055.0,1055.0,1055.0,1055.0,1055.0,1055.0,1055.0,1055.0,1055.0,1055.0,1055.0,1055.0,1055.0,1055.0,1055.0,1055.0,1055.0,1055.0,1055.0,1055.0,1055.0,1055.0,1055.0,1055.0,1055.0,1055.0,1055.0,1055.0,1055.0,5.0,0.5,-1.9453903296,-6.2925677392,-1.7053798316490116,9.591134059,4.1988438175,20.4770642382,-5.7925677392
1056,1056,1056.0,1056.0,1056.0,1056.0,1056.0,1056.0,1056.0,1056.0,1056.0,1056.0,1056.0,1056.0,1056.0,1056.0,1056.0,1056.0,1056.0,1056.0,1056.0,1056.0,1056.0,1056.0,1056.0,1056.0,1056.0,1056.0,1056.0,1056.0,1056.0,1056.0,1056.0,1056.0,6.0,0.6,-2.5524577124,-5.8560383396,13.717353409962024,13.7899778765,3.3265867995,16.2782204207,-5.4360383396000005
1057,1057,1057.0,1057.0,1057.0,1057.0,1057.0,1057.0,1057.0,1057.0,1057.0,1057.0,1057.0,1057.0,1057.0,1057.0,1057.0,1057.0,1057.0,1057.0,1057.0,1057.0,1057.0,1057.0,1057.0,1057.0,1057.0,1057.0,1057.0,1057.0,1057.0,1057.0,1057.0,1057.0,7.0,0.7,-3.0433773459,-3.9933833651,-18.454573464378807,17.116564676,3.457301757100001,12.9516336212,-3.8133833651
1058,1058,1058.0,1058.0,1058.0,1058.0,1058.0,1058.0,1058.0,1058.0,1058.0,1058.0,1058.0,1058.0,1058.0,1058.0,1058.0,1058.0,1058.0,1058.0,1058.0,1058.0,1058.0,1058.0,1058.0,1058.0,1058.0,1058.0,1058.0,1058.0,1058.0,1058.0,1058.0,1058.0,8.0,0.8,-3.5126704407,-5.3695476167,-13.127946428726831,20.5738664331,4.8330754154,9.494331864099998,-5.589547616700001
1059,1059,1059.0,1059.0,1059.0,1059.0,1059.0,1059.0,1059.0,1059.0,1059.0,1059.0,1059.0,1059.0,1059.0,1059.0,1059.0,1059.0,1059.0,1059.0,1059.0,1059.0,1059.0,1059.0,1059.0,1059.0,1059.0,1059.0,1059.0,1059.0,1059.0,1059.0,1059.0,1059.0,9.0,0.9,-4.0871554542,-6.1078572462,14.215599876724674,25.4069418485,4.661256448699998,4.661256448699998,-6.8878572462
1060,1060,1060.0,1060.0,1060.0,1060.0,1060.0,1060.0,1060.0,1060.0,1060.0,1060.0,1060.0,1060.0,1060.0,1060.0,1060.0,1060.0,1060.0,1060.0,1060.0,1060.0,1060.0,1060.0,1060.0,1060.0,1060.0,1060.0,1060.0,1060.0,1060.0,1060.0,1060.0,1060.0,0.0,0.0,0.0,-1.0,-11.09483276626159,0.0,0.2913765419,7.659338150100001,-2.5
1061,1061,1061.0,1061.0,1061.0,1061.0,1061.0,1061.0,1061.0,1061.0,1061.0,1061.0,1061.0,1061.0,1061.0,1061.0,1061.0,1061.0,1061.0,1061.0,1061.0,1061.0,1061.0,1061.0,1061.0,1061.0,1061.0,1061.0,1061.0,1061.0,1061.0,1061.0,1061.0,1061.0,1.0,0.1,-0.1488329276,-1.960650349,-9.975023897052155,0.2913765419,0.6132822403,7.367961608200001,-2.740650349
1062,1062,1062.0,1062.0,1062.0,1062.0,1062.0,1062.0,1062.0,1062.0,1062.0,1062.0,1062.0,1062.0,1062.0,1062.0,1062.0,1062.0,1062.0,1062.0,1062.0,1062.0,1062.0,1062.0,1062.0,1062.0,1062.0,1062.0,1062.0,1062.0,1062.0,1062.0,1062.0,1062.0,2.0,0.2,-0.3836668242,-2.7233188421,-3.5524717680651747,0.9046587822,0.7978168090000001,6.754679367900001,-2.9433188421
1063,1063,1063.0,1063.0,1063.0,1063.0,1063.0,1063.0,1063.0,1063.0,1063.0,1063.0,1063.0,1063.0,1063.0,1063.0,1063.0,1063.0,1063.0,1063.0,1063.0,1063.0,1063.0,1063.0,1063.0,1063.0,1063.0,1063.0,1063.0,1063.0,1063.0,1063.0,1063.0,1063.0,3.0,0.3,-0.6600096043,-2.8022232388,12.61072059654378,1.7024755912,0.5808397693,5.9568625589,-2.6222232388
1064,1064,1064.0,1064.0,1064.0,1064.0,1064.0,1064.0,1064.0,1064.0,1064.0,1064.0,1064.0,1064.0,1064.0,1064.0,1064.0,1064.0,1064.0,1064.0,1064.0,1064.0,1064.0,1064.0,1064.0,1064.0,1064.0,1064.0,1064.0,1064.0,1064.0,1064.0,1064.0,1064.0,4.0,0.4,-0.8656731034,-1.3354876801,-7.382594214555937,2.2833153605,0.3840611544999999,5.3760227896,-0.9154876801
1065,1065,1065.0,1065.0,1065.0,1065.0,1065.0,1065.0,1065.0,1065.0,1065.0,1065.0,1065.0,1065.0,1065.0,1065.0,1065.0,1065.0,1065.0,1065.0,1065.0,1065.0,1065.0,1065.0,1065.0,1065.0,1065.0,1065.0,1065.0,1065.0,1065.0,1065.0,1065.0,1065.0,5.0,0.5,-1.0284743109,-1.910945894,-19.7938487431113,2.667376515,1.1242647208999998,4.9919616351,-1.410945894
1066,1066,1066.0,1066.0,1066.0,1066.0,1066.0,1066.0,1066.0,1066.0,1066.0,1066.0,1066.0,1066.0,1066.0,1066.0,1066.0,1066.0,1066.0,1066.0,1066.0,1066.0,1066.0,1066.0,1066.0,1066.0,1066.0,1066.0,1066.0,1066.0,1066.0,1066.0,1066.0,1066.0,6.0,0.6,-1.3060759826,-3.6127290967,1.467845353152608,3.7916412359,1.3561896404999998,3.8676969142,-3.1927290967
1067,1067,1067.0,1067.0,1067.0,1067.0,1067.0,1067.0,1067.0,1067.0,1067.0,1067.0,1067.0,1067.0,1067.0,1067.0,1067.0,1067.0,1067.0,1067.0,1067.0,1067.0,1067.0,1067.0,1067.0,1067.0,1067.0,1067.0,1067.0,1067.0,1067.0,1067.0,1067.0,1067.0,7.0,0.7,-1.6427719808,-3.1292485631,2.802937721596731,5.1478308764,1.1353743515000003,2.5115072737000004,-2.9492485631
1068,1068,1068.0,1068.0,1068.0,1068.0,1068.0,1068.0,1068.0,1068.0,1068.0,1068.0,1068.0,1068.0,1068.0,1068.0,1068.0,1068.0,1068.0,1068.0,1068.0,1068.0,1068.0,1068.0,1068.0,1068.0,1068.0,1068.0,1068.0,1068.0,1068.0,1068.0,1068.0,1068.0,8.0,0.8,-1.9270004718,-2.5647262999,19.764734118471296,6.2832052279,0.8611298625000003,1.3761329222,-2.7847262999
1069,1069,1069.0,1069.0,1069.0,1069.0,1069.0,1069.0,1069.0,1069.0,1069.0,1069.0,1069.0,1069.0,1069.0,1069.0,1069.0,1069.0,1069.0,1069.0,1069.0,1069.0,1069.0,1069.0,1069.0,1069.0,1069.0,1069.0,1069.0,1069.0,1069.0,1069.0,1069.0,1069.0,9.0,0.9,-2.0754561549,-0.439797205,-6.045154921897584,7.1443350904,0.5150030596999997,0.5150030596999997,-1.2197972050000003
1070,1070,1070.0,1070.0,1070.0,1070.0,1070.0,1070.0,1070.0,1070.0,1070.0,1070.0,1070.0,1070.0,1070.0,1070.0,1070.0,1070.0,1070.0,1070.0,1070.0,1070.0,1070.0,1070.0,1070.0,1070.0,1070.0,1070.0,1070.0,1070.0,1070.0,1070.0,1070.0,1070.0,0.0,0.0,0.0,-1.0,-12.332584266553257,0.0,0.326100361,7.9552787017,1.0023898001999998
1071,1071,1071.0,1071.0,1071.0,1071.0,1071.0,1071.0,1071.0,1071.0,1071.0,1071.0,1071.0,1071.0,1071.0,1071.0,1071.0,1071.0,1071.0,1071.0,1071.0,1071.0,1071.0,1071.0,1071.0,1071.0,1071.0,1071.0,1071.0,1071.0,1071.0,1071.0,1071.0,1071.0,1.0,0.1,-0.1548204488,-2.0784379778,10.067370020604097,0.326100361,0.2899839494,7.6291783407,1.0023898001999998
1072,1072,1072.0,1072.0,1072.0,1072.0,1072.0,1072.0,1072.0,1072.0,1072.0,1072.0,1072.0,1072.0,1072.0,1072.0,1072.0,1072.0,1072.0,1072.0,1072.0,1072.0,1072.0,1072.0,1072.0,1072.0,1072.0,1072.0,1072.0,1072.0,1072.0,1072.0,1072.0,1072.0,2.0,0.2,-0.3039099532,-0.9226114713,17.414440361254556,0.6160843104,0.1873907849999999,7.3391943913,1.0023898001999998
1073,1073,1073.0,1073.0,1073.0,1073.0,1073.0,1073.0,1073.0,1073.0,1073.0,1073.0,1073.0,1073.0,1073.0,1073.0,1073.0,1073.0,1073.0,1073.0,1073.0,1073.0,1073.0,1073.0,1073.0,1073.0,1073.0,1073.0,1073.0,1073.0,1073.0,1073.0,1073.0,1073.0,3.0,0.3,-0.3074671886,0.8223898002,-18.79677307404156,0.8034750954,0.2162073826,7.151803606300001,1.0023898001999998
1074,1074,1074.0,1074.0,1074.0,1074.0,1074.0,1074.0,1074.0,1074.0,1074.0,1074.0,1074.0,1074.0,1074.0,1074.0,1074.0,1074.0,1074.0,1074.0,1074.0,1074.0,1074.0,1074.0,1074.0,1074.0,1074.0,1074.0,1074.0,1074.0,1074.0,1074.0,1074.0,1074.0,4.0,0.4,-0.3201342875,-1.0446204084,-15.63729796750136,1.019682478,0.4607178181,6.9355962237,1.0023898001999998
1075,1075,1075.0,1075.0,1075.0,1075.0,1075.0,1075.0,1075.0,1075.0,1075.0,1075.0,1075.0,1075.0,1075.0,1075.0,1075.0,1075.0,1075.0,1075.0,1075.0,1075.0,1075.0,1075.0,1075.0,1075.0,1075.0,1075.0,1075.0,1075.0,1075.0,1075.0,1075.0,1075.0,5.0,0.5,-0.4951870396,-2.4332974531,-19.316327315883065,1.4804002961,1.3067143018,6.4748784056,1.0023898001999998
1076,1076,1076.0,1076.0,1076.0,1076.0,1076.0,1076.0,1076.0,1076.0,1076.0,1076.0,1076.0,1076.0,1076.0,1076.0,1076.0,1076.0,1076.0,1076.0,1076.0,1076.0,1076.0,1076.0,1076.0,1076.0,1076.0,1076.0,1076.0,1076.0,1076.0,1076.0,1076.0,1076.0,6.0,0.6,-0.820187044,-4.0399301802,0.3312414835402286,2.7871145979,1.5714894577999998,5.168164103800001,1.0023898001999998
1077,1077,1077.0,1077.0,1077.0,1077.0,1077.0,1077.0,1077.0,1077.0,1077.0,1077.0,1077.0,1077.0,1077.0,1077.0,1077.0,1077.0,1077.0,1077.0,1077.0,1077.0,1077.0,1077.0,1077.0,1077.0,1077.0,1077.0,1077.0,1077.0,1077.0,1077.0,1077.0,1077.0,7.0,0.7,-1.2030352308,-3.623957845,-4.878244784387494,4.3586040557,1.5629822878999995,3.5966746460000003,1.0023898001999998
1078,1078,1078.0,1078.0,1078.0,1078.0,1078.0,1078.0,1078.0,1078.0,1078.0,1078.0,1078.0,1078.0,1078.0,1078.0,1078.0,1078.0,1078.0,1078.0,1078.0,1078.0,1078.0,1078.0,1078.0,1078.0,1078.0,1078.0,1078.0,1078.0,1078.0,1078.0,1078.0,1078.0,8.0,0.8,-1.5714982385,-3.7433193158,13.449588466883997,5.9215863436,1.2607635088000002,2.0336923581000006,1.0023898001999998
1079,1079,1079.0,1079.0,1079.0,1079.0,1079.0,1079.0,1079.0,1079.0,1079.0,1079.0,1079.0,1079.0,1079.0,1079.0,1079.0,1079.0,1079.0,1079.0,1079.0,1079.0,1079.0,1079.0,1079.0,1079.0,1079.0,1079.0,1079.0,1079.0,1079.0,1079.0,1079.0,1079.0,9.0,0.9,-1.8626611486,-2.107197559,0.829778474819669,7.1823498524,0.7729288493000004,0.7729288493000004,1.0023898001999998
1080,1080,1080.0,1080.0,1080.0,1080.0,1080.0,1080.0,1080.0,1080.0,1080.0,1080.0,1080.0,1080.0,1080.0,1080.0,1080.0,1080.0,1080.0,1080.0,1080.0,1080.0,1080.0,1080.0,1080.0,1080.0,1080.0,1080.0,1080.0,1080.0,1080.0,1080.0,1080.0,1080.0,0.0,0.0,0.0,-1.0,-11.941688265572754,0.0,0.3148660669,14.395851297400004,-2.5
1081,1081,1081.0,1081.0,1081.0,1081.0,1081.0,1081.0,1081.0,1081.0,1081.0,1081.0,1081.0,1081.0,1081.0,1081.0,1081.0,1081.0,1081.0,1081.0,1081.0,1081.0,1081.0,1081.0,1081.0,1081.0,1081.0,1081.0,1081.0,1081.0,1081.0,1081.0,1081.0,1081.0,1.0,0.1,-0.1529295215,-2.041239305,1.9043718980742528,0.3148660669,0.3518404183999999,14.080985230500003,-2.821239305
1082,1082,1082.0,1082.0,1082.0,1082.0,1082.0,1082.0,1082.0,1082.0,1082.0,1082.0,1082.0,1082.0,1082.0,1082.0,1082.0,1082.0,1082.0,1082.0,1082.0,1082.0,1082.0,1082.0,1082.0,1082.0,1082.0,1082.0,1082.0,1082.0,1082.0,1082.0,1082.0,1082.0,2.0,0.2,-0.3379668792,-1.6657647576,-16.535653636392972,0.6667064853,0.7425789958,13.729144812100005,-1.8857647576
1083,1083,1083.0,1083.0,1083.0,1083.0,1083.0,1083.0,1083.0,1083.0,1083.0,1083.0,1083.0,1083.0,1083.0,1083.0,1083.0,1083.0,1083.0,1083.0,1083.0,1083.0,1083.0,1083.0,1083.0,1083.0,1083.0,1083.0,1083.0,1083.0,1083.0,1083.0,1083.0,1083.0,3.0,0.3,-0.5764752102,-3.0808217902,-18.716987868101565,1.4092854811,1.7244030099,12.986565816300002,-2.9008217902
1084,1084,1084.0,1084.0,1084.0,1084.0,1084.0,1084.0,1084.0,1084.0,1084.0,1084.0,1084.0,1084.0,1084.0,1084.0,1084.0,1084.0,1084.0,1084.0,1084.0,1084.0,1084.0,1084.0,1084.0,1084.0,1084.0,1084.0,1084.0,1084.0,1084.0,1084.0,1084.0,1084.0,4.0,0.4,-0.9601960627,-4.5687997245,11.368029975169236,3.133688491,1.6625554075000002,11.262162806400005,-4.1487997245
1085,1085,1085.0,1085.0,1085.0,1085.0,1085.0,1085.0,1085.0,1085.0,1085.0,1085.0,1085.0,1085.0,1085.0,1085.0,1085.0,1085.0,1085.0,1085.0,1085.0,1085.0,1085.0,1085.0,1085.0,1085.0,1085.0,1085.0,1085.0,1085.0,1085.0,1085.0,1085.0,1085.0,5.0,0.5,-1.3399829202,-3.0522098695,-6.917599923674654,4.7962438985,1.2998320452999996,9.599607398900002,-2.5522098695
1086,1086,1086.0,1086.0,1086.0,1086.0,1086.0,1086.0,1086.0,1086.0,1086.0,1086.0,1086.0,1086.0,1086.0,1086.0,1086.0,1086.0,1086.0,1086.0,1086.0,1086.0,1086.0,1086.0,1086.0,1086.0,1086.0,1086.0,1086.0,1086.0,1086.0,1086.0,1086.0,1086.0,6.0,0.6,-1.6639024652,-3.4200503168,-11.727623624839971,6.0960759438,1.877566948,8.299775353600001,-3.0000503168
1087,1087,1087.0,1087.0,1087.0,1087.0,1087.0,1087.0,1087.0,1087.0,1087.0,1087.0,1087.0,1087.0,1087.0,1087.0,1087.0,1087.0,1087.0,1087.0,1087.0,1087.0,1087.0,1087.0,1087.0,1087.0,1087.0,1087.0,1087.0,1087.0,1087.0,1087.0,1087.0,1087.0,7.0,0.7,-2.0460946671,-4.2106204774,1.5556075829677738,7.9736428918,2.0558250434,6.4222084056,-4.030620477399999
1088,1088,1088.0,1088.0,1088.0,1088.0,1088.0,1088.0,1088.0,1088.0,1088.0,1088.0,1088.0,1088.0,1088.0,1088.0,1088.0,1088.0,1088.0,1088.0,1088.0,1088.0,1088.0,1088.0,1088.0,1088.0,1088.0,1088.0,1088.0,1088.0,1088.0,1088.0,1088.0,1088.0,8.0,0.8,-2.4392629913,-3.6618913949,-5.872047538962605,10.0294679352,2.128749690700001,4.366383362200001,-3.8818913949
1089,1089,1089.0,1089.0,1089.0,1089.0,1089.0,1089.0,1089.0,1089.0,1089.0,1089.0,1089.0,1089.0,1089.0,1089.0,1089.0,1089.0,1089.0,1089.0,1089.0,1089.0,1089.0,1089.0,1089.0,1089.0,1089.0,1089.0,1089.0,1089.0,1089.0,1089.0,1089.0,1089.0,9.0,0.9,-2.8161434843,-3.8722156559,0.6915624668722664,12.1582176259,2.2376336715,2.2376336715,-4.6522156559
1090,1090,1090.0,1090.0,1090.0,1090.0,1090.0,1090.0,1090.0,1090.0,1090.0,1090.0,1090.0,1090.0,1090.0,1090.0,1090.0,1090.0,1090.0,1090.0,1090.0,1090.0,1090.0,1090.0,1090.0,1090.0,1090.0,1090.0,1090.0,1090.0,1090.0,1090.0,1090.0,1090.0,0.0,0.0,0.0,-1.0,-5.172868832541617,0.0,0.1595827847,5.778922959,-2.5
1091,1091,1091.0,1091.0,1091.0,1091.0,1091.0,1091.0,1091.0,1091.0,1091.0,1091.0,1091.0,1091.0,1091.0,1091.0,1091.0,1091.0,1091.0,1091.0,1091.0,1091.0,1091.0,1091.0,1091.0,1091.0,1091.0,1091.0,1091.0,1091.0,1091.0,1091.0,1091.0,1091.0,1.0,0.1,-0.120185916,-1.3971009672,-2.900041119481965,0.1595827847,0.2242935032,5.6193401743,-2.1771009672000003
1092,1092,1092.0,1092.0,1092.0,1092.0,1092.0,1092.0,1092.0,1092.0,1092.0,1092.0,1092.0,1092.0,1092.0,1092.0,1092.0,1092.0,1092.0,1092.0,1092.0,1092.0,1092.0,1092.0,1092.0,1092.0,1092.0,1092.0,1092.0,1092.0,1092.0,1092.0,1092.0,1092.0,2.0,0.2,-0.2671663531,-1.5401246421,-15.031233034520582,0.3838762879,0.6213233464000001,5.395046671099999,-1.7601246421
1093,1093,1093.0,1093.0,1093.0,1093.0,1093.0,1093.0,1093.0,1093.0,1093.0,1093.0,1093.0,1093.0,1093.0,1093.0,1093.0,1093.0,1093.0,1093.0,1093.0,1093.0,1093.0,1093.0,1093.0,1093.0,1093.0,1093.0,1093.0,1093.0,1093.0,1093.0,1093.0,1093.0,3.0,0.3,-0.4864409391,-2.8239733596,8.519208132044852,1.0051996343,0.6012201188999999,4.7737233247,-2.6439733596000004
1094,1094,1094.0,1094.0,1094.0,1094.0,1094.0,1094.0,1094.0,1094.0,1094.0,1094.0,1094.0,1094.0,1094.0,1094.0,1094.0,1094.0,1094.0,1094.0,1094.0,1094.0,1094.0,1094.0,1094.0,1094.0,1094.0,1094.0,1094.0,1094.0,1094.0,1094.0,1094.0,1094.0,4.0,0.4,-0.7139665631,-1.7445269223,6.708729670298265,1.6064197532,0.2684413570999999,4.1725032058,-1.3245269223
1095,1095,1095.0,1095.0,1095.0,1095.0,1095.0,1095.0,1095.0,1095.0,1095.0,1095.0,1095.0,1095.0,1095.0,1095.0,1095.0,1095.0,1095.0,1095.0,1095.0,1095.0,1095.0,1095.0,1095.0,1095.0,1095.0,1095.0,1095.0,1095.0,1095.0,1095.0,1095.0,1095.0,5.0,0.5,-0.8475275107,-0.9400930077,-15.607850580122742,1.8748611103,0.4947360075000002,3.9040618487,-0.4400930077
1096,1096,1096.0,1096.0,1096.0,1096.0,1096.0,1096.0,1096.0,1096.0,1096.0,1096.0,1096.0,1096.0,1096.0,1096.0,1096.0,1096.0,1096.0,1096.0,1096.0,1096.0,1096.0,1096.0,1096.0,1096.0,1096.0,1096.0,1096.0,1096.0,1096.0,1096.0,1096.0,1096.0,6.0,0.6,-1.0124908533,-2.3359147231,4.073147942031412,2.3695971178,0.5473494830999996,3.4093258412,-1.9159147231
1097,1097,1097.0,1097.0,1097.0,1097.0,1097.0,1097.0,1097.0,1097.0,1097.0,1097.0,1097.0,1097.0,1097.0,1097.0,1097.0,1097.0,1097.0,1097.0,1097.0,1097.0,1097.0,1097.0,1097.0,1097.0,1097.0,1097.0,1097.0,1097.0,1097.0,1097.0,1097.0,1097.0,7.0,0.7,-1.2150793547,-1.7260114276,-3.410011148600667,2.9169466009,0.5030712335,2.8619763581,-1.5460114276
1098,1098,1098.0,1098.0,1098.0,1098.0,1098.0,1098.0,1098.0,1098.0,1098.0,1098.0,1098.0,1098.0,1098.0,1098.0,1098.0,1098.0,1098.0,1098.0,1098.0,1098.0,1098.0,1098.0,1098.0,1098.0,1098.0,1098.0,1098.0,1098.0,1098.0,1098.0,1098.0,1098.0,8.0,0.8,-1.3958263683,-1.8862655287,-18.06204687022604,3.4200178344,1.1256428080999998,2.3589051246,-2.1062655287000003
1099,1099,1099.0,1099.0,1099.0,1099.0,1099.0,1099.0,1099.0,1099.0,1099.0,1099.0,1099.0,1099.0,1099.0,1099.0,1099.0,1099.0,1099.0,1099.0,1099.0,1099.0,1099.0,1099.0,1099.0,1099.0,1099.0,1099.0,1099.0,1099.0,1099.0,1099.0,1099.0,1099.0,9.0,0.9,-1.6627019474,-3.4255946367,6.221503441715367,4.5456606425,1.2332623165000005,1.2332623165000005,-4.205594636700001
1100,1100,1100.0,1100.0,1100.0,1100.0,1100.0,1100.0,1100.0,1100.0,1100.0,1100.0,1100.0,1100.0,1100.0,1100.0,1100.0,1100.0,1100.0,1100.0,1100.0,1100.0,1100.0,1100.0,1100.0,1100.0,1100.0,1100.0,1100.0,1100.0,1100.0,1100.0,1100.0,1100.0,0.0,0.0,0.0,-1.0,-8.099483091924519,0.0,0.2176147306,1.6200573610000002,0.1968644620000001
1101,1101,1101.0,1101.0,1101.0,1101.0,1101.0,1101.0,1101.0,1101.0,1101.0,1101.0,1101.0,1101.0,1101.0,1101.0,1101.0,1101.0,1101.0,1101.0,1101.0,1101.0,1101.0,1101.0,1101.0,1101.0,1101.0,1101.0,1101.0,1101.0,1101.0,1101.0,1101.0,1101.0,1.0,0.1,-0.1343431681,-1.6756051411,18.76248995503952,0.2176147306,0.2581839683,1.4024426304000002,0.1968644620000001
1102,1102,1102.0,1102.0,1102.0,1102.0,1102.0,1102.0,1102.0,1102.0,1102.0,1102.0,1102.0,1102.0,1102.0,1102.0,1102.0,1102.0,1102.0,1102.0,1102.0,1102.0,1102.0,1102.0,1102.0,1102.0,1102.0,1102.0,1102.0,1102.0,1102.0,1102.0,1102.0,1102.0,2.0,0.2,-0.2030360739,0.2693367602,-6.722855895087241,0.4757986989,0.0308026429,1.1442586621000002,0.1968644620000001
1103,1103,1103.0,1103.0,1103.0,1103.0,1103.0,1103.0,1103.0,1103.0,1103.0,1103.0,1103.0,1103.0,1103.0,1103.0,1103.0,1103.0,1103.0,1103.0,1103.0,1103.0,1103.0,1103.0,1103.0,1103.0,1103.0,1103.0,1103.0,1103.0,1103.0,1103.0,1103.0,1103.0,3.0,0.3,-0.2099264423,-0.3960584609,-3.7367868724360704,0.5066013418,0.0444799186,1.1134560192,0.1968644620000001
1104,1104,1104.0,1104.0,1104.0,1104.0,1104.0,1104.0,1104.0,1104.0,1104.0,1104.0,1104.0,1104.0,1104.0,1104.0,1104.0,1104.0,1104.0,1104.0,1104.0,1104.0,1104.0,1104.0,1104.0,1104.0,1104.0,1104.0,1104.0,1104.0,1104.0,1104.0,1104.0,1104.0,4.0,0.4,-0.2656926497,-0.7139709407,-5.606447617839908,0.5510812604,0.1175388404999999,1.0689761006,0.1968644620000001
1105,1105,1105.0,1105.0,1105.0,1105.0,1105.0,1105.0,1105.0,1105.0,1105.0,1105.0,1105.0,1105.0,1105.0,1105.0,1105.0,1105.0,1105.0,1105.0,1105.0,1105.0,1105.0,1105.0,1105.0,1105.0,1105.0,1105.0,1105.0,1105.0,1105.0,1105.0,1105.0,1105.0,5.0,0.5,-0.3607567085,-1.1795516438,-2.273730116418016,0.6686201009,0.1724717028,0.9514372601,0.1968644620000001
1106,1106,1106.0,1106.0,1106.0,1106.0,1106.0,1106.0,1106.0,1106.0,1106.0,1106.0,1106.0,1106.0,1106.0,1106.0,1106.0,1106.0,1106.0,1106.0,1106.0,1106.0,1106.0,1106.0,1106.0,1106.0,1106.0,1106.0,1106.0,1106.0,1106.0,1106.0,1106.0,1106.0,6.0,0.6,-0.4840044673,-1.2836768966,12.382843267887123,0.8410918037,0.157218419,0.7789655572999999,0.1968644620000001
1107,1107,1107.0,1107.0,1107.0,1107.0,1107.0,1107.0,1107.0,1107.0,1107.0,1107.0,1107.0,1107.0,1107.0,1107.0,1107.0,1107.0,1107.0,1107.0,1107.0,1107.0,1107.0,1107.0,1107.0,1107.0,1107.0,1107.0,1107.0,1107.0,1107.0,1107.0,1107.0,1107.0,7.0,0.7,-0.5462614991,0.016864462,1.2662542626169362,0.9983102227,0.0310440816999999,0.6217471383,0.1968644620000001
1108,1108,1108.0,1108.0,1108.0,1108.0,1108.0,1108.0,1108.0,1108.0,1108.0,1108.0,1108.0,1108.0,1108.0,1108.0,1108.0,1108.0,1108.0,1108.0,1108.0,1108.0,1108.0,1108.0,1108.0,1108.0,1108.0,1108.0,1108.0,1108.0,1108.0,1108.0,1108.0,1108.0,8.0,0.8,-0.5385311537,0.1357595428,-18.48242187424777,1.0293543044,0.2870996427000001,0.5907030566,0.1968644620000001
1109,1109,1109.0,1109.0,1109.0,1109.0,1109.0,1109.0,1109.0,1109.0,1109.0,1109.0,1109.0,1109.0,1109.0,1109.0,1109.0,1109.0,1109.0,1109.0,1109.0,1109.0,1109.0,1109.0,1109.0,1109.0,1109.0,1109.0,1109.0,1109.0,1109.0,1109.0,1109.0,1109.0,9.0,0.9,-0.6150191163,-1.6359946819,19.39074878789769,1.3164539471,0.3036034138999999,0.3036034138999999,0.1968644620000001
1110,1110,1110.0,1110.0,1110.0,1110.0,1110.0,1110.0,1110.0,1110.0,1110.0,1110.0,1110.0,1110.0,1110.0,1110.0,1110.0,1110.0,1110.0,1110.0,1110.0,1110.0,1110.0,1110.0,1110.0,1110.0,1110.0,1110.0,1110.0,1110.0,1110.0,1110.0,1110.0,1110.0,0.0,0.0,0.0,-1.0,-18.453157648912924,0.0,0.5342840371,9.9102440618,-2.5
1111,1111,1111.0,1111.0,1111.0,1111.0,1111.0,1111.0,1111.0,1111.0,1111.0,1111.0,1111.0,1111.0,1111.0,1111.0,1111.0,1111.0,1111.0,1111.0,1111.0,1111.0,1111.0,1111.0,1111.0,1111.0,1111.0,1111.0,1111.0,1111.0,1111.0,1111.0,1111.0,1111.0,1.0,0.1,-0.184428218,-2.6608875468,7.493347210521808,0.5342840371,0.5160586494,9.3759600247,-3.4408875468000004
1112,1112,1112.0,1112.0,1112.0,1112.0,1112.0,1112.0,1112.0,1112.0,1112.0,1112.0,1112.0,1112.0,1112.0,1112.0,1112.0,1112.0,1112.0,1112.0,1112.0,1112.0,1112.0,1112.0,1112.0,1112.0,1112.0,1112.0,1112.0,1112.0,1112.0,1112.0,1112.0,1112.0,2.0,0.2,-0.4013967024,-1.6945843414,-7.212794238544809,1.0503426865,0.4379001111999998,8.8599013753,-1.9145843414
1113,1113,1113.0,1113.0,1113.0,1113.0,1113.0,1113.0,1113.0,1113.0,1113.0,1113.0,1113.0,1113.0,1113.0,1113.0,1113.0,1113.0,1113.0,1113.0,1113.0,1113.0,1113.0,1113.0,1113.0,1113.0,1113.0,1113.0,1113.0,1113.0,1113.0,1113.0,1113.0,1113.0,3.0,0.3,-0.597549047,-2.2197114207,-15.03267068343915,1.4882427977,0.985541793,8.4220012641,-2.0397114207
1114,1114,1114.0,1114.0,1114.0,1114.0,1114.0,1114.0,1114.0,1114.0,1114.0,1114.0,1114.0,1114.0,1114.0,1114.0,1114.0,1114.0,1114.0,1114.0,1114.0,1114.0,1114.0,1114.0,1114.0,1114.0,1114.0,1114.0,1114.0,1114.0,1114.0,1114.0,1114.0,1114.0,4.0,0.4,-0.8815018113,-3.4390257248,-6.978937760445859,2.4737845907,1.4419821856,7.436459471100001,-3.0190257248
1115,1115,1115.0,1115.0,1115.0,1115.0,1115.0,1115.0,1115.0,1115.0,1115.0,1115.0,1115.0,1115.0,1115.0,1115.0,1115.0,1115.0,1115.0,1115.0,1115.0,1115.0,1115.0,1115.0,1115.0,1115.0,1115.0,1115.0,1115.0,1115.0,1115.0,1115.0,1115.0,1115.0,5.0,0.5,-1.2425283088,-3.7758930033,-3.743793165433836,3.9157667763,1.6376175525,5.9944772855,-3.2758930033
1116,1116,1116.0,1116.0,1116.0,1116.0,1116.0,1116.0,1116.0,1116.0,1116.0,1116.0,1116.0,1116.0,1116.0,1116.0,1116.0,1116.0,1116.0,1116.0,1116.0,1116.0,1116.0,1116.0,1116.0,1116.0,1116.0,1116.0,1116.0,1116.0,1116.0,1116.0,1116.0,1116.0,6.0,0.6,-1.6199623323,-3.7728382963,6.53841419192154,5.5533843288,1.4233096120999995,4.356859733,-3.3528382963
1117,1117,1117.0,1117.0,1117.0,1117.0,1117.0,1117.0,1117.0,1117.0,1117.0,1117.0,1117.0,1117.0,1117.0,1117.0,1117.0,1117.0,1117.0,1117.0,1117.0,1117.0,1117.0,1117.0,1117.0,1117.0,1117.0,1117.0,1117.0,1117.0,1117.0,1117.0,1117.0,1117.0,7.0,0.7,-1.9473668022,-2.7915924073,9.533900286931562,6.9766939409,0.9664679668000008,2.933550120900001,-2.6115924073
1118,1118,1118.0,1118.0,1118.0,1118.0,1118.0,1118.0,1118.0,1118.0,1118.0,1118.0,1118.0,1118.0,1118.0,1118.0,1118.0,1118.0,1118.0,1118.0,1118.0,1118.0,1118.0,1118.0,1118.0,1118.0,1118.0,1118.0,1118.0,1118.0,1118.0,1118.0,1118.0,1118.0,8.0,0.8,-2.166902396,-1.6186667847,-6.368346773999605,7.9431619077,0.8726869895,1.9670821541,-1.8386667847
1119,1119,1119.0,1119.0,1119.0,1119.0,1119.0,1119.0,1119.0,1119.0,1119.0,1119.0,1119.0,1119.0,1119.0,1119.0,1119.0,1119.0,1119.0,1119.0,1119.0,1119.0,1119.0,1119.0,1119.0,1119.0,1119.0,1119.0,1119.0,1119.0,1119.0,1119.0,1119.0,1119.0,9.0,0.9,-2.3517453109,-2.0706585473,-4.4934126126849705,8.8158488972,1.0943951646,1.0943951646,-2.8506585473
1120,1120,1120.0,1120.0,1120.0,1120.0,1120.0,1120.0,1120.0,1120.0,1120.0,1120.0,1120.0,1120.0,1120.0,1120.0,1120.0,1120.0,1120.0,1120.0,1120.0,1120.0,1120.0,1120.0,1120.0,1120.0,1120.0,1120.0,1120.0,1120.0,1120.0,1120.0,1120.0,1120.0,0.0,0.0,0.0,-1.0,-5.885059898227031,0.0,0.1724275172,5.0183178721,-2.5
1121,1121,1121.0,1121.0,1121.0,1121.0,1121.0,1121.0,1121.0,1121.0,1121.0,1121.0,1121.0,1121.0,1121.0,1121.0,1121.0,1121.0,1121.0,1121.0,1121.0,1121.0,1121.0,1121.0,1121.0,1121.0,1121.0,1121.0,1121.0,1121.0,1121.0,1121.0,1121.0,1121.0,1.0,0.1,-0.1236310798,-1.46487491,10.229131011644869,0.1724275172,0.1467221788,4.8458903549,-2.24487491
1122,1122,1122.0,1122.0,1122.0,1122.0,1122.0,1122.0,1122.0,1122.0,1122.0,1122.0,1122.0,1122.0,1122.0,1122.0,1122.0,1122.0,1122.0,1122.0,1122.0,1122.0,1122.0,1122.0,1122.0,1122.0,1122.0,1122.0,1122.0,1122.0,1122.0,1122.0,1122.0,1122.0,2.0,0.2,-0.213549778,-0.3520431107,-3.804342719512274,0.319149696,0.0407057287,4.6991681761,-0.5720431106999999
1123,1123,1123.0,1123.0,1123.0,1123.0,1123.0,1123.0,1123.0,1123.0,1123.0,1123.0,1123.0,1123.0,1123.0,1123.0,1123.0,1123.0,1123.0,1123.0,1123.0,1123.0,1123.0,1123.0,1123.0,1123.0,1123.0,1123.0,1123.0,1123.0,1123.0,1123.0,1123.0,1123.0,3.0,0.3,-0.2654542106,-0.68057295,-3.2569611479863703,0.3598554247,0.0799154873,4.6584624474,-0.50057295
1124,1124,1124.0,1124.0,1124.0,1124.0,1124.0,1124.0,1124.0,1124.0,1124.0,1124.0,1124.0,1124.0,1124.0,1124.0,1124.0,1124.0,1124.0,1124.0,1124.0,1124.0,1124.0,1124.0,1124.0,1124.0,1124.0,1124.0,1124.0,1124.0,1124.0,1124.0,1124.0,1124.0,4.0,0.4,-0.3459745996,-0.9257486759,-19.25677268327744,0.439770912,0.5573739736000001,4.5785469601,-0.5057486758999999
1125,1125,1125.0,1125.0,1125.0,1125.0,1125.0,1125.0,1125.0,1125.0,1125.0,1125.0,1125.0,1125.0,1125.0,1125.0,1125.0,1125.0,1125.0,1125.0,1125.0,1125.0,1125.0,1125.0,1125.0,1125.0,1125.0,1125.0,1125.0,1125.0,1125.0,1125.0,1125.0,1125.0,5.0,0.5,-0.5272242899,-2.6701762538,-3.716090831952567,0.9971448856,0.7917503319999999,4.0211729865,-2.1701762538
1126,1126,1126.0,1126.0,1126.0,1126.0,1126.0,1126.0,1126.0,1126.0,1126.0,1126.0,1126.0,1126.0,1126.0,1126.0,1126.0,1126.0,1126.0,1126.0,1126.0,1126.0,1126.0,1126.0,1126.0,1126.0,1126.0,1126.0,1126.0,1126.0,1126.0,1126.0,1126.0,1126.0,6.0,0.6,-0.7993011187,-2.7697085083,-0.1185214638270757,1.7888952176,0.7859957830000002,3.2294226545,-2.3497085083
1127,1127,1127.0,1127.0,1127.0,1127.0,1127.0,1127.0,1127.0,1127.0,1127.0,1127.0,1127.0,1127.0,1127.0,1127.0,1127.0,1127.0,1127.0,1127.0,1127.0,1127.0,1127.0,1127.0,1127.0,1127.0,1127.0,1127.0,1127.0,1127.0,1127.0,1127.0,1127.0,1127.0,7.0,0.7,-1.0634476026,-2.5174141707,-8.230389701400558,2.5748910006,0.961166069,2.4434268715,-2.3374141707
1128,1128,1128.0,1128.0,1128.0,1128.0,1128.0,1128.0,1128.0,1128.0,1128.0,1128.0,1128.0,1128.0,1128.0,1128.0,1128.0,1128.0,1128.0,1128.0,1128.0,1128.0,1128.0,1128.0,1128.0,1128.0,1128.0,1128.0,1128.0,1128.0,1128.0,1128.0,1128.0,1128.0,8.0,0.8,-1.3428251497,-3.0610755937,7.6733384510236355,3.5360570696,0.9033333137,1.4822608025,-3.2810755937
1129,1129,1129.0,1129.0,1129.0,1129.0,1129.0,1129.0,1129.0,1129.0,1129.0,1129.0,1129.0,1129.0,1129.0,1129.0,1129.0,1129.0,1129.0,1129.0,1129.0,1129.0,1129.0,1129.0,1129.0,1129.0,1129.0,1129.0,1129.0,1129.0,1129.0,1129.0,1129.0,1129.0,9.0,0.9,-1.5970060883,-2.03956081,6.093549656942408,4.4393903833,0.5789274887999998,0.5789274887999998,-2.81956081
1130,1130,1130.0,1130.0,1130.0,1130.0,1130.0,1130.0,1130.0,1130.0,1130.0,1130.0,1130.0,1130.0,1130.0,1130.0,1130.0,1130.0,1130.0,1130.0,1130.0,1130.0,1130.0,1130.0,1130.0,1130.0,1130.0,1130.0,1130.0,1130.0,1130.0,1130.0,1130.0,1130.0,0.0,0.0,0.0,-1.0,3.945044889607967,0.0,0.0677311378,0.8236650964,0.9415196737
1131,1131,1131.0,1131.0,1131.0,1131.0,1131.0,1131.0,1131.0,1131.0,1131.0,1131.0,1131.0,1131.0,1131.0,1131.0,1131.0,1131.0,1131.0,1131.0,1131.0,1131.0,1131.0,1131.0,1131.0,1131.0,1131.0,1131.0,1131.0,1131.0,1131.0,1131.0,1131.0,1131.0,1.0,0.1,-0.0760787536,-0.5294167574,10.325715472249769,0.0677311378,0.062925511,0.7559339586,0.9415196737
1132,1132,1132.0,1132.0,1132.0,1132.0,1132.0,1132.0,1132.0,1132.0,1132.0,1132.0,1132.0,1132.0,1132.0,1132.0,1132.0,1132.0,1132.0,1132.0,1132.0,1132.0,1132.0,1132.0,1132.0,1132.0,1132.0,1132.0,1132.0,1132.0,1132.0,1132.0,1132.0,1132.0,2.0,0.2,-0.0765096184,0.5035856546,-17.838902398255815,0.1306566488,0.1998986247999999,0.6930084476,0.9415196737
1133,1133,1133.0,1133.0,1133.0,1133.0,1133.0,1133.0,1133.0,1133.0,1133.0,1133.0,1133.0,1133.0,1133.0,1133.0,1133.0,1133.0,1133.0,1133.0,1133.0,1133.0,1133.0,1133.0,1133.0,1133.0,1133.0,1133.0,1133.0,1133.0,1133.0,1133.0,1133.0,1133.0,3.0,0.3,-0.1148813297,-1.241932874,7.103396084160739,0.3305552736,0.1034771883,0.4931098228,0.9415196737
1134,1134,1134.0,1134.0,1134.0,1134.0,1134.0,1134.0,1134.0,1134.0,1134.0,1134.0,1134.0,1134.0,1134.0,1134.0,1134.0,1134.0,1134.0,1134.0,1134.0,1134.0,1134.0,1134.0,1134.0,1134.0,1134.0,1134.0,1134.0,1134.0,1134.0,1134.0,1134.0,1134.0,4.0,0.4,-0.1987047723,-0.4477698229,8.897179337176262,0.4340324619,0.0504111923,0.3896326344999999,0.9415196737
1135,1135,1135.0,1135.0,1135.0,1135.0,1135.0,1135.0,1135.0,1135.0,1135.0,1135.0,1135.0,1135.0,1135.0,1135.0,1135.0,1135.0,1135.0,1135.0,1135.0,1135.0,1135.0,1135.0,1135.0,1135.0,1135.0,1135.0,1135.0,1135.0,1135.0,1135.0,1135.0,1135.0,5.0,0.5,-0.1982763352,0.4415196737,-1.786648943916255,0.4844436542,0.0163510247999999,0.3392214421999999,0.9415196737
1136,1136,1136.0,1136.0,1136.0,1136.0,1136.0,1136.0,1136.0,1136.0,1136.0,1136.0,1136.0,1136.0,1136.0,1136.0,1136.0,1136.0,1136.0,1136.0,1136.0,1136.0,1136.0,1136.0,1136.0,1136.0,1136.0,1136.0,1136.0,1136.0,1136.0,1136.0,1136.0,1136.0,6.0,0.6,-0.1649029675,0.2294814116,-10.091928998234492,0.500794679,0.0691455940999999,0.3228704174,0.9415196737
1137,1137,1137.0,1137.0,1137.0,1137.0,1137.0,1137.0,1137.0,1137.0,1137.0,1137.0,1137.0,1137.0,1137.0,1137.0,1137.0,1137.0,1137.0,1137.0,1137.0,1137.0,1137.0,1137.0,1137.0,1137.0,1137.0,1137.0,1137.0,1137.0,1137.0,1137.0,1137.0,1137.0,7.0,0.7,-0.1918837974,-0.7527306583,2.644307809260617,0.5699402731,0.0440342769,0.2537248233,0.9415196737
1138,1138,1138.0,1138.0,1138.0,1138.0,1138.0,1138.0,1138.0,1138.0,1138.0,1138.0,1138.0,1138.0,1138.0,1138.0,1138.0,1138.0,1138.0,1138.0,1138.0,1138.0,1138.0,1138.0,1138.0,1138.0,1138.0,1138.0,1138.0,1138.0,1138.0,1138.0,1138.0,1138.0,8.0,0.8,-0.2507239513,-0.4294597235,14.606210676088992,0.61397455,0.1387508305,0.2096905463999999,0.9415196737
1139,1139,1139.0,1139.0,1139.0,1139.0,1139.0,1139.0,1139.0,1139.0,1139.0,1139.0,1139.0,1139.0,1139.0,1139.0,1139.0,1139.0,1139.0,1139.0,1139.0,1139.0,1139.0,1139.0,1139.0,1139.0,1139.0,1139.0,1139.0,1139.0,1139.0,1139.0,1139.0,1139.0,9.0,0.9,-0.2209361045,1.0013734973,-7.185516106611885,0.7527253805,0.0709397158999999,0.0709397158999999,0.9415196737
1140,1140,1140.0,1140.0,1140.0,1140.0,1140.0,1140.0,1140.0,1140.0,1140.0,1140.0,1140.0,1140.0,1140.0,1140.0,1140.0,1140.0,1140.0,1140.0,1140.0,1140.0,1140.0,1140.0,1140.0,1140.0,1140.0,1140.0,1140.0,1140.0,1140.0,1140.0,1140.0,1140.0,0.0,0.0,0.0,-1.0,-6.033877618451736,0.0,0.1752152948,3.7600844886,-2.5
1141,1141,1141.0,1141.0,1141.0,1141.0,1141.0,1141.0,1141.0,1141.0,1141.0,1141.0,1141.0,1141.0,1141.0,1141.0,1141.0,1141.0,1141.0,1141.0,1141.0,1141.0,1141.0,1141.0,1141.0,1141.0,1141.0,1141.0,1141.0,1141.0,1141.0,1141.0,1141.0,1141.0,1.0,0.1,-0.1243509734,-1.4790367885,11.765529165030197,0.1752152948,0.1559170547999999,3.5848691938000004,-2.2590367885000004
1142,1142,1142.0,1142.0,1142.0,1142.0,1142.0,1142.0,1142.0,1142.0,1142.0,1142.0,1142.0,1142.0,1142.0,1142.0,1142.0,1142.0,1142.0,1142.0,1142.0,1142.0,1142.0,1142.0,1142.0,1142.0,1142.0,1142.0,1142.0,1142.0,1142.0,1142.0,1142.0,1142.0,2.0,0.2,-0.2081851523,-0.2186496931,-12.030367549445511,0.3311323496,0.1510408651,3.428952139,-0.4386496930999999
1143,1143,1143.0,1143.0,1143.0,1143.0,1143.0,1143.0,1143.0,1143.0,1143.0,1143.0,1143.0,1143.0,1143.0,1143.0,1143.0,1143.0,1143.0,1143.0,1143.0,1143.0,1143.0,1143.0,1143.0,1143.0,1143.0,1143.0,1143.0,1143.0,1143.0,1143.0,1143.0,1143.0,3.0,0.3,-0.2871883305,-1.3426832697,-5.117187490279758,0.4821732147,0.2600003667,3.2779112739,-1.1626832697
1144,1144,1144.0,1144.0,1144.0,1144.0,1144.0,1144.0,1144.0,1144.0,1144.0,1144.0,1144.0,1144.0,1144.0,1144.0,1144.0,1144.0,1144.0,1144.0,1144.0,1144.0,1144.0,1144.0,1144.0,1144.0,1144.0,1144.0,1144.0,1144.0,1144.0,1144.0,1144.0,1144.0,4.0,0.4,-0.4397155235,-1.7018748258,-10.361854630714484,0.7421735814,0.5385357116999999,3.0179109072,-1.2818748258
1145,1145,1145.0,1145.0,1145.0,1145.0,1145.0,1145.0,1145.0,1145.0,1145.0,1145.0,1145.0,1145.0,1145.0,1145.0,1145.0,1145.0,1145.0,1145.0,1145.0,1145.0,1145.0,1145.0,1145.0,1145.0,1145.0,1145.0,1145.0,1145.0,1145.0,1145.0,1145.0,1145.0,5.0,0.5,-0.6517949369,-2.5259808755,19.580772275020337,1.2807092931,0.4960033909000001,2.4793751955000003,-2.0259808755
1146,1146,1146.0,1146.0,1146.0,1146.0,1146.0,1146.0,1146.0,1146.0,1146.0,1146.0,1146.0,1146.0,1146.0,1146.0,1146.0,1146.0,1146.0,1146.0,1146.0,1146.0,1146.0,1146.0,1146.0,1146.0,1146.0,1146.0,1146.0,1146.0,1146.0,1146.0,1146.0,1146.0,6.0,0.6,-0.7974534424,-0.4222451425,-18.98115335282493,1.776712684,0.4525600763000001,1.9833718046,-0.0022451424999999
1147,1147,1147.0,1147.0,1147.0,1147.0,1147.0,1147.0,1147.0,1147.0,1147.0,1147.0,1147.0,1147.0,1147.0,1147.0,1147.0,1147.0,1147.0,1147.0,1147.0,1147.0,1147.0,1147.0,1147.0,1147.0,1147.0,1147.0,1147.0,1147.0,1147.0,1147.0,1147.0,1147.0,7.0,0.7,-0.9294551436,-2.1883587766,-2.3147724969233643,2.2292727603,0.5926293598999997,1.5308117282999998,-2.0083587766
1148,1148,1148.0,1148.0,1148.0,1148.0,1148.0,1148.0,1148.0,1148.0,1148.0,1148.0,1148.0,1148.0,1148.0,1148.0,1148.0,1148.0,1148.0,1148.0,1148.0,1148.0,1148.0,1148.0,1148.0,1148.0,1148.0,1148.0,1148.0,1148.0,1148.0,1148.0,1148.0,1148.0,8.0,0.8,-1.1489024438,-2.2003887261,8.75645753893114,2.8219021202,0.4806825918999999,0.9381823684,-2.4203887261
1149,1149,1149.0,1149.0,1149.0,1149.0,1149.0,1149.0,1149.0,1149.0,1149.0,1149.0,1149.0,1149.0,1149.0,1149.0,1149.0,1149.0,1149.0,1149.0,1149.0,1149.0,1149.0,1149.0,1149.0,1149.0,1149.0,1149.0,1149.0,1149.0,1149.0,1149.0,1149.0,1149.0,9.0,0.9,-1.3159387308,-1.1577066852,-8.344777681094811,3.3025847121,0.4574997765000002,0.4574997765000002,-1.9377066852
1150,1150,1150.0,1150.0,1150.0,1150.0,1150.0,1150.0,1150.0,1150.0,1150.0,1150.0,1150.0,1150.0,1150.0,1150.0,1150.0,1150.0,1150.0,1150.0,1150.0,1150.0,1150.0,1150.0,1150.0,1150.0,1150.0,1150.0,1150.0,1150.0,1150.0,1150.0,1150.0,1150.0,0.0,0.0,0.0,-1.0,13.05783197991306,0.0,0.1104872198,3.6644568301,-2.5
1151,1151,1151.0,1151.0,1151.0,1151.0,1151.0,1151.0,1151.0,1151.0,1151.0,1151.0,1151.0,1151.0,1151.0,1151.0,1151.0,1151.0,1151.0,1151.0,1151.0,1151.0,1151.0,1151.0,1151.0,1151.0,1151.0,1151.0,1151.0,1151.0,1151.0,1151.0,1151.0,1151.0,1.0,0.1,-0.0319963905,0.3377795885,-10.370911578401088,0.1104872198,0.0657895883,3.5539696103,-0.4422204115000002
1152,1152,1152.0,1152.0,1152.0,1152.0,1152.0,1152.0,1152.0,1152.0,1152.0,1152.0,1152.0,1152.0,1152.0,1152.0,1152.0,1152.0,1152.0,1152.0,1152.0,1152.0,1152.0,1152.0,1152.0,1152.0,1152.0,1152.0,1152.0,1152.0,1152.0,1152.0,1152.0,1152.0,2.0,0.2,-0.0500208429,-0.681287117,-7.399448806651968,0.1762768081,0.1330283734,3.488180022,-0.901287117
1153,1153,1153.0,1153.0,1153.0,1153.0,1153.0,1153.0,1153.0,1153.0,1153.0,1153.0,1153.0,1153.0,1153.0,1153.0,1153.0,1153.0,1153.0,1153.0,1153.0,1153.0,1153.0,1153.0,1153.0,1153.0,1153.0,1153.0,1153.0,1153.0,1153.0,1153.0,1153.0,1153.0,3.0,0.3,-0.1506480622,-1.3206047783,-3.429441404087377,0.3093051815,0.2136138053,3.3551516486,-1.1406047783
1154,1154,1154.0,1154.0,1154.0,1154.0,1154.0,1154.0,1154.0,1154.0,1154.0,1154.0,1154.0,1154.0,1154.0,1154.0,1154.0,1154.0,1154.0,1154.0,1154.0,1154.0,1154.0,1154.0,1154.0,1154.0,1154.0,1154.0,1154.0,1154.0,1154.0,1154.0,1154.0,1154.0,4.0,0.4,-0.2929099389,-1.5212870421,-13.080564778533684,0.5229189868,0.5438624180999999,3.1415378433,-1.1012870421
1155,1155,1155.0,1155.0,1155.0,1155.0,1155.0,1155.0,1155.0,1155.0,1155.0,1155.0,1155.0,1155.0,1155.0,1155.0,1155.0,1155.0,1155.0,1155.0,1155.0,1155.0,1155.0,1155.0,1155.0,1155.0,1155.0,1155.0,1155.0,1155.0,1155.0,1155.0,1155.0,1155.0,5.0,0.5,-0.5009556892,-2.6212977696,-2.6406518842355986,1.0667814049,0.7316197412000001,2.5976754252,-2.1212977696
1156,1156,1156.0,1156.0,1156.0,1156.0,1156.0,1156.0,1156.0,1156.0,1156.0,1156.0,1156.0,1156.0,1156.0,1156.0,1156.0,1156.0,1156.0,1156.0,1156.0,1156.0,1156.0,1156.0,1156.0,1156.0,1156.0,1156.0,1156.0,1156.0,1156.0,1156.0,1156.0,1156.0,6.0,0.6,-0.7631790918,-2.6231395554,-3.244850681510858,1.7984011461,0.7900013509000001,1.866055684,-2.2031395554
1157,1157,1157.0,1157.0,1157.0,1157.0,1157.0,1157.0,1157.0,1157.0,1157.0,1157.0,1157.0,1157.0,1157.0,1157.0,1157.0,1157.0,1157.0,1157.0,1157.0,1157.0,1157.0,1157.0,1157.0,1157.0,1157.0,1157.0,1157.0,1157.0,1157.0,1157.0,1157.0,1157.0,7.0,0.7,-1.028500474,-2.6823032413,13.000201636506064,2.588402497,0.6027321410999997,1.0760543330999996,-2.5023032413
1158,1158,1158.0,1158.0,1158.0,1158.0,1158.0,1158.0,1158.0,1158.0,1158.0,1158.0,1158.0,1158.0,1158.0,1158.0,1158.0,1158.0,1158.0,1158.0,1158.0,1158.0,1158.0,1158.0,1158.0,1158.0,1158.0,1158.0,1158.0,1158.0,1158.0,1158.0,1158.0,1158.0,8.0,0.8,-1.2208680976,-1.1899154541,6.997646023852337,3.1911346381,0.2531716316000003,0.4733221919999999,-1.4099154541000003
1159,1159,1159.0,1159.0,1159.0,1159.0,1159.0,1159.0,1159.0,1159.0,1159.0,1159.0,1159.0,1159.0,1159.0,1159.0,1159.0,1159.0,1159.0,1159.0,1159.0,1159.0,1159.0,1159.0,1159.0,1159.0,1159.0,1159.0,1159.0,1159.0,1159.0,1159.0,1159.0,1159.0,9.0,0.9,-1.3002538235,-0.4107651258,-4.0939405212302695,3.4443062697,0.2201505603999995,0.2201505603999995,-1.1907651258000005
1160,1160,1160.0,1160.0,1160.0,1160.0,1160.0,1160.0,1160.0,1160.0,1160.0,1160.0,1160.0,1160.0,1160.0,1160.0,1160.0,1160.0,1160.0,1160.0,1160.0,1160.0,1160.0,1160.0,1160.0,1160.0,1160.0,1160.0,1160.0,1160.0,1160.0,1160.0,1160.0,1160.0,0.0,0.0,0.0,-1.0,17.802870949148264,0.0,0.1860080192,2.9841281828,2.7507374846999992
1161,1161,1161.0,1161.0,1161.0,1161.0,1161.0,1161.0,1161.0,1161.0,1161.0,1161.0,1161.0,1161.0,1161.0,1161.0,1161.0,1161.0,1161.0,1161.0,1161.0,1161.0,1161.0,1161.0,1161.0,1161.0,1161.0,1161.0,1161.0,1161.0,1161.0,1161.0,1161.0,1161.0,1.0,0.1,-0.0090426522,0.7893297471,0.8427022060322926,0.1860080192,0.063213205,2.7981201636,2.7507374846999992
1162,1162,1162.0,1162.0,1162.0,1162.0,1162.0,1162.0,1162.0,1162.0,1162.0,1162.0,1162.0,1162.0,1162.0,1162.0,1162.0,1162.0,1162.0,1162.0,1162.0,1162.0,1162.0,1162.0,1162.0,1162.0,1162.0,1162.0,1162.0,1162.0,1162.0,1162.0,1162.0,1162.0,2.0,0.2,0.0701485023,0.7944088132,1.5261987448708894,0.2492212242,0.0713543235,2.7349069586,2.7507374846999992
1163,1163,1163.0,1163.0,1163.0,1163.0,1163.0,1163.0,1163.0,1163.0,1163.0,1163.0,1163.0,1163.0,1163.0,1163.0,1163.0,1163.0,1163.0,1163.0,1163.0,1163.0,1163.0,1163.0,1163.0,1163.0,1163.0,1163.0,1163.0,1163.0,1163.0,1163.0,1163.0,1163.0,3.0,0.3,0.1531292833,0.8640479067,-5.108407794089413,0.3205755477,0.0523279264,2.6635526351,2.7507374846999992
1164,1164,1164.0,1164.0,1164.0,1164.0,1164.0,1164.0,1164.0,1164.0,1164.0,1164.0,1164.0,1164.0,1164.0,1164.0,1164.0,1164.0,1164.0,1164.0,1164.0,1164.0,1164.0,1164.0,1164.0,1164.0,1164.0,1164.0,1164.0,1164.0,1164.0,1164.0,1164.0,1164.0,4.0,0.4,0.2106428157,0.2956935949,1.4883195163638447,0.3729034741,0.0188842226,2.6112247087,2.7507374846999992
1165,1165,1165.0,1165.0,1165.0,1165.0,1165.0,1165.0,1165.0,1165.0,1165.0,1165.0,1165.0,1165.0,1165.0,1165.0,1165.0,1165.0,1165.0,1165.0,1165.0,1165.0,1165.0,1165.0,1165.0,1165.0,1165.0,1165.0,1165.0,1165.0,1165.0,1165.0,1165.0,1165.0,5.0,0.5,0.2459809224,0.4091874398,2.09633409351515,0.3917876967,0.0337666117999999,2.5923404861,2.7507374846999992
1166,1166,1166.0,1166.0,1166.0,1166.0,1166.0,1166.0,1166.0,1166.0,1166.0,1166.0,1166.0,1166.0,1166.0,1166.0,1166.0,1166.0,1166.0,1166.0,1166.0,1166.0,1166.0,1166.0,1166.0,1166.0,1166.0,1166.0,1166.0,1166.0,1166.0,1166.0,1166.0,1166.0,6.0,0.6,0.2950611236,0.569740648,6.1064194134152885,0.4255543085,0.1022278642,2.5585738743,2.7507374846999992
1167,1167,1167.0,1167.0,1167.0,1167.0,1167.0,1167.0,1167.0,1167.0,1167.0,1167.0,1167.0,1167.0,1167.0,1167.0,1167.0,1167.0,1167.0,1167.0,1167.0,1167.0,1167.0,1167.0,1167.0,1167.0,1167.0,1167.0,1167.0,1167.0,1167.0,1167.0,1167.0,1167.0,7.0,0.7,0.3788184198,1.0966252932,14.148024894719349,0.5277821727,0.4324687201999999,2.4563460101,2.7507374846999992
1168,1168,1168.0,1168.0,1168.0,1168.0,1168.0,1168.0,1168.0,1168.0,1168.0,1168.0,1168.0,1168.0,1168.0,1168.0,1168.0,1168.0,1168.0,1168.0,1168.0,1168.0,1168.0,1168.0,1168.0,1168.0,1168.0,1168.0,1168.0,1168.0,1168.0,1168.0,1168.0,1168.0,8.0,0.8,0.5516160144,2.338630188,14.865689259077598,0.9602508929,1.0375971183,2.0238772899,2.7507374846999992
1169,1169,1169.0,1169.0,1169.0,1169.0,1169.0,1169.0,1169.0,1169.0,1169.0,1169.0,1169.0,1169.0,1169.0,1169.0,1169.0,1169.0,1169.0,1169.0,1169.0,1169.0,1169.0,1169.0,1169.0,1169.0,1169.0,1169.0,1169.0,1169.0,1169.0,1169.0,1169.0,1169.0,9.0,0.9,0.8460776436,3.5307374847,-10.35332800277681,1.9978480112,0.9862801716,0.9862801716,2.7507374846999992
1170,1170,1170.0,1170.0,1170.0,1170.0,1170.0,1170.0,1170.0,1170.0,1170.0,1170.0,1170.0,1170.0,1170.0,1170.0,1170.0,1170.0,1170.0,1170.0,1170.0,1170.0,1170.0,1170.0,1170.0,1170.0,1170.0,1170.0,1170.0,1170.0,1170.0,1170.0,1170.0,1170.0,0.0,0.0,0.0,-1.0,-2.475955275754305,0.0,0.1183892539,11.438981294499998,-2.5
1171,1171,1171.0,1171.0,1171.0,1171.0,1171.0,1171.0,1171.0,1171.0,1171.0,1171.0,1171.0,1171.0,1171.0,1171.0,1171.0,1171.0,1171.0,1171.0,1171.0,1171.0,1171.0,1171.0,1171.0,1171.0,1171.0,1171.0,1171.0,1171.0,1171.0,1171.0,1171.0,1171.0,1.0,0.1,-0.1071398499,-1.1404556777,-15.461833709975824,0.1183892539,0.4748835505,11.320592040599998,-1.9204556777
1172,1172,1172.0,1172.0,1172.0,1172.0,1172.0,1172.0,1172.0,1172.0,1172.0,1172.0,1172.0,1172.0,1172.0,1172.0,1172.0,1172.0,1172.0,1172.0,1172.0,1172.0,1172.0,1172.0,1172.0,1172.0,1172.0,1172.0,1172.0,1172.0,1172.0,1172.0,1172.0,1172.0,2.0,0.2,-0.2904639151,-2.5033149835,-7.789227608946421,0.5932728044,0.8122931783,10.845708490099998,-2.7233149835
1173,1173,1173.0,1173.0,1173.0,1173.0,1173.0,1173.0,1173.0,1173.0,1173.0,1173.0,1173.0,1173.0,1173.0,1173.0,1173.0,1173.0,1173.0,1173.0,1173.0,1173.0,1173.0,1173.0,1173.0,1173.0,1173.0,1173.0,1173.0,1173.0,1173.0,1173.0,1173.0,1173.0,3.0,0.3,-0.5663655956,-3.0063360639,-13.804999859247465,1.4055659827,1.4042196559000002,10.0334153118,-2.8263360639000004
1174,1174,1174.0,1174.0,1174.0,1174.0,1174.0,1174.0,1174.0,1174.0,1174.0,1174.0,1174.0,1174.0,1174.0,1174.0,1174.0,1174.0,1174.0,1174.0,1174.0,1174.0,1174.0,1174.0,1174.0,1174.0,1174.0,1174.0,1174.0,1174.0,1174.0,1174.0,1174.0,1174.0,4.0,0.4,-0.9192368568,-4.0339647886,5.305690947655968,2.8097856386,1.4271850302999995,8.629195655899998,-3.6139647886
1175,1175,1175.0,1175.0,1175.0,1175.0,1175.0,1175.0,1175.0,1175.0,1175.0,1175.0,1175.0,1175.0,1175.0,1175.0,1175.0,1175.0,1175.0,1175.0,1175.0,1175.0,1175.0,1175.0,1175.0,1175.0,1175.0,1175.0,1175.0,1175.0,1175.0,1175.0,1175.0,1175.0,5.0,0.5,-1.2774535045,-3.1451790461,-5.664632031093149,4.2369706689,1.2918098504,7.2020106256,-2.6451790461
1176,1176,1176.0,1176.0,1176.0,1176.0,1176.0,1176.0,1176.0,1176.0,1176.0,1176.0,1176.0,1176.0,1176.0,1176.0,1176.0,1176.0,1176.0,1176.0,1176.0,1176.0,1176.0,1176.0,1176.0,1176.0,1176.0,1176.0,1176.0,1176.0,1176.0,1176.0,1176.0,1176.0,6.0,0.6,-1.6041576925,-3.3849380612,10.274920303171704,5.5287805193,1.116266736,5.9102007752,-2.9649380612000003
1177,1177,1177.0,1177.0,1177.0,1177.0,1177.0,1177.0,1177.0,1177.0,1177.0,1177.0,1177.0,1177.0,1177.0,1177.0,1177.0,1177.0,1177.0,1177.0,1177.0,1177.0,1177.0,1177.0,1177.0,1177.0,1177.0,1177.0,1177.0,1177.0,1177.0,1177.0,1177.0,1177.0,7.0,0.7,-1.8765733462,-2.0850303772,-13.175172346254334,6.6450472553,1.1834151292,4.7939340392,-1.9050303772
1178,1178,1178.0,1178.0,1178.0,1178.0,1178.0,1178.0,1178.0,1178.0,1178.0,1178.0,1178.0,1178.0,1178.0,1178.0,1178.0,1178.0,1178.0,1178.0,1178.0,1178.0,1178.0,1178.0,1178.0,1178.0,1178.0,1178.0,1178.0,1178.0,1178.0,1178.0,1178.0,1178.0,8.0,0.8,-2.1387241098,-3.1403968483,-3.68623816394134,7.8284623845,1.5379706194999994,3.61051891,-3.3603968483
1179,1179,1179.0,1179.0,1179.0,1179.0,1179.0,1179.0,1179.0,1179.0,1179.0,1179.0,1179.0,1179.0,1179.0,1179.0,1179.0,1179.0,1179.0,1179.0,1179.0,1179.0,1179.0,1179.0,1179.0,1179.0,1179.0,1179.0,1179.0,1179.0,1179.0,1179.0,1179.0,1179.0,9.0,0.9,-2.4554042144,-3.19234056,-11.85688035780294,9.366433004,2.0725482905000003,2.0725482905000003,-3.97234056
1180,1180,1180.0,1180.0,1180.0,1180.0,1180.0,1180.0,1180.0,1180.0,1180.0,1180.0,1180.0,1180.0,1180.0,1180.0,1180.0,1180.0,1180.0,1180.0,1180.0,1180.0,1180.0,1180.0,1180.0,1180.0,1180.0,1180.0,1180.0,1180.0,1180.0,1180.0,1180.0,1180.0,0.0,0.0,0.0,-1.0,-7.898700410145416,0.0,0.2131901301,11.548022538899998,-2.5
1181,1181,1181.0,1181.0,1181.0,1181.0,1181.0,1181.0,1181.0,1181.0,1181.0,1181.0,1181.0,1181.0,1181.0,1181.0,1181.0,1181.0,1181.0,1181.0,1181.0,1181.0,1181.0,1181.0,1181.0,1181.0,1181.0,1181.0,1181.0,1181.0,1181.0,1181.0,1181.0,1181.0,1.0,0.1,-0.1333718984,-1.6564981426,-0.3337801787971557,0.2131901301,0.2585912213,11.3348324088,-2.4364981426000005
1182,1182,1182.0,1182.0,1182.0,1182.0,1182.0,1182.0,1182.0,1182.0,1182.0,1182.0,1182.0,1182.0,1182.0,1182.0,1182.0,1182.0,1182.0,1182.0,1182.0,1182.0,1182.0,1182.0,1182.0,1182.0,1182.0,1182.0,1182.0,1182.0,1182.0,1182.0,1182.0,1182.0,2.0,0.2,-0.2926232591,-1.5306247998,-15.006446235535847,0.4717813514,0.6183258885,11.0762411875,-1.7506247998
1183,1183,1183.0,1183.0,1183.0,1183.0,1183.0,1183.0,1183.0,1183.0,1183.0,1183.0,1183.0,1183.0,1183.0,1183.0,1183.0,1183.0,1183.0,1183.0,1183.0,1183.0,1183.0,1183.0,1183.0,1183.0,1183.0,1183.0,1183.0,1183.0,1183.0,1183.0,1183.0,1183.0,3.0,0.3,-0.5108739096,-2.8130187728,-17.32787761350139,1.0901072399,1.4482742572,10.457915299,-2.6330187728
1184,1184,1184.0,1184.0,1184.0,1184.0,1184.0,1184.0,1184.0,1184.0,1184.0,1184.0,1184.0,1184.0,1184.0,1184.0,1184.0,1184.0,1184.0,1184.0,1184.0,1184.0,1184.0,1184.0,1184.0,1184.0,1184.0,1184.0,1184.0,1184.0,1184.0,1184.0,1184.0,1184.0,4.0,0.4,-0.8623902275,-4.1942902163,-18.6028382367294,2.5383814971,2.7031877902,9.0096410418,-3.7742902163
1185,1185,1185.0,1185.0,1185.0,1185.0,1185.0,1185.0,1185.0,1185.0,1185.0,1185.0,1185.0,1185.0,1185.0,1185.0,1185.0,1185.0,1185.0,1185.0,1185.0,1185.0,1185.0,1185.0,1185.0,1185.0,1185.0,1185.0,1185.0,1185.0,1185.0,1185.0,1185.0,1185.0,5.0,0.5,-1.3515194235,-5.565444844,17.008457649116195,5.2415692873,2.439732543,6.3064532516,-5.065444844
1186,1186,1186.0,1186.0,1186.0,1186.0,1186.0,1186.0,1186.0,1186.0,1186.0,1186.0,1186.0,1186.0,1186.0,1186.0,1186.0,1186.0,1186.0,1186.0,1186.0,1186.0,1186.0,1186.0,1186.0,1186.0,1186.0,1186.0,1186.0,1186.0,1186.0,1186.0,1186.0,1186.0,6.0,0.6,-1.7988645348,-3.4172539678,4.70417983436317,7.6813018303,1.3142892412,3.8667207086,-2.9972539678
1187,1187,1187.0,1187.0,1187.0,1187.0,1187.0,1187.0,1187.0,1187.0,1187.0,1187.0,1187.0,1187.0,1187.0,1187.0,1187.0,1187.0,1187.0,1187.0,1187.0,1187.0,1187.0,1187.0,1187.0,1187.0,1187.0,1187.0,1187.0,1187.0,1187.0,1187.0,1187.0,1187.0,7.0,0.7,-2.1013033351,-2.6443971841,8.041008834797829,8.9955910715,0.9850650660000008,2.5524314674,-2.4643971841
1188,1188,1188.0,1188.0,1188.0,1188.0,1188.0,1188.0,1188.0,1188.0,1188.0,1188.0,1188.0,1188.0,1188.0,1188.0,1188.0,1188.0,1188.0,1188.0,1188.0,1188.0,1188.0,1188.0,1188.0,1188.0,1188.0,1188.0,1188.0,1188.0,1188.0,1188.0,1188.0,1188.0,8.0,0.8,-2.3140531843,-1.6275464514,8.667499766713863,9.9806561375,0.7390943282000002,1.5673664013999993,-1.8475464514
1189,1189,1189.0,1189.0,1189.0,1189.0,1189.0,1189.0,1189.0,1189.0,1189.0,1189.0,1189.0,1189.0,1189.0,1189.0,1189.0,1189.0,1189.0,1189.0,1189.0,1189.0,1189.0,1189.0,1189.0,1189.0,1189.0,1189.0,1189.0,1189.0,1189.0,1189.0,1189.0,1189.0,9.0,0.9,-2.4270074646,-0.6478421944,-11.57890908555331,10.7197504657,0.8282720731999991,0.8282720731999991,-1.4278421944000002
1190,1190,1190.0,1190.0,1190.0,1190.0,1190.0,1190.0,1190.0,1190.0,1190.0,1190.0,1190.0,1190.0,1190.0,1190.0,1190.0,1190.0,1190.0,1190.0,1190.0,1190.0,1190.0,1190.0,1190.0,1190.0,1190.0,1190.0,1190.0,1190.0,1190.0,1190.0,1190.0,1190.0,0.0,0.0,0.0,-1.0,11.069940534588016,0.0,0.0896888,3.2260243693,1.5601687953
1191,1191,1191.0,1191.0,1191.0,1191.0,1191.0,1191.0,1191.0,1191.0,1191.0,1191.0,1191.0,1191.0,1191.0,1191.0,1191.0,1191.0,1191.0,1191.0,1191.0,1191.0,1191.0,1191.0,1191.0,1191.0,1191.0,1191.0,1191.0,1191.0,1191.0,1191.0,1191.0,1191.0,1.0,0.1,-0.0416126525,0.1486067059,-5.619705287550154,0.0896888,0.0201943287,3.1363355693000003,1.5601687953
1192,1192,1192.0,1192.0,1192.0,1192.0,1192.0,1192.0,1192.0,1192.0,1192.0,1192.0,1192.0,1192.0,1192.0,1192.0,1192.0,1192.0,1192.0,1192.0,1192.0,1192.0,1192.0,1192.0,1192.0,1192.0,1192.0,1192.0,1192.0,1192.0,1192.0,1192.0,1192.0,1192.0,2.0,0.2,-0.0546556928,-0.4003207825,-15.99640113565592,0.1098831287,0.2807602509,3.1161412406,1.5601687953
1193,1193,1193.0,1193.0,1193.0,1193.0,1193.0,1193.0,1193.0,1193.0,1193.0,1193.0,1193.0,1193.0,1193.0,1193.0,1193.0,1193.0,1193.0,1193.0,1193.0,1193.0,1193.0,1193.0,1193.0,1193.0,1193.0,1193.0,1193.0,1193.0,1193.0,1193.0,1193.0,1193.0,3.0,0.3,-0.1701325266,-1.8844840623,-12.165087733558156,0.3906433796,0.6576434635000001,2.8353809897,1.5601687953
1194,1194,1194.0,1194.0,1194.0,1194.0,1194.0,1194.0,1194.0,1194.0,1194.0,1194.0,1194.0,1194.0,1194.0,1194.0,1194.0,1194.0,1194.0,1194.0,1194.0,1194.0,1194.0,1194.0,1194.0,1194.0,1194.0,1194.0,1194.0,1194.0,1194.0,1194.0,1194.0,1194.0,4.0,0.4,-0.4083124091,-2.8628129531,12.11103912065051,1.0482868431,0.5757268687999999,2.1777375262,1.5601687953
1195,1195,1195.0,1195.0,1195.0,1195.0,1195.0,1195.0,1195.0,1195.0,1195.0,1195.0,1195.0,1195.0,1195.0,1195.0,1195.0,1195.0,1195.0,1195.0,1195.0,1195.0,1195.0,1195.0,1195.0,1195.0,1195.0,1195.0,1195.0,1195.0,1195.0,1195.0,1195.0,1195.0,5.0,0.5,-0.6221589222,-1.437862528,15.768211716550546,1.6240137119,0.2277228253000001,1.6020106574,1.5601687953
1196,1196,1196.0,1196.0,1196.0,1196.0,1196.0,1196.0,1196.0,1196.0,1196.0,1196.0,1196.0,1196.0,1196.0,1196.0,1196.0,1196.0,1196.0,1196.0,1196.0,1196.0,1196.0,1196.0,1196.0,1196.0,1196.0,1196.0,1196.0,1196.0,1196.0,1196.0,1196.0,1196.0,6.0,0.6,-0.682712201,0.1995119225,10.802430880798228,1.8517365372,0.1605989939000001,1.3742878321,1.5601687953
1197,1197,1197.0,1197.0,1197.0,1197.0,1197.0,1197.0,1197.0,1197.0,1197.0,1197.0,1197.0,1197.0,1197.0,1197.0,1197.0,1197.0,1197.0,1197.0,1197.0,1197.0,1197.0,1197.0,1197.0,1197.0,1197.0,1197.0,1197.0,1197.0,1197.0,1197.0,1197.0,1197.0,7.0,0.7,-0.6114704381,1.2085132477,6.07406466562464,2.0123355311,0.2583847341999998,1.2136888382,1.5601687953
1198,1198,1198.0,1198.0,1198.0,1198.0,1198.0,1198.0,1198.0,1198.0,1198.0,1198.0,1198.0,1198.0,1198.0,1198.0,1198.0,1198.0,1198.0,1198.0,1198.0,1198.0,1198.0,1198.0,1198.0,1198.0,1198.0,1198.0,1198.0,1198.0,1198.0,1198.0,1198.0,1198.0,8.0,0.8,-0.4670823449,1.6715316211,-1.5944156122469444,2.2707202653,0.2464638576999998,0.955304104,1.5601687953
1199,1199,1199.0,1199.0,1199.0,1199.0,1199.0,1199.0,1199.0,1199.0,1199.0,1199.0,1199.0,1199.0,1199.0,1199.0,1199.0,1199.0,1199.0,1199.0,1199.0,1199.0,1199.0,1199.0,1199.0,1199.0,1199.0,1199.0,1199.0,1199.0,1199.0,1199.0,1199.0,1199.0,9.0,0.9,-0.3157279752,1.3607356901,19.218941267155103,2.517184123,0.7088402463000003,0.7088402463000003,1.5601687953
1200,1200,1200.0,1200.0,1200.0,1200.0,1200.0,1200.0,1200.0,1200.0,1200.0,1200.0,1200.0,1200.0,1200.0,1200.0,1200.0,1200.0,1200.0,1200.0,1200.0,1200.0,1200.0,1200.0,1200.0,1200.0,1200.0,1200.0,1200.0,1200.0,1200.0,1200.0,1200.0,0.0,,0.0,0.0,-1.0,3.5956523110365306,0.0,0.0687692681,0.8649579586,-2.5
1201,1201,1201.0,1201.0,1201.0,1201.0,1201.0,1201.0,1201.0,1201.0,1201.0,1201.0,1201.0,1201.0,1201.0,1201.0,1201.0,1201.0,1201.0,1201.0,1201.0,1201.0,1201.0,1201.0,1201.0,1201.0,1201.0,1201.0,1201.0,1201.0,1201.0,1201.0,1201.0,1.0,,0.1,-0.0777689067,-0.5626658622,-4.614380936817071,0.0687692681,0.0707556997,0.7961886905,-1.3426658622000005
1202,1202,1202.0,1202.0,1202.0,1202.0,1202.0,1202.0,1202.0,1202.0,1202.0,1202.0,1202.0,1202.0,1202.0,1202.0,1202.0,1202.0,1202.0,1202.0,1202.0,1202.0,1202.0,1202.0,1202.0,1202.0,1202.0,1202.0,1202.0,1202.0,1202.0,1202.0,1202.0,2.0,,0.2,-0.1536353329,-0.9482375296,2.5966134329833146,0.1395249678,0.0685185515999999,0.7254329907999999,-1.1682375295999998
1203,1203,1203.0,1203.0,1203.0,1203.0,1203.0,1203.0,1203.0,1203.0,1203.0,1203.0,1203.0,1203.0,1203.0,1203.0,1203.0,1203.0,1203.0,1203.0,1203.0,1203.0,1203.0,1203.0,1203.0,1203.0,1203.0,1203.0,1203.0,1203.0,1203.0,1203.0,1203.0,3.0,,0.3,-0.2313111584,-0.6109003609,-4.041107298222639,0.2080435194,0.0766025551,0.6569144391999999,-0.4309003609
1204,1204,1204.0,1204.0,1204.0,1204.0,1204.0,1204.0,1204.0,1204.0,1204.0,1204.0,1204.0,1204.0,1204.0,1204.0,1204.0,1204.0,1204.0,1204.0,1204.0,1204.0,1204.0,1204.0,1204.0,1204.0,1204.0,1204.0,1204.0,1204.0,1204.0,1204.0,1204.0,4.0,,0.4,-0.3089945391,-0.93732771,1.9390371653680405,0.2846460745,0.0786012205,0.5803118840999999,-0.51732771
1205,1205,1205.0,1205.0,1205.0,1205.0,1205.0,1205.0,1205.0,1205.0,1205.0,1205.0,1205.0,1205.0,1205.0,1205.0,1205.0,1205.0,1205.0,1205.0,1205.0,1205.0,1205.0,1205.0,1205.0,1205.0,1205.0,1205.0,1205.0,1205.0,1205.0,1205.0,1205.0,5.0,,0.5,-0.3888132174,-0.6636053151,-2.809449324440718,0.363247295,0.0813382019999999,0.5017106635999999,-0.1636053150999999
1206,1206,1206.0,1206.0,1206.0,1206.0,1206.0,1206.0,1206.0,1206.0,1206.0,1206.0,1206.0,1206.0,1206.0,1206.0,1206.0,1206.0,1206.0,1206.0,1206.0,1206.0,1206.0,1206.0,1206.0,1206.0,1206.0,1206.0,1206.0,1206.0,1206.0,1206.0,1206.0,6.0,,0.6,-0.4655540813,-0.8678093837,0.5458717313809461,0.444585497,0.0899297735,0.4203724616,-0.4478093837
1207,1207,1207.0,1207.0,1207.0,1207.0,1207.0,1207.0,1207.0,1207.0,1207.0,1207.0,1207.0,1207.0,1207.0,1207.0,1207.0,1207.0,1207.0,1207.0,1207.0,1207.0,1207.0,1207.0,1207.0,1207.0,1207.0,1207.0,1207.0,1207.0,1207.0,1207.0,1207.0,7.0,,0.7,-0.545496496,-0.7332797958,-2.1356560355115195,0.5345152705,0.1008189829999999,0.3304426881,-0.5532797957999999
1208,1208,1208.0,1208.0,1208.0,1208.0,1208.0,1208.0,1208.0,1208.0,1208.0,1208.0,1208.0,1208.0,1208.0,1208.0,1208.0,1208.0,1208.0,1208.0,1208.0,1208.0,1208.0,1208.0,1208.0,1208.0,1208.0,1208.0,1208.0,1208.0,1208.0,1208.0,1208.0,8.0,,0.8,-0.6256082674,-0.866733628,0.6757041898186695,0.6353342535,0.1076194346,0.2296237051,-1.0867336280000002
1209,1209,1209.0,1209.0,1209.0,1209.0,1209.0,1209.0,1209.0,1209.0,1209.0,1209.0,1209.0,1209.0,1209.0,1209.0,1209.0,1209.0,1209.0,1209.0,1209.0,1209.0,1209.0,1209.0,1209.0,1209.0,1209.0,1209.0,1209.0,1209.0,1209.0,1209.0,1209.0,9.0,,0.9,-0.7048203189,-0.7199511575,-2.3410724928805724,0.7429536881,0.1220042705,0.1220042705,-1.4999511575000004
1210,1210,1210.0,1210.0,1210.0,1210.0,1210.0,1210.0,1210.0,1210.0,1210.0,1210.0,1210.0,1210.0,1210.0,1210.0,1210.0,1210.0,1210.0,1210.0,1210.0,1210.0,1210.0,1210.0,1210.0,1210.0,1210.0,1210.0,1210.0,1210.0,1210.0,1210.0,1210.0,0.0,,0.0,0.0,-1.0,3.6764214747348376,0.0,0.068511657,0.8726520676,-2.5
1211,1211,1211.0,1211.0,1211.0,1211.0,1211.0,1211.0,1211.0,1211.0,1211.0,1211.0,1211.0,1211.0,1211.0,1211.0,1211.0,1211.0,1211.0,1211.0,1211.0,1211.0,1211.0,1211.0,1211.0,1211.0,1211.0,1211.0,1211.0,1211.0,1211.0,1211.0,1211.0,1.0,,0.1,-0.0773781925,-0.55497966,-5.101309546605789,0.068511657,0.0759354281999999,0.8041404106000001,-1.33497966
1212,1212,1212.0,1212.0,1212.0,1212.0,1212.0,1212.0,1212.0,1212.0,1212.0,1212.0,1212.0,1212.0,1212.0,1212.0,1212.0,1212.0,1212.0,1212.0,1212.0,1212.0,1212.0,1212.0,1212.0,1212.0,1212.0,1212.0,1212.0,1212.0,1212.0,1212.0,1212.0,2.0,,0.2,-0.1548686524,-0.9876201548,3.6558513600609848,0.1444470852,0.0704436162,0.7282049824000001,-1.2076201547999998
1213,1213,1213.0,1213.0,1213.0,1213.0,1213.0,1213.0,1213.0,1213.0,1213.0,1213.0,1213.0,1213.0,1213.0,1213.0,1213.0,1213.0,1213.0,1213.0,1213.0,1213.0,1213.0,1213.0,1213.0,1213.0,1213.0,1213.0,1213.0,1213.0,1213.0,1213.0,1213.0,3.0,,0.3,-0.2311682603,-0.5457354109,-5.023818247833507,0.2148907014,0.0793617999999999,0.6577613662000001,-0.3657354109
1214,1214,1214.0,1214.0,1214.0,1214.0,1214.0,1214.0,1214.0,1214.0,1214.0,1214.0,1214.0,1214.0,1214.0,1214.0,1214.0,1214.0,1214.0,1214.0,1214.0,1214.0,1214.0,1214.0,1214.0,1214.0,1214.0,1214.0,1214.0,1214.0,1214.0,1214.0,1214.0,4.0,,0.4,-0.3074041634,-0.9718813326,2.8639306132363647,0.2942525014,0.0793280759,0.5783995662000001,-0.5518813325999999
1215,1215,1215.0,1215.0,1215.0,1215.0,1215.0,1215.0,1215.0,1215.0,1215.0,1215.0,1215.0,1215.0,1215.0,1215.0,1215.0,1215.0,1215.0,1215.0,1215.0,1215.0,1215.0,1215.0,1215.0,1215.0,1215.0,1215.0,1215.0,1215.0,1215.0,1215.0,1215.0,5.0,,0.5,-0.3860369469,-0.6068554877,-3.803753576235579,0.3735805773,0.0838149276999999,0.4990714903,-0.1068554876999999
1216,1216,1216.0,1216.0,1216.0,1216.0,1216.0,1216.0,1216.0,1216.0,1216.0,1216.0,1216.0,1216.0,1216.0,1216.0,1216.0,1216.0,1216.0,1216.0,1216.0,1216.0,1216.0,1216.0,1216.0,1216.0,1216.0,1216.0,1216.0,1216.0,1216.0,1216.0,1216.0,6.0,,0.6,-0.462187248,-0.9110805442,1.6129538679276718,0.457395505,0.0894488063,0.4152565626,-0.4910805441999999
1217,1217,1217.0,1217.0,1217.0,1217.0,1217.0,1217.0,1217.0,1217.0,1217.0,1217.0,1217.0,1217.0,1217.0,1217.0,1217.0,1217.0,1217.0,1217.0,1217.0,1217.0,1217.0,1217.0,1217.0,1217.0,1217.0,1217.0,1217.0,1217.0,1217.0,1217.0,1217.0,7.0,,0.7,-0.5410856228,-0.6708867826,-2.9450941700992392,0.5468443113,0.0992046358999999,0.3258077563,-0.4908867825999998
1218,1218,1218.0,1218.0,1218.0,1218.0,1218.0,1218.0,1218.0,1218.0,1218.0,1218.0,1218.0,1218.0,1218.0,1218.0,1218.0,1218.0,1218.0,1218.0,1218.0,1218.0,1218.0,1218.0,1218.0,1218.0,1218.0,1218.0,1218.0,1218.0,1218.0,1218.0,1218.0,8.0,,0.8,-0.6191755722,-0.8873062503,1.0986166305669336,0.6460489472,0.1071602452,0.2266031204,-1.1073062503000002
1219,1219,1219.0,1219.0,1219.0,1219.0,1219.0,1219.0,1219.0,1219.0,1219.0,1219.0,1219.0,1219.0,1219.0,1219.0,1219.0,1219.0,1219.0,1219.0,1219.0,1219.0,1219.0,1219.0,1219.0,1219.0,1219.0,1219.0,1219.0,1219.0,1219.0,1219.0,1219.0,9.0,,0.9,-0.6982995356,-0.6983206238,-2.512518603709,0.7532091924,0.1194428752,0.1194428752,-1.4783206238000002
1220,1220,1220.0,1220.0,1220.0,1220.0,1220.0,1220.0,1220.0,1220.0,1220.0,1220.0,1220.0,1220.0,1220.0,1220.0,1220.0,1220.0,1220.0,1220.0,1220.0,1220.0,1220.0,1220.0,1220.0,1220.0,1220.0,1220.0,1220.0,1220.0,1220.0,1220.0,1220.0,0.0,,0.0,0.0,-1.0,3.650092236925112,0.0,0.0685944725,0.8639028056,-2.5
1221,1221,1221.0,1221.0,1221.0,1221.0,1221.0,1221.0,1221.0,1221.0,1221.0,1221.0,1221.0,1221.0,1221.0,1221.0,1221.0,1221.0,1221.0,1221.0,1221.0,1221.0,1221.0,1221.0,1221.0,1221.0,1221.0,1221.0,1221.0,1221.0,1221.0,1221.0,1221.0,1.0,,0.1,-0.077505558,-0.5574852183,-4.912213529712765,0.0685944725,0.0738142001,0.7953083330999999,-1.3374852183000003
1222,1222,1222.0,1222.0,1222.0,1222.0,1222.0,1222.0,1222.0,1222.0,1222.0,1222.0,1222.0,1222.0,1222.0,1222.0,1222.0,1222.0,1222.0,1222.0,1222.0,1222.0,1222.0,1222.0,1222.0,1222.0,1222.0,1222.0,1222.0,1222.0,1222.0,1222.0,1222.0,2.0,,0.2,-0.1543197168,-0.9718924125,2.865283923930229,0.1424086726,0.0709579658,0.721494133,-1.1918924125
1223,1223,1223.0,1223.0,1223.0,1223.0,1223.0,1223.0,1223.0,1223.0,1223.0,1223.0,1223.0,1223.0,1223.0,1223.0,1223.0,1223.0,1223.0,1223.0,1223.0,1223.0,1223.0,1223.0,1223.0,1223.0,1223.0,1223.0,1223.0,1223.0,1223.0,1223.0,1223.0,3.0,,0.3,-0.2329469307,-0.6067368062,-3.806798874931309,0.2133666384,0.0732692705,0.6505361672,-0.4267368062000001
1224,1224,1224.0,1224.0,1224.0,1224.0,1224.0,1224.0,1224.0,1224.0,1224.0,1224.0,1224.0,1224.0,1224.0,1224.0,1224.0,1224.0,1224.0,1224.0,1224.0,1224.0,1224.0,1224.0,1224.0,1224.0,1224.0,1224.0,1224.0,1224.0,1224.0,1224.0,1224.0,4.0,,0.4,-0.3091006503,-0.9112629741,1.5569577109481134,0.2866359089,0.0767253305999999,0.5772668967,-0.4912629740999999
1225,1225,1225.0,1225.0,1225.0,1225.0,1225.0,1225.0,1225.0,1225.0,1225.0,1225.0,1225.0,1225.0,1225.0,1225.0,1225.0,1225.0,1225.0,1225.0,1225.0,1225.0,1225.0,1225.0,1225.0,1225.0,1225.0,1225.0,1225.0,1225.0,1225.0,1225.0,1225.0,5.0,,0.5,-0.3882872249,-0.6763806284,-2.8988542770560137,0.3633612395,0.0841978545,0.5005415661,-0.1763806284
1226,1226,1226.0,1226.0,1226.0,1226.0,1226.0,1226.0,1226.0,1226.0,1226.0,1226.0,1226.0,1226.0,1226.0,1226.0,1226.0,1226.0,1226.0,1226.0,1226.0,1226.0,1226.0,1226.0,1226.0,1226.0,1226.0,1226.0,1226.0,1226.0,1226.0,1226.0,1226.0,6.0,,0.6,-0.4666763099,-0.887876971,1.0828845301073131,0.447559094,0.089536703,0.4163437116,-0.4678769709999999
1227,1227,1227.0,1227.0,1227.0,1227.0,1227.0,1227.0,1227.0,1227.0,1227.0,1227.0,1227.0,1227.0,1227.0,1227.0,1227.0,1227.0,1227.0,1227.0,1227.0,1227.0,1227.0,1227.0,1227.0,1227.0,1227.0,1227.0,1227.0,1227.0,1227.0,1227.0,1227.0,7.0,,0.7,-0.5459306502,-0.7003341778,-2.3820294944974494,0.537095797,0.0982732304,0.3268070086,-0.5203341777999998
1228,1228,1228.0,1228.0,1228.0,1228.0,1228.0,1228.0,1228.0,1228.0,1228.0,1228.0,1228.0,1228.0,1228.0,1228.0,1228.0,1228.0,1228.0,1228.0,1228.0,1228.0,1228.0,1228.0,1228.0,1228.0,1228.0,1228.0,1228.0,1228.0,1228.0,1228.0,1228.0,8.0,,0.8,-0.624099059,-0.8603687185,0.5202679192450813,0.6353690274,0.1075145622,0.2285337781999999,-1.0803687185000002
1229,1229,1229.0,1229.0,1229.0,1229.0,1229.0,1229.0,1229.0,1229.0,1229.0,1229.0,1229.0,1229.0,1229.0,1229.0,1229.0,1229.0,1229.0,1229.0,1229.0,1229.0,1229.0,1229.0,1229.0,1229.0,1229.0,1229.0,1229.0,1229.0,1229.0,1229.0,1229.0,9.0,,0.9,-0.7034573198,-0.7289836657,-2.128370691190279,0.7428835896,0.1210192159999999,0.1210192159999999,-1.5089836657000002
1230,1230,1230.0,1230.0,1230.0,1230.0,1230.0,1230.0,1230.0,1230.0,1230.0,1230.0,1230.0,1230.0,1230.0,1230.0,1230.0,1230.0,1230.0,1230.0,1230.0,1230.0,1230.0,1230.0,1230.0,1230.0,1230.0,1230.0,1230.0,1230.0,1230.0,1230.0,1230.0,0.0,,0.0,0.0,-1.0,3.464747083368006,0.0,0.0692092249,0.8650381971000001,-2.5
1231,1231,1231.0,1231.0,1231.0,1231.0,1231.0,1231.0,1231.0,1231.0,1231.0,1231.0,1231.0,1231.0,1231.0,1231.0,1231.0,1231.0,1231.0,1231.0,1231.0,1231.0,1231.0,1231.0,1231.0,1231.0,1231.0,1231.0,1231.0,1231.0,1231.0,1231.0,1231.0,1.0,,0.1,-0.07840215,-0.5751231417,-4.602290746867517,0.0692092249,0.0724366668,0.7958289722,-1.3551231417000005
1232,1232,1232.0,1232.0,1232.0,1232.0,1232.0,1232.0,1232.0,1232.0,1232.0,1232.0,1232.0,1232.0,1232.0,1232.0,1232.0,1232.0,1232.0,1232.0,1232.0,1232.0,1232.0,1232.0,1232.0,1232.0,1232.0,1232.0,1232.0,1232.0,1232.0,1232.0,1232.0,2.0,,0.2,-0.1553955578,-0.9583588086,2.918574667408448,0.1416458917,0.0687396633,0.7233923054000001,-1.1783588086
1233,1233,1233.0,1233.0,1233.0,1233.0,1233.0,1233.0,1233.0,1233.0,1233.0,1233.0,1233.0,1233.0,1233.0,1233.0,1233.0,1233.0,1233.0,1233.0,1233.0,1233.0,1233.0,1233.0,1233.0,1233.0,1233.0,1233.0,1233.0,1233.0,1233.0,1233.0,1233.0,3.0,,0.3,-0.2324770928,-0.5894198068,-4.0966546860375415,0.210385555,0.0741513296999999,0.6546526421000001,-0.4094198068
1234,1234,1234.0,1234.0,1234.0,1234.0,1234.0,1234.0,1234.0,1234.0,1234.0,1234.0,1234.0,1234.0,1234.0,1234.0,1234.0,1234.0,1234.0,1234.0,1234.0,1234.0,1234.0,1234.0,1234.0,1234.0,1234.0,1234.0,1234.0,1234.0,1234.0,1234.0,1234.0,4.0,,0.4,-0.3083850343,-0.9231773339,1.8057897870470208,0.2845368847,0.0770971417999999,0.5805013124,-0.5031773339
1235,1235,1235.0,1235.0,1235.0,1235.0,1235.0,1235.0,1235.0,1235.0,1235.0,1235.0,1235.0,1235.0,1235.0,1235.0,1235.0,1235.0,1235.0,1235.0,1235.0,1235.0,1235.0,1235.0,1235.0,1235.0,1235.0,1235.0,1235.0,1235.0,1235.0,1235.0,1235.0,5.0,,0.5,-0.3875017027,-0.6634816868,-2.9635108181781944,0.3616340265,0.0828760206,0.5034041706,-0.1634816867999999
1236,1236,1236.0,1236.0,1236.0,1236.0,1236.0,1236.0,1236.0,1236.0,1236.0,1236.0,1236.0,1236.0,1236.0,1236.0,1236.0,1236.0,1236.0,1236.0,1236.0,1236.0,1236.0,1236.0,1236.0,1236.0,1236.0,1236.0,1236.0,1236.0,1236.0,1236.0,1236.0,6.0,,0.6,-0.4649760636,-0.8823584077,0.9887583362618052,0.4445100471,0.0891156456,0.4205281499999999,-0.4623584076999999
1237,1237,1237.0,1237.0,1237.0,1237.0,1237.0,1237.0,1237.0,1237.0,1237.0,1237.0,1237.0,1237.0,1237.0,1237.0,1237.0,1237.0,1237.0,1237.0,1237.0,1237.0,1237.0,1237.0,1237.0,1237.0,1237.0,1237.0,1237.0,1237.0,1237.0,1237.0,1237.0,7.0,,0.7,-0.5441605702,-0.7042980675,-2.679713769895531,0.5336256927,0.101856312,0.3314125043999999,-0.5242980674999999
1238,1238,1238.0,1238.0,1238.0,1238.0,1238.0,1238.0,1238.0,1238.0,1238.0,1238.0,1238.0,1238.0,1238.0,1238.0,1238.0,1238.0,1238.0,1238.0,1238.0,1238.0,1238.0,1238.0,1238.0,1238.0,1238.0,1238.0,1238.0,1238.0,1238.0,1238.0,1238.0,8.0,,0.8,-0.6241462531,-0.8922837616,0.8267400067857501,0.6354820047,0.1104391153999999,0.2295561923999999,-1.1122837616
1239,1239,1239.0,1239.0,1239.0,1239.0,1239.0,1239.0,1239.0,1239.0,1239.0,1239.0,1239.0,1239.0,1239.0,1239.0,1239.0,1239.0,1239.0,1239.0,1239.0,1239.0,1239.0,1239.0,1239.0,1239.0,1239.0,1239.0,1239.0,1239.0,1239.0,1239.0,1239.0,9.0,,0.9,-0.7050590888,-0.7286969253,-1.92148506245796,0.7459211201,0.1191170769999999,0.1191170769999999,-1.5086969253000002
1240,1240,1240.0,1240.0,1240.0,1240.0,1240.0,1240.0,1240.0,1240.0,1240.0,1240.0,1240.0,1240.0,1240.0,1240.0,1240.0,1240.0,1240.0,1240.0,1240.0,1240.0,1240.0,1240.0,1240.0,1240.0,1240.0,1240.0,1240.0,1240.0,1240.0,1240.0,1240.0,0.0,,0.0,0.0,-1.0,3.459784596165528,0.0,0.0692264495,0.8529831176999999,-2.5
1241,1241,1241.0,1241.0,1241.0,1241.0,1241.0,1241.0,1241.0,1241.0,1241.0,1241.0,1241.0,1241.0,1241.0,1241.0,1241.0,1241.0,1241.0,1241.0,1241.0,1241.0,1241.0,1241.0,1241.0,1241.0,1241.0,1241.0,1241.0,1241.0,1241.0,1241.0,1241.0,1.0,,0.1,-0.0784261556,-0.5755953848,-4.385027597097171,0.0692264495,0.0697842782,0.7837566681999999,-1.3555953848000004
1242,1242,1242.0,1242.0,1242.0,1242.0,1242.0,1242.0,1242.0,1242.0,1242.0,1242.0,1242.0,1242.0,1242.0,1242.0,1242.0,1242.0,1242.0,1242.0,1242.0,1242.0,1242.0,1242.0,1242.0,1242.0,1242.0,1242.0,1242.0,1242.0,1242.0,1242.0,1242.0,2.0,,0.2,-0.1544135107,-0.9381107894,2.393601121637226,0.1390107277,0.0679541642,0.7139723899999999,-1.1581107894
1243,1243,1243.0,1243.0,1243.0,1243.0,1243.0,1243.0,1243.0,1243.0,1243.0,1243.0,1243.0,1243.0,1243.0,1243.0,1243.0,1243.0,1243.0,1243.0,1243.0,1243.0,1243.0,1243.0,1243.0,1243.0,1243.0,1243.0,1243.0,1243.0,1243.0,1243.0,1243.0,3.0,,0.3,-0.2321077047,-0.6210564832,-3.409704493126687,0.2069648919,0.0707602464,0.6460182257999999,-0.4410564832
1244,1244,1244.0,1244.0,1244.0,1244.0,1244.0,1244.0,1244.0,1244.0,1244.0,1244.0,1244.0,1244.0,1244.0,1244.0,1244.0,1244.0,1244.0,1244.0,1244.0,1244.0,1244.0,1244.0,1244.0,1244.0,1244.0,1244.0,1244.0,1244.0,1244.0,1244.0,1244.0,4.0,,0.4,-0.3077032118,-0.8864314254,1.3381985205786224,0.2777251383,0.07411441,0.5752579793999999,-0.4664314253999999
1245,1245,1245.0,1245.0,1245.0,1245.0,1245.0,1245.0,1245.0,1245.0,1245.0,1245.0,1245.0,1245.0,1245.0,1245.0,1245.0,1245.0,1245.0,1245.0,1245.0,1245.0,1245.0,1245.0,1245.0,1245.0,1245.0,1245.0,1245.0,1245.0,1245.0,1245.0,1245.0,5.0,,0.5,-0.3855849826,-0.6747298026,-3.113436123186949,0.3518395483,0.0861023264999999,0.5011435693999999,-0.1747298026
1246,1246,1246.0,1246.0,1246.0,1246.0,1246.0,1246.0,1246.0,1246.0,1246.0,1246.0,1246.0,1246.0,1246.0,1246.0,1246.0,1246.0,1246.0,1246.0,1246.0,1246.0,1246.0,1246.0,1246.0,1246.0,1246.0,1246.0,1246.0,1246.0,1246.0,1246.0,1246.0,6.0,,0.6,-0.4648550027,-0.9068033948,1.6473946046627608,0.4379418748,0.0888565981,0.4150412429,-0.4868033948
1247,1247,1247.0,1247.0,1247.0,1247.0,1247.0,1247.0,1247.0,1247.0,1247.0,1247.0,1247.0,1247.0,1247.0,1247.0,1247.0,1247.0,1247.0,1247.0,1247.0,1247.0,1247.0,1247.0,1247.0,1247.0,1247.0,1247.0,1247.0,1247.0,1247.0,1247.0,1247.0,7.0,,0.7,-0.5431797355,-0.6637392015,-3.000171915591892,0.5267984729,0.0989578478999999,0.3261846448,-0.4837392014999998
1248,1248,1248.0,1248.0,1248.0,1248.0,1248.0,1248.0,1248.0,1248.0,1248.0,1248.0,1248.0,1248.0,1248.0,1248.0,1248.0,1248.0,1248.0,1248.0,1248.0,1248.0,1248.0,1248.0,1248.0,1248.0,1248.0,1248.0,1248.0,1248.0,1248.0,1248.0,1248.0,8.0,,0.8,-0.6208559454,-0.8860801832,1.0331877018719584,0.6257563208,0.1076161838,0.2272267969,-1.1060801832000002
1249,1249,1249.0,1249.0,1249.0,1249.0,1249.0,1249.0,1249.0,1249.0,1249.0,1249.0,1249.0,1249.0,1249.0,1249.0,1249.0,1249.0,1249.0,1249.0,1249.0,1249.0,1249.0,1249.0,1249.0,1249.0,1249.0,1249.0,1249.0,1249.0,1249.0,1249.0,1249.0,9.0,,0.9,-0.7001797388,-0.7034376196,-2.4264885239846823,0.7333725046,0.1196106130999999,0.1196106130999999,-1.4834376196
1250,1250,1250.0,1250.0,1250.0,1250.0,1250.0,1250.0,1250.0,1250.0,1250.0,1250.0,1250.0,1250.0,1250.0,1250.0,1250.0,1250.0,1250.0,1250.0,1250.0,1250.0,1250.0,1250.0,1250.0,1250.0,1250.0,1250.0,1250.0,1250.0,1250.0,1250.0,1250.0,0.0,,0.0,0.0,-1.0,3.4927822896114344,0.0,0.069112665,0.8802877753,-2.5
1251,1251,1251.0,1251.0,1251.0,1251.0,1251.0,1251.0,1251.0,1251.0,1251.0,1251.0,1251.0,1251.0,1251.0,1251.0,1251.0,1251.0,1251.0,1251.0,1251.0,1251.0,1251.0,1251.0,1251.0,1251.0,1251.0,1251.0,1251.0,1251.0,1251.0,1251.0,1251.0,1.0,,0.1,-0.078266532,-0.5724552391,-4.6222687169913925,0.069112665,0.0722952524,0.8111751103,-1.3524552391000002
1252,1252,1252.0,1252.0,1252.0,1252.0,1252.0,1252.0,1252.0,1252.0,1252.0,1252.0,1252.0,1252.0,1252.0,1252.0,1252.0,1252.0,1252.0,1252.0,1252.0,1252.0,1252.0,1252.0,1252.0,1252.0,1252.0,1252.0,1252.0,1252.0,1252.0,1252.0,1252.0,2.0,,0.2,-0.155102697,-0.9578459457,2.99317932170776,0.1414079174,0.0683562235999999,0.7388798579,-1.1778459457
1253,1253,1253.0,1253.0,1253.0,1253.0,1253.0,1253.0,1253.0,1253.0,1253.0,1253.0,1253.0,1253.0,1253.0,1253.0,1253.0,1253.0,1253.0,1253.0,1253.0,1253.0,1253.0,1253.0,1253.0,1253.0,1253.0,1253.0,1253.0,1253.0,1253.0,1253.0,1253.0,3.0,,0.3,-0.2317745328,-0.5818561777,-4.558613349360712,0.209764141,0.0787235544999999,0.6705236343000001,-0.4018561777
1254,1254,1254.0,1254.0,1254.0,1254.0,1254.0,1254.0,1254.0,1254.0,1254.0,1254.0,1254.0,1254.0,1254.0,1254.0,1254.0,1254.0,1254.0,1254.0,1254.0,1254.0,1254.0,1254.0,1254.0,1254.0,1254.0,1254.0,1254.0,1254.0,1254.0,1254.0,1254.0,4.0,,0.4,-0.3091973832,-0.9602946623,2.574176239693801,0.2884876955,0.0789636489,0.5918000798,-0.5402946623
1255,1255,1255.0,1255.0,1255.0,1255.0,1255.0,1255.0,1255.0,1255.0,1255.0,1255.0,1255.0,1255.0,1255.0,1255.0,1255.0,1255.0,1255.0,1255.0,1255.0,1255.0,1255.0,1255.0,1255.0,1255.0,1255.0,1255.0,1255.0,1255.0,1255.0,1255.0,1255.0,5.0,,0.5,-0.3881292151,-0.6239452064,-4.062477658092678,0.3674513444,0.0897057659,0.5128364309,-0.1239452063999999
1256,1256,1256.0,1256.0,1256.0,1256.0,1256.0,1256.0,1256.0,1256.0,1256.0,1256.0,1256.0,1256.0,1256.0,1256.0,1256.0,1256.0,1256.0,1256.0,1256.0,1256.0,1256.0,1256.0,1256.0,1256.0,1256.0,1256.0,1256.0,1256.0,1256.0,1256.0,1256.0,6.0,,0.6,-0.4671573721,-0.9511648153,2.370955159777607,0.4571571103,0.0921193871999999,0.423130665,-0.5311648152999999
1257,1257,1257.0,1257.0,1257.0,1257.0,1257.0,1257.0,1257.0,1257.0,1257.0,1257.0,1257.0,1257.0,1257.0,1257.0,1257.0,1257.0,1257.0,1257.0,1257.0,1257.0,1257.0,1257.0,1257.0,1257.0,1257.0,1257.0,1257.0,1257.0,1257.0,1257.0,1257.0,7.0,,0.7,-0.5462034749,-0.6350231965,-3.4235437789033125,0.5492764975,0.0997023767,0.3310112778,-0.4550231964999999
1258,1258,1258.0,1258.0,1258.0,1258.0,1258.0,1258.0,1258.0,1258.0,1258.0,1258.0,1258.0,1258.0,1258.0,1258.0,1258.0,1258.0,1258.0,1258.0,1258.0,1258.0,1258.0,1258.0,1258.0,1258.0,1258.0,1258.0,1258.0,1258.0,1258.0,1258.0,1258.0,8.0,,0.8,-0.6231950631,-0.9003859862,1.1390153035076085,0.6489788742,0.1095023482,0.2313089011,-1.1203859862
1259,1259,1259.0,1259.0,1259.0,1259.0,1259.0,1259.0,1259.0,1259.0,1259.0,1259.0,1259.0,1259.0,1259.0,1259.0,1259.0,1259.0,1259.0,1259.0,1259.0,1259.0,1259.0,1259.0,1259.0,1259.0,1259.0,1259.0,1259.0,1259.0,1259.0,1259.0,1259.0,9.0,,0.9,-0.7033683008,-0.7063112181,-2.5458025133338835,0.7584812224,0.1218065528999999,0.1218065528999999,-1.4863112181000002
1260,1260,1260.0,1260.0,1260.0,1260.0,1260.0,1260.0,1260.0,1260.0,1260.0,1260.0,1260.0,1260.0,1260.0,1260.0,1260.0,1260.0,1260.0,1260.0,1260.0,1260.0,1260.0,1260.0,1260.0,1260.0,1260.0,1260.0,1260.0,1260.0,1260.0,1260.0,0.0,,,0.0,0.0,-1.0,17.16292561348352,0.0,0.1736950792,2.3132238939,1.3249250174
1261,1261,1261.0,1261.0,1261.0,1261.0,1261.0,1261.0,1261.0,1261.0,1261.0,1261.0,1261.0,1261.0,1261.0,1261.0,1261.0,1261.0,1261.0,1261.0,1261.0,1261.0,1261.0,1261.0,1261.0,1261.0,1261.0,1261.0,1261.0,1261.0,1261.0,1261.0,1.0,,,0.1,-0.0121383353,0.7284308967,-19.9282999147504,0.1736950792,0.2381199276,2.1395288147,1.3249250174
1262,1262,1262.0,1262.0,1262.0,1262.0,1262.0,1262.0,1262.0,1262.0,1262.0,1262.0,1262.0,1262.0,1262.0,1262.0,1262.0,1262.0,1262.0,1262.0,1262.0,1262.0,1262.0,1262.0,1262.0,1262.0,1262.0,1262.0,1262.0,1262.0,1262.0,1262.0,2.0,,,0.2,-0.0392204831,-1.237316947,20.178837355295755,0.4118150068,0.2427013213,1.9014088871,1.3249250174
1263,1263,1263.0,1263.0,1263.0,1263.0,1263.0,1263.0,1263.0,1263.0,1263.0,1263.0,1263.0,1263.0,1263.0,1263.0,1263.0,1263.0,1263.0,1263.0,1263.0,1263.0,1263.0,1263.0,1263.0,1263.0,1263.0,1263.0,1263.0,1263.0,1263.0,1263.0,3.0,,,0.3,-0.0593532971,0.8006996025,-20.13551780422158,0.6545163281,0.2405849690999999,1.6587075658,1.3249250174
1264,1264,1264.0,1264.0,1264.0,1264.0,1264.0,1264.0,1264.0,1264.0,1264.0,1264.0,1264.0,1264.0,1264.0,1264.0,1264.0,1264.0,1264.0,1264.0,1264.0,1264.0,1264.0,1264.0,1264.0,1264.0,1264.0,1264.0,1264.0,1264.0,1264.0,1264.0,4.0,,,0.4,-0.0805605615,-1.1916449135,19.999140534304804,0.8951012972,0.2377680794,1.4181225967,1.3249250174
1265,1265,1265.0,1265.0,1265.0,1265.0,1265.0,1265.0,1265.0,1265.0,1265.0,1265.0,1265.0,1265.0,1265.0,1265.0,1265.0,1265.0,1265.0,1265.0,1265.0,1265.0,1265.0,1265.0,1265.0,1265.0,1265.0,1265.0,1265.0,1265.0,1265.0,1265.0,5.0,,,0.5,-0.097216439,0.8249250174,-19.96297993744792,1.1328693766,0.2359455123,1.1803545173,1.3249250174
1266,1266,1266.0,1266.0,1266.0,1266.0,1266.0,1266.0,1266.0,1266.0,1266.0,1266.0,1266.0,1266.0,1266.0,1266.0,1266.0,1266.0,1266.0,1266.0,1266.0,1266.0,1266.0,1266.0,1266.0,1266.0,1266.0,1266.0,1266.0,1266.0,1266.0,1266.0,6.0,,,0.6,-0.1152837099,-1.1533057054,19.914346365187622,1.3688148889,0.2355134867999999,0.944409005,1.3249250174
1267,1267,1267.0,1267.0,1267.0,1267.0,1267.0,1267.0,1267.0,1267.0,1267.0,1267.0,1267.0,1267.0,1267.0,1267.0,1267.0,1267.0,1267.0,1267.0,1267.0,1267.0,1267.0,1267.0,1267.0,1267.0,1267.0,1267.0,1267.0,1267.0,1267.0,1267.0,7.0,,,0.7,-0.128701296,0.8515465171,-20.12700241751397,1.6043283757,0.2398751277999999,0.7088955182000001,1.3249250174
1268,1268,1268.0,1268.0,1268.0,1268.0,1268.0,1268.0,1268.0,1268.0,1268.0,1268.0,1268.0,1268.0,1268.0,1268.0,1268.0,1268.0,1268.0,1268.0,1268.0,1268.0,1268.0,1268.0,1268.0,1268.0,1268.0,1268.0,1268.0,1268.0,1268.0,1268.0,8.0,,,0.8,-0.1450286393,-1.1448263813,19.85073974373621,1.8442035035,0.2347918891,0.4690203904000001,1.3249250174
1269,1269,1269.0,1269.0,1269.0,1269.0,1269.0,1269.0,1269.0,1269.0,1269.0,1269.0,1269.0,1269.0,1269.0,1269.0,1269.0,1269.0,1269.0,1269.0,1269.0,1269.0,1269.0,1269.0,1269.0,1269.0,1269.0,1269.0,1269.0,1269.0,1269.0,1269.0,9.0,,,0.9,-0.1579470088,0.8531659626,-19.868412583263645,2.0789953926,0.2342285013,0.2342285013,1.3249250174
1270,1270,1270.0,1270.0,1270.0,1270.0,1270.0,1270.0,1270.0,1270.0,1270.0,1270.0,1270.0,1270.0,1270.0,1270.0,1270.0,1270.0,1270.0,1270.0,1270.0,1270.0,1270.0,1270.0,1270.0,1270.0,1270.0,1270.0,1270.0,1270.0,1270.0,1270.0,0.0,,,0.0,0.0,-1.0,17.023018441483643,0.0,0.1710916365,2.3073783165,1.3259576952
1271,1271,1271.0,1271.0,1271.0,1271.0,1271.0,1271.0,1271.0,1271.0,1271.0,1271.0,1271.0,1271.0,1271.0,1271.0,1271.0,1271.0,1271.0,1271.0,1271.0,1271.0,1271.0,1271.0,1271.0,1271.0,1271.0,1271.0,1271.0,1271.0,1271.0,1271.0,1.0,,,0.1,-0.0128151257,0.7151169699,-19.84661134240921,0.1710916365,0.2366824123,2.13628668,1.3259576952
1272,1272,1272.0,1272.0,1272.0,1272.0,1272.0,1272.0,1272.0,1272.0,1272.0,1272.0,1272.0,1272.0,1272.0,1272.0,1272.0,1272.0,1272.0,1272.0,1272.0,1272.0,1272.0,1272.0,1272.0,1272.0,1272.0,1272.0,1272.0,1272.0,1272.0,1272.0,2.0,,,0.2,-0.0407690993,-1.2415901908,19.877702521189985,0.4077740488,0.2365330920999999,1.8996042677,1.3259576952
1273,1273,1273.0,1273.0,1273.0,1273.0,1273.0,1273.0,1273.0,1273.0,1273.0,1273.0,1273.0,1273.0,1273.0,1273.0,1273.0,1273.0,1273.0,1273.0,1273.0,1273.0,1273.0,1273.0,1273.0,1273.0,1273.0,1273.0,1273.0,1273.0,1273.0,1273.0,3.0,,,0.3,-0.0627652817,0.7681762437,-20.0169037100488,0.6443071409,0.2389151101,1.6630711756,1.3259576952
1274,1274,1274.0,1274.0,1274.0,1274.0,1274.0,1274.0,1274.0,1274.0,1274.0,1274.0,1274.0,1274.0,1274.0,1274.0,1274.0,1274.0,1274.0,1274.0,1274.0,1274.0,1274.0,1274.0,1274.0,1274.0,1274.0,1274.0,1274.0,1274.0,1274.0,1274.0,4.0,,,0.4,-0.0864937673,-1.2097856417,20.18248027405033,0.883222251,0.2425280721999999,1.4241560655,1.3259576952
1275,1275,1275.0,1275.0,1275.0,1275.0,1275.0,1275.0,1275.0,1275.0,1275.0,1275.0,1275.0,1275.0,1275.0,1275.0,1275.0,1275.0,1275.0,1275.0,1275.0,1275.0,1275.0,1275.0,1275.0,1275.0,1275.0,1275.0,1275.0,1275.0,1275.0,1275.0,5.0,,,0.5,-0.1039890768,0.8259576952,-20.124018060908032,1.1257503232,0.2400648887000001,1.1816279933,1.3259576952
1276,1276,1276.0,1276.0,1276.0,1276.0,1276.0,1276.0,1276.0,1276.0,1276.0,1276.0,1276.0,1276.0,1276.0,1276.0,1276.0,1276.0,1276.0,1276.0,1276.0,1276.0,1276.0,1276.0,1276.0,1276.0,1276.0,1276.0,1276.0,1276.0,1276.0,1276.0,6.0,,,0.6,-0.1227370842,-1.1676961035,19.990988675278444,1.3658152119,0.2378401457000001,0.9415631046,1.3259576952
1277,1277,1277.0,1277.0,1277.0,1277.0,1277.0,1277.0,1277.0,1277.0,1277.0,1277.0,1277.0,1277.0,1277.0,1277.0,1277.0,1277.0,1277.0,1277.0,1277.0,1277.0,1277.0,1277.0,1277.0,1277.0,1277.0,1277.0,1277.0,1277.0,1277.0,1277.0,7.0,,,0.7,-0.1371533494,0.8458190292,-19.9240217704381,1.6036553576,0.2352209198999999,0.7037229588999998,1.3259576952
1278,1278,1278.0,1278.0,1278.0,1278.0,1278.0,1278.0,1278.0,1278.0,1278.0,1278.0,1278.0,1278.0,1278.0,1278.0,1278.0,1278.0,1278.0,1278.0,1278.0,1278.0,1278.0,1278.0,1278.0,1278.0,1278.0,1278.0,1278.0,1278.0,1278.0,1278.0,8.0,,,0.8,-0.1530438329,-1.1306926643,19.86579031832404,1.8388762775,0.2349982213999999,0.4685020389999998,1.3259576952
1279,1279,1279.0,1279.0,1279.0,1279.0,1279.0,1279.0,1279.0,1279.0,1279.0,1279.0,1279.0,1279.0,1279.0,1279.0,1279.0,1279.0,1279.0,1279.0,1279.0,1279.0,1279.0,1279.0,1279.0,1279.0,1279.0,1279.0,1279.0,1279.0,1279.0,1279.0,9.0,,,0.9,-0.1645443951,0.8673869298,-19.845293449320565,2.0738744989,0.2335038175999999,0.2335038175999999,1.3259576952
1280,1280,1280.0,1280.0,1280.0,1280.0,1280.0,1280.0,1280.0,1280.0,1280.0,1280.0,1280.0,1280.0,1280.0,1280.0,1280.0,1280.0,1280.0,1280.0,1280.0,1280.0,1280.0,1280.0,1280.0,1280.0,1280.0,1280.0,1280.0,1280.0,1280.0,1280.0,0.0,,,0.0,0.0,-1.0,16.985884012876557,0.0,0.1704059272,2.2982889801,1.3229793028
1281,1281,1281.0,1281.0,1281.0,1281.0,1281.0,1281.0,1281.0,1281.0,1281.0,1281.0,1281.0,1281.0,1281.0,1281.0,1281.0,1281.0,1281.0,1281.0,1281.0,1281.0,1281.0,1281.0,1281.0,1281.0,1281.0,1281.0,1281.0,1281.0,1281.0,1281.0,1.0,,,0.1,-0.0129947605,0.7115831617,-19.84390499189137,0.1704059272,0.2367919694,2.1278830529,1.3229793028
1282,1282,1282.0,1282.0,1282.0,1282.0,1282.0,1282.0,1282.0,1282.0,1282.0,1282.0,1282.0,1282.0,1282.0,1282.0,1282.0,1282.0,1282.0,1282.0,1282.0,1282.0,1282.0,1282.0,1282.0,1282.0,1282.0,1282.0,1282.0,1282.0,1282.0,1282.0,2.0,,,0.2,-0.0412719286,-1.2445301693,20.039782599270367,0.4071978966,0.2400820047,1.8910910835000003,1.3229793028
1283,1283,1283.0,1283.0,1283.0,1283.0,1283.0,1283.0,1283.0,1283.0,1283.0,1283.0,1283.0,1283.0,1283.0,1283.0,1283.0,1283.0,1283.0,1283.0,1283.0,1283.0,1283.0,1283.0,1283.0,1283.0,1283.0,1283.0,1283.0,1283.0,1283.0,1283.0,3.0,,,0.3,-0.0627638385,0.7809400005,-19.829571434689743,0.6472799013,0.2336645115,1.6510090788000005,1.3229793028
1284,1284,1284.0,1284.0,1284.0,1284.0,1284.0,1284.0,1284.0,1284.0,1284.0,1284.0,1284.0,1284.0,1284.0,1284.0,1284.0,1284.0,1284.0,1284.0,1284.0,1284.0,1284.0,1284.0,1284.0,1284.0,1284.0,1284.0,1284.0,1284.0,1284.0,1284.0,4.0,,,0.4,-0.0843714872,-1.1804094942,19.87186419540656,0.8809444128,0.2347148198999998,1.4173445673000002,1.3229793028
1285,1285,1285.0,1285.0,1285.0,1285.0,1285.0,1285.0,1285.0,1285.0,1285.0,1285.0,1285.0,1285.0,1285.0,1285.0,1285.0,1285.0,1285.0,1285.0,1285.0,1285.0,1285.0,1285.0,1285.0,1285.0,1285.0,1285.0,1285.0,1285.0,1285.0,1285.0,5.0,,,0.5,-0.1005738647,0.8229793028,-19.925830663968195,1.1156592327,0.2351460412000001,1.1826297474000005,1.3229793028
1286,1286,1286.0,1286.0,1286.0,1286.0,1286.0,1286.0,1286.0,1286.0,1286.0,1286.0,1286.0,1286.0,1286.0,1286.0,1286.0,1286.0,1286.0,1286.0,1286.0,1286.0,1286.0,1286.0,1286.0,1286.0,1286.0,1286.0,1286.0,1286.0,1286.0,1286.0,6.0,,,0.6,-0.1186465883,-1.15153104,20.158362329878766,1.3508052739,0.2409139817999999,0.9474837062,1.3229793028
1287,1287,1287.0,1287.0,1287.0,1287.0,1287.0,1287.0,1287.0,1287.0,1287.0,1287.0,1287.0,1287.0,1287.0,1287.0,1287.0,1287.0,1287.0,1287.0,1287.0,1287.0,1287.0,1287.0,1287.0,1287.0,1287.0,1287.0,1287.0,1287.0,1287.0,1287.0,7.0,,,0.7,-0.1307148853,0.87637349,-19.87691866919927,1.5917192557,0.2331334182,0.7065697244000002,1.3229793028
1288,1288,1288.0,1288.0,1288.0,1288.0,1288.0,1288.0,1288.0,1288.0,1288.0,1288.0,1288.0,1288.0,1288.0,1288.0,1288.0,1288.0,1288.0,1288.0,1288.0,1288.0,1288.0,1288.0,1288.0,1288.0,1288.0,1288.0,1288.0,1288.0,1288.0,1288.0,8.0,,,0.8,-0.1434698693,-1.098563393,19.85552651769209,1.8248526739,0.2336782226000002,0.4734363062000002,1.3229793028
1289,1289,1289.0,1289.0,1289.0,1289.0,1289.0,1289.0,1289.0,1289.0,1289.0,1289.0,1289.0,1289.0,1289.0,1289.0,1289.0,1289.0,1289.0,1289.0,1289.0,1289.0,1289.0,1289.0,1289.0,1289.0,1289.0,1289.0,1289.0,1289.0,1289.0,1289.0,9.0,,,0.9,-0.1519625473,0.8954819369,-20.14258971712204,2.0585308965,0.2397580835999999,0.2397580835999999,1.3229793028
1290,1290,1290.0,1290.0,1290.0,1290.0,1290.0,1290.0,1290.0,1290.0,1290.0,1290.0,1290.0,1290.0,1290.0,1290.0,1290.0,1290.0,1290.0,1290.0,1290.0,1290.0,1290.0,1290.0,1290.0,1290.0,1290.0,1290.0,1290.0,1290.0,1290.0,1290.0,0.0,,,0.0,0.0,-1.0,17.058829147861694,0.0,0.1717549307,2.3422601188,1.2942134053999998
1291,1291,1291.0,1291.0,1291.0,1291.0,1291.0,1291.0,1291.0,1291.0,1291.0,1291.0,1291.0,1291.0,1291.0,1291.0,1291.0,1291.0,1291.0,1291.0,1291.0,1291.0,1291.0,1291.0,1291.0,1291.0,1291.0,1291.0,1291.0,1291.0,1291.0,1291.0,1.0,,,0.1,-0.0126418934,0.7185248082,-20.17202553400572,0.1717549307,0.2449377635,2.1705051881,1.2942134053999998
1292,1292,1292.0,1292.0,1292.0,1292.0,1292.0,1292.0,1292.0,1292.0,1292.0,1292.0,1292.0,1292.0,1292.0,1292.0,1292.0,1292.0,1292.0,1292.0,1292.0,1292.0,1292.0,1292.0,1292.0,1292.0,1292.0,1292.0,1292.0,1292.0,1292.0,1292.0,2.0,,,0.2,-0.0418457329,-1.2694739057,20.095894508216205,0.4166926942,0.2424409454,1.9255674246,1.2942134053999998
1293,1293,1293.0,1293.0,1293.0,1293.0,1293.0,1293.0,1293.0,1293.0,1293.0,1293.0,1293.0,1293.0,1293.0,1293.0,1293.0,1293.0,1293.0,1293.0,1293.0,1293.0,1293.0,1293.0,1293.0,1293.0,1293.0,1293.0,1293.0,1293.0,1293.0,1293.0,3.0,,,0.3,-0.0654399159,0.7637097281,-20.176074513352926,0.6591336396,0.2432205517999999,1.6831264792,1.2942134053999998
1294,1294,1294.0,1294.0,1294.0,1294.0,1294.0,1294.0,1294.0,1294.0,1294.0,1294.0,1294.0,1294.0,1294.0,1294.0,1294.0,1294.0,1294.0,1294.0,1294.0,1294.0,1294.0,1294.0,1294.0,1294.0,1294.0,1294.0,1294.0,1294.0,1294.0,1294.0,4.0,,,0.4,-0.0903634224,-1.2289742167,20.03135203156793,0.9023541914,0.2401415253000001,1.4399059274,1.2942134053999998
1295,1295,1295.0,1295.0,1295.0,1295.0,1295.0,1295.0,1295.0,1295.0,1295.0,1295.0,1295.0,1295.0,1295.0,1295.0,1295.0,1295.0,1295.0,1295.0,1295.0,1295.0,1295.0,1295.0,1295.0,1295.0,1295.0,1295.0,1295.0,1295.0,1295.0,1295.0,5.0,,,0.5,-0.1104158414,0.7942134054,-20.177215766494644,1.1424957167,0.2427049459999999,1.1997644021,1.2942134053999998
1296,1296,1296.0,1296.0,1296.0,1296.0,1296.0,1296.0,1296.0,1296.0,1296.0,1296.0,1296.0,1296.0,1296.0,1296.0,1296.0,1296.0,1296.0,1296.0,1296.0,1296.0,1296.0,1296.0,1296.0,1296.0,1296.0,1296.0,1296.0,1296.0,1296.0,1296.0,6.0,,,0.6,-0.1324420567,-1.2014819559,19.936564156374672,1.3852006627,0.2381611967999999,0.9570594561,1.2942134053999998
1297,1297,1297.0,1297.0,1297.0,1297.0,1297.0,1297.0,1297.0,1297.0,1297.0,1297.0,1297.0,1297.0,1297.0,1297.0,1297.0,1297.0,1297.0,1297.0,1297.0,1297.0,1297.0,1297.0,1297.0,1297.0,1297.0,1297.0,1297.0,1297.0,1297.0,1297.0,7.0,,,0.7,-0.1503367504,0.8100691535,-20.06545672529584,1.6233618595,0.2402592871,0.7188982593000002,1.2942134053999998
1298,1298,1298.0,1298.0,1298.0,1298.0,1298.0,1298.0,1298.0,1298.0,1298.0,1298.0,1298.0,1298.0,1298.0,1298.0,1298.0,1298.0,1298.0,1298.0,1298.0,1298.0,1298.0,1298.0,1298.0,1298.0,1298.0,1298.0,1298.0,1298.0,1298.0,1298.0,8.0,,,0.8,-0.1703134804,-1.1764997892,19.92099685506361,1.8636211466,0.2382453048999999,0.4786389722000002,1.2942134053999998
1299,1299,1299.0,1299.0,1299.0,1299.0,1299.0,1299.0,1299.0,1299.0,1299.0,1299.0,1299.0,1299.0,1299.0,1299.0,1299.0,1299.0,1299.0,1299.0,1299.0,1299.0,1299.0,1299.0,1299.0,1299.0,1299.0,1299.0,1299.0,1299.0,1299.0,1299.0,9.0,,,0.9,-0.1859061162,0.8311925322,-20.054198591363065,2.1018664515,0.2403936673000002,0.2403936673000002,1.2942134053999998
1300,1300,1300.0,1300.0,1300.0,1300.0,1300.0,1300.0,1300.0,1300.0,1300.0,1300.0,1300.0,1300.0,1300.0,1300.0,1300.0,1300.0,1300.0,1300.0,1300.0,1300.0,1300.0,1300.0,1300.0,1300.0,1300.0,1300.0,1300.0,1300.0,1300.0,1300.0,0.0,,,0.0,0.0,-1.0,16.951636798587934,0.0,0.169775512,2.3145806454000004,1.2973765986
1301,1301,1301.0,1301.0,1301.0,1301.0,1301.0,1301.0,1301.0,1301.0,1301.0,1301.0,1301.0,1301.0,1301.0,1301.0,1301.0,1301.0,1301.0,1301.0,1301.0,1301.0,1301.0,1301.0,1301.0,1301.0,1301.0,1301.0,1301.0,1301.0,1301.0,1301.0,1.0,,,0.1,-0.0131604286,0.7083241084,-20.189250638659185,0.169775512,0.2459371447,2.1448051334,1.2973765986
1302,1302,1302.0,1302.0,1302.0,1302.0,1302.0,1302.0,1302.0,1302.0,1302.0,1302.0,1302.0,1302.0,1302.0,1302.0,1302.0,1302.0,1302.0,1302.0,1302.0,1302.0,1302.0,1302.0,1302.0,1302.0,1302.0,1302.0,1302.0,1302.0,1302.0,1302.0,2.0,,,0.2,-0.0434183179,-1.2803430661,19.94255810916008,0.4157126567,0.2398175953,1.8988679887,1.2973765986
1303,1303,1303.0,1303.0,1303.0,1303.0,1303.0,1303.0,1303.0,1303.0,1303.0,1303.0,1303.0,1303.0,1303.0,1303.0,1303.0,1303.0,1303.0,1303.0,1303.0,1303.0,1303.0,1303.0,1303.0,1303.0,1303.0,1303.0,1303.0,1303.0,1303.0,1303.0,3.0,,,0.3,-0.0687885915,0.7392830184,-19.84873978761831,0.655530252,0.2359932052,1.6590503934,1.2973765986
1304,1304,1304.0,1304.0,1304.0,1304.0,1304.0,1304.0,1304.0,1304.0,1304.0,1304.0,1304.0,1304.0,1304.0,1304.0,1304.0,1304.0,1304.0,1304.0,1304.0,1304.0,1304.0,1304.0,1304.0,1304.0,1304.0,1304.0,1304.0,1304.0,1304.0,1304.0,4.0,,,0.4,-0.094453152,-1.2199263998,19.97856250905804,0.8915234572,0.2387358546999999,1.4230571882,1.2973765986
1305,1305,1305.0,1305.0,1305.0,1305.0,1305.0,1305.0,1305.0,1305.0,1305.0,1305.0,1305.0,1305.0,1305.0,1305.0,1305.0,1305.0,1305.0,1305.0,1305.0,1305.0,1305.0,1305.0,1305.0,1305.0,1305.0,1305.0,1305.0,1305.0,1305.0,1305.0,5.0,,,0.5,-0.1138998996,0.7973765986,-19.900048077549634,1.1302593119,0.2356533938,1.1843213335,1.2973765986
1306,1306,1306.0,1306.0,1306.0,1306.0,1306.0,1306.0,1306.0,1306.0,1306.0,1306.0,1306.0,1306.0,1306.0,1306.0,1306.0,1306.0,1306.0,1306.0,1306.0,1306.0,1306.0,1306.0,1306.0,1306.0,1306.0,1306.0,1306.0,1306.0,1306.0,1306.0,6.0,,,0.6,-0.1342843217,-1.172243787,19.983452316746167,1.3659127057,0.2381772321999999,0.9486679397,1.2973765986
1307,1307,1307.0,1307.0,1307.0,1307.0,1307.0,1307.0,1307.0,1307.0,1307.0,1307.0,1307.0,1307.0,1307.0,1307.0,1307.0,1307.0,1307.0,1307.0,1307.0,1307.0,1307.0,1307.0,1307.0,1307.0,1307.0,1307.0,1307.0,1307.0,1307.0,1307.0,7.0,,,0.7,-0.1491698157,0.8409869387,-19.823865459206026,1.6040899379,0.2332198536,0.7104907075,1.2973765986
1308,1308,1308.0,1308.0,1308.0,1308.0,1308.0,1308.0,1308.0,1308.0,1308.0,1308.0,1308.0,1308.0,1308.0,1308.0,1308.0,1308.0,1308.0,1308.0,1308.0,1308.0,1308.0,1308.0,1308.0,1308.0,1308.0,1308.0,1308.0,1308.0,1308.0,1308.0,8.0,,,0.8,-0.1650356355,-1.1255337874,20.129971129507343,1.8373097915,0.2411411109000001,0.4772708538999999,1.2973765986
1309,1309,1309.0,1309.0,1309.0,1309.0,1309.0,1309.0,1309.0,1309.0,1309.0,1309.0,1309.0,1309.0,1309.0,1309.0,1309.0,1309.0,1309.0,1309.0,1309.0,1309.0,1309.0,1309.0,1309.0,1309.0,1309.0,1309.0,1309.0,1309.0,1309.0,1309.0,9.0,,,0.9,-0.1747673126,0.8971950026,-19.96681722460417,2.0784509024,0.2361297429999997,0.2361297429999997,1.2973765986
1310,1310,1310.0,1310.0,1310.0,1310.0,1310.0,1310.0,1310.0,1310.0,1310.0,1310.0,1310.0,1310.0,1310.0,1310.0,1310.0,1310.0,1310.0,1310.0,1310.0,1310.0,1310.0,1310.0,1310.0,1310.0,1310.0,1310.0,1310.0,1310.0,1310.0,1310.0,0.0,,,0.0,0.0,-1.0,17.11655347253662,0.0,0.1728286278,2.3164838913,1.3477739626
1311,1311,1311.0,1311.0,1311.0,1311.0,1311.0,1311.0,1311.0,1311.0,1311.0,1311.0,1311.0,1311.0,1311.0,1311.0,1311.0,1311.0,1311.0,1311.0,1311.0,1311.0,1311.0,1311.0,1311.0,1311.0,1311.0,1311.0,1311.0,1311.0,1311.0,1311.0,1.0,,,0.1,-0.0123626567,0.724018004,-20.13273209592581,0.1728286278,0.2436265453999999,2.1436552635,1.3477739626
1312,1312,1312.0,1312.0,1312.0,1312.0,1312.0,1312.0,1312.0,1312.0,1312.0,1312.0,1312.0,1312.0,1312.0,1312.0,1312.0,1312.0,1312.0,1312.0,1312.0,1312.0,1312.0,1312.0,1312.0,1312.0,1312.0,1312.0,1312.0,1312.0,1312.0,1312.0,2.0,,,0.2,-0.0408536707,-1.2607641916,20.16101808072862,0.4164551732,0.243385612,1.9000287181,1.3477739626
1313,1313,1313.0,1313.0,1313.0,1313.0,1313.0,1313.0,1313.0,1313.0,1313.0,1313.0,1313.0,1313.0,1313.0,1313.0,1313.0,1313.0,1313.0,1313.0,1313.0,1313.0,1313.0,1313.0,1313.0,1313.0,1313.0,1313.0,1313.0,1313.0,1313.0,1313.0,3.0,,,0.3,-0.0633039847,0.7777879304,-19.80531435622359,0.6598407852,0.2331854379,1.6566431060999998,1.3477739626
1314,1314,1314.0,1314.0,1314.0,1314.0,1314.0,1314.0,1314.0,1314.0,1314.0,1314.0,1314.0,1314.0,1314.0,1314.0,1314.0,1314.0,1314.0,1314.0,1314.0,1314.0,1314.0,1314.0,1314.0,1314.0,1314.0,1314.0,1314.0,1314.0,1314.0,1314.0,4.0,,,0.4,-0.0850942509,-1.180953239,20.13758482021294,0.8930262231,0.2405039893999999,1.4234576681999995,1.3477739626
1315,1315,1315.0,1315.0,1315.0,1315.0,1315.0,1315.0,1315.0,1315.0,1315.0,1315.0,1315.0,1315.0,1315.0,1315.0,1315.0,1315.0,1315.0,1315.0,1315.0,1315.0,1315.0,1315.0,1315.0,1315.0,1315.0,1315.0,1315.0,1315.0,1315.0,1315.0,5.0,,,0.5,-0.1000629704,0.8477739626,-20.06985691292989,1.1335302125,0.2379559346999999,1.1829536788,1.3477739626
1316,1316,1316.0,1316.0,1316.0,1316.0,1316.0,1316.0,1316.0,1316.0,1316.0,1316.0,1316.0,1316.0,1316.0,1316.0,1316.0,1316.0,1316.0,1316.0,1316.0,1316.0,1316.0,1316.0,1316.0,1316.0,1316.0,1316.0,1316.0,1316.0,1316.0,1316.0,6.0,,,0.6,-0.1164728849,-1.1428018142,20.191759901423804,1.3714861472,0.2413629454000001,0.9449977441,1.3477739626
1317,1317,1317.0,1317.0,1317.0,1317.0,1317.0,1317.0,1317.0,1317.0,1317.0,1317.0,1317.0,1317.0,1317.0,1317.0,1317.0,1317.0,1317.0,1317.0,1317.0,1317.0,1317.0,1317.0,1317.0,1317.0,1317.0,1317.0,1317.0,1317.0,1317.0,1317.0,7.0,,,0.7,-0.127548927,0.8874502179,-19.823602746012764,1.6128490926,0.2315351722999998,0.7036347986999998,1.3477739626
1318,1318,1318.0,1318.0,1318.0,1318.0,1318.0,1318.0,1318.0,1318.0,1318.0,1318.0,1318.0,1318.0,1318.0,1318.0,1318.0,1318.0,1318.0,1318.0,1318.0,1318.0,1318.0,1318.0,1318.0,1318.0,1318.0,1318.0,1318.0,1318.0,1318.0,1318.0,8.0,,,0.8,-0.1389919091,-1.0834670745,20.170993101757865,1.8443842649,0.2403467954999998,0.4720996263999999,1.3477739626
1319,1319,1319.0,1319.0,1319.0,1319.0,1319.0,1319.0,1319.0,1319.0,1319.0,1319.0,1319.0,1319.0,1319.0,1319.0,1319.0,1319.0,1319.0,1319.0,1319.0,1319.0,1319.0,1319.0,1319.0,1319.0,1319.0,1319.0,1319.0,1319.0,1319.0,1319.0,9.0,,,0.9,-0.1445219222,0.9391622487,-19.84819677726092,2.0847310604,0.2317528309000001,0.2317528309000001,1.3477739626
1320,1320,1320.0,1320.0,1320.0,1320.0,1320.0,1320.0,1320.0,1320.0,1320.0,1320.0,1320.0,1320.0,1320.0,1320.0,1320.0,1320.0,1320.0,1320.0,1320.0,1320.0,1320.0,1320.0,1320.0,1320.0,1320.0,1320.0,1320.0,1320.0,1320.0,0.0,,,,0.0,0.0,-1.0,-3.883139613581966,0.0,0.1384131086,1.9248624282,-2.5
1321,1321,1321.0,1321.0,1321.0,1321.0,1321.0,1321.0,1321.0,1321.0,1321.0,1321.0,1321.0,1321.0,1321.0,1321.0,1321.0,1321.0,1321.0,1321.0,1321.0,1321.0,1321.0,1321.0,1321.0,1321.0,1321.0,1321.0,1321.0,1321.0,1321.0,1.0,,,,0.1,-0.1139469563,-1.2743670051,2.901701792155746,0.1384131086,0.1235360638999999,1.7864493196,-2.0543670051000005
1322,1322,1322.0,1322.0,1322.0,1322.0,1322.0,1322.0,1322.0,1322.0,1322.0,1322.0,1322.0,1322.0,1322.0,1322.0,1322.0,1322.0,1322.0,1322.0,1322.0,1322.0,1322.0,1322.0,1322.0,1322.0,1322.0,1322.0,1322.0,1322.0,1322.0,2.0,,,,0.2,-0.2211822937,-0.8769614885,-5.578583841525825,0.2619491725,0.146734928,1.6629132557,-1.0969614885
1323,1323,1323.0,1323.0,1323.0,1323.0,1323.0,1323.0,1323.0,1323.0,1323.0,1323.0,1323.0,1323.0,1323.0,1323.0,1323.0,1323.0,1323.0,1323.0,1323.0,1323.0,1323.0,1323.0,1323.0,1323.0,1323.0,1323.0,1323.0,1323.0,1323.0,3.0,,,,0.3,-0.33162215,-1.3243800163,4.952335438775634,0.4086841005,0.1345427725,1.5161783277,-1.1443800163
1324,1324,1324.0,1324.0,1324.0,1324.0,1324.0,1324.0,1324.0,1324.0,1324.0,1324.0,1324.0,1324.0,1324.0,1324.0,1324.0,1324.0,1324.0,1324.0,1324.0,1324.0,1324.0,1324.0,1324.0,1324.0,1324.0,1324.0,1324.0,1324.0,1324.0,4.0,,,,0.4,-0.4336971146,-0.7270715078,-8.191762408596828,0.543226873,0.1795181474999999,1.3816355552,-0.3070715077999999
1325,1325,1325.0,1325.0,1325.0,1325.0,1325.0,1325.0,1325.0,1325.0,1325.0,1325.0,1325.0,1325.0,1325.0,1325.0,1325.0,1325.0,1325.0,1325.0,1325.0,1325.0,1325.0,1325.0,1325.0,1325.0,1325.0,1325.0,1325.0,1325.0,1325.0,5.0,,,,0.5,-0.5425140971,-1.4374307662,7.419652700258811,0.7227450205,0.1713335150999999,1.2021174077,-0.9374307662
1326,1326,1326.0,1326.0,1326.0,1326.0,1326.0,1326.0,1326.0,1326.0,1326.0,1326.0,1326.0,1326.0,1326.0,1326.0,1326.0,1326.0,1326.0,1326.0,1326.0,1326.0,1326.0,1326.0,1326.0,1326.0,1326.0,1326.0,1326.0,1326.0,1326.0,6.0,,,,0.6,-0.6434118236,-0.5945677697,-10.31776841592773,0.8940785356,0.2213275850999999,1.0307838926,-0.1745677697
1327,1327,1327.0,1327.0,1327.0,1327.0,1327.0,1327.0,1327.0,1327.0,1327.0,1327.0,1327.0,1327.0,1327.0,1327.0,1327.0,1327.0,1327.0,1327.0,1327.0,1327.0,1327.0,1327.0,1327.0,1327.0,1327.0,1327.0,1327.0,1327.0,1327.0,7.0,,,,0.7,-0.749903773,-1.5198526618,10.001911965210402,1.1154061207,0.2179050247,0.8094563075000001,-1.3398526617999995
1328,1328,1328.0,1328.0,1328.0,1328.0,1328.0,1328.0,1328.0,1328.0,1328.0,1328.0,1328.0,1328.0,1328.0,1328.0,1328.0,1328.0,1328.0,1328.0,1328.0,1328.0,1328.0,1328.0,1328.0,1328.0,1328.0,1328.0,1328.0,1328.0,1328.0,8.0,,,,0.8,-0.8461534635,-0.4234117748,-13.593406914243875,1.3333111454,0.2970268461000001,0.5915512828,-0.6434117748000001
1329,1329,1329.0,1329.0,1329.0,1329.0,1329.0,1329.0,1329.0,1329.0,1329.0,1329.0,1329.0,1329.0,1329.0,1329.0,1329.0,1329.0,1329.0,1329.0,1329.0,1329.0,1329.0,1329.0,1329.0,1329.0,1329.0,1329.0,1329.0,1329.0,1329.0,9.0,,,,0.9,-0.9522033344,-1.6767025953,12.572380183869852,1.6303379915,0.2945244366999999,0.2945244366999999,-2.4567025953000003
1330,1330,1330.0,1330.0,1330.0,1330.0,1330.0,1330.0,1330.0,1330.0,1330.0,1330.0,1330.0,1330.0,1330.0,1330.0,1330.0,1330.0,1330.0,1330.0,1330.0,1330.0,1330.0,1330.0,1330.0,1330.0,1330.0,1330.0,1330.0,1330.0,1330.0,0.0,,,,0.0,0.0,-1.0,-4.091726841825658,0.0,0.1416541881,1.9187326030000005,-2.5
1331,1331,1331.0,1331.0,1331.0,1331.0,1331.0,1331.0,1331.0,1331.0,1331.0,1331.0,1331.0,1331.0,1331.0,1331.0,1331.0,1331.0,1331.0,1331.0,1331.0,1331.0,1331.0,1331.0,1331.0,1331.0,1331.0,1331.0,1331.0,1331.0,1331.0,1.0,,,,0.1,-0.1149559803,-1.2942167039,2.9461864582735675,0.1416541881,0.1273929302,1.7770784149000003,-2.0742167039000003
1332,1332,1332.0,1332.0,1332.0,1332.0,1332.0,1332.0,1332.0,1332.0,1332.0,1332.0,1332.0,1332.0,1332.0,1332.0,1332.0,1332.0,1332.0,1332.0,1332.0,1332.0,1332.0,1332.0,1332.0,1332.0,1332.0,1332.0,1332.0,1332.0,1332.0,2.0,,,,0.2,-0.223865075,-0.8906889634,-5.540123106135297,0.2690471183,0.1491535814,1.6496854847000002,-1.1106889634
1333,1333,1333.0,1333.0,1333.0,1333.0,1333.0,1333.0,1333.0,1333.0,1333.0,1333.0,1333.0,1333.0,1333.0,1333.0,1333.0,1333.0,1333.0,1333.0,1333.0,1333.0,1333.0,1333.0,1333.0,1333.0,1333.0,1333.0,1333.0,1333.0,1333.0,3.0,,,,0.3,-0.3354252232,-1.3331411258,4.817987017901273,0.4182006997,0.1371686707,1.5005319033000002,-1.1531411258000002
1334,1334,1334.0,1334.0,1334.0,1334.0,1334.0,1334.0,1334.0,1334.0,1334.0,1334.0,1334.0,1334.0,1334.0,1334.0,1334.0,1334.0,1334.0,1334.0,1334.0,1334.0,1334.0,1334.0,1334.0,1334.0,1334.0,1334.0,1334.0,1334.0,1334.0,4.0,,,,0.4,-0.438983819,-0.7477838282,-7.402261348969502,0.5553693704,0.1689929164,1.3633632326000005,-0.3277838281999999
1335,1335,1335.0,1335.0,1335.0,1335.0,1335.0,1335.0,1335.0,1335.0,1335.0,1335.0,1335.0,1335.0,1335.0,1335.0,1335.0,1335.0,1335.0,1335.0,1335.0,1335.0,1335.0,1335.0,1335.0,1335.0,1335.0,1335.0,1335.0,1335.0,1335.0,5.0,,,,0.5,-0.5459526948,-1.3810410873,6.9944617351301135,0.7243622868,0.1612372268999999,1.1943703162,-0.8810410873000001
1336,1336,1336.0,1336.0,1336.0,1336.0,1336.0,1336.0,1336.0,1336.0,1336.0,1336.0,1336.0,1336.0,1336.0,1336.0,1336.0,1336.0,1336.0,1336.0,1336.0,1336.0,1336.0,1336.0,1336.0,1336.0,1336.0,1336.0,1336.0,1336.0,1336.0,6.0,,,,0.6,-0.643541064,-0.5840065446,-10.530615611338186,0.8855995137,0.2239255647999999,1.0331330893,-0.1640065445999999
1337,1337,1337.0,1337.0,1337.0,1337.0,1337.0,1337.0,1337.0,1337.0,1337.0,1337.0,1337.0,1337.0,1337.0,1337.0,1337.0,1337.0,1337.0,1337.0,1337.0,1337.0,1337.0,1337.0,1337.0,1337.0,1337.0,1337.0,1337.0,1337.0,1337.0,7.0,,,,0.7,-0.7500576111,-1.5305515586,10.06645212770784,1.1095250785,0.2201404079,0.8092075245000001,-1.3505515586
1338,1338,1338.0,1338.0,1338.0,1338.0,1338.0,1338.0,1338.0,1338.0,1338.0,1338.0,1338.0,1338.0,1338.0,1338.0,1338.0,1338.0,1338.0,1338.0,1338.0,1338.0,1338.0,1338.0,1338.0,1338.0,1338.0,1338.0,1338.0,1338.0,1338.0,8.0,,,,0.8,-0.8470132286,-0.4269507283,-13.522006677579894,1.3296654864,0.2960547777,0.5890671166000001,-0.6469507283000002
1339,1339,1339.0,1339.0,1339.0,1339.0,1339.0,1339.0,1339.0,1339.0,1339.0,1339.0,1339.0,1339.0,1339.0,1339.0,1339.0,1339.0,1339.0,1339.0,1339.0,1339.0,1339.0,1339.0,1339.0,1339.0,1339.0,1339.0,1339.0,1339.0,1339.0,9.0,,,,0.9,-0.9530544794,-1.6731101453,12.366531533784077,1.6257202641,0.2930123389000001,0.2930123389000001,-2.4531101453
1340,1340,1340.0,1340.0,1340.0,1340.0,1340.0,1340.0,1340.0,1340.0,1340.0,1340.0,1340.0,1340.0,1340.0,1340.0,1340.0,1340.0,1340.0,1340.0,1340.0,1340.0,1340.0,1340.0,1340.0,1340.0,1340.0,1340.0,1340.0,1340.0,1340.0,0.0,,,,0.0,0.0,-1.0,-3.8062024585747216,0.0,0.1372354208,1.9065246903,-2.5
1341,1341,1341.0,1341.0,1341.0,1341.0,1341.0,1341.0,1341.0,1341.0,1341.0,1341.0,1341.0,1341.0,1341.0,1341.0,1341.0,1341.0,1341.0,1341.0,1341.0,1341.0,1341.0,1341.0,1341.0,1341.0,1341.0,1341.0,1341.0,1341.0,1341.0,1.0,,,,0.1,-0.113574779,-1.2670454668,3.0476570795489284,0.1372354208,0.1210346994,1.7692892695,-2.0470454668
1342,1342,1342.0,1342.0,1342.0,1342.0,1342.0,1342.0,1342.0,1342.0,1342.0,1342.0,1342.0,1342.0,1342.0,1342.0,1342.0,1342.0,1342.0,1342.0,1342.0,1342.0,1342.0,1342.0,1342.0,1342.0,1342.0,1342.0,1342.0,1342.0,1342.0,2.0,,,,0.2,-0.2194073293,-0.8564472086,-6.1741089821698205,0.2582701202,0.1526639527,1.6482545701,-1.0764472086
1343,1343,1343.0,1343.0,1343.0,1343.0,1343.0,1343.0,1343.0,1343.0,1343.0,1343.0,1343.0,1343.0,1343.0,1343.0,1343.0,1343.0,1343.0,1343.0,1343.0,1343.0,1343.0,1343.0,1343.0,1343.0,1343.0,1343.0,1343.0,1343.0,1343.0,3.0,,,,0.3,-0.3307757957,-1.3624896404,5.5333602293603255,0.4109340729,0.1398823414999999,1.4955906174,-1.1824896404
1344,1344,1344.0,1344.0,1344.0,1344.0,1344.0,1344.0,1344.0,1344.0,1344.0,1344.0,1344.0,1344.0,1344.0,1344.0,1344.0,1344.0,1344.0,1344.0,1344.0,1344.0,1344.0,1344.0,1344.0,1344.0,1344.0,1344.0,1344.0,1344.0,1344.0,4.0,,,,0.4,-0.4336667064,-0.7062627068,-8.32315045331315,0.5508164144,0.177786241,1.3557082759,-0.2862627068
1345,1345,1345.0,1345.0,1345.0,1345.0,1345.0,1345.0,1345.0,1345.0,1345.0,1345.0,1345.0,1345.0,1345.0,1345.0,1345.0,1345.0,1345.0,1345.0,1345.0,1345.0,1345.0,1345.0,1345.0,1345.0,1345.0,1345.0,1345.0,1345.0,1345.0,5.0,,,,0.5,-0.541139048,-1.4311054105,7.636491562383446,0.7286026554,0.1697001418999999,1.1779220349,-0.9311054105
1346,1346,1346.0,1346.0,1346.0,1346.0,1346.0,1346.0,1346.0,1346.0,1346.0,1346.0,1346.0,1346.0,1346.0,1346.0,1346.0,1346.0,1346.0,1346.0,1346.0,1346.0,1346.0,1346.0,1346.0,1346.0,1346.0,1346.0,1346.0,1346.0,1346.0,6.0,,,,0.6,-0.6403858955,-0.5682094068,-10.859093017706238,0.8983027973,0.2276819501,1.008221893,-0.1482094067999999
1347,1347,1347.0,1347.0,1347.0,1347.0,1347.0,1347.0,1347.0,1347.0,1347.0,1347.0,1347.0,1347.0,1347.0,1347.0,1347.0,1347.0,1347.0,1347.0,1347.0,1347.0,1347.0,1347.0,1347.0,1347.0,1347.0,1347.0,1347.0,1347.0,1347.0,7.0,,,,0.7,-0.7469881287,-1.5475164754,9.825438676532356,1.1259847474,0.2225280384999999,0.7805399429,-1.3675164753999998
1348,1348,1348.0,1348.0,1348.0,1348.0,1348.0,1348.0,1348.0,1348.0,1348.0,1348.0,1348.0,1348.0,1348.0,1348.0,1348.0,1348.0,1348.0,1348.0,1348.0,1348.0,1348.0,1348.0,1348.0,1348.0,1348.0,1348.0,1348.0,1348.0,1348.0,8.0,,,,0.8,-0.8467240605,-0.4652366759,-12.531440880656476,1.3485127859,0.2787689813,0.5580119044,-0.6852366759000001
1349,1349,1349.0,1349.0,1349.0,1349.0,1349.0,1349.0,1349.0,1349.0,1349.0,1349.0,1349.0,1349.0,1349.0,1349.0,1349.0,1349.0,1349.0,1349.0,1349.0,1349.0,1349.0,1349.0,1349.0,1349.0,1349.0,1349.0,1349.0,1349.0,1349.0,9.0,,,,0.9,-0.951616776,-1.6134880485,11.988298047606836,1.6272817672,0.2792429231,0.2792429231,-2.3934880485
1350,1350,1350.0,1350.0,1350.0,1350.0,1350.0,1350.0,1350.0,1350.0,1350.0,1350.0,1350.0,1350.0,1350.0,1350.0,1350.0,1350.0,1350.0,1350.0,1350.0,1350.0,1350.0,1350.0,1350.0,1350.0,1350.0,1350.0,1350.0,1350.0,1350.0,0.0,,,,0.0,0.0,-1.0,-3.9073759454660606,0.0,0.1387859549,1.963356402,-2.5
1351,1351,1351.0,1351.0,1351.0,1351.0,1351.0,1351.0,1351.0,1351.0,1351.0,1351.0,1351.0,1351.0,1351.0,1351.0,1351.0,1351.0,1351.0,1351.0,1351.0,1351.0,1351.0,1351.0,1351.0,1351.0,1351.0,1351.0,1351.0,1351.0,1351.0,1.0,,,,0.1,-0.1140642125,-1.276673382,3.1548385227132694,0.1387859549,0.1223149476,1.8245704471,-2.0566733820000005
1352,1352,1352.0,1352.0,1352.0,1352.0,1352.0,1352.0,1352.0,1352.0,1352.0,1352.0,1352.0,1352.0,1352.0,1352.0,1352.0,1352.0,1352.0,1352.0,1352.0,1352.0,1352.0,1352.0,1352.0,1352.0,1352.0,1352.0,1352.0,1352.0,1352.0,2.0,,,,0.2,-0.2202944988,-0.8549592435,-6.170666478838445,0.2611009025,0.1523325324,1.7022554995,-1.0749592435
1353,1353,1353.0,1353.0,1353.0,1353.0,1353.0,1353.0,1353.0,1353.0,1353.0,1353.0,1353.0,1353.0,1353.0,1353.0,1353.0,1353.0,1353.0,1353.0,1353.0,1353.0,1353.0,1353.0,1353.0,1353.0,1353.0,1353.0,1353.0,1353.0,1353.0,3.0,,,,0.3,-0.3315047137,-1.3608156764,5.627495287395921,0.4134334349,0.1392807976999999,1.5499229671,-1.1808156764
1354,1354,1354.0,1354.0,1354.0,1354.0,1354.0,1354.0,1354.0,1354.0,1354.0,1354.0,1354.0,1354.0,1354.0,1354.0,1354.0,1354.0,1354.0,1354.0,1354.0,1354.0,1354.0,1354.0,1354.0,1354.0,1354.0,1354.0,1354.0,1354.0,1354.0,4.0,,,,0.4,-0.4337809553,-0.6957899061,-9.186189292372305,0.5527142326,0.1934423773,1.4106421694,-0.2757899061
1355,1355,1355.0,1355.0,1355.0,1355.0,1355.0,1355.0,1355.0,1355.0,1355.0,1355.0,1355.0,1355.0,1355.0,1355.0,1355.0,1355.0,1355.0,1355.0,1355.0,1355.0,1355.0,1355.0,1355.0,1355.0,1355.0,1355.0,1355.0,1355.0,1355.0,5.0,,,,0.5,-0.5444313958,-1.5037583949,7.914501262860194,0.7461566099,0.1844887647999999,1.2171997921,-1.0037583949
1356,1356,1356.0,1356.0,1356.0,1356.0,1356.0,1356.0,1356.0,1356.0,1356.0,1356.0,1356.0,1356.0,1356.0,1356.0,1356.0,1356.0,1356.0,1356.0,1356.0,1356.0,1356.0,1356.0,1356.0,1356.0,1356.0,1356.0,1356.0,1356.0,1356.0,6.0,,,,0.6,-0.6492472396,-0.6074924248,-10.130538715449743,0.9306453747,0.2206668116,1.0327110273,-0.1874924247999999
1357,1357,1357.0,1357.0,1357.0,1357.0,1357.0,1357.0,1357.0,1357.0,1357.0,1357.0,1357.0,1357.0,1357.0,1357.0,1357.0,1357.0,1357.0,1357.0,1357.0,1357.0,1357.0,1357.0,1357.0,1357.0,1357.0,1357.0,1357.0,1357.0,1357.0,7.0,,,,0.7,-0.7560634238,-1.5137301121,9.97142700563276,1.1513121863,0.2176585477999999,0.8120442157000001,-1.3337301120999998
1358,1358,1358.0,1358.0,1358.0,1358.0,1358.0,1358.0,1358.0,1358.0,1358.0,1358.0,1358.0,1358.0,1358.0,1358.0,1358.0,1358.0,1358.0,1358.0,1358.0,1358.0,1358.0,1358.0,1358.0,1358.0,1358.0,1358.0,1358.0,1358.0,1358.0,8.0,,,,0.8,-0.851877945,-0.4207728904,-13.62344900877525,1.3689707341,0.2982828785,0.5943856679000001,-0.6407728904000002
1359,1359,1359.0,1359.0,1359.0,1359.0,1359.0,1359.0,1359.0,1359.0,1359.0,1359.0,1359.0,1359.0,1359.0,1359.0,1359.0,1359.0,1359.0,1359.0,1359.0,1359.0,1359.0,1359.0,1359.0,1359.0,1359.0,1359.0,1359.0,1359.0,1359.0,9.0,,,,0.9,-0.957822021,-1.6771737152,12.642560155836073,1.6672536126,0.2961027894000001,0.2961027894000001,-2.4571737152
1360,1360,1360.0,1360.0,1360.0,1360.0,1360.0,1360.0,1360.0,1360.0,1360.0,1360.0,1360.0,1360.0,1360.0,1360.0,1360.0,1360.0,1360.0,1360.0,1360.0,1360.0,1360.0,1360.0,1360.0,1360.0,1360.0,1360.0,1360.0,1360.0,1360.0,0.0,,,,0.0,0.0,-1.0,-4.164077280281926,0.0,0.1427948588,1.9385667525000003,-2.5
1361,1361,1361.0,1361.0,1361.0,1361.0,1361.0,1361.0,1361.0,1361.0,1361.0,1361.0,1361.0,1361.0,1361.0,1361.0,1361.0,1361.0,1361.0,1361.0,1361.0,1361.0,1361.0,1361.0,1361.0,1361.0,1361.0,1361.0,1361.0,1361.0,1361.0,1.0,,,,0.1,-0.1153059697,-1.3011017583,3.3560763717673714,0.1427948588,0.1260882773999999,1.7957718937000005,-2.0811017583
1362,1362,1362.0,1362.0,1362.0,1362.0,1362.0,1362.0,1362.0,1362.0,1362.0,1362.0,1362.0,1362.0,1362.0,1362.0,1362.0,1362.0,1362.0,1362.0,1362.0,1362.0,1362.0,1362.0,1362.0,1362.0,1362.0,1362.0,1362.0,1362.0,1362.0,2.0,,,,0.2,-0.2228874519,-0.8579126389,-5.935144224935846,0.2688831362,0.1489451076,1.6696836163000004,-1.0779126389
1363,1363,1363.0,1363.0,1363.0,1363.0,1363.0,1363.0,1363.0,1363.0,1363.0,1363.0,1363.0,1363.0,1363.0,1363.0,1363.0,1363.0,1363.0,1363.0,1363.0,1363.0,1363.0,1363.0,1363.0,1363.0,1363.0,1363.0,1363.0,1363.0,1363.0,3.0,,,,0.3,-0.3332394009,-1.3410751125,5.081546707210306,0.4178282438,0.1374813941,1.5207385087000005,-1.1610751125
1364,1364,1364.0,1364.0,1364.0,1364.0,1364.0,1364.0,1364.0,1364.0,1364.0,1364.0,1364.0,1364.0,1364.0,1364.0,1364.0,1364.0,1364.0,1364.0,1364.0,1364.0,1364.0,1364.0,1364.0,1364.0,1364.0,1364.0,1364.0,1364.0,1364.0,4.0,,,,0.4,-0.4362780649,-0.7298817777,-8.136087591532519,0.5553096379,0.1792478382,1.3832571146000003,-0.3098817776999999
1365,1365,1365.0,1365.0,1365.0,1365.0,1365.0,1365.0,1365.0,1365.0,1365.0,1365.0,1365.0,1365.0,1365.0,1365.0,1365.0,1365.0,1365.0,1365.0,1365.0,1365.0,1365.0,1365.0,1365.0,1365.0,1365.0,1365.0,1365.0,1365.0,1365.0,5.0,,,,0.5,-0.5450931576,-1.4346754441,7.699610948764164,0.7345574761,0.1708269793,1.2040092764000003,-0.9346754441
1366,1366,1366.0,1366.0,1366.0,1366.0,1366.0,1366.0,1366.0,1366.0,1366.0,1366.0,1366.0,1366.0,1366.0,1366.0,1366.0,1366.0,1366.0,1366.0,1366.0,1366.0,1366.0,1366.0,1366.0,1366.0,1366.0,1366.0,1366.0,1366.0,1366.0,6.0,,,,0.6,-0.6443744038,-0.5654331031,-10.985717138548669,0.9053844554,0.2305699017999999,1.0331822971000002,-0.1454331030999999
1367,1367,1367.0,1367.0,1367.0,1367.0,1367.0,1367.0,1367.0,1367.0,1367.0,1367.0,1367.0,1367.0,1367.0,1367.0,1367.0,1367.0,1367.0,1367.0,1367.0,1367.0,1367.0,1367.0,1367.0,1367.0,1367.0,1367.0,1367.0,1367.0,1367.0,7.0,,,,0.7,-0.7513249724,-1.5570542484,10.017037693596505,1.1359543572,0.2254640759000001,0.8026123953000002,-1.3770542484
1368,1368,1368.0,1368.0,1368.0,1368.0,1368.0,1368.0,1368.0,1368.0,1368.0,1368.0,1368.0,1368.0,1368.0,1368.0,1368.0,1368.0,1368.0,1368.0,1368.0,1368.0,1368.0,1368.0,1368.0,1368.0,1368.0,1368.0,1368.0,1368.0,1368.0,8.0,,,,0.8,-0.8510416986,-0.4556337528,-12.973682717270831,1.3614184331,0.2886500928,0.5771483194,-0.6756337528000003
1369,1369,1369.0,1369.0,1369.0,1369.0,1369.0,1369.0,1369.0,1369.0,1369.0,1369.0,1369.0,1369.0,1369.0,1369.0,1369.0,1369.0,1369.0,1369.0,1369.0,1369.0,1369.0,1369.0,1369.0,1369.0,1369.0,1369.0,1369.0,1369.0,1369.0,9.0,,,,0.9,-0.9571599111,-1.6468838121,12.338823085236118,1.6500685259,0.2884982266,0.2884982266,-2.4268838121000003
1370,1370,1370.0,1370.0,1370.0,1370.0,1370.0,1370.0,1370.0,1370.0,1370.0,1370.0,1370.0,1370.0,1370.0,1370.0,1370.0,1370.0,1370.0,1370.0,1370.0,1370.0,1370.0,1370.0,1370.0,1370.0,1370.0,1370.0,1370.0,1370.0,1370.0,0.0,,,,0.0,0.0,-1.0,-4.035006784331693,0.0,0.140765874,1.930940247,-2.5
1371,1371,1371.0,1371.0,1371.0,1371.0,1371.0,1371.0,1371.0,1371.0,1371.0,1371.0,1371.0,1371.0,1371.0,1371.0,1371.0,1371.0,1371.0,1371.0,1371.0,1371.0,1371.0,1371.0,1371.0,1371.0,1371.0,1371.0,1371.0,1371.0,1371.0,1.0,,,,0.1,-0.1146816016,-1.2888190769,3.070448940596336,0.140765874,0.12540074,1.7901743730000002,-2.068819076900001
1372,1372,1372.0,1372.0,1372.0,1372.0,1372.0,1372.0,1372.0,1372.0,1372.0,1372.0,1372.0,1372.0,1372.0,1372.0,1372.0,1372.0,1372.0,1372.0,1372.0,1372.0,1372.0,1372.0,1372.0,1372.0,1372.0,1372.0,1372.0,1372.0,1372.0,2.0,,,,0.2,-0.2224759357,-0.8739798487,-5.394607444815317,0.266166614,0.1430651171999999,1.664773633,-1.0939798487
1373,1373,1373.0,1373.0,1373.0,1373.0,1373.0,1373.0,1373.0,1373.0,1373.0,1373.0,1373.0,1373.0,1373.0,1373.0,1373.0,1373.0,1373.0,1373.0,1373.0,1373.0,1373.0,1373.0,1373.0,1373.0,1373.0,1373.0,1373.0,1373.0,1373.0,3.0,,,,0.3,-0.3317420816,-1.3041744473,5.145234812065925,0.4092317312,0.1298382769999999,1.5217085158,-1.1241744473000002
1374,1374,1374.0,1374.0,1374.0,1374.0,1374.0,1374.0,1374.0,1374.0,1374.0,1374.0,1374.0,1374.0,1374.0,1374.0,1374.0,1374.0,1374.0,1374.0,1374.0,1374.0,1374.0,1374.0,1374.0,1374.0,1374.0,1374.0,1374.0,1374.0,1374.0,4.0,,,,0.4,-0.430961098,-0.6904319497,-9.190081771644603,0.5390700082,0.1921092449,1.3918702388000002,-0.2704319496999999
1375,1375,1375.0,1375.0,1375.0,1375.0,1375.0,1375.0,1375.0,1375.0,1375.0,1375.0,1375.0,1375.0,1375.0,1375.0,1375.0,1375.0,1375.0,1375.0,1375.0,1375.0,1375.0,1375.0,1375.0,1375.0,1375.0,1375.0,1375.0,1375.0,1375.0,5.0,,,,0.5,-0.5411204951,-1.4992807297,8.145336157875187,0.7311792531,0.1829848133,1.1997609939,-0.9992807297
1376,1376,1376.0,1376.0,1376.0,1376.0,1376.0,1376.0,1376.0,1376.0,1376.0,1376.0,1376.0,1376.0,1376.0,1376.0,1376.0,1376.0,1376.0,1376.0,1376.0,1376.0,1376.0,1376.0,1376.0,1376.0,1376.0,1376.0,1376.0,1376.0,1376.0,6.0,,,,0.6,-0.6443935853,-0.5814740237,-10.675597941686766,0.9141640664,0.2268027208999999,1.0167761806,-0.1614740236999999
1377,1377,1377.0,1377.0,1377.0,1377.0,1377.0,1377.0,1377.0,1377.0,1377.0,1377.0,1377.0,1377.0,1377.0,1377.0,1377.0,1377.0,1377.0,1377.0,1377.0,1377.0,1377.0,1377.0,1377.0,1377.0,1377.0,1377.0,1377.0,1377.0,1377.0,7.0,,,,0.7,-0.7513704713,-1.5420569319,9.980802697102275,1.1409667873,0.2224287548999999,0.7899734597000001,-1.3620569318999998
1378,1378,1378.0,1378.0,1378.0,1378.0,1378.0,1378.0,1378.0,1378.0,1378.0,1378.0,1378.0,1378.0,1378.0,1378.0,1378.0,1378.0,1378.0,1378.0,1378.0,1378.0,1378.0,1378.0,1378.0,1378.0,1378.0,1378.0,1378.0,1378.0,1378.0,8.0,,,,0.8,-0.8498352976,-0.4455118359,-12.846877174431777,1.3633955422,0.2831264323,0.5675447048000002,-0.6655118359000002
1379,1379,1379.0,1379.0,1379.0,1379.0,1379.0,1379.0,1379.0,1379.0,1379.0,1379.0,1379.0,1379.0,1379.0,1379.0,1379.0,1379.0,1379.0,1379.0,1379.0,1379.0,1379.0,1379.0,1379.0,1379.0,1379.0,1379.0,1379.0,1379.0,1379.0,9.0,,,,0.9,-0.9543769598,-1.6256578912,12.462497416496769,1.6465219745,0.2844182725000002,0.2844182725000002,-2.4056578912
1380,1380,1380.0,1380.0,1380.0,1380.0,1380.0,1380.0,1380.0,1380.0,1380.0,1380.0,1380.0,1380.0,1380.0,1380.0,1380.0,1380.0,1380.0,1380.0,1380.0,1380.0,1380.0,1380.0,1380.0,1380.0,1380.0,1380.0,1380.0,1380.0,0.0,,,,,0.0,0.0,-1.0,14.015980025249196,0.0,0.1227981108,2.4573663795,0.9604768691
1381,1381,1381.0,1381.0,1381.0,1381.0,1381.0,1381.0,1381.0,1381.0,1381.0,1381.0,1381.0,1381.0,1381.0,1381.0,1381.0,1381.0,1381.0,1381.0,1381.0,1381.0,1381.0,1381.0,1381.0,1381.0,1381.0,1381.0,1381.0,1381.0,1.0,,,,,0.1,-0.0273614278,0.4289594303,-20.15992133704403,0.1227981108,0.2675341825,2.3345682687,0.9604768691
1382,1382,1382.0,1382.0,1382.0,1382.0,1382.0,1382.0,1382.0,1382.0,1382.0,1382.0,1382.0,1382.0,1382.0,1382.0,1382.0,1382.0,1382.0,1382.0,1382.0,1382.0,1382.0,1382.0,1382.0,1382.0,1382.0,1382.0,1382.0,1382.0,2.0,,,,,0.2,-0.0840625047,-1.5303316265,19.608163377334023,0.3903322933,0.2533592369,2.0670340862,0.9604768691
1383,1383,1383.0,1383.0,1383.0,1383.0,1383.0,1383.0,1383.0,1383.0,1383.0,1383.0,1383.0,1383.0,1383.0,1383.0,1383.0,1383.0,1383.0,1383.0,1383.0,1383.0,1383.0,1383.0,1383.0,1383.0,1383.0,1383.0,1383.0,1383.0,3.0,,,,,0.3,-0.134839933,0.4812621396,-20.11970744266425,0.6436915302,0.2630822242999999,1.8136748493,0.9604768691
1384,1384,1384.0,1384.0,1384.0,1384.0,1384.0,1384.0,1384.0,1384.0,1384.0,1384.0,1384.0,1384.0,1384.0,1384.0,1384.0,1384.0,1384.0,1384.0,1384.0,1384.0,1384.0,1384.0,1384.0,1384.0,1384.0,1384.0,1384.0,1384.0,4.0,,,,,0.4,-0.1863692417,-1.479179296,18.90337148381961,0.9067737545,0.2395274674999999,1.5505926249999995,0.9604768691
1385,1385,1385.0,1385.0,1385.0,1385.0,1385.0,1385.0,1385.0,1385.0,1385.0,1385.0,1385.0,1385.0,1385.0,1385.0,1385.0,1385.0,1385.0,1385.0,1385.0,1385.0,1385.0,1385.0,1385.0,1385.0,1385.0,1385.0,1385.0,1385.0,5.0,,,,,0.5,-0.2356882584,0.4604768691,-19.921192492421067,1.146301222,0.2634570433000001,1.3110651575,0.9604768691
1386,1386,1386.0,1386.0,1386.0,1386.0,1386.0,1386.0,1386.0,1386.0,1386.0,1386.0,1386.0,1386.0,1386.0,1386.0,1386.0,1386.0,1386.0,1386.0,1386.0,1386.0,1386.0,1386.0,1386.0,1386.0,1386.0,1386.0,1386.0,1386.0,6.0,,,,,0.6,-0.2882351643,-1.4790954743,20.00088222464468,1.4097582653,0.2649265466999999,1.0476081141999998,0.9604768691
1387,1387,1387.0,1387.0,1387.0,1387.0,1387.0,1387.0,1387.0,1387.0,1387.0,1387.0,1387.0,1387.0,1387.0,1387.0,1387.0,1387.0,1387.0,1387.0,1387.0,1387.0,1387.0,1387.0,1387.0,1387.0,1387.0,1387.0,1387.0,1387.0,7.0,,,,,0.7,-0.3322370872,0.5649946711,-19.977668051969754,1.674684812,0.2611861672,0.7826815674999998,0.9604768691
1388,1388,1388.0,1388.0,1388.0,1388.0,1388.0,1388.0,1388.0,1388.0,1388.0,1388.0,1388.0,1388.0,1388.0,1388.0,1388.0,1388.0,1388.0,1388.0,1388.0,1388.0,1388.0,1388.0,1388.0,1388.0,1388.0,1388.0,1388.0,1388.0,8.0,,,,,0.8,-0.3751109593,-1.389898262,19.499273729072424,1.9358709792,0.2543191747000002,0.5214954002999999,0.9604768691
1389,1389,1389.0,1389.0,1389.0,1389.0,1389.0,1389.0,1389.0,1389.0,1389.0,1389.0,1389.0,1389.0,1389.0,1389.0,1389.0,1389.0,1389.0,1389.0,1389.0,1389.0,1389.0,1389.0,1389.0,1389.0,1389.0,1389.0,1389.0,1389.0,9.0,,,,,0.9,-0.4130513237,0.5979694753,-20.07007817577005,2.1901901539,0.2671762255999996,0.2671762255999996,0.9604768691
1390,1390,1390.0,1390.0,1390.0,1390.0,1390.0,1390.0,1390.0,1390.0,1390.0,1390.0,1390.0,1390.0,1390.0,1390.0,1390.0,1390.0,1390.0,1390.0,1390.0,1390.0,1390.0,1390.0,1390.0,1390.0,1390.0,1390.0,1390.0,1390.0,0.0,,,,,0.0,0.0,-1.0,14.16228841366719,0.0,0.1248088495,2.4261014648999994,0.9620949995
1391,1391,1391.0,1391.0,1391.0,1391.0,1391.0,1391.0,1391.0,1391.0,1391.0,1391.0,1391.0,1391.0,1391.0,1391.0,1391.0,1391.0,1391.0,1391.0,1391.0,1391.0,1391.0,1391.0,1391.0,1391.0,1391.0,1391.0,1391.0,1391.0,1.0,,,,,0.1,-0.0266536729,0.4428825143,-20.00623784570221,0.1248088495,0.2616976219,2.3012926153999995,0.9620949995
1392,1392,1392.0,1392.0,1392.0,1392.0,1392.0,1392.0,1392.0,1392.0,1392.0,1392.0,1392.0,1392.0,1392.0,1392.0,1392.0,1392.0,1392.0,1392.0,1392.0,1392.0,1392.0,1392.0,1392.0,1392.0,1392.0,1392.0,1392.0,1392.0,2.0,,,,,0.2,-0.0812863616,-1.5031085816,19.13655537596969,0.3865064714,0.2422541112,2.0395949935,0.9620949995
1393,1393,1393.0,1393.0,1393.0,1393.0,1393.0,1393.0,1393.0,1393.0,1393.0,1393.0,1393.0,1393.0,1393.0,1393.0,1393.0,1393.0,1393.0,1393.0,1393.0,1393.0,1393.0,1393.0,1393.0,1393.0,1393.0,1393.0,1393.0,1393.0,3.0,,,,,0.3,-0.1317545397,0.4610151341,-19.87446312053263,0.6287605826,0.2580616472,1.7973408823,0.9620949995
1394,1394,1394.0,1394.0,1394.0,1394.0,1394.0,1394.0,1394.0,1394.0,1394.0,1394.0,1394.0,1394.0,1394.0,1394.0,1394.0,1394.0,1394.0,1394.0,1394.0,1394.0,1394.0,1394.0,1394.0,1394.0,1394.0,1394.0,1394.0,1394.0,4.0,,,,,0.4,-0.1840241702,-1.4741615474,18.87266491647097,0.8868222298,0.2383993183,1.5392792351,0.9620949995
1395,1395,1395.0,1395.0,1395.0,1395.0,1395.0,1395.0,1395.0,1395.0,1395.0,1395.0,1395.0,1395.0,1395.0,1395.0,1395.0,1395.0,1395.0,1395.0,1395.0,1395.0,1395.0,1395.0,1395.0,1395.0,1395.0,1395.0,1395.0,1395.0,5.0,,,,,0.5,-0.2330142255,0.4620949995,-19.82545275771718,1.1252215481,0.2604781084999998,1.3008799167999998,0.9620949995
1396,1396,1396.0,1396.0,1396.0,1396.0,1396.0,1396.0,1396.0,1396.0,1396.0,1396.0,1396.0,1396.0,1396.0,1396.0,1396.0,1396.0,1396.0,1396.0,1396.0,1396.0,1396.0,1396.0,1396.0,1396.0,1396.0,1396.0,1396.0,1396.0,6.0,,,,,0.6,-0.2849440121,-1.4685204897,20.07320684906061,1.3856996566,0.2651449927,1.0404018083,0.9620949995
1397,1397,1397.0,1397.0,1397.0,1397.0,1397.0,1397.0,1397.0,1397.0,1397.0,1397.0,1397.0,1397.0,1397.0,1397.0,1397.0,1397.0,1397.0,1397.0,1397.0,1397.0,1397.0,1397.0,1397.0,1397.0,1397.0,1397.0,1397.0,1397.0,7.0,,,,,0.7,-0.3275897275,0.5814459107,-19.959715426683555,1.6508446493,0.2590683523999999,0.7752568155999999,0.9620949995
1398,1398,1398.0,1398.0,1398.0,1398.0,1398.0,1398.0,1398.0,1398.0,1398.0,1398.0,1398.0,1398.0,1398.0,1398.0,1398.0,1398.0,1398.0,1398.0,1398.0,1398.0,1398.0,1398.0,1398.0,1398.0,1398.0,1398.0,1398.0,1398.0,8.0,,,,,0.8,-0.3688111618,-1.3733041977,19.10494115360207,1.9099130017,0.2451487621000001,0.5161884632,0.9620949995
1399,1399,1399.0,1399.0,1399.0,1399.0,1399.0,1399.0,1399.0,1399.0,1399.0,1399.0,1399.0,1399.0,1399.0,1399.0,1399.0,1399.0,1399.0,1399.0,1399.0,1399.0,1399.0,1399.0,1399.0,1399.0,1399.0,1399.0,1399.0,1399.0,9.0,,,,,0.9,-0.4070799449,0.5754587007,-20.16355385899907,2.1550617638,0.2710397010999998,0.2710397010999998,0.9620949995
1400,1400,1400.0,1400.0,1400.0,1400.0,1400.0,1400.0,1400.0,1400.0,1400.0,1400.0,1400.0,1400.0,1400.0,1400.0,1400.0,1400.0,1400.0,1400.0,1400.0,1400.0,1400.0,1400.0,1400.0,1400.0,1400.0,1400.0,1400.0,1400.0,0.0,,,,,0.0,0.0,-1.0,14.03059057324027,0.0,0.1229973474,2.4193589265,0.9689590714
1401,1401,1401.0,1401.0,1401.0,1401.0,1401.0,1401.0,1401.0,1401.0,1401.0,1401.0,1401.0,1401.0,1401.0,1401.0,1401.0,1401.0,1401.0,1401.0,1401.0,1401.0,1401.0,1401.0,1401.0,1401.0,1401.0,1401.0,1401.0,1401.0,1.0,,,,,0.1,-0.0272907504,0.4303498078,-19.848271923941343,0.1229973474,0.2585037069999999,2.2963615791,0.9689590714
1402,1402,1402.0,1402.0,1402.0,1402.0,1402.0,1402.0,1402.0,1402.0,1402.0,1402.0,1402.0,1402.0,1402.0,1402.0,1402.0,1402.0,1402.0,1402.0,1402.0,1402.0,1402.0,1402.0,1402.0,1402.0,1402.0,1402.0,1402.0,1402.0,2.0,,,,,0.2,-0.0823519368,-1.4994161983,19.04323324201076,0.3815010544,0.2402979222999999,2.0378578721,0.9689590714
1403,1403,1403.0,1403.0,1403.0,1403.0,1403.0,1403.0,1403.0,1403.0,1403.0,1403.0,1403.0,1403.0,1403.0,1403.0,1403.0,1403.0,1403.0,1403.0,1403.0,1403.0,1403.0,1403.0,1403.0,1403.0,1403.0,1403.0,1403.0,1403.0,3.0,,,,,0.3,-0.1329201764,0.4554753655,-19.910103398102105,0.6217989767,0.2596421607,1.7975599498,0.9689590714
1404,1404,1404.0,1404.0,1404.0,1404.0,1404.0,1404.0,1404.0,1404.0,1404.0,1404.0,1404.0,1404.0,1404.0,1404.0,1404.0,1404.0,1404.0,1404.0,1404.0,1404.0,1404.0,1404.0,1404.0,1404.0,1404.0,1404.0,1404.0,1404.0,4.0,,,,,0.4,-0.1858894061,-1.4825657446,19.02470475840492,0.8814411374,0.2419294046,1.5379177891000002,0.9689590714
1405,1405,1405.0,1405.0,1405.0,1405.0,1405.0,1405.0,1405.0,1405.0,1405.0,1405.0,1405.0,1405.0,1405.0,1405.0,1405.0,1405.0,1405.0,1405.0,1405.0,1405.0,1405.0,1405.0,1405.0,1405.0,1405.0,1405.0,1405.0,1405.0,5.0,,,,,0.5,-0.2349437462,0.4689590714,-19.886331181340555,1.123370542,0.2616058888000001,1.2959883845000002,0.9689590714
1406,1406,1406.0,1406.0,1406.0,1406.0,1406.0,1406.0,1406.0,1406.0,1406.0,1406.0,1406.0,1406.0,1406.0,1406.0,1406.0,1406.0,1406.0,1406.0,1406.0,1406.0,1406.0,1406.0,1406.0,1406.0,1406.0,1406.0,1406.0,1406.0,6.0,,,,,0.6,-0.2865148227,-1.4681029702,19.809533273546727,1.3849764308,0.2602321817999999,1.0343824957,0.9689590714
1407,1407,1407.0,1407.0,1407.0,1407.0,1407.0,1407.0,1407.0,1407.0,1407.0,1407.0,1407.0,1407.0,1407.0,1407.0,1407.0,1407.0,1407.0,1407.0,1407.0,1407.0,1407.0,1407.0,1407.0,1407.0,1407.0,1407.0,1407.0,1407.0,7.0,,,,,0.7,-0.3303963054,0.5567318398,-19.80399093188892,1.6452086126,0.2570076190999999,0.7741503139000001,0.9689590714
1408,1408,1408.0,1408.0,1408.0,1408.0,1408.0,1408.0,1408.0,1408.0,1408.0,1408.0,1408.0,1408.0,1408.0,1408.0,1408.0,1408.0,1408.0,1408.0,1408.0,1408.0,1408.0,1408.0,1408.0,1408.0,1408.0,1408.0,1408.0,1408.0,8.0,,,,,0.8,-0.3732163437,-1.3808472151,19.36760177415672,1.9022162317,0.2509745867000001,0.5171426948000002,0.9689590714
1409,1409,1409.0,1409.0,1409.0,1409.0,1409.0,1409.0,1409.0,1409.0,1409.0,1409.0,1409.0,1409.0,1409.0,1409.0,1409.0,1409.0,1409.0,1409.0,1409.0,1409.0,1409.0,1409.0,1409.0,1409.0,1409.0,1409.0,1409.0,1409.0,9.0,,,,,0.9,-0.4109323374,0.593628956,-20.027108151941107,2.1531908184,0.2661681081,0.2661681081,0.9689590714
1410,1410,1410.0,1410.0,1410.0,1410.0,1410.0,1410.0,1410.0,1410.0,1410.0,1410.0,1410.0,1410.0,1410.0,1410.0,1410.0,1410.0,1410.0,1410.0,1410.0,1410.0,1410.0,1410.0,1410.0,1410.0,1410.0,1410.0,1410.0,1410.0,0.0,,,,,0.0,0.0,-1.0,13.989183452314997,0.0,0.1224335984,2.4785692959,0.9991053977
1411,1411,1411.0,1411.0,1411.0,1411.0,1411.0,1411.0,1411.0,1411.0,1411.0,1411.0,1411.0,1411.0,1411.0,1411.0,1411.0,1411.0,1411.0,1411.0,1411.0,1411.0,1411.0,1411.0,1411.0,1411.0,1411.0,1411.0,1411.0,1411.0,1.0,,,,,0.1,-0.027491054,0.4264093992,-20.15392349453372,0.1224335984,0.26763159,2.3561356975,0.9991053977
1412,1412,1412.0,1412.0,1412.0,1412.0,1412.0,1412.0,1412.0,1412.0,1412.0,1412.0,1412.0,1412.0,1412.0,1412.0,1412.0,1412.0,1412.0,1412.0,1412.0,1412.0,1412.0,1412.0,1412.0,1412.0,1412.0,1412.0,1412.0,1412.0,2.0,,,,,0.2,-0.0844057844,-1.5320682198,19.33770157162479,0.3900651884,0.2487820878,2.0885041075,0.9991053977
1413,1413,1413.0,1413.0,1413.0,1413.0,1413.0,1413.0,1413.0,1413.0,1413.0,1413.0,1413.0,1413.0,1413.0,1413.0,1413.0,1413.0,1413.0,1413.0,1413.0,1413.0,1413.0,1413.0,1413.0,1413.0,1413.0,1413.0,1413.0,1413.0,3.0,,,,,0.3,-0.1366568083,0.4539529613,-20.14796542300088,0.6388472762,0.2666493501999999,1.8397220197,0.9991053977
1414,1414,1414.0,1414.0,1414.0,1414.0,1414.0,1414.0,1414.0,1414.0,1414.0,1414.0,1414.0,1414.0,1414.0,1414.0,1414.0,1414.0,1414.0,1414.0,1414.0,1414.0,1414.0,1414.0,1414.0,1414.0,1414.0,1414.0,1414.0,1414.0,4.0,,,,,0.4,-0.1909215538,-1.5065788356,19.56981680202206,0.9054966264,0.2541338737,1.5730726695,0.9991053977
1415,1415,1415.0,1415.0,1415.0,1415.0,1415.0,1415.0,1415.0,1415.0,1415.0,1415.0,1415.0,1415.0,1415.0,1415.0,1415.0,1415.0,1415.0,1415.0,1415.0,1415.0,1415.0,1415.0,1415.0,1415.0,1415.0,1415.0,1415.0,1415.0,5.0,,,,,0.5,-0.2396241069,0.4991053977,-20.048432103499664,1.1596305001,0.2634995141,1.3189387957999998,0.9991053977
1416,1416,1416.0,1416.0,1416.0,1416.0,1416.0,1416.0,1416.0,1416.0,1416.0,1416.0,1416.0,1416.0,1416.0,1416.0,1416.0,1416.0,1416.0,1416.0,1416.0,1416.0,1416.0,1416.0,1416.0,1416.0,1416.0,1416.0,1416.0,1416.0,6.0,,,,,0.6,-0.2891105208,-1.4562513987,19.39217692838639,1.4231300142,0.2516543017999999,1.0554392816999998,0.9991053977
1417,1417,1417.0,1417.0,1417.0,1417.0,1417.0,1417.0,1417.0,1417.0,1417.0,1417.0,1417.0,1417.0,1417.0,1417.0,1417.0,1417.0,1417.0,1417.0,1417.0,1417.0,1417.0,1417.0,1417.0,1417.0,1417.0,1417.0,1417.0,1417.0,7.0,,,,,0.7,-0.3338831046,0.5277388779,-20.03732874593459,1.674784316,0.2661265342000001,0.8037849798999999,0.9991053977
1418,1418,1418.0,1418.0,1418.0,1418.0,1418.0,1418.0,1418.0,1418.0,1418.0,1418.0,1418.0,1418.0,1418.0,1418.0,1418.0,1418.0,1418.0,1418.0,1418.0,1418.0,1418.0,1418.0,1418.0,1418.0,1418.0,1418.0,1418.0,1418.0,8.0,,,,,0.8,-0.3805909593,-1.429286142,20.143426420640345,1.9409108502,0.2702862670999997,0.5376584456999998,0.9991053977
1419,1419,1419.0,1419.0,1419.0,1419.0,1419.0,1419.0,1419.0,1419.0,1419.0,1419.0,1419.0,1419.0,1419.0,1419.0,1419.0,1419.0,1419.0,1419.0,1419.0,1419.0,1419.0,1419.0,1419.0,1419.0,1419.0,1419.0,1419.0,1419.0,9.0,,,,,0.9,-0.4191635358,0.6236290766,-20.129679847554225,2.2111971173,0.2673721786,0.2673721786,0.9991053977
1420,1420,1420.0,1420.0,1420.0,1420.0,1420.0,1420.0,1420.0,1420.0,1420.0,1420.0,1420.0,1420.0,1420.0,1420.0,1420.0,1420.0,1420.0,1420.0,1420.0,1420.0,1420.0,1420.0,1420.0,1420.0,1420.0,1420.0,1420.0,1420.0,0.0,,,,,0.0,0.0,-1.0,13.893010963813293,0.0,0.1211349473,2.4397488071,0.9790860123
1421,1421,1421.0,1421.0,1421.0,1421.0,1421.0,1421.0,1421.0,1421.0,1421.0,1421.0,1421.0,1421.0,1421.0,1421.0,1421.0,1421.0,1421.0,1421.0,1421.0,1421.0,1421.0,1421.0,1421.0,1421.0,1421.0,1421.0,1421.0,1421.0,1.0,,,,,0.1,-0.0279562805,0.4172573769,-19.81847781656733,0.1211349473,0.2590179512,2.3186138598,0.9790860123
1422,1422,1422.0,1422.0,1422.0,1422.0,1422.0,1422.0,1422.0,1422.0,1422.0,1422.0,1422.0,1422.0,1422.0,1422.0,1422.0,1422.0,1422.0,1422.0,1422.0,1422.0,1422.0,1422.0,1422.0,1422.0,1422.0,1422.0,1422.0,1422.0,2.0,,,,,0.2,-0.0841192501,-1.5084274352,18.80511946825642,0.3801528985,0.2372246425999999,2.0595959086,0.9790860123
1423,1423,1423.0,1423.0,1423.0,1423.0,1423.0,1423.0,1423.0,1423.0,1423.0,1423.0,1423.0,1423.0,1423.0,1423.0,1423.0,1423.0,1423.0,1423.0,1423.0,1423.0,1423.0,1423.0,1423.0,1423.0,1423.0,1423.0,1423.0,1423.0,3.0,,,,,0.3,-0.1366968782,0.4246621398,-19.88040637919399,0.6173775411,0.2620526776,1.822371266,0.9790860123
1424,1424,1424.0,1424.0,1424.0,1424.0,1424.0,1424.0,1424.0,1424.0,1424.0,1424.0,1424.0,1424.0,1424.0,1424.0,1424.0,1424.0,1424.0,1424.0,1424.0,1424.0,1424.0,1424.0,1424.0,1424.0,1424.0,1424.0,1424.0,1424.0,4.0,,,,,0.4,-0.1924547086,-1.5076206678,19.36935254133315,0.8794302187,0.2507419244,1.5603185884,0.9790860123
1425,1425,1425.0,1425.0,1425.0,1425.0,1425.0,1425.0,1425.0,1425.0,1425.0,1425.0,1425.0,1425.0,1425.0,1425.0,1425.0,1425.0,1425.0,1425.0,1425.0,1425.0,1425.0,1425.0,1425.0,1425.0,1425.0,1425.0,1425.0,1425.0,5.0,,,,,0.5,-0.2422261346,0.4790860123,-20.019387217865813,1.1301721431,0.2647207334999999,1.309576664,0.9790860123
1426,1426,1426.0,1426.0,1426.0,1426.0,1426.0,1426.0,1426.0,1426.0,1426.0,1426.0,1426.0,1426.0,1426.0,1426.0,1426.0,1426.0,1426.0,1426.0,1426.0,1426.0,1426.0,1426.0,1426.0,1426.0,1426.0,1426.0,1426.0,1426.0,6.0,,,,,0.6,-0.2934771505,-1.4716016936,19.82367377960022,1.3948928766,0.2612697359,1.0448559305,0.9790860123
1427,1427,1427.0,1427.0,1427.0,1427.0,1427.0,1427.0,1427.0,1427.0,1427.0,1427.0,1427.0,1427.0,1427.0,1427.0,1427.0,1427.0,1427.0,1427.0,1427.0,1427.0,1427.0,1427.0,1427.0,1427.0,1427.0,1427.0,1427.0,1427.0,7.0,,,,,0.7,-0.3376231772,0.5549117111,-19.987048425462348,1.6561626125,0.2626445249,0.7835861946,0.9790860123
1428,1428,1428.0,1428.0,1428.0,1428.0,1428.0,1428.0,1428.0,1428.0,1428.0,1428.0,1428.0,1428.0,1428.0,1428.0,1428.0,1428.0,1428.0,1428.0,1428.0,1428.0,1428.0,1428.0,1428.0,1428.0,1428.0,1428.0,1428.0,1428.0,8.0,,,,,0.8,-0.3815019518,-1.3999143568,19.35350356813116,1.9188071374,0.2529368985000002,0.5209416697,0.9790860123
1429,1429,1429.0,1429.0,1429.0,1429.0,1429.0,1429.0,1429.0,1429.0,1429.0,1429.0,1429.0,1429.0,1429.0,1429.0,1429.0,1429.0,1429.0,1429.0,1429.0,1429.0,1429.0,1429.0,1429.0,1429.0,1429.0,1429.0,1429.0,1429.0,9.0,,,,,0.9,-0.4211006067,0.5750346549,-20.008927151952065,2.1717440359,0.2680047711999997,0.2680047711999997,0.9790860123
1430,1430,1430.0,1430.0,1430.0,1430.0,1430.0,1430.0,1430.0,1430.0,1430.0,1430.0,1430.0,1430.0,1430.0,1430.0,1430.0,1430.0,1430.0,1430.0,1430.0,1430.0,1430.0,1430.0,1430.0,1430.0,1430.0,1430.0,1430.0,1430.0,0.0,,,,,0.0,0.0,-1.0,13.902946419502898,0.0,0.1212684153,2.4632671955,1.0371599612
1431,1431,1431.0,1431.0,1431.0,1431.0,1431.0,1431.0,1431.0,1431.0,1431.0,1431.0,1431.0,1431.0,1431.0,1431.0,1431.0,1431.0,1431.0,1431.0,1431.0,1431.0,1431.0,1431.0,1431.0,1431.0,1431.0,1431.0,1431.0,1431.0,1.0,,,,,0.1,-0.0279082186,0.4182028605,-19.94502293119705,0.1212684153,0.2625151571,2.3419987802,1.0371599612
1432,1432,1432.0,1432.0,1432.0,1432.0,1432.0,1432.0,1432.0,1432.0,1432.0,1432.0,1432.0,1432.0,1432.0,1432.0,1432.0,1432.0,1432.0,1432.0,1432.0,1432.0,1432.0,1432.0,1432.0,1432.0,1432.0,1432.0,1432.0,1432.0,2.0,,,,,0.2,-0.0845933651,-1.519614286,19.045831412483302,0.3837835724,0.2424681688,2.0794836231,1.0371599612
1433,1433,1433.0,1433.0,1433.0,1433.0,1433.0,1433.0,1433.0,1433.0,1433.0,1433.0,1433.0,1433.0,1433.0,1433.0,1433.0,1433.0,1433.0,1433.0,1433.0,1433.0,1433.0,1433.0,1433.0,1433.0,1433.0,1433.0,1433.0,1433.0,3.0,,,,,0.3,-0.1370711386,0.4374466286,-20.184340599458405,0.6262517412,0.2694099713,1.8370154543,1.0371599612
1434,1434,1434.0,1434.0,1434.0,1434.0,1434.0,1434.0,1434.0,1434.0,1434.0,1434.0,1434.0,1434.0,1434.0,1434.0,1434.0,1434.0,1434.0,1434.0,1434.0,1434.0,1434.0,1434.0,1434.0,1434.0,1434.0,1434.0,1434.0,1434.0,4.0,,,,,0.4,-0.1930826363,-1.5249759335,20.144632502099945,0.8956617125,0.2665670001999999,1.567605483,1.0371599612
1435,1435,1435.0,1435.0,1435.0,1435.0,1435.0,1435.0,1435.0,1435.0,1435.0,1435.0,1435.0,1435.0,1435.0,1435.0,1435.0,1435.0,1435.0,1435.0,1435.0,1435.0,1435.0,1435.0,1435.0,1435.0,1435.0,1435.0,1435.0,1435.0,5.0,,,,,0.5,-0.2407552809,0.5371599612,-20.08203789357562,1.1622287127,0.2610578982,1.3010384828,1.0371599612
1436,1436,1436.0,1436.0,1436.0,1436.0,1436.0,1436.0,1436.0,1436.0,1436.0,1436.0,1436.0,1436.0,1436.0,1436.0,1436.0,1436.0,1436.0,1436.0,1436.0,1436.0,1436.0,1436.0,1436.0,1436.0,1436.0,1436.0,1436.0,1436.0,6.0,,,,,0.6,-0.2867828821,-1.4250162269,19.50239044017505,1.4232866109,0.250765879,1.0399805846,1.0371599612
1437,1437,1437.0,1437.0,1437.0,1437.0,1437.0,1437.0,1437.0,1437.0,1437.0,1437.0,1437.0,1437.0,1437.0,1437.0,1437.0,1437.0,1437.0,1437.0,1437.0,1437.0,1437.0,1437.0,1437.0,1437.0,1437.0,1437.0,1437.0,1437.0,7.0,,,,,0.7,-0.3280498971,0.5664898321,-20.12682106388901,1.6740524899,0.2648768418,0.7892147055999998,1.0371599612
1438,1438,1438.0,1438.0,1438.0,1438.0,1438.0,1438.0,1438.0,1438.0,1438.0,1438.0,1438.0,1438.0,1438.0,1438.0,1438.0,1438.0,1438.0,1438.0,1438.0,1438.0,1438.0,1438.0,1438.0,1438.0,1438.0,1438.0,1438.0,1438.0,8.0,,,,,0.8,-0.371503002,-1.4027391694,19.69581787094108,1.9389293317,0.2587707003000001,0.5243378637999998,1.0371599612
1439,1439,1439.0,1439.0,1439.0,1439.0,1439.0,1439.0,1439.0,1439.0,1439.0,1439.0,1439.0,1439.0,1439.0,1439.0,1439.0,1439.0,1439.0,1439.0,1439.0,1439.0,1439.0,1439.0,1439.0,1439.0,1439.0,1439.0,1439.0,1439.0,9.0,,,,,0.9,-0.4097145727,0.6050541884,-20.04101967303988,2.197700032,0.2655671634999996,0.2655671634999996,1.0371599612
1440,1440,1440.0,1440.0,1440.0,1440.0,1440.0,1440.0,1440.0,1440.0,1440.0,1440.0,1440.0,1440.0,1440.0,1440.0,1440.0,1440.0,1440.0,1440.0,1440.0,1440.0,1440.0,1440.0,1440.0,1440.0,1440.0,1440.0,1440.0,0.0,,,,,,0.0,0.0,-1.0,3.3431319073815806,0.0,0.0696428366,0.4636058485999999,-2.5
1441,1441,1441.0,1441.0,1441.0,1441.0,1441.0,1441.0,1441.0,1441.0,1441.0,1441.0,1441.0,1441.0,1441.0,1441.0,1441.0,1441.0,1441.0,1441.0,1441.0,1441.0,1441.0,1441.0,1441.0,1441.0,1441.0,1441.0,1441.0,1.0,,,,,,0.1,-0.0789904535,-0.5866963558,-0.8958400740044028,0.0696428366,0.0378216977,0.3939630119999999,-1.3666963558000005
1442,1442,1442.0,1442.0,1442.0,1442.0,1442.0,1442.0,1442.0,1442.0,1442.0,1442.0,1442.0,1442.0,1442.0,1442.0,1442.0,1442.0,1442.0,1442.0,1442.0,1442.0,1442.0,1442.0,1442.0,1442.0,1442.0,1442.0,1442.0,2.0,,,,,,0.2,-0.1391554001,-0.6161154166,-0.3422442149110145,0.1074645343,0.0393131757,0.3561413142999999,-0.8361154166
1443,1443,1443.0,1443.0,1443.0,1443.0,1443.0,1443.0,1443.0,1443.0,1443.0,1443.0,1443.0,1443.0,1443.0,1443.0,1443.0,1443.0,1443.0,1443.0,1443.0,1443.0,1443.0,1443.0,1443.0,1443.0,1443.0,1443.0,1443.0,3.0,,,,,,0.3,-0.1994421609,-0.5900530772,-0.53760040241276,0.14677771,0.0399289797,0.3168281385999999,-0.4100530772
1444,1444,1444.0,1444.0,1444.0,1444.0,1444.0,1444.0,1444.0,1444.0,1444.0,1444.0,1444.0,1444.0,1444.0,1444.0,1444.0,1444.0,1444.0,1444.0,1444.0,1444.0,1444.0,1444.0,1444.0,1444.0,1444.0,1444.0,1444.0,4.0,,,,,,0.4,-0.2581937568,-0.5850615216,-0.4747528748135116,0.1867066897,0.0420020545,0.2768991588999999,-0.1650615215999999
1445,1445,1445.0,1445.0,1445.0,1445.0,1445.0,1445.0,1445.0,1445.0,1445.0,1445.0,1445.0,1445.0,1445.0,1445.0,1445.0,1445.0,1445.0,1445.0,1445.0,1445.0,1445.0,1445.0,1445.0,1445.0,1445.0,1445.0,1445.0,5.0,,,,,,0.5,-0.3161662998,-0.5745642661,-0.609296025749464,0.2287087442,0.0453183413999999,0.2348971043999999,-0.0745642661
1446,1446,1446.0,1446.0,1446.0,1446.0,1446.0,1446.0,1446.0,1446.0,1446.0,1446.0,1446.0,1446.0,1446.0,1446.0,1446.0,1446.0,1446.0,1446.0,1446.0,1446.0,1446.0,1446.0,1446.0,1446.0,1446.0,1446.0,1446.0,6.0,,,,,,0.6,-0.3737907369,-0.5778694315,-0.1083920701648883,0.2740270856,0.047022391,0.1895787629999999,-0.1578694315
1447,1447,1447.0,1447.0,1447.0,1447.0,1447.0,1447.0,1447.0,1447.0,1447.0,1447.0,1447.0,1447.0,1447.0,1447.0,1447.0,1447.0,1447.0,1447.0,1447.0,1447.0,1447.0,1447.0,1447.0,1447.0,1447.0,1447.0,1447.0,7.0,,,,,,0.7,-0.4293066566,-0.5331927189,0.0125556125023602,0.3210494766,0.0464378389,0.142556372,-0.3531927188999998
1448,1448,1448.0,1448.0,1448.0,1448.0,1448.0,1448.0,1448.0,1448.0,1448.0,1448.0,1448.0,1448.0,1448.0,1448.0,1448.0,1448.0,1448.0,1448.0,1448.0,1448.0,1448.0,1448.0,1448.0,1448.0,1448.0,1448.0,1448.0,8.0,,,,,,0.8,-0.4799860561,-0.4812577581,-0.1893829369593726,0.3674873155,0.0472235399999999,0.0961185330999999,-0.7012577581000001
1449,1449,1449.0,1449.0,1449.0,1449.0,1449.0,1449.0,1449.0,1449.0,1449.0,1449.0,1449.0,1449.0,1449.0,1449.0,1449.0,1449.0,1449.0,1449.0,1449.0,1449.0,1449.0,1449.0,1449.0,1449.0,1449.0,1449.0,1449.0,9.0,,,,,,0.9,-0.5267000999,-0.453482008,-0.0324723428876721,0.4147108555,0.0488949931,0.0488949931,-1.2334820080000002
1450,1450,1450.0,1450.0,1450.0,1450.0,1450.0,1450.0,1450.0,1450.0,1450.0,1450.0,1450.0,1450.0,1450.0,1450.0,1450.0,1450.0,1450.0,1450.0,1450.0,1450.0,1450.0,1450.0,1450.0,1450.0,1450.0,1450.0,1450.0,0.0,,,,,,0.0,0.0,-1.0,3.476405777446425,0.0,0.069168915,0.464435617,-2.5
1451,1451,1451.0,1451.0,1451.0,1451.0,1451.0,1451.0,1451.0,1451.0,1451.0,1451.0,1451.0,1451.0,1451.0,1451.0,1451.0,1451.0,1451.0,1451.0,1451.0,1451.0,1451.0,1451.0,1451.0,1451.0,1451.0,1451.0,1451.0,1.0,,,,,,0.1,-0.078345752,-0.5740136702,-1.0646725335156988,0.069168915,0.0375082269,0.395266702,-1.3540136702000003
1452,1452,1452.0,1452.0,1452.0,1452.0,1452.0,1452.0,1452.0,1452.0,1452.0,1452.0,1452.0,1452.0,1452.0,1452.0,1452.0,1452.0,1452.0,1452.0,1452.0,1452.0,1452.0,1452.0,1452.0,1452.0,1452.0,1452.0,1452.0,2.0,,,,,,0.2,-0.1381206916,-0.620705984,-0.3993519108405419,0.1066771419,0.0401735176,0.3577584751,-0.840705984
1453,1453,1453.0,1453.0,1453.0,1453.0,1453.0,1453.0,1453.0,1453.0,1453.0,1453.0,1453.0,1453.0,1453.0,1453.0,1453.0,1453.0,1453.0,1453.0,1453.0,1453.0,1453.0,1453.0,1453.0,1453.0,1453.0,1453.0,1453.0,3.0,,,,,,0.3,-0.1991205241,-0.5996413426,-0.6238531552619151,0.1468506595,0.0415732184999999,0.3175849575,-0.4196413426000001
1454,1454,1454.0,1454.0,1454.0,1454.0,1454.0,1454.0,1454.0,1454.0,1454.0,1454.0,1454.0,1454.0,1454.0,1454.0,1454.0,1454.0,1454.0,1454.0,1454.0,1454.0,1454.0,1454.0,1454.0,1454.0,1454.0,1454.0,1454.0,4.0,,,,,,0.4,-0.2592017708,-0.6019454114,0.1843006054606974,0.188423878,0.0401851627,0.276011739,-0.1819454113999999
1455,1455,1455.0,1455.0,1455.0,1455.0,1455.0,1455.0,1455.0,1455.0,1455.0,1455.0,1455.0,1455.0,1455.0,1455.0,1455.0,1455.0,1455.0,1455.0,1455.0,1455.0,1455.0,1455.0,1455.0,1455.0,1455.0,1455.0,1455.0,5.0,,,,,,0.5,-0.3155929069,-0.5271242147,-0.954441020435568,0.2286090407,0.042242878,0.2358265763,-0.0271242147
1456,1456,1456.0,1456.0,1456.0,1456.0,1456.0,1456.0,1456.0,1456.0,1456.0,1456.0,1456.0,1456.0,1456.0,1456.0,1456.0,1456.0,1456.0,1456.0,1456.0,1456.0,1456.0,1456.0,1456.0,1456.0,1456.0,1456.0,1456.0,6.0,,,,,,0.6,-0.3703723801,-0.5677888436,-0.6154642445034724,0.2708519187,0.0486249108999999,0.1935836983,-0.1477888436
1457,1457,1457.0,1457.0,1457.0,1457.0,1457.0,1457.0,1457.0,1457.0,1457.0,1457.0,1457.0,1457.0,1457.0,1457.0,1457.0,1457.0,1457.0,1457.0,1457.0,1457.0,1457.0,1457.0,1457.0,1457.0,1457.0,1457.0,1457.0,7.0,,,,,,0.7,-0.4273818849,-0.5723257632,0.535831081212688,0.3194768296,0.047795191,0.1449587874,-0.3923257631999998
1458,1458,1458.0,1458.0,1458.0,1458.0,1458.0,1458.0,1458.0,1458.0,1458.0,1458.0,1458.0,1458.0,1458.0,1458.0,1458.0,1458.0,1458.0,1458.0,1458.0,1458.0,1458.0,1458.0,1458.0,1458.0,1458.0,1458.0,1458.0,8.0,,,,,,0.8,-0.4792539273,-0.4668706128,-0.6141049818314143,0.3672720206,0.0479608309999999,0.0971635964,-0.6868706128000002
1459,1459,1459.0,1459.0,1459.0,1459.0,1459.0,1459.0,1459.0,1459.0,1459.0,1459.0,1459.0,1459.0,1459.0,1459.0,1459.0,1459.0,1459.0,1459.0,1459.0,1459.0,1459.0,1459.0,1459.0,1459.0,1459.0,1459.0,1459.0,9.0,,,,,,0.9,-0.5266530965,-0.4808819417,0.4861946802934917,0.4152328516,0.0492027654,0.0492027654,-1.2608819417
1460,1460,1460.0,1460.0,1460.0,1460.0,1460.0,1460.0,1460.0,1460.0,1460.0,1460.0,1460.0,1460.0,1460.0,1460.0,1460.0,1460.0,1460.0,1460.0,1460.0,1460.0,1460.0,1460.0,1460.0,1460.0,1460.0,1460.0,1460.0,0.0,,,,,,0.0,0.0,-1.0,3.682633001003356,0.0,0.0684922831,0.4584526202,-2.5
1461,1461,1461.0,1461.0,1461.0,1461.0,1461.0,1461.0,1461.0,1461.0,1461.0,1461.0,1461.0,1461.0,1461.0,1461.0,1461.0,1461.0,1461.0,1461.0,1461.0,1461.0,1461.0,1461.0,1461.0,1461.0,1461.0,1461.0,1461.0,1.0,,,,,,0.1,-0.0773481447,-0.5543885552,-1.1837953446433924,0.0684922831,0.0360879324,0.3899603371,-1.3343885552000003
1462,1462,1462.0,1462.0,1462.0,1462.0,1462.0,1462.0,1462.0,1462.0,1462.0,1462.0,1462.0,1462.0,1462.0,1462.0,1462.0,1462.0,1462.0,1462.0,1462.0,1462.0,1462.0,1462.0,1462.0,1462.0,1462.0,1462.0,1462.0,2.0,,,,,,0.2,-0.1358317147,-0.6142845196,-0.5827409425730078,0.1045802155,0.0405206024,0.3538724047,-0.8342845195999999
1463,1463,1463.0,1463.0,1463.0,1463.0,1463.0,1463.0,1463.0,1463.0,1463.0,1463.0,1463.0,1463.0,1463.0,1463.0,1463.0,1463.0,1463.0,1463.0,1463.0,1463.0,1463.0,1463.0,1463.0,1463.0,1463.0,1463.0,1463.0,3.0,,,,,,0.3,-0.1971075796,-0.6112827491,-0.4767097240752815,0.1451008179,0.0418943437999999,0.3133518023,-0.4312827491000001
1464,1464,1464.0,1464.0,1464.0,1464.0,1464.0,1464.0,1464.0,1464.0,1464.0,1464.0,1464.0,1464.0,1464.0,1464.0,1464.0,1464.0,1464.0,1464.0,1464.0,1464.0,1464.0,1464.0,1464.0,1464.0,1464.0,1464.0,1464.0,4.0,,,,,,0.4,-0.2575849197,-0.5984763813,-0.5345677584317815,0.1869951617,0.0438820746,0.2714574585,-0.1784763813
1465,1465,1465.0,1465.0,1465.0,1465.0,1465.0,1465.0,1465.0,1465.0,1465.0,1465.0,1465.0,1465.0,1465.0,1465.0,1465.0,1465.0,1465.0,1465.0,1465.0,1465.0,1465.0,1465.0,1465.0,1465.0,1465.0,1465.0,1465.0,5.0,,,,,,0.5,-0.3171234718,-0.5923946051,-0.0968976755389957,0.2308772363,0.0443281131,0.2275753838999999,-0.0923946050999999
1466,1466,1466.0,1466.0,1466.0,1466.0,1466.0,1466.0,1466.0,1466.0,1466.0,1466.0,1466.0,1466.0,1466.0,1466.0,1466.0,1466.0,1466.0,1466.0,1466.0,1466.0,1466.0,1466.0,1466.0,1466.0,1466.0,1466.0,1466.0,6.0,,,,,,0.6,-0.3739660163,-0.5452418281,-0.3689380486416253,0.2752053494,0.0449760492999999,0.1832472707999999,-0.1252418280999999
1467,1467,1467.0,1467.0,1467.0,1467.0,1467.0,1467.0,1467.0,1467.0,1467.0,1467.0,1467.0,1467.0,1467.0,1467.0,1467.0,1467.0,1467.0,1467.0,1467.0,1467.0,1467.0,1467.0,1467.0,1467.0,1467.0,1467.0,1467.0,7.0,,,,,,0.7,-0.4276373707,-0.5284642786,0.0018733767354249,0.3201813987,0.0458632357,0.1382712214999999,-0.3484642785999998
1468,1468,1468.0,1468.0,1468.0,1468.0,1468.0,1468.0,1468.0,1468.0,1468.0,1468.0,1468.0,1468.0,1468.0,1468.0,1468.0,1468.0,1468.0,1468.0,1468.0,1468.0,1468.0,1468.0,1468.0,1468.0,1468.0,1468.0,1468.0,8.0,,,,,,0.8,-0.4779184745,-0.4779958371,0.1761934834652274,0.3660446344,0.0450629607999999,0.0924079857999999,-0.6979958371000001
1469,1469,1469.0,1469.0,1469.0,1469.0,1469.0,1469.0,1469.0,1469.0,1469.0,1469.0,1469.0,1469.0,1469.0,1469.0,1469.0,1469.0,1469.0,1469.0,1469.0,1469.0,1469.0,1469.0,1469.0,1469.0,1469.0,1469.0,1469.0,9.0,,,,,,0.9,-0.5225536098,-0.4157413535,-0.5089651018550376,0.4111075952,0.0473450249999999,0.0473450249999999,-1.1957413535000003
1470,1470,1470.0,1470.0,1470.0,1470.0,1470.0,1470.0,1470.0,1470.0,1470.0,1470.0,1470.0,1470.0,1470.0,1470.0,1470.0,1470.0,1470.0,1470.0,1470.0,1470.0,1470.0,1470.0,1470.0,1470.0,1470.0,1470.0,1470.0,0.0,,,,,,0.0,0.0,-1.0,3.315017528065022,0.0,0.0697464862,0.4700342178,-2.5
1471,1471,1471.0,1471.0,1471.0,1471.0,1471.0,1471.0,1471.0,1471.0,1471.0,1471.0,1471.0,1471.0,1471.0,1471.0,1471.0,1471.0,1471.0,1471.0,1471.0,1471.0,1471.0,1471.0,1471.0,1471.0,1471.0,1471.0,1471.0,1.0,,,,,,0.1,-0.0791264545,-0.5893717927,-1.062634947005681,0.0697464862,0.0392958122,0.4002877316,-1.3693717927000002
1472,1472,1472.0,1472.0,1472.0,1472.0,1472.0,1472.0,1472.0,1472.0,1472.0,1472.0,1472.0,1472.0,1472.0,1472.0,1472.0,1472.0,1472.0,1472.0,1472.0,1472.0,1472.0,1472.0,1472.0,1472.0,1472.0,1472.0,1472.0,2.0,,,,,,0.2,-0.1403530516,-0.6344086903,-0.1700260452682502,0.1090422984,0.0404448563,0.3609919193999999,-0.8544086903
1473,1473,1473.0,1473.0,1473.0,1473.0,1473.0,1473.0,1473.0,1473.0,1473.0,1473.0,1473.0,1473.0,1473.0,1473.0,1473.0,1473.0,1473.0,1473.0,1473.0,1473.0,1473.0,1473.0,1473.0,1473.0,1473.0,1473.0,1473.0,3.0,,,,,,0.3,-0.2015475849,-0.5902167616,-0.6800254267452536,0.1494871547,0.0409574577999999,0.3205470631,-0.4102167616000001
1474,1474,1474.0,1474.0,1474.0,1474.0,1474.0,1474.0,1474.0,1474.0,1474.0,1474.0,1474.0,1474.0,1474.0,1474.0,1474.0,1474.0,1474.0,1474.0,1474.0,1474.0,1474.0,1474.0,1474.0,1474.0,1474.0,1474.0,1474.0,4.0,,,,,,0.4,-0.2610036615,-0.5987632276,-0.4077256679528124,0.1904446125,0.0433150961,0.2795896053,-0.1787632275999999
1475,1475,1475.0,1475.0,1475.0,1475.0,1475.0,1475.0,1475.0,1475.0,1475.0,1475.0,1475.0,1475.0,1475.0,1475.0,1475.0,1475.0,1475.0,1475.0,1475.0,1475.0,1475.0,1475.0,1475.0,1475.0,1475.0,1475.0,1475.0,5.0,,,,,,0.5,-0.3199558553,-0.5805836006,-0.3875156532999641,0.2337597086,0.0448942651,0.2362745091999999,-0.0805836006
1476,1476,1476.0,1476.0,1476.0,1476.0,1476.0,1476.0,1476.0,1476.0,1476.0,1476.0,1476.0,1476.0,1476.0,1476.0,1476.0,1476.0,1476.0,1476.0,1476.0,1476.0,1476.0,1476.0,1476.0,1476.0,1476.0,1476.0,1476.0,6.0,,,,,,0.6,-0.3770802726,-0.5622107486,-0.5877213160405224,0.2786539737,0.0483676794999999,0.1913802440999999,-0.1422107485999999
1477,1477,1477.0,1477.0,1477.0,1477.0,1477.0,1477.0,1477.0,1477.0,1477.0,1477.0,1477.0,1477.0,1477.0,1477.0,1477.0,1477.0,1477.0,1477.0,1477.0,1477.0,1477.0,1477.0,1477.0,1477.0,1477.0,1477.0,1477.0,7.0,,,,,,0.7,-0.4334247495,-0.5646384034,0.4189376962877537,0.3270216532,0.0480834719,0.1430125646,-0.3846384033999999
1478,1478,1478.0,1478.0,1478.0,1478.0,1478.0,1478.0,1478.0,1478.0,1478.0,1478.0,1478.0,1478.0,1478.0,1478.0,1478.0,1478.0,1478.0,1478.0,1478.0,1478.0,1478.0,1478.0,1478.0,1478.0,1478.0,1478.0,1478.0,8.0,,,,,,0.8,-0.4851307172,-0.471038666,-0.1737342979476962,0.3751051251,0.0467197823,0.0949290927,-0.6910386660000002
1479,1479,1479.0,1479.0,1479.0,1479.0,1479.0,1479.0,1479.0,1479.0,1479.0,1479.0,1479.0,1479.0,1479.0,1479.0,1479.0,1479.0,1479.0,1479.0,1479.0,1479.0,1479.0,1479.0,1479.0,1479.0,1479.0,1479.0,1479.0,9.0,,,,,,0.9,-0.5307966048,-0.4427462082,0.0159267241941891,0.4218249074,0.0482093103999999,0.0482093103999999,-1.2227462082000002
1480,1480,1480.0,1480.0,1480.0,1480.0,1480.0,1480.0,1480.0,1480.0,1480.0,1480.0,1480.0,1480.0,1480.0,1480.0,1480.0,1480.0,1480.0,1480.0,1480.0,1480.0,1480.0,1480.0,1480.0,1480.0,1480.0,1480.0,1480.0,0.0,,,,,,0.0,0.0,-1.0,3.656467365652041,0.0,0.0685743173,0.4460858852,-2.5
1481,1481,1481.0,1481.0,1481.0,1481.0,1481.0,1481.0,1481.0,1481.0,1481.0,1481.0,1481.0,1481.0,1481.0,1481.0,1481.0,1481.0,1481.0,1481.0,1481.0,1481.0,1481.0,1481.0,1481.0,1481.0,1481.0,1481.0,1481.0,1.0,,,,,,0.1,-0.0774747189,-0.5568785446,-0.9046334971700642,0.0685743173,0.0344802543999999,0.3775115678999999,-1.3368785446000002
1482,1482,1482.0,1482.0,1482.0,1482.0,1482.0,1482.0,1482.0,1482.0,1482.0,1482.0,1482.0,1482.0,1482.0,1482.0,1482.0,1482.0,1482.0,1482.0,1482.0,1482.0,1482.0,1482.0,1482.0,1482.0,1482.0,1482.0,1482.0,2.0,,,,,,0.2,-0.1348448443,-0.5899717688,-0.308370404902707,0.1030545717,0.0359851668,0.3430313135,-0.8099717688
1483,1483,1483.0,1483.0,1483.0,1483.0,1483.0,1483.0,1483.0,1483.0,1483.0,1483.0,1483.0,1483.0,1483.0,1483.0,1483.0,1483.0,1483.0,1483.0,1483.0,1483.0,1483.0,1483.0,1483.0,1483.0,1483.0,1483.0,1483.0,3.0,,,,,,0.3,-0.1924798516,-0.5631738021,-0.8711888360073525,0.1390397385,0.0387219905,0.3070461466999999,-0.3831738021
1484,1484,1484.0,1484.0,1484.0,1484.0,1484.0,1484.0,1484.0,1484.0,1484.0,1484.0,1484.0,1484.0,1484.0,1484.0,1484.0,1484.0,1484.0,1484.0,1484.0,1484.0,1484.0,1484.0,1484.0,1484.0,1484.0,1484.0,1484.0,4.0,,,,,,0.4,-0.2502870863,-0.592485451,-0.3349134863589255,0.177761729,0.0415436781999999,0.2683241561999999,-0.172485451
1485,1485,1485.0,1485.0,1485.0,1485.0,1485.0,1485.0,1485.0,1485.0,1485.0,1485.0,1485.0,1485.0,1485.0,1485.0,1485.0,1485.0,1485.0,1485.0,1485.0,1485.0,1485.0,1485.0,1485.0,1485.0,1485.0,1485.0,1485.0,5.0,,,,,,0.5,-0.3082896451,-0.5679742408,-0.3221932611564277,0.2193054072,0.0423142868,0.2267804779999999,-0.0679742408
1486,1486,1486.0,1486.0,1486.0,1486.0,1486.0,1486.0,1486.0,1486.0,1486.0,1486.0,1486.0,1486.0,1486.0,1486.0,1486.0,1486.0,1486.0,1486.0,1486.0,1486.0,1486.0,1486.0,1486.0,1486.0,1486.0,1486.0,1486.0,6.0,,,,,,0.6,-0.363898131,-0.544585081,-0.4398097438484546,0.261619694,0.0445144766999999,0.1844661911999999,-0.1245850809999999
1487,1487,1487.0,1487.0,1487.0,1487.0,1487.0,1487.0,1487.0,1487.0,1487.0,1487.0,1487.0,1487.0,1487.0,1487.0,1487.0,1487.0,1487.0,1487.0,1487.0,1487.0,1487.0,1487.0,1487.0,1487.0,1487.0,1487.0,1487.0,7.0,,,,,,0.7,-0.4178498105,-0.5346143759,-0.1874344378484343,0.3061341707,0.0465779822999999,0.1399517145,-0.3546143758999999
1488,1488,1488.0,1488.0,1488.0,1488.0,1488.0,1488.0,1488.0,1488.0,1488.0,1488.0,1488.0,1488.0,1488.0,1488.0,1488.0,1488.0,1488.0,1488.0,1488.0,1488.0,1488.0,1488.0,1488.0,1488.0,1488.0,1488.0,1488.0,8.0,,,,,,0.8,-0.4696318802,-0.50157575,0.1552262526183755,0.352712153,0.046503213,0.0933737322,-0.7215757500000002
1489,1489,1489.0,1489.0,1489.0,1489.0,1489.0,1489.0,1489.0,1489.0,1489.0,1489.0,1489.0,1489.0,1489.0,1489.0,1489.0,1489.0,1489.0,1489.0,1489.0,1489.0,1489.0,1489.0,1489.0,1489.0,1489.0,1489.0,1489.0,9.0,,,,,,0.9,-0.5166124049,-0.4390726,-0.1070574402897943,0.399215366,0.0468705191999999,0.0468705191999999,-1.2190726000000005
1490,1490,1490.0,1490.0,1490.0,1490.0,1490.0,1490.0,1490.0,1490.0,1490.0,1490.0,1490.0,1490.0,1490.0,1490.0,1490.0,1490.0,1490.0,1490.0,1490.0,1490.0,1490.0,1490.0,1490.0,1490.0,1490.0,1490.0,1490.0,0.0,,,,,,0.0,0.0,-1.0,3.536617847678558,0.0,0.0689642368,0.4677651073,-2.5
1491,1491,1491.0,1491.0,1491.0,1491.0,1491.0,1491.0,1491.0,1491.0,1491.0,1491.0,1491.0,1491.0,1491.0,1491.0,1491.0,1491.0,1491.0,1491.0,1491.0,1491.0,1491.0,1491.0,1491.0,1491.0,1491.0,1491.0,1491.0,1.0,,,,,,0.1,-0.078054481,-0.5682837342,-0.9496011425831336,0.0689642368,0.036062562,0.3988008705,-1.3482837342000005
1492,1492,1492.0,1492.0,1492.0,1492.0,1492.0,1492.0,1492.0,1492.0,1492.0,1492.0,1492.0,1492.0,1492.0,1492.0,1492.0,1492.0,1492.0,1492.0,1492.0,1492.0,1492.0,1492.0,1492.0,1492.0,1492.0,1492.0,1492.0,2.0,,,,,,0.2,-0.1367274605,-0.604570869,-0.5150803589143341,0.1050267988,0.0389749730999999,0.3627383085,-0.824570869
1493,1493,1493.0,1493.0,1493.0,1493.0,1493.0,1493.0,1493.0,1493.0,1493.0,1493.0,1493.0,1493.0,1493.0,1493.0,1493.0,1493.0,1493.0,1493.0,1493.0,1493.0,1493.0,1493.0,1493.0,1493.0,1493.0,1493.0,1493.0,3.0,,,,,,0.3,-0.196751652,-0.5960547134,-0.599279369355681,0.1440017719,0.0408891545,0.3237633354,-0.4160547134000001
1494,1494,1494.0,1494.0,1494.0,1494.0,1494.0,1494.0,1494.0,1494.0,1494.0,1494.0,1494.0,1494.0,1494.0,1494.0,1494.0,1494.0,1494.0,1494.0,1494.0,1494.0,1494.0,1494.0,1494.0,1494.0,1494.0,1494.0,1494.0,4.0,,,,,,0.4,-0.256372721,-0.5963615813,-0.5125287859079624,0.1848909264,0.0434273666,0.2828741809,-0.1763615813
1495,1495,1495.0,1495.0,1495.0,1495.0,1495.0,1495.0,1495.0,1495.0,1495.0,1495.0,1495.0,1495.0,1495.0,1495.0,1495.0,1495.0,1495.0,1495.0,1495.0,1495.0,1495.0,1495.0,1495.0,1495.0,1495.0,1495.0,1495.0,5.0,,,,,,0.5,-0.3156034306,-0.5883837503,-0.6340325735468416,0.228318293,0.0470193683999999,0.2394468142999999,-0.0883837503
1496,1496,1496.0,1496.0,1496.0,1496.0,1496.0,1496.0,1496.0,1496.0,1496.0,1496.0,1496.0,1496.0,1496.0,1496.0,1496.0,1496.0,1496.0,1496.0,1496.0,1496.0,1496.0,1496.0,1496.0,1496.0,1496.0,1496.0,1496.0,6.0,,,,,,0.6,-0.374662627,-0.5927278113,-0.1877605421960692,0.2753376614,0.0491986809,0.1924274459,-0.1727278112999999
1497,1497,1497.0,1497.0,1497.0,1497.0,1497.0,1497.0,1497.0,1497.0,1497.0,1497.0,1497.0,1497.0,1497.0,1497.0,1497.0,1497.0,1497.0,1497.0,1497.0,1497.0,1497.0,1497.0,1497.0,1497.0,1497.0,1497.0,1497.0,7.0,,,,,,0.7,-0.43197644,-0.5541900525,0.1604087561591192,0.3245363423,0.0480993238999999,0.1432287649999999,-0.3741900524999998
1498,1498,1498.0,1498.0,1498.0,1498.0,1498.0,1498.0,1498.0,1498.0,1498.0,1498.0,1498.0,1498.0,1498.0,1498.0,1498.0,1498.0,1498.0,1498.0,1498.0,1498.0,1498.0,1498.0,1498.0,1498.0,1498.0,1498.0,1498.0,8.0,,,,,,0.8,-0.4839387626,-0.4861868542,0.0008428074018282,0.3726356662,0.0471897311,0.0951294410999999,-0.7061868542000003
1499,1499,1499.0,1499.0,1499.0,1499.0,1499.0,1499.0,1499.0,1499.0,1499.0,1499.0,1499.0,1499.0,1499.0,1499.0,1499.0,1499.0,1499.0,1499.0,1499.0,1499.0,1499.0,1499.0,1499.0,1499.0,1499.0,1499.0,1499.0,9.0,,,,,,0.9,-0.5302016916,-0.4398396446,0.0053559106868651,0.4198253973,0.0479397099999999,0.0479397099999999,-1.2198396446000004
1500,1500,1500.0,1500.0,1500.0,1500.0,1500.0,1500.0,1500.0,1500.0,1500.0,1500.0,1500.0,1500.0,1500.0,1500.0,1500.0,1500.0,1500.0,1500.0,1500.0,1500.0,1500.0,1500.0,1500.0,1500.0,1500.0,1500.0,0.0,,,,,,,0.0,0.0,-1.0,12.645956359548697,0.0,0.1056522084,1.1379062685,0.5890566798999999
1501,1501,1501.0,1501.0,1501.0,1501.0,1501.0,1501.0,1501.0,1501.0,1501.0,1501.0,1501.0,1501.0,1501.0,1501.0,1501.0,1501.0,1501.0,1501.0,1501.0,1501.0,1501.0,1501.0,1501.0,1501.0,1501.0,1501.0,1.0,,,,,,,0.1,-0.0339888051,0.298584441,-19.839956482690862,0.1056522084,0.2733681964,1.0322540601,0.5890566798999999
1502,1502,1502.0,1502.0,1502.0,1502.0,1502.0,1502.0,1502.0,1502.0,1502.0,1502.0,1502.0,1502.0,1502.0,1502.0,1502.0,1502.0,1502.0,1502.0,1502.0,1502.0,1502.0,1502.0,1502.0,1502.0,1502.0,1502.0,2.0,,,,,,,0.2,-0.1015489036,-1.6178511087,19.68156872328978,0.3790204048,0.2646491615999999,0.7588858637000001,0.5890566798999999
1503,1503,1503.0,1503.0,1503.0,1503.0,1503.0,1503.0,1503.0,1503.0,1503.0,1503.0,1503.0,1503.0,1503.0,1503.0,1503.0,1503.0,1503.0,1503.0,1503.0,1503.0,1503.0,1503.0,1503.0,1503.0,1503.0,1503.0,3.0,,,,,,,0.3,-0.1602998199,0.4090566799,-19.934260421202648,0.6436695664,0.2660046124,0.4942367021000001,0.5890566798999999
1504,1504,1504.0,1504.0,1504.0,1504.0,1504.0,1504.0,1504.0,1504.0,1504.0,1504.0,1504.0,1504.0,1504.0,1504.0,1504.0,1504.0,1504.0,1504.0,1504.0,1504.0,1504.0,1504.0,1504.0,1504.0,1504.0,1504.0,4.0,,,,,,,0.4,-0.2178032521,-1.52686593,14.059704548885756,0.9096741788,0.1841811027,0.2282320897,0.5890566798999999
1505,1505,1505.0,1505.0,1505.0,1505.0,1505.0,1505.0,1505.0,1505.0,1505.0,1505.0,1505.0,1505.0,1505.0,1505.0,1505.0,1505.0,1505.0,1505.0,1505.0,1505.0,1505.0,1505.0,1505.0,1505.0,1505.0,1505.0,5.0,,,,,,,0.5,-0.2950910998,-0.0436076275,0.6884009313955928,1.0938552815,0.0090505955999999,0.0440509870000001,0.5890566798999999
1506,1506,1506.0,1506.0,1506.0,1506.0,1506.0,1506.0,1506.0,1506.0,1506.0,1506.0,1506.0,1506.0,1506.0,1506.0,1506.0,1506.0,1506.0,1506.0,1506.0,1506.0,1506.0,1506.0,1506.0,1506.0,1506.0,1506.0,6.0,,,,,,,0.6,-0.2959108873,0.0260522532,-0.3559100381592671,1.1029058771,0.0087962305,0.0350003914000001,0.5890566798999999
1507,1507,1507.0,1507.0,1507.0,1507.0,1507.0,1507.0,1507.0,1507.0,1507.0,1507.0,1507.0,1507.0,1507.0,1507.0,1507.0,1507.0,1507.0,1507.0,1507.0,1507.0,1507.0,1507.0,1507.0,1507.0,1507.0,1507.0,7.0,,,,,,,0.7,-0.2951533028,-0.0102963351,0.17666607808098,1.1117021076,0.0087423881999999,0.0262041609000001,0.5890566798999999
1508,1508,1508.0,1508.0,1508.0,1508.0,1508.0,1508.0,1508.0,1508.0,1508.0,1508.0,1508.0,1508.0,1508.0,1508.0,1508.0,1508.0,1508.0,1508.0,1508.0,1508.0,1508.0,1508.0,1508.0,1508.0,1508.0,1508.0,8.0,,,,,,,0.8,-0.2952785805,0.0074955504,-0.0969270371855034,1.1204444958,0.0087129626999999,0.0174617727000001,0.5890566798999999
1509,1509,1509.0,1509.0,1509.0,1509.0,1509.0,1509.0,1509.0,1509.0,1509.0,1509.0,1509.0,1509.0,1509.0,1509.0,1509.0,1509.0,1509.0,1509.0,1509.0,1509.0,1509.0,1509.0,1509.0,1509.0,1509.0,1509.0,9.0,,,,,,,0.9,-0.2950341563,-0.0024415775,-0.1523146191503266,1.1291574585,0.0087488100000001,0.0087488100000001,0.5890566798999999
1510,1510,1510.0,1510.0,1510.0,1510.0,1510.0,1510.0,1510.0,1510.0,1510.0,1510.0,1510.0,1510.0,1510.0,1510.0,1510.0,1510.0,1510.0,1510.0,1510.0,1510.0,1510.0,1510.0,1510.0,1510.0,1510.0,1510.0,0.0,,,,,,,0.0,0.0,-1.0,12.408481837442972,0.0,0.1029893867,1.1510930667,0.5663457102999999
1511,1511,1511.0,1511.0,1511.0,1511.0,1511.0,1511.0,1511.0,1511.0,1511.0,1511.0,1511.0,1511.0,1511.0,1511.0,1511.0,1511.0,1511.0,1511.0,1511.0,1511.0,1511.0,1511.0,1511.0,1511.0,1511.0,1511.0,1.0,,,,,,,0.1,-0.0351375686,0.2759857524,-19.851510595334496,0.1029893867,0.2766204761999999,1.04810368,0.5663457102999999
1512,1512,1512.0,1512.0,1512.0,1512.0,1512.0,1512.0,1512.0,1512.0,1512.0,1512.0,1512.0,1512.0,1512.0,1512.0,1512.0,1512.0,1512.0,1512.0,1512.0,1512.0,1512.0,1512.0,1512.0,1512.0,1512.0,1512.0,2.0,,,,,,,0.2,-0.1049041082,-1.6393987676,19.64779660766704,0.3796098629,0.2667319713,0.7714832037999999,0.5663457102999999
1513,1513,1513.0,1513.0,1513.0,1513.0,1513.0,1513.0,1513.0,1513.0,1513.0,1513.0,1513.0,1513.0,1513.0,1513.0,1513.0,1513.0,1513.0,1513.0,1513.0,1513.0,1513.0,1513.0,1513.0,1513.0,1513.0,1513.0,3.0,,,,,,,0.3,-0.1658689253,0.3863457103,-19.935646884369284,0.6463418342,0.268744112,0.5047512324999999,0.5663457102999999
1514,1514,1514.0,1514.0,1514.0,1514.0,1514.0,1514.0,1514.0,1514.0,1514.0,1514.0,1514.0,1514.0,1514.0,1514.0,1514.0,1514.0,1514.0,1514.0,1514.0,1514.0,1514.0,1514.0,1514.0,1514.0,1514.0,1514.0,4.0,,,,,,,0.4,-0.2255403039,-1.5475475996,14.02710129505073,0.9150859462,0.1875094887999999,0.2360071204999998,0.5663457102999999
1515,1515,1515.0,1515.0,1515.0,1515.0,1515.0,1515.0,1515.0,1515.0,1515.0,1515.0,1515.0,1515.0,1515.0,1515.0,1515.0,1515.0,1515.0,1515.0,1515.0,1515.0,1515.0,1515.0,1515.0,1515.0,1515.0,1515.0,5.0,,,,,,,0.5,-0.3049539884,-0.0654237855,1.039710209876259,1.102595435,0.0100369788,0.0484976316999998,0.5663457102999999
1516,1516,1516.0,1516.0,1516.0,1516.0,1516.0,1516.0,1516.0,1516.0,1516.0,1516.0,1516.0,1516.0,1516.0,1516.0,1516.0,1516.0,1516.0,1516.0,1516.0,1516.0,1516.0,1516.0,1516.0,1516.0,1516.0,1516.0,6.0,,,,,,,0.6,-0.3061504429,0.0397436899,-0.5988226652028754,1.1126324138,0.0095328315999998,0.0384606528999997,0.5663457102999999
1517,1517,1517.0,1517.0,1517.0,1517.0,1517.0,1517.0,1517.0,1517.0,1517.0,1517.0,1517.0,1517.0,1517.0,1517.0,1517.0,1517.0,1517.0,1517.0,1517.0,1517.0,1517.0,1517.0,1517.0,1517.0,1517.0,1517.0,7.0,,,,,,,0.7,-0.3052650279,-0.0210239915,-0.1790366027918962,1.1221652454,0.0094988749,0.0289278212999999,0.5663457102999999
1518,1518,1518.0,1518.0,1518.0,1518.0,1518.0,1518.0,1518.0,1518.0,1518.0,1518.0,1518.0,1518.0,1518.0,1518.0,1518.0,1518.0,1518.0,1518.0,1518.0,1518.0,1518.0,1518.0,1518.0,1518.0,1518.0,1518.0,8.0,,,,,,,0.8,-0.3081317941,-0.0360608857,0.5483220399565693,1.1316641203,0.0097293789999999,0.0194289463999999,0.5663457102999999
1519,1519,1519.0,1519.0,1519.0,1519.0,1519.0,1519.0,1519.0,1519.0,1519.0,1519.0,1519.0,1519.0,1519.0,1519.0,1519.0,1519.0,1519.0,1519.0,1519.0,1519.0,1519.0,1519.0,1519.0,1519.0,1519.0,1519.0,9.0,,,,,,,0.9,-0.3089110339,0.0195505581,-0.5222526381662307,1.1413934993,0.0096995673999999,0.0096995673999999,0.5663457102999999
1520,1520,1520.0,1520.0,1520.0,1520.0,1520.0,1520.0,1520.0,1520.0,1520.0,1520.0,1520.0,1520.0,1520.0,1520.0,1520.0,1520.0,1520.0,1520.0,1520.0,1520.0,1520.0,1520.0,1520.0,1520.0,1520.0,1520.0,0.0,,,,,,,0.0,0.0,-1.0,12.687651770553211,0.0,0.1061291701,1.1598153472,0.5373676698
1521,1521,1521.0,1521.0,1521.0,1521.0,1521.0,1521.0,1521.0,1521.0,1521.0,1521.0,1521.0,1521.0,1521.0,1521.0,1521.0,1521.0,1521.0,1521.0,1521.0,1521.0,1521.0,1521.0,1521.0,1521.0,1521.0,1521.0,1.0,,,,,,,0.1,-0.0337871069,0.302552284,-20.1584061147837,0.1061291701,0.2823122065,1.0536861771,0.5373676698
1522,1522,1522.0,1522.0,1522.0,1522.0,1522.0,1522.0,1522.0,1522.0,1522.0,1522.0,1522.0,1522.0,1522.0,1522.0,1522.0,1522.0,1522.0,1522.0,1522.0,1522.0,1522.0,1522.0,1522.0,1522.0,1522.0,1522.0,2.0,,,,,,,0.2,-0.1025100892,-1.6445653452,19.3924112739982,0.3884413766,0.2630326642,0.7713739705999999,0.5373676698
1523,1523,1523.0,1523.0,1523.0,1523.0,1523.0,1523.0,1523.0,1523.0,1523.0,1523.0,1523.0,1523.0,1523.0,1523.0,1523.0,1523.0,1523.0,1523.0,1523.0,1523.0,1523.0,1523.0,1523.0,1523.0,1523.0,1523.0,3.0,,,,,,,0.3,-0.1652019768,0.3573676698,-19.81881987414446,0.6514740408,0.2686626530999999,0.5083413063999999,0.5373676698
1524,1524,1524.0,1524.0,1524.0,1524.0,1524.0,1524.0,1524.0,1524.0,1524.0,1524.0,1524.0,1524.0,1524.0,1524.0,1524.0,1524.0,1524.0,1524.0,1524.0,1524.0,1524.0,1524.0,1524.0,1524.0,1524.0,1524.0,4.0,,,,,,,0.4,-0.2270658518,-1.5626504427,14.01933032668777,0.9201366939,0.1899103525000001,0.2396786532999999,0.5373676698
1525,1525,1525.0,1525.0,1525.0,1525.0,1525.0,1525.0,1525.0,1525.0,1525.0,1525.0,1525.0,1525.0,1525.0,1525.0,1525.0,1525.0,1525.0,1525.0,1525.0,1525.0,1525.0,1525.0,1525.0,1525.0,1525.0,1525.0,5.0,,,,,,,0.5,-0.3079543534,-0.0798289084,0.8683289897077169,1.1100470464,0.0101956791999999,0.0497683007999998,0.5373676698
1526,1526,1526.0,1526.0,1526.0,1526.0,1526.0,1526.0,1526.0,1526.0,1526.0,1526.0,1526.0,1526.0,1526.0,1526.0,1526.0,1526.0,1526.0,1526.0,1526.0,1526.0,1526.0,1526.0,1526.0,1526.0,1526.0,1526.0,6.0,,,,,,,0.6,-0.3113507848,0.010400422,0.0719718575178732,1.1202427256,0.0096761075,0.0395726215999998,0.5373676698
1527,1527,1527.0,1527.0,1527.0,1527.0,1527.0,1527.0,1527.0,1527.0,1527.0,1527.0,1527.0,1527.0,1527.0,1527.0,1527.0,1527.0,1527.0,1527.0,1527.0,1527.0,1527.0,1527.0,1527.0,1527.0,1527.0,1527.0,7.0,,,,,,,0.7,-0.3100129682,0.0162597911,-0.6887843823018371,1.1299188331,0.0099381315,0.0298965140999998,0.5373676698
1528,1528,1528.0,1528.0,1528.0,1528.0,1528.0,1528.0,1528.0,1528.0,1528.0,1528.0,1528.0,1528.0,1528.0,1528.0,1528.0,1528.0,1528.0,1528.0,1528.0,1528.0,1528.0,1528.0,1528.0,1528.0,1528.0,1528.0,8.0,,,,,,,0.8,-0.3117975365,-0.0508340788,0.6621390281408941,1.1398569646,0.0100925923999999,0.0199583825999998,0.5373676698
1529,1529,1529.0,1529.0,1529.0,1529.0,1529.0,1529.0,1529.0,1529.0,1529.0,1529.0,1529.0,1529.0,1529.0,1529.0,1529.0,1529.0,1529.0,1529.0,1529.0,1529.0,1529.0,1529.0,1529.0,1529.0,1529.0,1529.0,9.0,,,,,,,0.9,-0.3134320863,0.0170143739,-0.3219770766141759,1.149949557,0.0098657901999998,0.0098657901999998,0.5373676698
1530,1530,1530.0,1530.0,1530.0,1530.0,1530.0,1530.0,1530.0,1530.0,1530.0,1530.0,1530.0,1530.0,1530.0,1530.0,1530.0,1530.0,1530.0,1530.0,1530.0,1530.0,1530.0,1530.0,1530.0,1530.0,1530.0,1530.0,0.0,,,,,,,0.0,0.0,-1.0,12.351790441006845,0.0,0.1023672084,1.1560871526,0.5387926269
1531,1531,1531.0,1531.0,1531.0,1531.0,1531.0,1531.0,1531.0,1531.0,1531.0,1531.0,1531.0,1531.0,1531.0,1531.0,1531.0,1531.0,1531.0,1531.0,1531.0,1531.0,1531.0,1531.0,1531.0,1531.0,1531.0,1531.0,1.0,,,,,,,0.1,-0.0354118086,0.2705908527,-19.90704886173763,0.1023672084,0.2789821285,1.0537199442,0.5387926269
1532,1532,1532.0,1532.0,1532.0,1532.0,1532.0,1532.0,1532.0,1532.0,1532.0,1532.0,1532.0,1532.0,1532.0,1532.0,1532.0,1532.0,1532.0,1532.0,1532.0,1532.0,1532.0,1532.0,1532.0,1532.0,1532.0,1532.0,2.0,,,,,,,0.2,-0.1059604025,-1.6495654396,19.45492775394388,0.3813493369,0.2647889727999999,0.7747378157,0.5387926269
1533,1533,1533.0,1533.0,1533.0,1533.0,1533.0,1533.0,1533.0,1533.0,1533.0,1533.0,1533.0,1533.0,1533.0,1533.0,1533.0,1533.0,1533.0,1533.0,1533.0,1533.0,1533.0,1533.0,1533.0,1533.0,1533.0,1533.0,3.0,,,,,,,0.3,-0.1688256936,0.3587926269,-19.805710442359786,0.6461383097,0.2682498462,0.5099488429000001,0.5387926269
1534,1534,1534.0,1534.0,1534.0,1534.0,1534.0,1534.0,1534.0,1534.0,1534.0,1534.0,1534.0,1534.0,1534.0,1534.0,1534.0,1534.0,1534.0,1534.0,1534.0,1534.0,1534.0,1534.0,1534.0,1534.0,1534.0,1534.0,4.0,,,,,,,0.4,-0.2304905501,-1.5601135608,13.805917572642183,0.9143881559,0.1879293232000001,0.2416989967,0.5387926269
1535,1535,1535.0,1535.0,1535.0,1535.0,1535.0,1535.0,1535.0,1535.0,1535.0,1535.0,1535.0,1535.0,1535.0,1535.0,1535.0,1535.0,1535.0,1535.0,1535.0,1535.0,1535.0,1535.0,1535.0,1535.0,1535.0,1535.0,5.0,,,,,,,0.5,-0.3121700024,-0.0978423513,1.6882989511309234,1.1023174791,0.0115488719999998,0.0537696734999999,0.5387926269
1536,1536,1536.0,1536.0,1536.0,1536.0,1536.0,1536.0,1536.0,1536.0,1536.0,1536.0,1536.0,1536.0,1536.0,1536.0,1536.0,1536.0,1536.0,1536.0,1536.0,1536.0,1536.0,1536.0,1536.0,1536.0,1536.0,1536.0,6.0,,,,,,,0.6,-0.3133140075,0.0721315489,-1.5946559847969926,1.1138663511,0.0112485623,0.0422208015,0.5387926269
1537,1537,1537.0,1537.0,1537.0,1537.0,1537.0,1537.0,1537.0,1537.0,1537.0,1537.0,1537.0,1537.0,1537.0,1537.0,1537.0,1537.0,1537.0,1537.0,1537.0,1537.0,1537.0,1537.0,1537.0,1537.0,1537.0,1537.0,7.0,,,,,,,0.7,-0.3141638052,-0.0864842519,1.096817879562129,1.1251149134,0.0108143391999999,0.0309722392,0.5387926269
1538,1538,1538.0,1538.0,1538.0,1538.0,1538.0,1538.0,1538.0,1538.0,1538.0,1538.0,1538.0,1538.0,1538.0,1538.0,1538.0,1538.0,1538.0,1538.0,1538.0,1538.0,1538.0,1538.0,1538.0,1538.0,1538.0,1538.0,8.0,,,,,,,0.8,-0.3170882301,0.026121961,-0.3254917858804556,1.1359292526,0.0100786938999999,0.0201579,0.5387926269
1539,1539,1539.0,1539.0,1539.0,1539.0,1539.0,1539.0,1539.0,1539.0,1539.0,1539.0,1539.0,1539.0,1539.0,1539.0,1539.0,1539.0,1539.0,1539.0,1539.0,1539.0,1539.0,1539.0,1539.0,1539.0,1539.0,1539.0,9.0,,,,,,,0.9,-0.3161768638,-0.0073385838,-0.176328225716271,1.1460079465,0.0100792061000001,0.0100792061000001,0.5387926269
1540,1540,1540.0,1540.0,1540.0,1540.0,1540.0,1540.0,1540.0,1540.0,1540.0,1540.0,1540.0,1540.0,1540.0,1540.0,1540.0,1540.0,1540.0,1540.0,1540.0,1540.0,1540.0,1540.0,1540.0,1540.0,1540.0,1540.0,0.0,,,,,,,0.0,0.0,-1.0,12.498086052142396,0.0,0.1039833954,1.7002354353,0.8941109225
1541,1541,1541.0,1541.0,1541.0,1541.0,1541.0,1541.0,1541.0,1541.0,1541.0,1541.0,1541.0,1541.0,1541.0,1541.0,1541.0,1541.0,1541.0,1541.0,1541.0,1541.0,1541.0,1541.0,1541.0,1541.0,1541.0,1541.0,1.0,,,,,,,0.1,-0.0347041156,0.2845127208,-19.872414984228225,0.1039833954,0.2761294992999999,1.5962520399,0.8941109225
1542,1542,1542.0,1542.0,1542.0,1542.0,1542.0,1542.0,1542.0,1542.0,1542.0,1542.0,1542.0,1542.0,1542.0,1542.0,1542.0,1542.0,1542.0,1542.0,1542.0,1542.0,1542.0,1542.0,1542.0,1542.0,1542.0,1542.0,2.0,,,,,,,0.2,-0.1037603304,-1.6336725628,19.40556383457636,0.3801128947,0.2619476531,1.3201225406,0.8941109225
1543,1543,1543.0,1543.0,1543.0,1543.0,1543.0,1543.0,1543.0,1543.0,1543.0,1543.0,1543.0,1543.0,1543.0,1543.0,1543.0,1543.0,1543.0,1543.0,1543.0,1543.0,1543.0,1543.0,1543.0,1543.0,1543.0,1543.0,3.0,,,,,,,0.3,-0.1653520083,0.3684754985,-20.12639223944408,0.6420605478,0.2763222481,1.0581748875,0.8941109225
1544,1544,1544.0,1544.0,1544.0,1544.0,1544.0,1544.0,1544.0,1544.0,1544.0,1544.0,1544.0,1544.0,1544.0,1544.0,1544.0,1544.0,1544.0,1544.0,1544.0,1544.0,1544.0,1544.0,1544.0,1544.0,1544.0,1544.0,4.0,,,,,,,0.4,-0.2276466907,-1.581869043,19.182384238423,0.9183827959,0.2573406058999999,0.7818526393999999,0.8941109225
1545,1545,1545.0,1545.0,1545.0,1545.0,1545.0,1545.0,1545.0,1545.0,1545.0,1545.0,1545.0,1545.0,1545.0,1545.0,1545.0,1545.0,1545.0,1545.0,1545.0,1545.0,1545.0,1545.0,1545.0,1545.0,1545.0,1545.0,5.0,,,,,,,0.5,-0.2853882323,0.3941109225,-19.939127000630823,1.1757234018,0.2736897581999999,0.5245120335,0.8941109225
1546,1546,1546.0,1546.0,1546.0,1546.0,1546.0,1546.0,1546.0,1546.0,1546.0,1546.0,1546.0,1546.0,1546.0,1546.0,1546.0,1546.0,1546.0,1546.0,1546.0,1546.0,1546.0,1546.0,1546.0,1546.0,1546.0,1546.0,6.0,,,,,,,0.6,-0.3443374974,-1.5408525125,14.089086714931058,1.44941316,0.1950027504,0.2508222753,0.8941109225
1547,1547,1547.0,1547.0,1547.0,1547.0,1547.0,1547.0,1547.0,1547.0,1547.0,1547.0,1547.0,1547.0,1547.0,1547.0,1547.0,1547.0,1547.0,1547.0,1547.0,1547.0,1547.0,1547.0,1547.0,1547.0,1547.0,1547.0,7.0,,,,,,,0.7,-0.4228141977,-0.0534671407,0.1362839844589794,1.6444159104,0.0182859532999999,0.0558195248999999,0.8941109225
1548,1548,1548.0,1548.0,1548.0,1548.0,1548.0,1548.0,1548.0,1548.0,1548.0,1548.0,1548.0,1548.0,1548.0,1548.0,1548.0,1548.0,1548.0,1548.0,1548.0,1548.0,1548.0,1548.0,1548.0,1548.0,1548.0,1548.0,8.0,,,,,,,0.8,-0.4272432356,-0.0354097044,0.1477709164361969,1.6627018637,0.0184637001,0.0375335716,0.8941109225
1549,1549,1549.0,1549.0,1549.0,1549.0,1549.0,1549.0,1549.0,1549.0,1549.0,1549.0,1549.0,1549.0,1549.0,1549.0,1549.0,1549.0,1549.0,1549.0,1549.0,1549.0,1549.0,1549.0,1549.0,1549.0,1549.0,1549.0,9.0,,,,,,,0.9,-0.4298981516,-0.0179776967,-0.6084030104356106,1.6811655638,0.0190698714999999,0.0190698714999999,0.8941109225
1550,1550,1550.0,1550.0,1550.0,1550.0,1550.0,1550.0,1550.0,1550.0,1550.0,1550.0,1550.0,1550.0,1550.0,1550.0,1550.0,1550.0,1550.0,1550.0,1550.0,1550.0,1550.0,1550.0,1550.0,1550.0,1550.0,1550.0,0.0,,,,,,,0.0,0.0,-1.0,12.57576579025765,0.0,0.1048556459,1.1683327516,0.5445797421999999
1551,1551,1551.0,1551.0,1551.0,1551.0,1551.0,1551.0,1551.0,1551.0,1551.0,1551.0,1551.0,1551.0,1551.0,1551.0,1551.0,1551.0,1551.0,1551.0,1551.0,1551.0,1551.0,1551.0,1551.0,1551.0,1551.0,1551.0,1.0,,,,,,,0.1,-0.0343283462,0.2919049252,-20.14281533197056,0.1048556459,0.2832267561,1.0634771057,0.5445797421999999
1552,1552,1552.0,1552.0,1552.0,1552.0,1552.0,1552.0,1552.0,1552.0,1552.0,1552.0,1552.0,1552.0,1552.0,1552.0,1552.0,1552.0,1552.0,1552.0,1552.0,1552.0,1552.0,1552.0,1552.0,1552.0,1552.0,1552.0,2.0,,,,,,,0.2,-0.1039891394,-1.6527158148,19.545695494986013,0.388082402,0.2666235082,0.7802503496,0.5445797421999999
1553,1553,1553.0,1553.0,1553.0,1553.0,1553.0,1553.0,1553.0,1553.0,1553.0,1553.0,1553.0,1553.0,1553.0,1553.0,1553.0,1553.0,1553.0,1553.0,1553.0,1553.0,1553.0,1553.0,1553.0,1553.0,1553.0,1553.0,3.0,,,,,,,0.3,-0.1667151469,0.3645797422,-19.95476722884564,0.6547059102,0.2718173985,0.5136268413999999,0.5445797421999999
1554,1554,1554.0,1554.0,1554.0,1554.0,1554.0,1554.0,1554.0,1554.0,1554.0,1554.0,1554.0,1554.0,1554.0,1554.0,1554.0,1554.0,1554.0,1554.0,1554.0,1554.0,1554.0,1554.0,1554.0,1554.0,1554.0,1554.0,4.0,,,,,,,0.4,-0.2285503375,-1.5690617901,14.164920603109405,0.9265233087,0.1922563341000001,0.2418094428999999,0.5445797421999999
1555,1555,1555.0,1555.0,1555.0,1555.0,1555.0,1555.0,1555.0,1555.0,1555.0,1555.0,1555.0,1555.0,1555.0,1555.0,1555.0,1555.0,1555.0,1555.0,1555.0,1555.0,1555.0,1555.0,1555.0,1555.0,1555.0,1555.0,5.0,,,,,,,0.5,-0.3093446785,-0.0717753888,0.8177679792511658,1.1187796428,0.0101794467999998,0.0495531087999998,0.5445797421999999
1556,1556,1556.0,1556.0,1556.0,1556.0,1556.0,1556.0,1556.0,1556.0,1556.0,1556.0,1556.0,1556.0,1556.0,1556.0,1556.0,1556.0,1556.0,1556.0,1556.0,1556.0,1556.0,1556.0,1556.0,1556.0,1556.0,1556.0,6.0,,,,,,,0.6,-0.3122192713,0.012876002,-0.1630867238567952,1.1289590896,0.0097432969999999,0.039373662,0.5445797421999999
1557,1557,1557.0,1557.0,1557.0,1557.0,1557.0,1557.0,1557.0,1557.0,1557.0,1557.0,1557.0,1557.0,1557.0,1557.0,1557.0,1557.0,1557.0,1557.0,1557.0,1557.0,1557.0,1557.0,1557.0,1557.0,1557.0,1557.0,7.0,,,,,,,0.7,-0.3117828794,-0.0038690623,-0.1255233709120144,1.1387023866,0.0097638239000001,0.029630365,0.5445797421999999
1558,1558,1558.0,1558.0,1558.0,1558.0,1558.0,1558.0,1558.0,1558.0,1558.0,1558.0,1558.0,1558.0,1558.0,1558.0,1558.0,1558.0,1558.0,1558.0,1558.0,1558.0,1558.0,1558.0,1558.0,1558.0,1558.0,1558.0,8.0,,,,,,,0.8,-0.3127582339,-0.0154460449,-0.0658791760303093,1.1484662105,0.0098696708999999,0.0198665410999998,0.5445797421999999
1559,1559,1559.0,1559.0,1559.0,1559.0,1559.0,1559.0,1559.0,1559.0,1559.0,1559.0,1559.0,1559.0,1559.0,1559.0,1559.0,1559.0,1559.0,1559.0,1559.0,1559.0,1559.0,1559.0,1559.0,1559.0,1559.0,1559.0,9.0,,,,,,,0.9,-0.3145467899,-0.0202454065,-0.0135583752799908,1.1583358814,0.0099968701999999,0.0099968701999999,0.5445797421999999
1560,1560,1560.0,1560.0,1560.0,1560.0,1560.0,1560.0,1560.0,1560.0,1560.0,1560.0,1560.0,1560.0,1560.0,1560.0,1560.0,1560.0,1560.0,1560.0,1560.0,1560.0,1560.0,1560.0,1560.0,1560.0,1560.0,0.0,,,,,,,,0.0,0.0,-1.0,7.509006942667525,0.0,0.0684356098,0.6363958313,0.3046988557
1561,1561,1561.0,1561.0,1561.0,1561.0,1561.0,1561.0,1561.0,1561.0,1561.0,1561.0,1561.0,1561.0,1561.0,1561.0,1561.0,1561.0,1561.0,1561.0,1561.0,1561.0,1561.0,1561.0,1561.0,1561.0,1561.0,1.0,,,,,,,,0.1,-0.0588383761,-0.1902609296,-6.391412137619823,0.0684356098,0.0479956760999999,0.5679602215,0.3046988557
1562,1562,1562.0,1562.0,1562.0,1562.0,1562.0,1562.0,1562.0,1562.0,1562.0,1562.0,1562.0,1562.0,1562.0,1562.0,1562.0,1562.0,1562.0,1562.0,1562.0,1562.0,1562.0,1562.0,1562.0,1562.0,1562.0,2.0,,,,,,,,0.2,-0.1078620278,-0.7803784917,6.963420852121876,0.1164312859,0.0470528123999999,0.5199645454,0.3046988557
1563,1563,1563.0,1563.0,1563.0,1563.0,1563.0,1563.0,1563.0,1563.0,1563.0,1563.0,1563.0,1563.0,1563.0,1563.0,1563.0,1563.0,1563.0,1563.0,1563.0,1563.0,1563.0,1563.0,1563.0,1563.0,1563.0,3.0,,,,,,,,0.3,-0.1484398871,-0.0434585472,-9.551775784618462,0.1634840983,0.0805636588,0.472911733,0.3046988557
1564,1564,1564.0,1564.0,1564.0,1564.0,1564.0,1564.0,1564.0,1564.0,1564.0,1564.0,1564.0,1564.0,1564.0,1564.0,1564.0,1564.0,1564.0,1564.0,1564.0,1564.0,1564.0,1564.0,1564.0,1564.0,1564.0,4.0,,,,,,,,0.4,-0.1987814136,-0.9482945991,6.964410520673563,0.2440477571,0.0664289279999999,0.3923480741999999,0.3046988557
1565,1565,1565.0,1565.0,1565.0,1565.0,1565.0,1565.0,1565.0,1565.0,1565.0,1565.0,1565.0,1565.0,1565.0,1565.0,1565.0,1565.0,1565.0,1565.0,1565.0,1565.0,1565.0,1565.0,1565.0,1565.0,1565.0,5.0,,,,,,,,0.5,-0.2553338164,-0.1953011443,-6.672664080763478,0.3104766851,0.0589189754,0.3259191462,0.3046988557
1566,1566,1566.0,1566.0,1566.0,1566.0,1566.0,1566.0,1566.0,1566.0,1566.0,1566.0,1566.0,1566.0,1566.0,1566.0,1566.0,1566.0,1566.0,1566.0,1566.0,1566.0,1566.0,1566.0,1566.0,1566.0,1566.0,6.0,,,,,,,,0.6,-0.3061976089,-0.8117037598,6.6411954510982,0.3693956605,0.0578172859,0.2670001708,0.3046988557
1567,1567,1567.0,1567.0,1567.0,1567.0,1567.0,1567.0,1567.0,1567.0,1567.0,1567.0,1567.0,1567.0,1567.0,1567.0,1567.0,1567.0,1567.0,1567.0,1567.0,1567.0,1567.0,1567.0,1567.0,1567.0,1567.0,7.0,,,,,,,,0.7,-0.3513152025,-0.1024666212,-7.897791523277956,0.4272129464,0.0724145336,0.2091828848999999,0.3046988557
1568,1568,1568.0,1568.0,1568.0,1568.0,1568.0,1568.0,1568.0,1568.0,1568.0,1568.0,1568.0,1568.0,1568.0,1568.0,1568.0,1568.0,1568.0,1568.0,1568.0,1568.0,1568.0,1568.0,1568.0,1568.0,1568.0,8.0,,,,,,,,0.8,-0.3992711005,-0.8442898755,6.328420323896928,0.49962748,0.0671345328999999,0.1367683512999999,0.3046988557
1569,1569,1569.0,1569.0,1569.0,1569.0,1569.0,1569.0,1569.0,1569.0,1569.0,1569.0,1569.0,1569.0,1569.0,1569.0,1569.0,1569.0,1569.0,1569.0,1569.0,1569.0,1569.0,1569.0,1569.0,1569.0,1569.0,9.0,,,,,,,,0.9,-0.4490026997,-0.1617162439,-6.63711946576159,0.5667620129,0.0696338184,0.0696338184,0.3046988557
1570,1570,1570.0,1570.0,1570.0,1570.0,1570.0,1570.0,1570.0,1570.0,1570.0,1570.0,1570.0,1570.0,1570.0,1570.0,1570.0,1570.0,1570.0,1570.0,1570.0,1570.0,1570.0,1570.0,1570.0,1570.0,1570.0,0.0,,,,,,,,0.0,0.0,-1.0,7.31378384310241,0.0,0.0678643591,0.6288034544,0.3520014541
1571,1571,1571.0,1571.0,1571.0,1571.0,1571.0,1571.0,1571.0,1571.0,1571.0,1571.0,1571.0,1571.0,1571.0,1571.0,1571.0,1571.0,1571.0,1571.0,1571.0,1571.0,1571.0,1571.0,1571.0,1571.0,1571.0,1.0,,,,,,,,0.1,-0.0597827519,-0.2088388638,-5.974004261809761,0.0678643591,0.0447936463,0.5609390953,0.3520014541
1572,1572,1572.0,1572.0,1572.0,1572.0,1572.0,1572.0,1572.0,1572.0,1572.0,1572.0,1572.0,1572.0,1572.0,1572.0,1572.0,1572.0,1572.0,1572.0,1572.0,1572.0,1572.0,1572.0,1572.0,1572.0,1572.0,2.0,,,,,,,,0.2,-0.1085551495,-0.7574668923,7.018454075036867,0.1126580054,0.0455343812999999,0.5161454489999999,0.3520014541
1573,1573,1573.0,1573.0,1573.0,1573.0,1573.0,1573.0,1573.0,1573.0,1573.0,1573.0,1573.0,1573.0,1573.0,1573.0,1573.0,1573.0,1573.0,1573.0,1573.0,1573.0,1573.0,1573.0,1573.0,1573.0,1573.0,3.0,,,,,,,,0.3,-0.1466864631,-0.0174901712,-10.014995190979006,0.1581923867,0.0855095293,0.4706110676999999,0.3520014541
1574,1574,1574.0,1574.0,1574.0,1574.0,1574.0,1574.0,1574.0,1574.0,1574.0,1574.0,1574.0,1574.0,1574.0,1574.0,1574.0,1574.0,1574.0,1574.0,1574.0,1574.0,1574.0,1574.0,1574.0,1574.0,1574.0,4.0,,,,,,,,0.4,-0.1967975585,-0.9688785949,7.657201393910071,0.243701916,0.0707290637,0.3851015383999999,0.3520014541
1575,1575,1575.0,1575.0,1575.0,1575.0,1575.0,1575.0,1575.0,1575.0,1575.0,1575.0,1575.0,1575.0,1575.0,1575.0,1575.0,1575.0,1575.0,1575.0,1575.0,1575.0,1575.0,1575.0,1575.0,1575.0,1575.0,5.0,,,,,,,,0.5,-0.2519574682,-0.1479985459,-6.919111301630188,0.3144309797,0.057339994,0.3143724746999999,0.3520014541
1576,1576,1576.0,1576.0,1576.0,1576.0,1576.0,1576.0,1576.0,1576.0,1576.0,1576.0,1576.0,1576.0,1576.0,1576.0,1576.0,1576.0,1576.0,1576.0,1576.0,1576.0,1576.0,1576.0,1576.0,1576.0,1576.0,6.0,,,,,,,,0.6,-0.2995120267,-0.7923551175,6.384396066400619,0.3717709737,0.0548255477999999,0.2570324806999999,0.3520014541
1577,1577,1577.0,1577.0,1577.0,1577.0,1577.0,1577.0,1577.0,1577.0,1577.0,1577.0,1577.0,1577.0,1577.0,1577.0,1577.0,1577.0,1577.0,1577.0,1577.0,1577.0,1577.0,1577.0,1577.0,1577.0,1577.0,7.0,,,,,,,,0.7,-0.3440305995,-0.1093969381,-7.536361762461669,0.4265965215,0.0676188322999999,0.2022069328999999,0.3520014541
1578,1578,1578.0,1578.0,1578.0,1578.0,1578.0,1578.0,1578.0,1578.0,1578.0,1578.0,1578.0,1578.0,1578.0,1578.0,1578.0,1578.0,1578.0,1578.0,1578.0,1578.0,1578.0,1578.0,1578.0,1578.0,1578.0,8.0,,,,,,,,0.8,-0.3908975858,-0.8161661281,6.54080302019085,0.4942153538,0.0642970486,0.1345881005999999,0.3520014541
1579,1579,1579.0,1579.0,1579.0,1579.0,1579.0,1579.0,1579.0,1579.0,1579.0,1579.0,1579.0,1579.0,1579.0,1579.0,1579.0,1579.0,1579.0,1579.0,1579.0,1579.0,1579.0,1579.0,1579.0,1579.0,1579.0,9.0,,,,,,,,0.9,-0.4369254645,-0.1160579473,-7.113013831621953,0.5585124024,0.0702910519999999,0.0702910519999999,0.3520014541
1580,1580,1580.0,1580.0,1580.0,1580.0,1580.0,1580.0,1580.0,1580.0,1580.0,1580.0,1580.0,1580.0,1580.0,1580.0,1580.0,1580.0,1580.0,1580.0,1580.0,1580.0,1580.0,1580.0,1580.0,1580.0,1580.0,0.0,,,,,,,,0.0,0.0,-1.0,7.343574077736354,0.0,0.067947538,0.6491042894,0.3453585543999999
1581,1581,1581.0,1581.0,1581.0,1581.0,1581.0,1581.0,1581.0,1581.0,1581.0,1581.0,1581.0,1581.0,1581.0,1581.0,1581.0,1581.0,1581.0,1581.0,1581.0,1581.0,1581.0,1581.0,1581.0,1581.0,1581.0,1.0,,,,,,,,0.1,-0.059638644,-0.2060039482,-6.492280716232643,0.067947538,0.0507414212,0.5811567514,0.3453585543999999
1582,1582,1582.0,1582.0,1582.0,1582.0,1582.0,1582.0,1582.0,1582.0,1582.0,1582.0,1582.0,1582.0,1582.0,1582.0,1582.0,1582.0,1582.0,1582.0,1582.0,1582.0,1582.0,1582.0,1582.0,1582.0,1582.0,2.0,,,,,,,,0.2,-0.1106483838,-0.80422228,7.196575279522582,0.1186889592,0.0500457397,0.5304153302,0.3453585543999999
1583,1583,1583.0,1583.0,1583.0,1583.0,1583.0,1583.0,1583.0,1583.0,1583.0,1583.0,1583.0,1583.0,1583.0,1583.0,1583.0,1583.0,1583.0,1583.0,1583.0,1583.0,1583.0,1583.0,1583.0,1583.0,1583.0,3.0,,,,,,,,0.3,-0.1523674142,-0.0428457217,-9.676016591790388,0.1687346989,0.0826256252999999,0.4803695904999999,0.3453585543999999
1584,1584,1584.0,1584.0,1584.0,1584.0,1584.0,1584.0,1584.0,1584.0,1584.0,1584.0,1584.0,1584.0,1584.0,1584.0,1584.0,1584.0,1584.0,1584.0,1584.0,1584.0,1584.0,1584.0,1584.0,1584.0,1584.0,4.0,,,,,,,,0.4,-0.2032516443,-0.9595631508,7.498821261408601,0.2513603242,0.0694733714999999,0.3977439652,0.3453585543999999
1585,1585,1585.0,1585.0,1585.0,1585.0,1585.0,1585.0,1585.0,1585.0,1585.0,1585.0,1585.0,1585.0,1585.0,1585.0,1585.0,1585.0,1585.0,1585.0,1585.0,1585.0,1585.0,1585.0,1585.0,1585.0,1585.0,5.0,,,,,,,,0.5,-0.2582912234,-0.1546414456,-7.115427949918112,0.3208336957,0.0608268901,0.3282705937,0.3453585543999999
1586,1586,1586.0,1586.0,1586.0,1586.0,1586.0,1586.0,1586.0,1586.0,1586.0,1586.0,1586.0,1586.0,1586.0,1586.0,1586.0,1586.0,1586.0,1586.0,1586.0,1586.0,1586.0,1586.0,1586.0,1586.0,1586.0,6.0,,,,,,,,0.6,-0.3074276032,-0.8170478608,6.631870914953012,0.3816605858,0.0583548777999999,0.2674437035999999,0.3453585543999999
1587,1587,1587.0,1587.0,1587.0,1587.0,1587.0,1587.0,1587.0,1587.0,1587.0,1587.0,1587.0,1587.0,1587.0,1587.0,1587.0,1587.0,1587.0,1587.0,1587.0,1587.0,1587.0,1587.0,1587.0,1587.0,1587.0,7.0,,,,,,,,0.7,-0.353098862,-0.1081895105,-7.690120193847171,0.4400154636,0.0702375671999999,0.2090888258,0.3453585543999999
1588,1588,1588.0,1588.0,1588.0,1588.0,1588.0,1588.0,1588.0,1588.0,1588.0,1588.0,1588.0,1588.0,1588.0,1588.0,1588.0,1588.0,1588.0,1588.0,1588.0,1588.0,1588.0,1588.0,1588.0,1588.0,1588.0,8.0,,,,,,,,0.8,-0.4005947261,-0.8297056657,6.619986363052524,0.5102530308,0.0666327753,0.1388512586,0.3453585543999999
1589,1589,1589.0,1589.0,1589.0,1589.0,1589.0,1589.0,1589.0,1589.0,1589.0,1589.0,1589.0,1589.0,1589.0,1589.0,1589.0,1589.0,1589.0,1589.0,1589.0,1589.0,1589.0,1589.0,1589.0,1589.0,1589.0,9.0,,,,,,,,0.9,-0.4475280192,-0.1207737363,-7.154160418240108,0.5768858061,0.0722184833,0.0722184833,0.3453585543999999
1590,1590,1590.0,1590.0,1590.0,1590.0,1590.0,1590.0,1590.0,1590.0,1590.0,1590.0,1590.0,1590.0,1590.0,1590.0,1590.0,1590.0,1590.0,1590.0,1590.0,1590.0,1590.0,1590.0,1590.0,1590.0,1590.0,0.0,,,,,,,,0.0,0.0,-1.0,7.531448191534286,0.0,0.0685052324,0.6200684140999999,0.3509721731999999
1591,1591,1591.0,1591.0,1591.0,1591.0,1591.0,1591.0,1591.0,1591.0,1591.0,1591.0,1591.0,1591.0,1591.0,1591.0,1591.0,1591.0,1591.0,1591.0,1591.0,1591.0,1591.0,1591.0,1591.0,1591.0,1591.0,1.0,,,,,,,,0.1,-0.0587298184,-0.1881253624,-6.69564331719519,0.0685052324,0.0515455262,0.5515631817,0.3509721731999999
1592,1592,1592.0,1592.0,1592.0,1592.0,1592.0,1592.0,1592.0,1592.0,1592.0,1592.0,1592.0,1592.0,1592.0,1592.0,1592.0,1592.0,1592.0,1592.0,1592.0,1592.0,1592.0,1592.0,1592.0,1592.0,1592.0,2.0,,,,,,,,0.2,-0.1090219376,-0.807397575,6.806493109305091,0.1200507586,0.0487116642999999,0.5000176555,0.3509721731999999
1593,1593,1593.0,1593.0,1593.0,1593.0,1593.0,1593.0,1593.0,1593.0,1593.0,1593.0,1593.0,1593.0,1593.0,1593.0,1593.0,1593.0,1593.0,1593.0,1593.0,1593.0,1593.0,1593.0,1593.0,1593.0,1593.0,3.0,,,,,,,,0.3,-0.1529301279,-0.0828400738,-8.691415643092638,0.1687624229,0.0712374732,0.4513059912,0.3509721731999999
1594,1594,1594.0,1594.0,1594.0,1594.0,1594.0,1594.0,1594.0,1594.0,1594.0,1594.0,1594.0,1594.0,1594.0,1594.0,1594.0,1594.0,1594.0,1594.0,1594.0,1594.0,1594.0,1594.0,1594.0,1594.0,1594.0,4.0,,,,,,,,0.4,-0.2028574081,-0.9020543579,7.010998339717251,0.2399998961,0.0618153981999999,0.380068518,0.3509721731999999
1595,1595,1595.0,1595.0,1595.0,1595.0,1595.0,1595.0,1595.0,1595.0,1595.0,1595.0,1595.0,1595.0,1595.0,1595.0,1595.0,1595.0,1595.0,1595.0,1595.0,1595.0,1595.0,1595.0,1595.0,1595.0,1595.0,5.0,,,,,,,,0.5,-0.2547841052,-0.1490278268,-7.038498546249392,0.3018152943,0.0591097107999999,0.3182531198,0.3509721731999999
1596,1596,1596.0,1596.0,1596.0,1596.0,1596.0,1596.0,1596.0,1596.0,1596.0,1596.0,1596.0,1596.0,1596.0,1596.0,1596.0,1596.0,1596.0,1596.0,1596.0,1596.0,1596.0,1596.0,1596.0,1596.0,1596.0,6.0,,,,,,,,0.6,-0.3030141386,-0.804647648,6.370508214680491,0.3609250051,0.0561243241,0.259143409,0.3509721731999999
1597,1597,1597.0,1597.0,1597.0,1597.0,1597.0,1597.0,1597.0,1597.0,1597.0,1597.0,1597.0,1597.0,1597.0,1597.0,1597.0,1597.0,1597.0,1597.0,1597.0,1597.0,1597.0,1597.0,1597.0,1597.0,1597.0,7.0,,,,,,,,0.7,-0.3487696818,-0.1218412833,-7.403411140308619,0.4170493292,0.0673494247,0.2030190849,0.3509721731999999
1598,1598,1598.0,1598.0,1598.0,1598.0,1598.0,1598.0,1598.0,1598.0,1598.0,1598.0,1598.0,1598.0,1598.0,1598.0,1598.0,1598.0,1598.0,1598.0,1598.0,1598.0,1598.0,1598.0,1598.0,1598.0,1598.0,8.0,,,,,,,,0.8,-0.3961777019,-0.8147743773,6.347736626614767,0.4843987539,0.0640516870999999,0.1356696602,0.3509721731999999
1599,1599,1599.0,1599.0,1599.0,1599.0,1599.0,1599.0,1599.0,1599.0,1599.0,1599.0,1599.0,1599.0,1599.0,1599.0,1599.0,1599.0,1599.0,1599.0,1599.0,1599.0,1599.0,1599.0,1599.0,1599.0,1599.0,9.0,,,,,,,,0.9,-0.4430070808,-0.1331713357,-7.050853700603923,0.548450441,0.0716179731,0.0716179731,0.3509721731999999
1600,1600,1600.0,1600.0,1600.0,1600.0,1600.0,1600.0,1600.0,1600.0,1600.0,1600.0,1600.0,1600.0,1600.0,1600.0,1600.0,1600.0,1600.0,1600.0,1600.0,1600.0,1600.0,1600.0,1600.0,1600.0,1600.0,0.0,,,,,,,,0.0,0.0,-1.0,7.572004875773552,0.0,0.0686331263,0.634792668,0.3333506263
1601,1601,1601.0,1601.0,1601.0,1601.0,1601.0,1601.0,1601.0,1601.0,1601.0,1601.0,1601.0,1601.0,1601.0,1601.0,1601.0,1601.0,1601.0,1601.0,1601.0,1601.0,1601.0,1601.0,1601.0,1601.0,1601.0,1.0,,,,,,,,0.1,-0.0585336288,-0.1842658837,-6.670740468778243,0.0686331263,0.050863186,0.5661595417,0.3333506263
1602,1602,1602.0,1602.0,1602.0,1602.0,1602.0,1602.0,1602.0,1602.0,1602.0,1602.0,1602.0,1602.0,1602.0,1602.0,1602.0,1602.0,1602.0,1602.0,1602.0,1602.0,1602.0,1602.0,1602.0,1602.0,1602.0,2.0,,,,,,,,0.2,-0.1083380045,-0.8015355548,6.955491621843726,0.1194963123,0.0487625517999999,0.5152963557,0.3333506263
1603,1603,1603.0,1603.0,1603.0,1603.0,1603.0,1603.0,1603.0,1603.0,1603.0,1603.0,1603.0,1603.0,1603.0,1603.0,1603.0,1603.0,1603.0,1603.0,1603.0,1603.0,1603.0,1603.0,1603.0,1603.0,1603.0,3.0,,,,,,,,0.3,-0.1509675817,-0.0633568154,-9.151797159958782,0.1682588641,0.0762866216,0.4665338039,0.3333506263
1604,1604,1604.0,1604.0,1604.0,1604.0,1604.0,1604.0,1604.0,1604.0,1604.0,1604.0,1604.0,1604.0,1604.0,1604.0,1604.0,1604.0,1604.0,1604.0,1604.0,1604.0,1604.0,1604.0,1604.0,1604.0,1604.0,4.0,,,,,,,,0.4,-0.2012678486,-0.9282362645,7.074771533706926,0.2445454857,0.0646692848,0.3902471823,0.3333506263
1605,1605,1605.0,1605.0,1605.0,1605.0,1605.0,1605.0,1605.0,1605.0,1605.0,1605.0,1605.0,1605.0,1605.0,1605.0,1605.0,1605.0,1605.0,1605.0,1605.0,1605.0,1605.0,1605.0,1605.0,1605.0,1605.0,5.0,,,,,,,,0.5,-0.255377586,-0.1666493737,-6.906956917900515,0.3092147705,0.0591219731,0.3255778975,0.3333506263
1606,1606,1606.0,1606.0,1606.0,1606.0,1606.0,1606.0,1606.0,1606.0,1606.0,1606.0,1606.0,1606.0,1606.0,1606.0,1606.0,1606.0,1606.0,1606.0,1606.0,1606.0,1606.0,1606.0,1606.0,1606.0,1606.0,6.0,,,,,,,,0.6,-0.3046482023,-0.8080744492,6.521594919552634,0.3683367436,0.0570016016,0.2664559244,0.3333506263
1607,1607,1607.0,1607.0,1607.0,1607.0,1607.0,1607.0,1607.0,1607.0,1607.0,1607.0,1607.0,1607.0,1607.0,1607.0,1607.0,1607.0,1607.0,1607.0,1607.0,1607.0,1607.0,1607.0,1607.0,1607.0,1607.0,7.0,,,,,,,,0.7,-0.3499989791,-0.1105641804,-7.610175564445527,0.4253383452,0.0691492024999999,0.2094543227999999,0.3333506263
1608,1608,1608.0,1608.0,1608.0,1608.0,1608.0,1608.0,1608.0,1608.0,1608.0,1608.0,1608.0,1608.0,1608.0,1608.0,1608.0,1608.0,1608.0,1608.0,1608.0,1608.0,1608.0,1608.0,1608.0,1608.0,1608.0,8.0,,,,,,,,0.8,-0.397334111,-0.824246605,6.646766027415583,0.4944875477,0.0659233350999999,0.1403051203,0.3333506263
1609,1609,1609.0,1609.0,1609.0,1609.0,1609.0,1609.0,1609.0,1609.0,1609.0,1609.0,1609.0,1609.0,1609.0,1609.0,1609.0,1609.0,1609.0,1609.0,1609.0,1609.0,1609.0,1609.0,1609.0,1609.0,1609.0,9.0,,,,,,,,0.9,-0.4436183615,-0.1132857518,-7.401257852561946,0.5604108828,0.0743817852,0.0743817852,0.3333506263
1610,1610,1610.0,1610.0,1610.0,1610.0,1610.0,1610.0,1610.0,1610.0,1610.0,1610.0,1610.0,1610.0,1610.0,1610.0,1610.0,1610.0,1610.0,1610.0,1610.0,1610.0,1610.0,1610.0,1610.0,1610.0,1610.0,0.0,,,,,,,,0.0,0.0,-1.0,7.647116310000127,0.0,0.0688770239,0.6362378931000001,0.3183260912
1611,1611,1611.0,1611.0,1611.0,1611.0,1611.0,1611.0,1611.0,1611.0,1611.0,1611.0,1611.0,1611.0,1611.0,1611.0,1611.0,1611.0,1611.0,1611.0,1611.0,1611.0,1611.0,1611.0,1611.0,1611.0,1611.0,1.0,,,,,,,,0.1,-0.0581702834,-0.1771180856,-6.915065714177449,0.0688770239,0.0532716558,0.5673608692000001,0.3183260912
1612,1612,1612.0,1612.0,1612.0,1612.0,1612.0,1612.0,1612.0,1612.0,1612.0,1612.0,1612.0,1612.0,1612.0,1612.0,1612.0,1612.0,1612.0,1612.0,1612.0,1612.0,1612.0,1612.0,1612.0,1612.0,1612.0,2.0,,,,,,,,0.2,-0.1084763595,-0.8183185809,6.9926844467402764,0.1221486797,0.0503389960999999,0.5140892134,0.3183260912
1613,1613,1613.0,1613.0,1613.0,1613.0,1613.0,1613.0,1613.0,1613.0,1613.0,1613.0,1613.0,1613.0,1613.0,1613.0,1613.0,1613.0,1613.0,1613.0,1613.0,1613.0,1613.0,1613.0,1613.0,1613.0,1613.0,3.0,,,,,,,,0.3,-0.1525231356,-0.0750033602,-9.079719191535425,0.1724876758,0.0763540836,0.4637502173,0.3183260912
1614,1614,1614.0,1614.0,1614.0,1614.0,1614.0,1614.0,1614.0,1614.0,1614.0,1614.0,1614.0,1614.0,1614.0,1614.0,1614.0,1614.0,1614.0,1614.0,1614.0,1614.0,1614.0,1614.0,1614.0,1614.0,1614.0,4.0,,,,,,,,0.4,-0.2035830404,-0.9319153745,6.951870930556397,0.2488417594,0.0648235768999999,0.3873961337,0.3183260912
1615,1615,1615.0,1615.0,1615.0,1615.0,1615.0,1615.0,1615.0,1615.0,1615.0,1615.0,1615.0,1615.0,1615.0,1615.0,1615.0,1615.0,1615.0,1615.0,1615.0,1615.0,1615.0,1615.0,1615.0,1615.0,1615.0,5.0,,,,,,,,0.5,-0.2586374131,-0.1816739088,-6.375964822900808,0.3136653363,0.0541247334,0.3225725568,0.3183260912
1616,1616,1616.0,1616.0,1616.0,1616.0,1616.0,1616.0,1616.0,1616.0,1616.0,1616.0,1616.0,1616.0,1616.0,1616.0,1616.0,1616.0,1616.0,1616.0,1616.0,1616.0,1616.0,1616.0,1616.0,1616.0,1616.0,6.0,,,,,,,,0.6,-0.306769166,-0.7711386381,6.371740840845898,0.3677900697,0.0534153096,0.2684478234,0.3183260912
1617,1617,1617.0,1617.0,1617.0,1617.0,1617.0,1617.0,1617.0,1617.0,1617.0,1617.0,1617.0,1617.0,1617.0,1617.0,1617.0,1617.0,1617.0,1617.0,1617.0,1617.0,1617.0,1617.0,1617.0,1617.0,1617.0,7.0,,,,,,,,0.7,-0.3493299422,-0.0914037778,-8.146120858788432,0.4212053793,0.0747038686,0.2150325138,0.3183260912
1618,1618,1618.0,1618.0,1618.0,1618.0,1618.0,1618.0,1618.0,1618.0,1618.0,1618.0,1618.0,1618.0,1618.0,1618.0,1618.0,1618.0,1618.0,1618.0,1618.0,1618.0,1618.0,1618.0,1618.0,1618.0,1618.0,8.0,,,,,,,,0.8,-0.3974343468,-0.8579114591,6.902501928426511,0.4959092479,0.0699613767,0.1403286452,0.3183260912
1619,1619,1619.0,1619.0,1619.0,1619.0,1619.0,1619.0,1619.0,1619.0,1619.0,1619.0,1619.0,1619.0,1619.0,1619.0,1619.0,1619.0,1619.0,1619.0,1619.0,1619.0,1619.0,1619.0,1619.0,1619.0,1619.0,9.0,,,,,,,,0.9,-0.4456851366,-0.1194104765,-7.031825372258923,0.5658706246,0.0703672684999999,0.0703672684999999,0.3183260912
1620,1620,1620.0,1620.0,1620.0,1620.0,1620.0,1620.0,1620.0,1620.0,1620.0,1620.0,1620.0,1620.0,1620.0,1620.0,1620.0,1620.0,1620.0,1620.0,1620.0,1620.0,1620.0,1620.0,1620.0,1620.0,0.0,,,,,,,,,0.0,0.0,-1.0,7.047101154953474,0.0,0.0671837767,2.832543551,0.1588348318999999
1621,1621,1621.0,1621.0,1621.0,1621.0,1621.0,1621.0,1621.0,1621.0,1621.0,1621.0,1621.0,1621.0,1621.0,1621.0,1621.0,1621.0,1621.0,1621.0,1621.0,1621.0,1621.0,1621.0,1621.0,1621.0,1.0,,,,,,,,,0.1,-0.0610728075,-0.234217077,-20.013447511749582,0.0671837767,0.3728664916999999,2.7653597743,0.1588348318999999
1622,1622,1622.0,1622.0,1622.0,1622.0,1622.0,1622.0,1622.0,1622.0,1622.0,1622.0,1622.0,1622.0,1622.0,1622.0,1622.0,1622.0,1622.0,1622.0,1622.0,1622.0,1622.0,1622.0,1622.0,1622.0,2.0,,,,,,,,,0.2,-0.1801749113,-2.1164597244,17.1838888140846,0.4400502684,0.3222609243,2.3924932826000003,0.1588348318999999
1623,1623,1623.0,1623.0,1623.0,1623.0,1623.0,1623.0,1623.0,1623.0,1623.0,1623.0,1623.0,1623.0,1623.0,1623.0,1623.0,1623.0,1623.0,1623.0,1623.0,1623.0,1623.0,1623.0,1623.0,1623.0,3.0,,,,,,,,,0.3,-0.2984570335,-0.2797887207,-19.90071606854723,0.7623111927,0.3900854093,2.0702323583,0.1588348318999999
1624,1624,1624.0,1624.0,1624.0,1624.0,1624.0,1624.0,1624.0,1624.0,1624.0,1624.0,1624.0,1624.0,1624.0,1624.0,1624.0,1624.0,1624.0,1624.0,1624.0,1624.0,1624.0,1624.0,1624.0,1624.0,4.0,,,,,,,,,0.4,-0.4213505282,-2.1469668329,16.8289963760104,1.152396602,0.3447406012,1.680146949,0.1588348318999999
1625,1625,1625.0,1625.0,1625.0,1625.0,1625.0,1625.0,1625.0,1625.0,1625.0,1625.0,1625.0,1625.0,1625.0,1625.0,1625.0,1625.0,1625.0,1625.0,1625.0,1625.0,1625.0,1625.0,1625.0,1625.0,5.0,,,,,,,,,0.5,-0.5442525554,-0.3411651681,-19.85304265896088,1.4971372032,0.4262413333999999,1.3354063478,0.1588348318999999
1626,1626,1626.0,1626.0,1626.0,1626.0,1626.0,1626.0,1626.0,1626.0,1626.0,1626.0,1626.0,1626.0,1626.0,1626.0,1626.0,1626.0,1626.0,1626.0,1626.0,1626.0,1626.0,1626.0,1626.0,1626.0,6.0,,,,,,,,,0.6,-0.6727561806,-2.1979658088,15.607826973232632,1.9233785366,0.3813392130999999,0.9091650144,0.1588348318999999
1627,1627,1627.0,1627.0,1627.0,1627.0,1627.0,1627.0,1627.0,1627.0,1627.0,1627.0,1627.0,1627.0,1627.0,1627.0,1627.0,1627.0,1627.0,1627.0,1627.0,1627.0,1627.0,1627.0,1627.0,1627.0,7.0,,,,,,,,,0.7,-0.8064187161,-0.503520576,-4.533177178335846,2.3047177497,0.1305718466000001,0.5278258013000001,0.1588348318999999
1628,1628,1628.0,1628.0,1628.0,1628.0,1628.0,1628.0,1628.0,1628.0,1628.0,1628.0,1628.0,1628.0,1628.0,1628.0,1628.0,1628.0,1628.0,1628.0,1628.0,1628.0,1628.0,1628.0,1628.0,1628.0,8.0,,,,,,,,,0.8,-0.8762639506,-0.8869930594,-1.5929324318906617,2.4352895963,0.1711952715999998,0.3972539547,0.1588348318999999
1629,1629,1629.0,1629.0,1629.0,1629.0,1629.0,1629.0,1629.0,1629.0,1629.0,1629.0,1629.0,1629.0,1629.0,1629.0,1629.0,1629.0,1629.0,1629.0,1629.0,1629.0,1629.0,1629.0,1629.0,1629.0,9.0,,,,,,,,,0.9,-0.9683773329,-0.9541729203,-3.4451323389018267,2.6064848679,0.2260586831000002,0.2260586831000002,0.1588348318999999
1630,1630,1630.0,1630.0,1630.0,1630.0,1630.0,1630.0,1630.0,1630.0,1630.0,1630.0,1630.0,1630.0,1630.0,1630.0,1630.0,1630.0,1630.0,1630.0,1630.0,1630.0,1630.0,1630.0,1630.0,1630.0,0.0,,,,,,,,,0.0,0.0,-1.0,6.885101265722834,0.0,0.066826595,2.8263718203,0.1511915816
1631,1631,1631.0,1631.0,1631.0,1631.0,1631.0,1631.0,1631.0,1631.0,1631.0,1631.0,1631.0,1631.0,1631.0,1631.0,1631.0,1631.0,1631.0,1631.0,1631.0,1631.0,1631.0,1631.0,1631.0,1631.0,1.0,,,,,,,,,0.1,-0.0618564687,-0.2496334047,-19.8822280192173,0.066826595,0.3718310872,2.7595452253,0.1511915816
1632,1632,1632.0,1632.0,1632.0,1632.0,1632.0,1632.0,1632.0,1632.0,1632.0,1632.0,1632.0,1632.0,1632.0,1632.0,1632.0,1632.0,1632.0,1632.0,1632.0,1632.0,1632.0,1632.0,1632.0,1632.0,2.0,,,,,,,,,0.2,-0.181790877,-2.1179217983,17.092120981240186,0.4386576822,0.3219034285,2.3877141381,0.1511915816
1633,1633,1633.0,1633.0,1633.0,1633.0,1633.0,1633.0,1633.0,1633.0,1633.0,1633.0,1633.0,1633.0,1633.0,1633.0,1633.0,1633.0,1633.0,1633.0,1633.0,1633.0,1633.0,1633.0,1633.0,1633.0,3.0,,,,,,,,,0.3,-0.3006560534,-0.2898445239,-20.017871468627504,0.7605611107,0.3967120699000001,2.0658107096,0.1511915816
1634,1634,1634.0,1634.0,1634.0,1634.0,1634.0,1634.0,1634.0,1634.0,1634.0,1634.0,1634.0,1634.0,1634.0,1634.0,1634.0,1634.0,1634.0,1634.0,1634.0,1634.0,1634.0,1634.0,1634.0,1634.0,4.0,,,,,,,,,0.4,-0.4250732136,-2.1672145105,16.94120020299381,1.1572731806,0.3508919549,1.6690986396999998,0.1511915816
1635,1635,1635.0,1635.0,1635.0,1635.0,1635.0,1635.0,1635.0,1635.0,1635.0,1635.0,1635.0,1635.0,1635.0,1635.0,1635.0,1635.0,1635.0,1635.0,1635.0,1635.0,1635.0,1635.0,1635.0,1635.0,5.0,,,,,,,,,0.5,-0.5493592854,-0.3488084184,-19.906174124935035,1.5081651355,0.4306362762,1.3182066847999998,0.1511915816
1636,1636,1636.0,1636.0,1636.0,1636.0,1636.0,1636.0,1636.0,1636.0,1636.0,1636.0,1636.0,1636.0,1636.0,1636.0,1636.0,1636.0,1636.0,1636.0,1636.0,1636.0,1636.0,1636.0,1636.0,1636.0,6.0,,,,,,,,,0.6,-0.6788472811,-2.2099378352,15.617624131636813,1.9388014117,0.3854914758999999,0.8875704085999998,0.1511915816
1637,1637,1637.0,1637.0,1637.0,1637.0,1637.0,1637.0,1637.0,1637.0,1637.0,1637.0,1637.0,1637.0,1637.0,1637.0,1637.0,1637.0,1637.0,1637.0,1637.0,1637.0,1637.0,1637.0,1637.0,1637.0,7.0,,,,,,,,,0.7,-0.8136017128,-0.5134209904,-3.422776841281552,2.3242928876,0.120562155,0.5020789326999999,0.1511915816
1638,1638,1638.0,1638.0,1638.0,1638.0,1638.0,1638.0,1638.0,1638.0,1638.0,1638.0,1638.0,1638.0,1638.0,1638.0,1638.0,1638.0,1638.0,1638.0,1638.0,1638.0,1638.0,1638.0,1638.0,1638.0,8.0,,,,,,,,,0.8,-0.8790171055,-0.7902832818,-2.194229192289254,2.4448550426,0.1610597105,0.3815167776999999,0.1511915816
1639,1639,1639.0,1639.0,1639.0,1639.0,1639.0,1639.0,1639.0,1639.0,1639.0,1639.0,1639.0,1639.0,1639.0,1639.0,1639.0,1639.0,1639.0,1639.0,1639.0,1639.0,1639.0,1639.0,1639.0,1639.0,9.0,,,,,,,,,0.9,-0.9648364197,-0.9238868868,-3.551103155135531,2.6059147531,0.2204570671999999,0.2204570671999999,0.1511915816
1640,1640,1640.0,1640.0,1640.0,1640.0,1640.0,1640.0,1640.0,1640.0,1640.0,1640.0,1640.0,1640.0,1640.0,1640.0,1640.0,1640.0,1640.0,1640.0,1640.0,1640.0,1640.0,1640.0,1640.0,1640.0,0.0,,,,,,,,,0.0,0.0,-1.0,7.14726170364915,0.0,0.0674258807,2.8018099312,0.1581053524
1641,1641,1641.0,1641.0,1641.0,1641.0,1641.0,1641.0,1641.0,1641.0,1641.0,1641.0,1641.0,1641.0,1641.0,1641.0,1641.0,1641.0,1641.0,1641.0,1641.0,1641.0,1641.0,1641.0,1641.0,1641.0,1.0,,,,,,,,,0.1,-0.0605882891,-0.2246855406,-19.867738227607163,0.0674258807,0.3657142858,2.7343840505,0.1581053524
1642,1642,1642.0,1642.0,1642.0,1642.0,1642.0,1642.0,1642.0,1642.0,1642.0,1642.0,1642.0,1642.0,1642.0,1642.0,1642.0,1642.0,1642.0,1642.0,1642.0,1642.0,1642.0,1642.0,1642.0,1642.0,2.0,,,,,,,,,0.2,-0.1780784912,-2.0939691612,17.07942738540847,0.4331401665,0.3161059786,2.3686697647000003,0.1581053524
1643,1643,1643.0,1643.0,1643.0,1643.0,1643.0,1643.0,1643.0,1643.0,1643.0,1643.0,1643.0,1643.0,1643.0,1643.0,1643.0,1643.0,1643.0,1643.0,1643.0,1643.0,1643.0,1643.0,1643.0,1643.0,3.0,,,,,,,,,0.3,-0.294725677,-0.2693792369,-20.19681374110615,0.7492461451,0.3977682589000001,2.0525637861000003,0.1581053524
1644,1644,1644.0,1644.0,1644.0,1644.0,1644.0,1644.0,1644.0,1644.0,1644.0,1644.0,1644.0,1644.0,1644.0,1644.0,1644.0,1644.0,1644.0,1644.0,1644.0,1644.0,1644.0,1644.0,1644.0,1644.0,4.0,,,,,,,,,0.4,-0.4180609264,-2.1657253616,16.999693080700453,1.147014404,0.3502784096999998,1.6547955272,0.1581053524
1645,1645,1645.0,1645.0,1645.0,1645.0,1645.0,1645.0,1645.0,1645.0,1645.0,1645.0,1645.0,1645.0,1645.0,1645.0,1645.0,1645.0,1645.0,1645.0,1645.0,1645.0,1645.0,1645.0,1645.0,1645.0,5.0,,,,,,,,,0.5,-0.5419223323,-0.3418946476,-19.934606981304,1.4972928137,0.4290435623000002,1.3045171175000003,0.1581053524
1646,1646,1646.0,1646.0,1646.0,1646.0,1646.0,1646.0,1646.0,1646.0,1646.0,1646.0,1646.0,1646.0,1646.0,1646.0,1646.0,1646.0,1646.0,1646.0,1646.0,1646.0,1646.0,1646.0,1646.0,1646.0,6.0,,,,,,,,,0.6,-0.670889931,-2.206387747,15.634920844395136,1.926336376,0.3834297785,0.8754735552000001,0.1581053524
1647,1647,1647.0,1647.0,1647.0,1647.0,1647.0,1647.0,1647.0,1647.0,1647.0,1647.0,1647.0,1647.0,1647.0,1647.0,1647.0,1647.0,1647.0,1647.0,1647.0,1647.0,1647.0,1647.0,1647.0,1647.0,7.0,,,,,,,,,0.7,-0.8052228556,-0.508562738,-3.88554066418544,2.3097661545,0.1235069442999998,0.4920437767000001,0.1581053524
1648,1648,1648.0,1648.0,1648.0,1648.0,1648.0,1648.0,1648.0,1648.0,1648.0,1648.0,1648.0,1648.0,1648.0,1648.0,1648.0,1648.0,1648.0,1648.0,1648.0,1648.0,1648.0,1648.0,1648.0,1648.0,8.0,,,,,,,,,0.8,-0.8724150028,-0.8299246572,-1.4844450590360423,2.4332730988,0.1591508155999998,0.3685368324000002,0.1581053524
1649,1649,1649.0,1649.0,1649.0,1649.0,1649.0,1649.0,1649.0,1649.0,1649.0,1649.0,1649.0,1649.0,1649.0,1649.0,1649.0,1649.0,1649.0,1649.0,1649.0,1649.0,1649.0,1649.0,1649.0,1649.0,9.0,,,,,,,,,0.9,-0.958572731,-0.8922114349,-3.318091646818365,2.5924239144,0.2093860168000003,0.2093860168000003,0.1581053524
1650,1650,1650.0,1650.0,1650.0,1650.0,1650.0,1650.0,1650.0,1650.0,1650.0,1650.0,1650.0,1650.0,1650.0,1650.0,1650.0,1650.0,1650.0,1650.0,1650.0,1650.0,1650.0,1650.0,1650.0,1650.0,0.0,,,,,,,,,0.0,0.0,-1.0,6.899111596436467,0.0,0.0668558061,2.9261635804,0.1293908506
1651,1651,1651.0,1651.0,1651.0,1651.0,1651.0,1651.0,1651.0,1651.0,1651.0,1651.0,1651.0,1651.0,1651.0,1651.0,1651.0,1651.0,1651.0,1651.0,1651.0,1651.0,1651.0,1651.0,1651.0,1651.0,1.0,,,,,,,,,0.1,-0.0617886949,-0.2483001455,-20.15939735979656,0.0668558061,0.3811471040999999,2.8593077743,0.1293908506
1652,1652,1652.0,1652.0,1652.0,1652.0,1652.0,1652.0,1652.0,1652.0,1652.0,1652.0,1652.0,1652.0,1652.0,1652.0,1652.0,1652.0,1652.0,1652.0,1652.0,1652.0,1652.0,1652.0,1652.0,1652.0,2.0,,,,,,,,,0.2,-0.1829370107,-2.1430915656,17.13009859057705,0.4480029102,0.3281660032,2.4781606702,0.1293908506
1653,1653,1653.0,1653.0,1653.0,1653.0,1653.0,1653.0,1653.0,1653.0,1653.0,1653.0,1653.0,1653.0,1653.0,1653.0,1653.0,1653.0,1653.0,1653.0,1653.0,1653.0,1653.0,1653.0,1653.0,1653.0,3.0,,,,,,,,,0.3,-0.3040136936,-0.3090050237,-19.990097816170287,0.7761689134,0.4005477098999999,2.149994667,0.1293908506
1654,1654,1654.0,1654.0,1654.0,1654.0,1654.0,1654.0,1654.0,1654.0,1654.0,1654.0,1654.0,1654.0,1654.0,1654.0,1654.0,1654.0,1654.0,1654.0,1654.0,1654.0,1654.0,1654.0,1654.0,1654.0,4.0,,,,,,,,,0.4,-0.4301198591,-2.1819086398,16.851827543492732,1.1767166233,0.3543512834,1.7494469571,0.1293908506
1655,1655,1655.0,1655.0,1655.0,1655.0,1655.0,1655.0,1655.0,1655.0,1655.0,1655.0,1655.0,1655.0,1655.0,1655.0,1655.0,1655.0,1655.0,1655.0,1655.0,1655.0,1655.0,1655.0,1655.0,1655.0,5.0,,,,,,,,,0.5,-0.5562365952,-0.3706091494,-20.178019332905286,1.5310679067,0.4467376163000001,1.3950956737,0.1293908506
1656,1656,1656.0,1656.0,1656.0,1656.0,1656.0,1656.0,1656.0,1656.0,1656.0,1656.0,1656.0,1656.0,1656.0,1656.0,1656.0,1656.0,1656.0,1656.0,1656.0,1656.0,1656.0,1656.0,1656.0,1656.0,6.0,,,,,,,,,0.6,-0.6891142333,-2.2555334446,16.174449923360154,1.977805523,0.4022288171999999,0.9483580574,0.1293908506
1657,1657,1657.0,1657.0,1657.0,1657.0,1657.0,1657.0,1657.0,1657.0,1657.0,1657.0,1657.0,1657.0,1657.0,1657.0,1657.0,1657.0,1657.0,1657.0,1657.0,1657.0,1657.0,1657.0,1657.0,1657.0,7.0,,,,,,,,,0.7,-0.8255140617,-0.5016886238,-4.37563472207742,2.3800343402,0.1316550867999999,0.5461292402,0.1293908506
1658,1658,1658.0,1658.0,1658.0,1658.0,1658.0,1658.0,1658.0,1658.0,1658.0,1658.0,1658.0,1658.0,1658.0,1658.0,1658.0,1658.0,1658.0,1658.0,1658.0,1658.0,1658.0,1658.0,1658.0,1658.0,8.0,,,,,,,,,0.8,-0.8944228668,-0.8703432909,-1.8067813982907568,2.511689427,0.1738704472000001,0.4144741534,0.1293908506
1659,1659,1659.0,1659.0,1659.0,1659.0,1659.0,1659.0,1659.0,1659.0,1659.0,1659.0,1659.0,1659.0,1659.0,1659.0,1659.0,1659.0,1659.0,1659.0,1659.0,1659.0,1659.0,1659.0,1659.0,1659.0,9.0,,,,,,,,,0.9,-0.9859863755,-0.959457922,-4.091706925679336,2.6855598742,0.2406037061999999,0.2406037061999999,0.1293908506
1660,1660,1660.0,1660.0,1660.0,1660.0,1660.0,1660.0,1660.0,1660.0,1660.0,1660.0,1660.0,1660.0,1660.0,1660.0,1660.0,1660.0,1660.0,1660.0,1660.0,1660.0,1660.0,1660.0,1660.0,1660.0,0.0,,,,,,,,,0.0,0.0,-1.0,6.848981337530329,0.0,0.0667527528,2.8685064265,0.1434796625
1661,1661,1661.0,1661.0,1661.0,1661.0,1661.0,1661.0,1661.0,1661.0,1661.0,1661.0,1661.0,1661.0,1661.0,1661.0,1661.0,1661.0,1661.0,1661.0,1661.0,1661.0,1661.0,1661.0,1661.0,1661.0,1.0,,,,,,,,,0.1,-0.0620311959,-0.2530706704,-20.062398389333584,0.0667527528,0.3788610619,2.8017536737000004,0.1434796625
1662,1662,1662.0,1662.0,1662.0,1662.0,1662.0,1662.0,1662.0,1662.0,1662.0,1662.0,1662.0,1662.0,1662.0,1662.0,1662.0,1662.0,1662.0,1662.0,1662.0,1662.0,1662.0,1662.0,1662.0,1662.0,2.0,,,,,,,,,0.2,-0.1831642627,-2.1381774425,16.96132432499561,0.4456138147,0.325646342,2.4228926118000005,0.1434796625
1663,1663,1663.0,1663.0,1663.0,1663.0,1663.0,1663.0,1663.0,1663.0,1663.0,1663.0,1663.0,1663.0,1663.0,1663.0,1663.0,1663.0,1663.0,1663.0,1663.0,1663.0,1663.0,1663.0,1663.0,1663.0,3.0,,,,,,,,,0.3,-0.3045897366,-0.3206195361,-20.02727169777725,0.7712601567,0.4047123011999999,2.0972462698000003,0.1434796625
1664,1664,1664.0,1664.0,1664.0,1664.0,1664.0,1664.0,1664.0,1664.0,1664.0,1664.0,1664.0,1664.0,1664.0,1664.0,1664.0,1664.0,1664.0,1664.0,1664.0,1664.0,1664.0,1664.0,1664.0,1664.0,4.0,,,,,,,,,0.4,-0.4319809938,-2.1959554486,17.133439176529784,1.1759724579,0.360140267,1.6925339686000005,0.1434796625
1665,1665,1665.0,1665.0,1665.0,1665.0,1665.0,1665.0,1665.0,1665.0,1665.0,1665.0,1665.0,1665.0,1665.0,1665.0,1665.0,1665.0,1665.0,1665.0,1665.0,1665.0,1665.0,1665.0,1665.0,1665.0,5.0,,,,,,,,,0.5,-0.5580721873,-0.3565203375,-19.91977986942015,1.5361127249,0.4341024729,1.3323937016000005,0.1434796625
1666,1666,1666.0,1666.0,1666.0,1666.0,1666.0,1666.0,1666.0,1666.0,1666.0,1666.0,1666.0,1666.0,1666.0,1666.0,1666.0,1666.0,1666.0,1666.0,1666.0,1666.0,1666.0,1666.0,1666.0,1666.0,6.0,,,,,,,,,0.6,-0.6883598857,-2.2182106261,15.56666553088743,1.9702151978,0.3889113384999998,0.8982912287000002,0.1434796625
1667,1667,1667.0,1667.0,1667.0,1667.0,1667.0,1667.0,1667.0,1667.0,1667.0,1667.0,1667.0,1667.0,1667.0,1667.0,1667.0,1667.0,1667.0,1667.0,1667.0,1667.0,1667.0,1667.0,1667.0,1667.0,7.0,,,,,,,,,0.7,-0.8241480859,-0.5257558728,-3.0606058730503234,2.3591265363,0.1202738268000001,0.5093798902000004,0.1434796625
1668,1668,1668.0,1668.0,1668.0,1668.0,1668.0,1668.0,1668.0,1668.0,1668.0,1668.0,1668.0,1668.0,1668.0,1668.0,1668.0,1668.0,1668.0,1668.0,1668.0,1668.0,1668.0,1668.0,1668.0,1668.0,8.0,,,,,,,,,0.8,-0.8889851762,-0.7669793697,-2.6346212808294056,2.4794003631,0.1638549234000001,0.3891060634000003,0.1434796625
1669,1669,1669.0,1669.0,1669.0,1669.0,1669.0,1669.0,1669.0,1669.0,1669.0,1669.0,1669.0,1669.0,1669.0,1669.0,1669.0,1669.0,1669.0,1669.0,1669.0,1669.0,1669.0,1669.0,1669.0,1669.0,9.0,,,,,,,,,0.9,-0.9747176349,-0.9447090391,-3.439221581645846,2.6432552865,0.2252511400000001,0.2252511400000001,0.1434796625
1670,1670,1670.0,1670.0,1670.0,1670.0,1670.0,1670.0,1670.0,1670.0,1670.0,1670.0,1670.0,1670.0,1670.0,1670.0,1670.0,1670.0,1670.0,1670.0,1670.0,1670.0,1670.0,1670.0,1670.0,1670.0,0.0,,,,,,,,,0.0,0.0,-1.0,6.893034635224414,0.0,0.0668430968,2.8315663207,0.1532284323
1671,1671,1671.0,1671.0,1671.0,1671.0,1671.0,1671.0,1671.0,1671.0,1671.0,1671.0,1671.0,1671.0,1671.0,1671.0,1671.0,1671.0,1671.0,1671.0,1671.0,1671.0,1671.0,1671.0,1671.0,1671.0,1.0,,,,,,,,,0.1,-0.0618180917,-0.2488784448,-19.991351416828422,0.0668430968,0.3754322156,2.7647232239,0.1532284323
1672,1672,1672.0,1672.0,1672.0,1672.0,1672.0,1672.0,1672.0,1672.0,1672.0,1672.0,1672.0,1672.0,1672.0,1672.0,1672.0,1672.0,1672.0,1672.0,1672.0,1672.0,1672.0,1672.0,1672.0,1672.0,2.0,,,,,,,,,0.2,-0.1822085315,-2.1276231466,16.93648747566343,0.4422753124,0.3229084735,2.3892910083,0.1532284323
1673,1673,1673.0,1673.0,1673.0,1673.0,1673.0,1673.0,1673.0,1673.0,1673.0,1673.0,1673.0,1673.0,1673.0,1673.0,1673.0,1673.0,1673.0,1673.0,1673.0,1673.0,1673.0,1673.0,1673.0,1673.0,3.0,,,,,,,,,0.3,-0.3027497776,-0.313433153,-19.80627199529512,0.7651837859,0.3950599942,2.0663825348,0.1532284323
1674,1674,1674.0,1674.0,1674.0,1674.0,1674.0,1674.0,1674.0,1674.0,1674.0,1674.0,1674.0,1674.0,1674.0,1674.0,1674.0,1674.0,1674.0,1674.0,1674.0,1674.0,1674.0,1674.0,1674.0,1674.0,4.0,,,,,,,,,0.4,-0.4283880925,-2.1684220376,16.97408567468174,1.1602437801,0.3517728187,1.6713225406,0.1532284323
1675,1675,1675.0,1675.0,1675.0,1675.0,1675.0,1675.0,1675.0,1675.0,1675.0,1675.0,1675.0,1675.0,1675.0,1675.0,1675.0,1675.0,1675.0,1675.0,1675.0,1675.0,1675.0,1675.0,1675.0,1675.0,5.0,,,,,,,,,0.5,-0.5526299949,-0.3467715677,-20.04102336022233,1.5120165988,0.4353328305999999,1.3195497219,0.1532284323
1676,1676,1676.0,1676.0,1676.0,1676.0,1676.0,1676.0,1676.0,1676.0,1676.0,1676.0,1676.0,1676.0,1676.0,1676.0,1676.0,1676.0,1676.0,1676.0,1676.0,1676.0,1676.0,1676.0,1676.0,1676.0,6.0,,,,,,,,,0.6,-0.6825764808,-2.2209274179,15.449508992834758,1.9473494294,0.3881997212999999,0.8842168912999999,0.1532284323
1677,1677,1677.0,1677.0,1677.0,1677.0,1677.0,1677.0,1677.0,1677.0,1677.0,1677.0,1677.0,1677.0,1677.0,1677.0,1677.0,1677.0,1677.0,1677.0,1677.0,1677.0,1677.0,1677.0,1677.0,1677.0,7.0,,,,,,,,,0.7,-0.8191899531,-0.5393630463,-2.634745683649842,2.3355491507,0.1170710770000003,0.49601717,0.1532284323
1678,1678,1678.0,1678.0,1678.0,1678.0,1678.0,1678.0,1678.0,1678.0,1678.0,1678.0,1678.0,1678.0,1678.0,1678.0,1678.0,1678.0,1678.0,1678.0,1678.0,1678.0,1678.0,1678.0,1678.0,1678.0,8.0,,,,,,,,,0.8,-0.8832614394,-0.7387661284,-2.6802975031549083,2.4526202277,0.1585295859999997,0.3789460929999997,0.1532284323
1679,1679,1679.0,1679.0,1679.0,1679.0,1679.0,1679.0,1679.0,1679.0,1679.0,1679.0,1679.0,1679.0,1679.0,1679.0,1679.0,1679.0,1679.0,1679.0,1679.0,1679.0,1679.0,1679.0,1679.0,1679.0,9.0,,,,,,,,,0.9,-0.9665300438,-0.9235272742,-3.529666539233424,2.6111498137,0.2204165069999999,0.2204165069999999,0.1532284323
1680,1680,1680.0,1680.0,1680.0,1680.0,1680.0,1680.0,1680.0,1680.0,1680.0,1680.0,1680.0,1680.0,1680.0,1680.0,1680.0,1680.0,1680.0,1680.0,1680.0,1680.0,1680.0,1680.0,1680.0,0.0,,,,,,,,,,0.0,0.0,-1.0,2.6438140212247805,0.0,0.0726011608,3.3791445985,0.1732139758999999
1681,1681,1681.0,1681.0,1681.0,1681.0,1681.0,1681.0,1681.0,1681.0,1681.0,1681.0,1681.0,1681.0,1681.0,1681.0,1681.0,1681.0,1681.0,1681.0,1681.0,1681.0,1681.0,1681.0,1681.0,1.0,,,,,,,,,,0.1,-0.0823733452,-0.6532452526,-4.880602394005949,0.0726011608,0.0883781461,3.3065434377,0.1732139758999999
1682,1682,1682.0,1682.0,1682.0,1682.0,1682.0,1682.0,1682.0,1682.0,1682.0,1682.0,1682.0,1682.0,1682.0,1682.0,1682.0,1682.0,1682.0,1682.0,1682.0,1682.0,1682.0,1682.0,1682.0,2.0,,,,,,,,,,0.2,-0.1681473643,-1.0555314729,3.647728890008906,0.1609793069,0.0814889369,3.2181652916,0.1732139758999999
1683,1683,1683.0,1683.0,1683.0,1683.0,1683.0,1683.0,1683.0,1683.0,1683.0,1683.0,1683.0,1683.0,1683.0,1683.0,1683.0,1683.0,1683.0,1683.0,1683.0,1683.0,1683.0,1683.0,1683.0,3.0,,,,,,,,,,0.3,-0.2509488776,-0.6079570706,-20.196303139378447,0.2424682438,0.4848802018,3.1366763547,0.1732139758999999
1684,1684,1684.0,1684.0,1684.0,1684.0,1684.0,1684.0,1684.0,1684.0,1684.0,1684.0,1684.0,1684.0,1684.0,1684.0,1684.0,1684.0,1684.0,1684.0,1684.0,1684.0,1684.0,1684.0,1684.0,4.0,,,,,,,,,,0.4,-0.4065015943,-2.4720346679,20.070950070405125,0.7273484456,0.4551454186,2.6517961529,0.1732139758999999
1685,1685,1685.0,1685.0,1685.0,1685.0,1685.0,1685.0,1685.0,1685.0,1685.0,1685.0,1685.0,1685.0,1685.0,1685.0,1685.0,1685.0,1685.0,1685.0,1685.0,1685.0,1685.0,1685.0,1685.0,5.0,,,,,,,,,,0.5,-0.5446552311,-0.3267860241,-20.19406368582499,1.1824938642,0.4348826936999999,2.1966507343,0.1732139758999999
1686,1686,1686.0,1686.0,1686.0,1686.0,1686.0,1686.0,1686.0,1686.0,1686.0,1686.0,1686.0,1686.0,1686.0,1686.0,1686.0,1686.0,1686.0,1686.0,1686.0,1686.0,1686.0,1686.0,1686.0,6.0,,,,,,,,,,0.6,-0.6734401552,-2.2174074686,18.494416908961515,1.6173765579,0.4076034405000002,1.7617680406,0.1732139758999999
1687,1687,1687.0,1687.0,1687.0,1687.0,1687.0,1687.0,1687.0,1687.0,1687.0,1687.0,1687.0,1687.0,1687.0,1687.0,1687.0,1687.0,1687.0,1687.0,1687.0,1687.0,1687.0,1687.0,1687.0,7.0,,,,,,,,,,0.7,-0.7949891624,-0.2464167705,-20.074182505196287,2.0249799984,0.4470989602999999,1.3541646000999998,0.1732139758999999
1688,1688,1688.0,1688.0,1688.0,1688.0,1688.0,1688.0,1688.0,1688.0,1688.0,1688.0,1688.0,1688.0,1688.0,1688.0,1688.0,1688.0,1688.0,1688.0,1688.0,1688.0,1688.0,1688.0,1688.0,8.0,,,,,,,,,,0.8,-0.9155460145,-2.1332781688,18.34327267487622,2.4720789587,0.4283680976999999,0.9070656398,0.1732139758999999
1689,1689,1689.0,1689.0,1689.0,1689.0,1689.0,1689.0,1689.0,1689.0,1689.0,1689.0,1689.0,1689.0,1689.0,1689.0,1689.0,1689.0,1689.0,1689.0,1689.0,1689.0,1689.0,1689.0,1689.0,9.0,,,,,,,,,,0.9,-1.0298202086,-0.1846767072,-20.1013737214772,2.9004470564,0.4786975420999999,0.4786975420999999,0.1732139758999999
1690,1690,1690.0,1690.0,1690.0,1690.0,1690.0,1690.0,1690.0,1690.0,1690.0,1690.0,1690.0,1690.0,1690.0,1690.0,1690.0,1690.0,1690.0,1690.0,1690.0,1690.0,1690.0,1690.0,1690.0,0.0,,,,,,,,,,0.0,0.0,-1.0,2.338094805181433,0.0,0.0741433144,3.3677278777,0.1654087909
1691,1691,1691.0,1691.0,1691.0,1691.0,1691.0,1691.0,1691.0,1691.0,1691.0,1691.0,1691.0,1691.0,1691.0,1691.0,1691.0,1691.0,1691.0,1691.0,1691.0,1691.0,1691.0,1691.0,1691.0,1.0,,,,,,,,,,0.1,-0.083852237,-0.6823382824,-4.641071933032023,0.0741433144,0.0899232509,3.2935845633,0.1654087909
1692,1692,1692.0,1692.0,1692.0,1692.0,1692.0,1692.0,1692.0,1692.0,1692.0,1692.0,1692.0,1692.0,1692.0,1692.0,1692.0,1692.0,1692.0,1692.0,1692.0,1692.0,1692.0,1692.0,1692.0,2.0,,,,,,,,,,0.2,-0.171236115,-1.0590615978,3.490466259081749,0.1640665653,0.0828011639,3.2036613124,0.1654087909
1693,1693,1693.0,1693.0,1693.0,1693.0,1693.0,1693.0,1693.0,1693.0,1693.0,1693.0,1693.0,1693.0,1693.0,1693.0,1693.0,1693.0,1693.0,1693.0,1693.0,1693.0,1693.0,1693.0,1693.0,3.0,,,,,,,,,,0.3,-0.2551343091,-0.6261167778,-19.86760539763709,0.2468677292,0.477995179,3.1208601485,0.1654087909
1694,1694,1694.0,1694.0,1694.0,1694.0,1694.0,1694.0,1694.0,1694.0,1694.0,1694.0,1694.0,1694.0,1694.0,1694.0,1694.0,1694.0,1694.0,1694.0,1694.0,1694.0,1694.0,1694.0,1694.0,4.0,,,,,,,,,,0.4,-0.4108251011,-2.4571865255,19.847749529253083,0.7248629082,0.4493574683999999,2.6428649695,0.1654087909
1695,1695,1695.0,1695.0,1695.0,1695.0,1695.0,1695.0,1695.0,1695.0,1695.0,1695.0,1695.0,1695.0,1695.0,1695.0,1695.0,1695.0,1695.0,1695.0,1695.0,1695.0,1695.0,1695.0,1695.0,5.0,,,,,,,,,,0.5,-0.5486454647,-0.3345912091,-20.032880319327592,1.1742203766,0.4315284712,2.1935075011,0.1654087909
1696,1696,1696.0,1696.0,1696.0,1696.0,1696.0,1696.0,1696.0,1696.0,1696.0,1696.0,1696.0,1696.0,1696.0,1696.0,1696.0,1696.0,1696.0,1696.0,1696.0,1696.0,1696.0,1696.0,1696.0,6.0,,,,,,,,,,0.6,-0.6773934449,-2.2091312608,18.40713666399901,1.6057488478,0.4053634763,1.7619790299000002,0.1654087909
1697,1697,1697.0,1697.0,1697.0,1697.0,1697.0,1697.0,1697.0,1697.0,1697.0,1697.0,1697.0,1697.0,1697.0,1697.0,1697.0,1697.0,1697.0,1697.0,1697.0,1697.0,1697.0,1697.0,1697.0,7.0,,,,,,,,,,0.7,-0.7985770778,-0.2472339615,-20.10409296883713,2.0111123241,0.4489428897,1.3566155536000002,0.1654087909
1698,1698,1698.0,1698.0,1698.0,1698.0,1698.0,1698.0,1698.0,1698.0,1698.0,1698.0,1698.0,1698.0,1698.0,1698.0,1698.0,1698.0,1698.0,1698.0,1698.0,1698.0,1698.0,1698.0,1698.0,8.0,,,,,,,,,,0.8,-0.9193563852,-2.1368639509,18.61035308773567,2.4600552138,0.4326825544999999,0.9076726639,0.1654087909
1699,1699,1699.0,1699.0,1699.0,1699.0,1699.0,1699.0,1699.0,1699.0,1699.0,1699.0,1699.0,1699.0,1699.0,1699.0,1699.0,1699.0,1699.0,1699.0,1699.0,1699.0,1699.0,1699.0,1699.0,9.0,,,,,,,,,,0.9,-1.0326798317,-0.1625051957,-20.11987292753421,2.8927377683,0.4749901094000002,0.4749901094000002,0.1654087909
1700,1700,1700.0,1700.0,1700.0,1700.0,1700.0,1700.0,1700.0,1700.0,1700.0,1700.0,1700.0,1700.0,1700.0,1700.0,1700.0,1700.0,1700.0,1700.0,1700.0,1700.0,1700.0,1700.0,1700.0,0.0,,,,,,,,,,0.0,0.0,-1.0,2.662460512466821,0.0,0.0725121796,3.3577653492,0.1650919644
1701,1701,1701.0,1701.0,1701.0,1701.0,1701.0,1701.0,1701.0,1701.0,1701.0,1701.0,1701.0,1701.0,1701.0,1701.0,1701.0,1701.0,1701.0,1701.0,1701.0,1701.0,1701.0,1701.0,1701.0,1.0,,,,,,,,,,0.1,-0.0822831493,-0.6514707995,-5.047620866991148,0.0725121796,0.0904207501999999,3.2852531696,0.1650919644
1702,1702,1702.0,1702.0,1702.0,1702.0,1702.0,1702.0,1702.0,1702.0,1702.0,1702.0,1702.0,1702.0,1702.0,1702.0,1702.0,1702.0,1702.0,1702.0,1702.0,1702.0,1702.0,1702.0,1702.0,2.0,,,,,,,,,,0.2,-0.1686962449,-1.0698197905,3.529446219741046,0.1629329298,0.0842920201,3.1948324194,0.1650919644
1703,1703,1703.0,1703.0,1703.0,1703.0,1703.0,1703.0,1703.0,1703.0,1703.0,1703.0,1703.0,1703.0,1703.0,1703.0,1703.0,1703.0,1703.0,1703.0,1703.0,1703.0,1703.0,1703.0,1703.0,3.0,,,,,,,,,,0.3,-0.2534296507,-0.6321417627,-19.919477387172588,0.2472249499,0.4816521947,3.1105403993,0.1650919644
1704,1704,1704.0,1704.0,1704.0,1704.0,1704.0,1704.0,1704.0,1704.0,1704.0,1704.0,1704.0,1704.0,1704.0,1704.0,1704.0,1704.0,1704.0,1704.0,1704.0,1704.0,1704.0,1704.0,1704.0,4.0,,,,,,,,,,0.4,-0.409944717,-2.4675744352,19.94319190390538,0.7288771446,0.4530166573,2.6288882046,0.1650919644
1705,1705,1705.0,1705.0,1705.0,1705.0,1705.0,1705.0,1705.0,1705.0,1705.0,1705.0,1705.0,1705.0,1705.0,1705.0,1705.0,1705.0,1705.0,1705.0,1705.0,1705.0,1705.0,1705.0,1705.0,5.0,,,,,,,,,,0.5,-0.5482919262,-0.3349080356,-20.0050163640858,1.1818938019,0.4305715724999999,2.1758715473,0.1650919644
1706,1706,1706.0,1706.0,1706.0,1706.0,1706.0,1706.0,1706.0,1706.0,1706.0,1706.0,1706.0,1706.0,1706.0,1706.0,1706.0,1706.0,1706.0,1706.0,1706.0,1706.0,1706.0,1706.0,1706.0,6.0,,,,,,,,,,0.6,-0.6769352669,-2.2067663313,18.45582987783441,1.6124653744,0.4051918401999999,1.7452999748000002,0.1650919644
1707,1707,1707.0,1707.0,1707.0,1707.0,1707.0,1707.0,1707.0,1707.0,1707.0,1707.0,1707.0,1707.0,1707.0,1707.0,1707.0,1707.0,1707.0,1707.0,1707.0,1707.0,1707.0,1707.0,1707.0,7.0,,,,,,,,,,0.7,-0.7976582975,-0.2404603129,-19.96067319598696,2.0176572146,0.4421946460000003,1.3401081346000003,0.1650919644
1708,1708,1708.0,1708.0,1708.0,1708.0,1708.0,1708.0,1708.0,1708.0,1708.0,1708.0,1708.0,1708.0,1708.0,1708.0,1708.0,1708.0,1708.0,1708.0,1708.0,1708.0,1708.0,1708.0,1708.0,8.0,,,,,,,,,,0.8,-0.917099227,-2.1170867031,17.80165715368986,2.4598518606,0.4196862824999998,0.8979134886,0.1650919644
1709,1709,1709.0,1709.0,1709.0,1709.0,1709.0,1709.0,1709.0,1709.0,1709.0,1709.0,1709.0,1709.0,1709.0,1709.0,1709.0,1709.0,1709.0,1709.0,1709.0,1709.0,1709.0,1709.0,1709.0,9.0,,,,,,,,,,0.9,-1.0324526206,-0.2215675941,-19.827575651401503,2.8795381431,0.4782272061000001,0.4782272061000001,0.1650919644
1710,1710,1710.0,1710.0,1710.0,1710.0,1710.0,1710.0,1710.0,1710.0,1710.0,1710.0,1710.0,1710.0,1710.0,1710.0,1710.0,1710.0,1710.0,1710.0,1710.0,1710.0,1710.0,1710.0,1710.0,0.0,,,,,,,,,,0.0,0.0,-1.0,2.6908170973480927,0.0,0.0723776702,3.3616138571000005,0.158953092
1711,1711,1711.0,1711.0,1711.0,1711.0,1711.0,1711.0,1711.0,1711.0,1711.0,1711.0,1711.0,1711.0,1711.0,1711.0,1711.0,1711.0,1711.0,1711.0,1711.0,1711.0,1711.0,1711.0,1711.0,1.0,,,,,,,,,,0.1,-0.0821459766,-0.6487723137,-5.024927510703563,0.0723776702,0.0896530833,3.2892361869000006,0.158953092
1712,1712,1712.0,1712.0,1712.0,1712.0,1712.0,1712.0,1712.0,1712.0,1712.0,1712.0,1712.0,1712.0,1712.0,1712.0,1712.0,1712.0,1712.0,1712.0,1712.0,1712.0,1712.0,1712.0,1712.0,2.0,,,,,,,,,,0.2,-0.1681925002,-1.0652185412,3.46185471055752,0.1620307535,0.0837916227999999,3.1995831036000006,0.158953092
1713,1713,1713.0,1713.0,1713.0,1713.0,1713.0,1713.0,1713.0,1713.0,1713.0,1713.0,1713.0,1713.0,1713.0,1713.0,1713.0,1713.0,1713.0,1713.0,1713.0,1713.0,1713.0,1713.0,1713.0,3.0,,,,,,,,,,0.3,-0.2528150076,-0.6344105627,-19.812320331258864,0.2458223763,0.4782161547,3.1157914808000005,0.158953092
1714,1714,1714.0,1714.0,1714.0,1714.0,1714.0,1714.0,1714.0,1714.0,1714.0,1714.0,1714.0,1714.0,1714.0,1714.0,1714.0,1714.0,1714.0,1714.0,1714.0,1714.0,1714.0,1714.0,1714.0,4.0,,,,,,,,,,0.4,-0.4090276153,-2.4594299881,19.80124248865083,0.724038531,0.4493379047,2.6375753261000003,0.158953092
1715,1715,1715.0,1715.0,1715.0,1715.0,1715.0,1715.0,1715.0,1715.0,1715.0,1715.0,1715.0,1715.0,1715.0,1715.0,1715.0,1715.0,1715.0,1715.0,1715.0,1715.0,1715.0,1715.0,1715.0,5.0,,,,,,,,,,0.5,-0.5472864465,-0.341046908,-20.027058691857004,1.1733764357,0.4327633703,2.1882374214,0.158953092
1716,1716,1716.0,1716.0,1716.0,1716.0,1716.0,1716.0,1716.0,1716.0,1716.0,1716.0,1716.0,1716.0,1716.0,1716.0,1716.0,1716.0,1716.0,1716.0,1716.0,1716.0,1716.0,1716.0,1716.0,6.0,,,,,,,,,,0.6,-0.6766206061,-2.2144186177,18.31983232665644,1.606139806,0.4057024924999999,1.7554740511,0.158953092
1717,1717,1717.0,1717.0,1717.0,1717.0,1717.0,1717.0,1717.0,1717.0,1717.0,1717.0,1717.0,1717.0,1717.0,1717.0,1717.0,1717.0,1717.0,1717.0,1717.0,1717.0,1717.0,1717.0,1717.0,7.0,,,,,,,,,,0.7,-0.7987297252,-0.2603262659,-19.92987589768352,2.0118422985,0.4459633081,1.3497715586,0.158953092
1718,1718,1718.0,1718.0,1718.0,1718.0,1718.0,1718.0,1718.0,1718.0,1718.0,1718.0,1718.0,1718.0,1718.0,1718.0,1718.0,1718.0,1718.0,1718.0,1718.0,1718.0,1718.0,1718.0,1718.0,8.0,,,,,,,,,,0.8,-0.9199120899,-2.1321314909,18.394267831518803,2.4578056066,0.4294844270999998,0.9038082505,0.158953092
1719,1719,1719.0,1719.0,1719.0,1719.0,1719.0,1719.0,1719.0,1719.0,1719.0,1719.0,1719.0,1719.0,1719.0,1719.0,1719.0,1719.0,1719.0,1719.0,1719.0,1719.0,1719.0,1719.0,1719.0,9.0,,,,,,,,,,0.9,-1.0338304782,-0.1787863195,-19.98759157085401,2.8872900337,0.4743238234000002,0.4743238234000002,0.158953092
1720,1720,1720.0,1720.0,1720.0,1720.0,1720.0,1720.0,1720.0,1720.0,1720.0,1720.0,1720.0,1720.0,1720.0,1720.0,1720.0,1720.0,1720.0,1720.0,1720.0,1720.0,1720.0,1720.0,1720.0,0.0,,,,,,,,,,0.0,0.0,-1.0,2.351281780694221,0.0,0.0740736701,3.3534308626,0.187214937
1721,1721,1721.0,1721.0,1721.0,1721.0,1721.0,1721.0,1721.0,1721.0,1721.0,1721.0,1721.0,1721.0,1721.0,1721.0,1721.0,1721.0,1721.0,1721.0,1721.0,1721.0,1721.0,1721.0,1721.0,1.0,,,,,,,,,,0.1,-0.0837884461,-0.6810833758,-4.420791576494611,0.0740736701,0.0867272534,3.2793571925,0.187214937
1722,1722,1722.0,1722.0,1722.0,1722.0,1722.0,1722.0,1722.0,1722.0,1722.0,1722.0,1722.0,1722.0,1722.0,1722.0,1722.0,1722.0,1722.0,1722.0,1722.0,1722.0,1722.0,1722.0,1722.0,2.0,,,,,,,,,,0.2,-0.1699873158,-1.0369636638,3.163060240633174,0.1608009235,0.08053504,3.1926299391,0.187214937
1723,1723,1723.0,1723.0,1723.0,1723.0,1723.0,1723.0,1723.0,1723.0,1723.0,1723.0,1723.0,1723.0,1723.0,1723.0,1723.0,1723.0,1723.0,1723.0,1723.0,1723.0,1723.0,1723.0,1723.0,3.0,,,,,,,,,,0.3,-0.253366413,-0.6372785425,-19.81482722286629,0.2413359635,0.4792007691,3.1120948991,0.187214937
1724,1724,1724.0,1724.0,1724.0,1724.0,1724.0,1724.0,1724.0,1724.0,1724.0,1724.0,1724.0,1724.0,1724.0,1724.0,1724.0,1724.0,1724.0,1724.0,1724.0,1724.0,1724.0,1724.0,1724.0,4.0,,,,,,,,,,0.4,-0.4098640722,-2.4622636056,20.12517031449536,0.7205367326,0.4533813648000001,2.63289413,0.187214937
1725,1725,1725.0,1725.0,1725.0,1725.0,1725.0,1725.0,1725.0,1725.0,1725.0,1725.0,1725.0,1725.0,1725.0,1725.0,1725.0,1725.0,1725.0,1725.0,1725.0,1725.0,1725.0,1725.0,1725.0,5.0,,,,,,,,,,0.5,-0.5468255834,-0.312785063,-20.19421165856583,1.1739180974,0.4316908757,2.1795127652,0.187214937
1726,1726,1726.0,1726.0,1726.0,1726.0,1726.0,1726.0,1726.0,1726.0,1726.0,1726.0,1726.0,1726.0,1726.0,1726.0,1726.0,1726.0,1726.0,1726.0,1726.0,1726.0,1726.0,1726.0,1726.0,6.0,,,,,,,,,,0.6,-0.6742788546,-2.2047529576,18.437836235066555,1.6056089731,0.4041350671000001,1.7478218894999995,0.187214937
1727,1727,1727.0,1727.0,1727.0,1727.0,1727.0,1727.0,1727.0,1727.0,1727.0,1727.0,1727.0,1727.0,1727.0,1727.0,1727.0,1727.0,1727.0,1727.0,1727.0,1727.0,1727.0,1727.0,1727.0,7.0,,,,,,,,,,0.7,-0.7948973301,-0.2403508586,-20.042978788378527,2.0097440402,0.4445727462,1.3436868223999996,0.187214937
1728,1728,1728.0,1728.0,1728.0,1728.0,1728.0,1728.0,1728.0,1728.0,1728.0,1728.0,1728.0,1728.0,1728.0,1728.0,1728.0,1728.0,1728.0,1728.0,1728.0,1728.0,1728.0,1728.0,1728.0,8.0,,,,,,,,,,0.8,-0.9147259903,-2.1248200772,18.368650025115485,2.4543167864,0.4265218440999998,0.8991140761999996,0.187214937
1729,1729,1729.0,1729.0,1729.0,1729.0,1729.0,1729.0,1729.0,1729.0,1729.0,1729.0,1729.0,1729.0,1729.0,1729.0,1729.0,1729.0,1729.0,1729.0,1729.0,1729.0,1729.0,1729.0,1729.0,9.0,,,,,,,,,,0.9,-1.0280725296,-0.1746085355,-20.00039244470537,2.8808386305,0.4725922320999998,0.4725922320999998,0.187214937
1730,1730,1730.0,1730.0,1730.0,1730.0,1730.0,1730.0,1730.0,1730.0,1730.0,1730.0,1730.0,1730.0,1730.0,1730.0,1730.0,1730.0,1730.0,1730.0,1730.0,1730.0,1730.0,1730.0,1730.0,0.0,,,,,,,,,,0.0,0.0,-1.0,2.6925608865649604,0.0,0.072369441,3.3529924369000006,0.1783668460999999
1731,1731,1731.0,1731.0,1731.0,1731.0,1731.0,1731.0,1731.0,1731.0,1731.0,1731.0,1731.0,1731.0,1731.0,1731.0,1731.0,1731.0,1731.0,1731.0,1731.0,1731.0,1731.0,1731.0,1731.0,1.0,,,,,,,,,,0.1,-0.0821375412,-0.6486063702,-4.9716806273553615,0.072369441,0.0888794903999999,3.2806229959000004,0.1783668460999999
1732,1732,1732.0,1732.0,1732.0,1732.0,1732.0,1732.0,1732.0,1732.0,1732.0,1732.0,1732.0,1732.0,1732.0,1732.0,1732.0,1732.0,1732.0,1732.0,1732.0,1732.0,1732.0,1732.0,1732.0,2.0,,,,,,,,,,0.2,-0.1679106957,-1.0600012784,3.3499079217672225,0.1612489314,0.0833925821,3.1917435055000003,0.1783668460999999
1733,1733,1733.0,1733.0,1733.0,1733.0,1733.0,1733.0,1733.0,1733.0,1733.0,1733.0,1733.0,1733.0,1733.0,1733.0,1733.0,1733.0,1733.0,1733.0,1733.0,1733.0,1733.0,1733.0,1733.0,3.0,,,,,,,,,,0.3,-0.2525782483,-0.6403429336,-19.861726522012525,0.2446415135,0.4818494454000001,3.1083509234,0.1783668460999999
1734,1734,1734.0,1734.0,1734.0,1734.0,1734.0,1734.0,1734.0,1734.0,1734.0,1734.0,1734.0,1734.0,1734.0,1734.0,1734.0,1734.0,1734.0,1734.0,1734.0,1734.0,1734.0,1734.0,1734.0,4.0,,,,,,,,,,0.4,-0.4095943942,-2.4694994399,20.100992351847943,0.7264909589,0.4550640978999999,2.626501478,0.1783668460999999
1735,1735,1735.0,1735.0,1735.0,1735.0,1735.0,1735.0,1735.0,1735.0,1735.0,1735.0,1735.0,1735.0,1735.0,1735.0,1735.0,1735.0,1735.0,1735.0,1735.0,1735.0,1735.0,1735.0,1735.0,5.0,,,,,,,,,,0.5,-0.547361445,-0.3216331539,-20.101469176781976,1.1815550568,0.4306198153,2.1714373801000004,0.1783668460999999
1736,1736,1736.0,1736.0,1736.0,1736.0,1736.0,1736.0,1736.0,1736.0,1736.0,1736.0,1736.0,1736.0,1736.0,1736.0,1736.0,1736.0,1736.0,1736.0,1736.0,1736.0,1736.0,1736.0,1736.0,6.0,,,,,,,,,,0.6,-0.6752080903,-2.2039334263,18.563844154192697,1.6121748721,0.4053051734000001,1.7408175648000002,0.1783668460999999
1737,1737,1737.0,1737.0,1737.0,1737.0,1737.0,1737.0,1737.0,1737.0,1737.0,1737.0,1737.0,1737.0,1737.0,1737.0,1737.0,1737.0,1737.0,1737.0,1737.0,1737.0,1737.0,1737.0,1737.0,7.0,,,,,,,,,,0.7,-0.795139024,-0.2276180772,-19.96130274591646,2.0174800455,0.4388200686999997,1.3355123914,0.1783668460999999
1738,1738,1738.0,1738.0,1738.0,1738.0,1738.0,1738.0,1738.0,1738.0,1738.0,1738.0,1738.0,1738.0,1738.0,1738.0,1738.0,1738.0,1738.0,1738.0,1738.0,1738.0,1738.0,1738.0,1738.0,8.0,,,,,,,,,,0.8,-0.9133609013,-2.1055264744,17.90252540913952,2.4563001142,0.4172326534000001,0.8966923227000003,0.1783668460999999
1739,1739,1739.0,1739.0,1739.0,1739.0,1739.0,1739.0,1739.0,1739.0,1739.0,1739.0,1739.0,1739.0,1739.0,1739.0,1739.0,1739.0,1739.0,1739.0,1739.0,1739.0,1739.0,1739.0,1739.0,9.0,,,,,,,,,,0.9,-1.0271262515,-0.2015085834,-20.02954999172293,2.8735327676,0.4794596693000001,0.4794596693000001,0.1783668460999999
1740,1740,1740.0,1740.0,1740.0,1740.0,1740.0,1740.0,1740.0,1740.0,1740.0,1740.0,1740.0,1740.0,1740.0,1740.0,1740.0,1740.0,1740.0,1740.0,1740.0,1740.0,1740.0,1740.0,0.0,,,,,,,,,,,0.0,0.0,-1.0,2.350995713433833,0.0,0.0740751779,3.0604547224000007,0.0694092488000001
1741,1741,1741.0,1741.0,1741.0,1741.0,1741.0,1741.0,1741.0,1741.0,1741.0,1741.0,1741.0,1741.0,1741.0,1741.0,1741.0,1741.0,1741.0,1741.0,1741.0,1741.0,1741.0,1741.0,1.0,,,,,,,,,,,0.1,-0.0837898299,-0.6811105987,-13.132336966082086,0.0740751779,0.2646924443,2.9863795445000005,0.0694092488000001
1742,1742,1742.0,1742.0,1742.0,1742.0,1742.0,1742.0,1742.0,1742.0,1742.0,1742.0,1742.0,1742.0,1742.0,1742.0,1742.0,1742.0,1742.0,1742.0,1742.0,1742.0,1742.0,1742.0,2.0,,,,,,,,,,,0.2,-0.2121326757,-1.8660014495,9.936275180984609,0.3387676222,0.2359323827999999,2.7216871002000005,0.0694092488000001
1743,1743,1743.0,1743.0,1743.0,1743.0,1743.0,1743.0,1743.0,1743.0,1743.0,1743.0,1743.0,1743.0,1743.0,1743.0,1743.0,1743.0,1743.0,1743.0,1743.0,1743.0,1743.0,1743.0,3.0,,,,,,,,,,,0.3,-0.3416402787,-0.7428663285,-10.650553030614672,0.574700005,0.2292100466,2.4857547174000003,0.0694092488000001
1744,1744,1744.0,1744.0,1744.0,1744.0,1744.0,1744.0,1744.0,1744.0,1744.0,1744.0,1744.0,1744.0,1744.0,1744.0,1744.0,1744.0,1744.0,1744.0,1744.0,1744.0,1744.0,1744.0,4.0,,,,,,,,,,,0.4,-0.4638543873,-1.6857075229,8.122748230790345,0.8039100516,0.2154047405000001,2.2565446708000003,0.0694092488000001
1745,1745,1745.0,1745.0,1745.0,1745.0,1745.0,1745.0,1745.0,1745.0,1745.0,1745.0,1745.0,1745.0,1745.0,1745.0,1745.0,1745.0,1745.0,1745.0,1745.0,1745.0,1745.0,1745.0,5.0,,,,,,,,,,,0.5,-0.5849776118,-0.7523094753,-15.095028846466397,1.0193147921,0.3804769768999998,2.0411399303,0.0694092488000001
1746,1746,1746.0,1746.0,1746.0,1746.0,1746.0,1746.0,1746.0,1746.0,1746.0,1746.0,1746.0,1746.0,1746.0,1746.0,1746.0,1746.0,1746.0,1746.0,1746.0,1746.0,1746.0,1746.0,6.0,,,,,,,,,,,0.6,-0.7295902761,-2.1171996957,18.96891305123957,1.399791769,0.3981291502000001,1.6606629534,0.0694092488000001
1747,1747,1747.0,1747.0,1747.0,1747.0,1747.0,1747.0,1747.0,1747.0,1747.0,1747.0,1747.0,1747.0,1747.0,1747.0,1747.0,1747.0,1747.0,1747.0,1747.0,1747.0,1747.0,1747.0,7.0,,,,,,,,,,,0.7,-0.8393079155,-0.1105907512,-19.81953934631333,1.7979209192,0.4159154732000001,1.2625338031999995,0.0694092488000001
1748,1748,1748.0,1748.0,1748.0,1748.0,1748.0,1748.0,1748.0,1748.0,1748.0,1748.0,1748.0,1748.0,1748.0,1748.0,1748.0,1748.0,1748.0,1748.0,1748.0,1748.0,1748.0,1748.0,8.0,,,,,,,,,,,0.8,-0.9457074003,-1.986145201,19.156408751325987,2.2138363924,0.4122468388999998,0.8466183299999996,0.0694092488000001
1749,1749,1749.0,1749.0,1749.0,1749.0,1749.0,1749.0,1749.0,1749.0,1749.0,1749.0,1749.0,1749.0,1749.0,1749.0,1749.0,1749.0,1749.0,1749.0,1749.0,1749.0,1749.0,1749.0,9.0,,,,,,,,,,,0.9,-1.0420465696,0.0258348435,-19.997850340153995,2.6260832313,0.4343714910999998,0.4343714910999998,0.0694092488000001
1750,1750,1750.0,1750.0,1750.0,1750.0,1750.0,1750.0,1750.0,1750.0,1750.0,1750.0,1750.0,1750.0,1750.0,1750.0,1750.0,1750.0,1750.0,1750.0,1750.0,1750.0,1750.0,1750.0,0.0,,,,,,,,,,,0.0,0.0,-1.0,2.369093303779728,0.0,0.0739800494,3.2117913059,0.3478631802
1751,1751,1751.0,1751.0,1751.0,1751.0,1751.0,1751.0,1751.0,1751.0,1751.0,1751.0,1751.0,1751.0,1751.0,1751.0,1751.0,1751.0,1751.0,1751.0,1751.0,1751.0,1751.0,1751.0,1.0,,,,,,,,,,,0.1,-0.0837022843,-0.6793883853,-12.918079851693408,0.0739800494,0.2584221258,3.1378112565,0.3478631802
1752,1752,1752.0,1752.0,1752.0,1752.0,1752.0,1752.0,1752.0,1752.0,1752.0,1752.0,1752.0,1752.0,1752.0,1752.0,1752.0,1752.0,1752.0,1752.0,1752.0,1752.0,1752.0,1752.0,2.0,,,,,,,,,,,0.2,-0.2108447886,-1.8440538662,10.159902518461903,0.3324021752,0.2302691801,2.8793891307,0.3478631802
1753,1753,1753.0,1753.0,1753.0,1753.0,1753.0,1753.0,1753.0,1753.0,1753.0,1753.0,1753.0,1753.0,1753.0,1753.0,1753.0,1753.0,1753.0,1753.0,1753.0,1753.0,1753.0,1753.0,3.0,,,,,,,,,,,0.3,-0.3371820239,-0.7017263791,-16.507837197821498,0.5626713553,0.3861386235999999,2.6491199506,0.3478631802
1754,1754,1754.0,1754.0,1754.0,1754.0,1754.0,1754.0,1754.0,1754.0,1754.0,1754.0,1754.0,1754.0,1754.0,1754.0,1754.0,1754.0,1754.0,1754.0,1754.0,1754.0,1754.0,1754.0,4.0,,,,,,,,,,,0.4,-0.4838154155,-2.2058767072,19.37550360789352,0.9488099789,0.3892169343,2.262981327,0.3478631802
1755,1755,1755.0,1755.0,1755.0,1755.0,1755.0,1755.0,1755.0,1755.0,1755.0,1755.0,1755.0,1755.0,1755.0,1755.0,1755.0,1755.0,1755.0,1755.0,1755.0,1755.0,1755.0,1755.0,5.0,,,,,,,,,,,0.5,-0.6000049422,-0.1521368198,-20.14740656622794,1.3380269132,0.3995168305000001,1.8737643927,0.3478631802
1756,1756,1756.0,1756.0,1756.0,1756.0,1756.0,1756.0,1756.0,1756.0,1756.0,1756.0,1756.0,1756.0,1756.0,1756.0,1756.0,1756.0,1756.0,1756.0,1756.0,1756.0,1756.0,1756.0,6.0,,,,,,,,,,,0.6,-0.711944096,-2.0549383226,19.981460486972832,1.7375437437,0.3948216333000001,1.4742475621999998,0.3478631802
1757,1757,1757.0,1757.0,1757.0,1757.0,1757.0,1757.0,1757.0,1757.0,1757.0,1757.0,1757.0,1757.0,1757.0,1757.0,1757.0,1757.0,1757.0,1757.0,1757.0,1757.0,1757.0,1757.0,7.0,,,,,,,,,,,0.7,-0.810838674,0.0421023041,-19.92928086548308,2.132365377,0.3848987847999998,1.0794259288999997,0.3478631802
1758,1758,1758.0,1758.0,1758.0,1758.0,1758.0,1758.0,1758.0,1758.0,1758.0,1758.0,1758.0,1758.0,1758.0,1758.0,1758.0,1758.0,1758.0,1758.0,1758.0,1758.0,1758.0,1758.0,8.0,,,,,,,,,,,0.8,-0.9032383731,-1.8584260833,8.641879355992709,2.5172641618,0.324060137,0.6945271440999998,0.3478631802
1759,1759,1759.0,1759.0,1759.0,1759.0,1759.0,1759.0,1759.0,1759.0,1759.0,1759.0,1759.0,1759.0,1759.0,1759.0,1759.0,1759.0,1759.0,1759.0,1759.0,1759.0,1759.0,1759.0,9.0,,,,,,,,,,,0.9,-1.0382868005,-0.8591897203,-10.975883259603776,2.8413242988,0.3704670070999998,0.3704670070999998,0.3478631802
1760,1760,1760.0,1760.0,1760.0,1760.0,1760.0,1760.0,1760.0,1760.0,1760.0,1760.0,1760.0,1760.0,1760.0,1760.0,1760.0,1760.0,1760.0,1760.0,1760.0,1760.0,1760.0,1760.0,0.0,,,,,,,,,,,0.0,0.0,-1.0,2.4050560246467843,0.0,0.073792589,2.9841294208,0.1714445733000001
1761,1761,1761.0,1761.0,1761.0,1761.0,1761.0,1761.0,1761.0,1761.0,1761.0,1761.0,1761.0,1761.0,1761.0,1761.0,1761.0,1761.0,1761.0,1761.0,1761.0,1761.0,1761.0,1761.0,1.0,,,,,,,,,,,0.1,-0.0835283176,-0.67596608,-13.651504224251283,0.073792589,0.2778953328999999,2.9103368318,0.1714445733000001
1762,1762,1762.0,1762.0,1762.0,1762.0,1762.0,1762.0,1762.0,1762.0,1762.0,1762.0,1762.0,1762.0,1762.0,1762.0,1762.0,1762.0,1762.0,1762.0,1762.0,1762.0,1762.0,1762.0,2.0,,,,,,,,,,,0.2,-0.2138930301,-1.9107517899,10.323907351099056,0.3516879219,0.247068579,2.6324414989,0.1714445733000001
1763,1763,1763.0,1763.0,1763.0,1763.0,1763.0,1763.0,1763.0,1763.0,1763.0,1763.0,1763.0,1763.0,1763.0,1763.0,1763.0,1763.0,1763.0,1763.0,1763.0,1763.0,1763.0,1763.0,3.0,,,,,,,,,,,0.3,-0.3457840521,-0.7464700328,-9.965270292450414,0.5987565009,0.2142238025999999,2.3853729199,0.1714445733000001
1764,1764,1764.0,1764.0,1764.0,1764.0,1764.0,1764.0,1764.0,1764.0,1764.0,1764.0,1764.0,1764.0,1764.0,1764.0,1764.0,1764.0,1764.0,1764.0,1764.0,1764.0,1764.0,1764.0,4.0,,,,,,,,,,,0.4,-0.4650260835,-1.6237550306,7.504454944750397,0.8129803035,0.2025567955999999,2.1711491173,0.1714445733000001
1765,1765,1765.0,1765.0,1765.0,1765.0,1765.0,1765.0,1765.0,1765.0,1765.0,1765.0,1765.0,1765.0,1765.0,1765.0,1765.0,1765.0,1765.0,1765.0,1765.0,1765.0,1765.0,1765.0,5.0,,,,,,,,,,,0.5,-0.5832447019,-0.7550909177,-14.682324770161566,1.0155370991,0.3681709849000001,1.9685923217,0.1714445733000001
1766,1766,1766.0,1766.0,1766.0,1766.0,1766.0,1766.0,1766.0,1766.0,1766.0,1766.0,1766.0,1766.0,1766.0,1766.0,1766.0,1766.0,1766.0,1766.0,1766.0,1766.0,1766.0,1766.0,6.0,,,,,,,,,,,0.6,-0.7261256216,-2.080442475,19.69163426782977,1.383708084,0.3984234744999999,1.6004213368,0.1714445733000001
1767,1767,1767.0,1767.0,1767.0,1767.0,1767.0,1767.0,1767.0,1767.0,1767.0,1767.0,1767.0,1767.0,1767.0,1767.0,1767.0,1767.0,1767.0,1767.0,1767.0,1767.0,1767.0,1767.0,7.0,,,,,,,,,,,0.7,-0.8288492431,-0.0085554267,-19.89943231951513,1.7821315585,0.3964143461,1.2019978623,0.1714445733000001
1768,1768,1768.0,1768.0,1768.0,1768.0,1768.0,1768.0,1768.0,1768.0,1768.0,1768.0,1768.0,1768.0,1768.0,1768.0,1768.0,1768.0,1768.0,1768.0,1768.0,1768.0,1768.0,1768.0,8.0,,,,,,,,,,,0.8,-0.9259251089,-1.9014227929,19.80008447367412,2.1785459046,0.4013126221999998,0.8055835162,0.1714445733000001
1769,1769,1769.0,1769.0,1769.0,1769.0,1769.0,1769.0,1769.0,1769.0,1769.0,1769.0,1769.0,1769.0,1769.0,1769.0,1769.0,1769.0,1769.0,1769.0,1769.0,1769.0,1769.0,1769.0,9.0,,,,,,,,,,,0.9,-1.0110881251,0.1637486706,-20.012407804129737,2.5798585268,0.4042708940000001,0.4042708940000001,0.1714445733000001
1770,1770,1770.0,1770.0,1770.0,1770.0,1770.0,1770.0,1770.0,1770.0,1770.0,1770.0,1770.0,1770.0,1770.0,1770.0,1770.0,1770.0,1770.0,1770.0,1770.0,1770.0,1770.0,1770.0,0.0,,,,,,,,,,,0.0,0.0,-1.0,2.65201770913994,0.0,0.0725620432,3.3564570287000004,0.0168480185000001
1771,1771,1771.0,1771.0,1771.0,1771.0,1771.0,1771.0,1771.0,1771.0,1771.0,1771.0,1771.0,1771.0,1771.0,1771.0,1771.0,1771.0,1771.0,1771.0,1771.0,1771.0,1771.0,1771.0,1.0,,,,,,,,,,,0.1,-0.0823336655,-0.6524645636,-16.920244370204706,0.0725620432,0.3724801129,3.2838949855000004,0.0168480185000001
1772,1772,1772.0,1772.0,1772.0,1772.0,1772.0,1772.0,1772.0,1772.0,1772.0,1772.0,1772.0,1772.0,1772.0,1772.0,1772.0,1772.0,1772.0,1772.0,1772.0,1772.0,1772.0,1772.0,2.0,,,,,,,,,,,0.2,-0.2262741744,-2.2005484917,13.118121453824688,0.4450421561,0.3266459178000001,2.9114148726000004,0.0168480185000001
1773,1773,1773.0,1773.0,1773.0,1773.0,1773.0,1773.0,1773.0,1773.0,1773.0,1773.0,1773.0,1773.0,1773.0,1773.0,1773.0,1773.0,1773.0,1773.0,1773.0,1773.0,1773.0,1773.0,3.0,,,,,,,,,,,0.3,-0.3722262174,-0.7427843033,-11.15225889667055,0.7716880739,0.2440041446999998,2.5847689548000004,0.0168480185000001
1774,1774,1774.0,1774.0,1774.0,1774.0,1774.0,1774.0,1774.0,1774.0,1774.0,1774.0,1774.0,1774.0,1774.0,1774.0,1774.0,1774.0,1774.0,1774.0,1774.0,1774.0,1774.0,1774.0,4.0,,,,,,,,,,,0.4,-0.4968594803,-1.7333769301,8.489640693225786,1.0156922186,0.2296666155,2.3407648101000005,0.0168480185000001
1775,1775,1775.0,1775.0,1775.0,1775.0,1775.0,1775.0,1775.0,1775.0,1775.0,1775.0,1775.0,1775.0,1775.0,1775.0,1775.0,1775.0,1775.0,1775.0,1775.0,1775.0,1775.0,1775.0,5.0,,,,,,,,,,,0.5,-0.6207442533,-0.7605280878,-15.024636905731374,1.2453588341,0.3853143680000002,2.1110981946000003,0.0168480185000001
1776,1776,1776.0,1776.0,1776.0,1776.0,1776.0,1776.0,1776.0,1776.0,1776.0,1776.0,1776.0,1776.0,1776.0,1776.0,1776.0,1776.0,1776.0,1776.0,1776.0,1776.0,1776.0,1776.0,6.0,,,,,,,,,,,0.6,-0.7657985052,-2.1179375265,18.42359773108174,1.6306732021,0.3983310801999997,1.7257838265999998,0.0168480185000001
1777,1777,1777.0,1777.0,1777.0,1777.0,1777.0,1777.0,1777.0,1777.0,1777.0,1777.0,1777.0,1777.0,1777.0,1777.0,1777.0,1777.0,1777.0,1777.0,1777.0,1777.0,1777.0,1777.0,7.0,,,,,,,,,,,0.7,-0.8782242771,-0.1631519815,-19.8821378246867,2.0290042823,0.4362312043000003,1.3274527464,0.0168480185000001
1778,1778,1778.0,1778.0,1778.0,1778.0,1778.0,1778.0,1778.0,1778.0,1778.0,1778.0,1778.0,1778.0,1778.0,1778.0,1778.0,1778.0,1778.0,1778.0,1778.0,1778.0,1778.0,1778.0,8.0,,,,,,,,,,,0.8,-0.9899284472,-2.0396615938,18.14905056602149,2.4652354866,0.4207186996000001,0.8912215420999998,0.0168480185000001
1779,1779,1779.0,1779.0,1779.0,1779.0,1779.0,1779.0,1779.0,1779.0,1779.0,1779.0,1779.0,1779.0,1779.0,1779.0,1779.0,1779.0,1779.0,1779.0,1779.0,1779.0,1779.0,1779.0,9.0,,,,,,,,,,,0.9,-1.0962333788,-0.1184516056,-19.85725932832685,2.8859541862,0.4705028424999997,0.4705028424999997,0.0168480185000001
1780,1780,1780.0,1780.0,1780.0,1780.0,1780.0,1780.0,1780.0,1780.0,1780.0,1780.0,1780.0,1780.0,1780.0,1780.0,1780.0,1780.0,1780.0,1780.0,1780.0,1780.0,1780.0,1780.0,0.0,,,,,,,,,,,0.0,0.0,-1.0,2.5654214642416457,0.0,0.0729821676,3.3184990172000006,-2.5
1781,1781,1781.0,1781.0,1781.0,1781.0,1781.0,1781.0,1781.0,1781.0,1781.0,1781.0,1781.0,1781.0,1781.0,1781.0,1781.0,1781.0,1781.0,1781.0,1781.0,1781.0,1781.0,1781.0,1.0,,,,,,,,,,,0.1,-0.0827525629,-0.6607052907,-15.828691986786456,0.0729821676,0.3392185291,3.2455168496000004,-1.4407052907000002
1782,1782,1782.0,1782.0,1782.0,1782.0,1782.0,1782.0,1782.0,1782.0,1782.0,1782.0,1782.0,1782.0,1782.0,1782.0,1782.0,1782.0,1782.0,1782.0,1782.0,1782.0,1782.0,1782.0,2.0,,,,,,,,,,,0.2,-0.2221969861,-2.1041300662,12.497997825154062,0.4122006967,0.2989495436,2.9062983205000004,-2.3241300662000004
1783,1783,1783.0,1783.0,1783.0,1783.0,1783.0,1783.0,1783.0,1783.0,1783.0,1783.0,1783.0,1783.0,1783.0,1783.0,1783.0,1783.0,1783.0,1783.0,1783.0,1783.0,1783.0,1783.0,3.0,,,,,,,,,,,0.3,-0.3619734,-0.7145538698,-15.119013259668428,0.7111502403,0.3470444978000001,2.6073487769000003,-0.5345538698000001
1784,1784,1784.0,1784.0,1784.0,1784.0,1784.0,1784.0,1784.0,1784.0,1784.0,1784.0,1784.0,1784.0,1784.0,1784.0,1784.0,1784.0,1784.0,1784.0,1784.0,1784.0,1784.0,1784.0,4.0,,,,,,,,,,,0.4,-0.5031091562,-2.0853194395,11.547697015551732,1.0581947381,0.3184198419999999,2.2603042791,-1.6653194395000002
1785,1785,1785.0,1785.0,1785.0,1785.0,1785.0,1785.0,1785.0,1785.0,1785.0,1785.0,1785.0,1785.0,1785.0,1785.0,1785.0,1785.0,1785.0,1785.0,1785.0,1785.0,1785.0,1785.0,5.0,,,,,,,,,,,0.5,-0.6456925797,-0.7879663145,-11.402640584078398,1.3766145801,0.2923617734999999,1.9418844371,-0.2879663145
1786,1786,1786.0,1786.0,1786.0,1786.0,1786.0,1786.0,1786.0,1786.0,1786.0,1786.0,1786.0,1786.0,1786.0,1786.0,1786.0,1786.0,1786.0,1786.0,1786.0,1786.0,1786.0,1786.0,6.0,,,,,,,,,,,0.6,-0.7758367157,-1.7980862369,8.528769552268042,1.6689763536,0.2852530467,1.6495226636000002,-1.3780862368999998
1787,1787,1787.0,1787.0,1787.0,1787.0,1787.0,1787.0,1787.0,1787.0,1787.0,1787.0,1787.0,1787.0,1787.0,1787.0,1787.0,1787.0,1787.0,1787.0,1787.0,1787.0,1787.0,1787.0,7.0,,,,,,,,,,,0.7,-0.9056901725,-0.8153558248,-13.975083337466332,1.9542294003,0.4153850427000001,1.3642696169,-0.6353558247999999
1788,1788,1788.0,1788.0,1788.0,1788.0,1788.0,1788.0,1788.0,1788.0,1788.0,1788.0,1788.0,1788.0,1788.0,1788.0,1788.0,1788.0,1788.0,1788.0,1788.0,1788.0,1788.0,1788.0,8.0,,,,,,,,,,,0.8,-1.0508848396,-2.0676694914,17.615796490613263,2.369614443,0.4348796723999997,0.9488845742,-2.2876694914
1789,1789,1789.0,1789.0,1789.0,1789.0,1789.0,1789.0,1789.0,1789.0,1789.0,1789.0,1789.0,1789.0,1789.0,1789.0,1789.0,1789.0,1789.0,1789.0,1789.0,1789.0,1789.0,1789.0,9.0,,,,,,,,,,,0.9,-1.162434649,-0.194540033,-20.18424361176332,2.8044941154,0.5140049018000004,0.5140049018000004,-0.9745400330000002
1790,1790,1790.0,1790.0,1790.0,1790.0,1790.0,1790.0,1790.0,1790.0,1790.0,1790.0,1790.0,1790.0,1790.0,1790.0,1790.0,1790.0,1790.0,1790.0,1790.0,1790.0,1790.0,1790.0,0.0,,,,,,,,,,,0.0,0.0,-1.0,2.4925873247365846,0.0,0.0733450755,3.289446869,-2.5
1791,1791,1791.0,1791.0,1791.0,1791.0,1791.0,1791.0,1791.0,1791.0,1791.0,1791.0,1791.0,1791.0,1791.0,1791.0,1791.0,1791.0,1791.0,1791.0,1791.0,1791.0,1791.0,1791.0,1.0,,,,,,,,,,,0.1,-0.083104892,-0.6676363755,-15.07320301109696,0.0733450755,0.3175587063,3.2161017935,-1.4476363755
1792,1792,1792.0,1792.0,1792.0,1792.0,1792.0,1792.0,1792.0,1792.0,1792.0,1792.0,1792.0,1792.0,1792.0,1792.0,1792.0,1792.0,1792.0,1792.0,1792.0,1792.0,1792.0,1792.0,2.0,,,,,,,,,,,0.2,-0.2195542799,-2.0385072887,11.386718518173833,0.3909037818,0.2805228521,2.8985430872,-2.2585072887
1793,1793,1793.0,1793.0,1793.0,1793.0,1793.0,1793.0,1793.0,1793.0,1793.0,1793.0,1793.0,1793.0,1793.0,1793.0,1793.0,1793.0,1793.0,1793.0,1793.0,1793.0,1793.0,1793.0,3.0,,,,,,,,,,,0.3,-0.3584615831,-0.7609281337,-7.983501514926584,0.6714266339,0.1758542986,2.6180202351,-0.5809281337000001
1794,1794,1794.0,1794.0,1794.0,1794.0,1794.0,1794.0,1794.0,1794.0,1794.0,1794.0,1794.0,1794.0,1794.0,1794.0,1794.0,1794.0,1794.0,1794.0,1794.0,1794.0,1794.0,1794.0,4.0,,,,,,,,,,,0.4,-0.4694930056,-1.4482468627,5.984318617340728,0.8472809325,0.1687743453,2.4421659365,-1.0282468627
1795,1795,1795.0,1795.0,1795.0,1795.0,1795.0,1795.0,1795.0,1795.0,1795.0,1795.0,1795.0,1795.0,1795.0,1795.0,1795.0,1795.0,1795.0,1795.0,1795.0,1795.0,1795.0,1795.0,5.0,,,,,,,,,,,0.5,-0.5783633806,-0.740944626,-16.30716948858291,1.0160552778,0.4156738521999998,2.2733915912,-0.240944626
1796,1796,1796.0,1796.0,1796.0,1796.0,1796.0,1796.0,1796.0,1796.0,1796.0,1796.0,1796.0,1796.0,1796.0,1796.0,1796.0,1796.0,1796.0,1796.0,1796.0,1796.0,1796.0,1796.0,6.0,,,,,,,,,,,0.6,-0.7277581701,-2.2222667854,17.86584794096757,1.43172913,0.411554875,1.857717739,-1.8022667854
1797,1797,1797.0,1797.0,1797.0,1797.0,1797.0,1797.0,1797.0,1797.0,1797.0,1797.0,1797.0,1797.0,1797.0,1797.0,1797.0,1797.0,1797.0,1797.0,1797.0,1797.0,1797.0,1797.0,7.0,,,,,,,,,,,0.7,-0.852810267,-0.3106298943,-19.909709255411432,1.843284005,0.4668007526,1.446162864,-0.1306298942999998
1798,1798,1798.0,1798.0,1798.0,1798.0,1798.0,1798.0,1798.0,1798.0,1798.0,1798.0,1798.0,1798.0,1798.0,1798.0,1798.0,1798.0,1798.0,1798.0,1798.0,1798.0,1798.0,1798.0,8.0,,,,,,,,,,,0.8,-0.9786820485,-2.1757290384,16.393592823793686,2.3100847576,0.4355034007,0.9793621114,-2.3957290384000003
1799,1799,1799.0,1799.0,1799.0,1799.0,1799.0,1799.0,1799.0,1799.0,1799.0,1799.0,1799.0,1799.0,1799.0,1799.0,1799.0,1799.0,1799.0,1799.0,1799.0,1799.0,1799.0,1799.0,9.0,,,,,,,,,,,0.9,-1.1064273985,-0.408624406,-19.904160277716315,2.7455881583,0.5438587106999999,0.5438587106999999,-1.1886244060000002
1800,1800,1800.0,1800.0,1800.0,1800.0,1800.0,1800.0,1800.0,1800.0,1800.0,1800.0,1800.0,1800.0,1800.0,1800.0,1800.0,1800.0,1800.0,1800.0,1800.0,1800.0,1800.0,0.0,,,,,,,,,,,,0.0,0.0,-1.0,4.539233951845811,0.0,0.0664194143,0.6414799484000001,0.1327189187
1801,1801,1801.0,1801.0,1801.0,1801.0,1801.0,1801.0,1801.0,1801.0,1801.0,1801.0,1801.0,1801.0,1801.0,1801.0,1801.0,1801.0,1801.0,1801.0,1801.0,1801.0,1801.0,1.0,,,,,,,,,,,,0.1,-0.0732044141,-0.4728721907,-0.0076050327764307,0.0664194143,0.0212396971,0.5750605341000001,0.1327189187
1802,1802,1802.0,1802.0,1802.0,1802.0,1802.0,1802.0,1802.0,1802.0,1802.0,1802.0,1802.0,1802.0,1802.0,1802.0,1802.0,1802.0,1802.0,1802.0,1802.0,1802.0,1802.0,2.0,,,,,,,,,,,,0.2,-0.118241004,-0.4285961041,-2.0240187625632746,0.0876591114,0.0298662596999999,0.5538208370000001,0.1327189187
1803,1803,1803.0,1803.0,1803.0,1803.0,1803.0,1803.0,1803.0,1803.0,1803.0,1803.0,1803.0,1803.0,1803.0,1803.0,1803.0,1803.0,1803.0,1803.0,1803.0,1803.0,1803.0,3.0,,,,,,,,,,,,0.3,-0.1688183517,-0.5804206326,2.499986764165045,0.1175253711,0.0261864897,0.5239545773000001,0.1327189187
1804,1804,1804.0,1804.0,1804.0,1804.0,1804.0,1804.0,1804.0,1804.0,1804.0,1804.0,1804.0,1804.0,1804.0,1804.0,1804.0,1804.0,1804.0,1804.0,1804.0,1804.0,1804.0,4.0,,,,,,,,,,,,0.4,-0.2119592267,-0.2872810813,-9.66902631730259,0.1437118608,0.1141945921,0.4977680876,0.1327189187
1805,1805,1805.0,1805.0,1805.0,1805.0,1805.0,1805.0,1805.0,1805.0,1805.0,1805.0,1805.0,1805.0,1805.0,1805.0,1805.0,1805.0,1805.0,1805.0,1805.0,1805.0,1805.0,5.0,,,,,,,,,,,,0.5,-0.2860707539,-1.1800721858,3.4437975134458845,0.2579064529,0.1104831407999999,0.3835734955,0.1327189187
1806,1806,1806.0,1806.0,1806.0,1806.0,1806.0,1806.0,1806.0,1806.0,1806.0,1806.0,1806.0,1806.0,1806.0,1806.0,1806.0,1806.0,1806.0,1806.0,1806.0,1806.0,1806.0,6.0,,,,,,,,,,,,0.6,-0.3817103884,-0.7400527999,2.0352394502773143,0.3683895937,0.0565392551999999,0.2730903547,0.1327189187
1807,1807,1807.0,1807.0,1807.0,1807.0,1807.0,1807.0,1807.0,1807.0,1807.0,1807.0,1807.0,1807.0,1807.0,1807.0,1807.0,1807.0,1807.0,1807.0,1807.0,1807.0,1807.0,7.0,,,,,,,,,,,,0.7,-0.4422905136,-0.4759487297,-4.052730535588055,0.4249288489,0.0735985964,0.2165510995,0.1327189187
1808,1808,1808.0,1808.0,1808.0,1808.0,1808.0,1808.0,1808.0,1808.0,1808.0,1808.0,1808.0,1808.0,1808.0,1808.0,1808.0,1808.0,1808.0,1808.0,1808.0,1808.0,1808.0,8.0,,,,,,,,,,,,0.8,-0.5071877816,-0.8163245153,1.6788318886655398,0.4985274453,0.0798960999,0.1429525031,0.1327189187
1809,1809,1809.0,1809.0,1809.0,1809.0,1809.0,1809.0,1809.0,1809.0,1809.0,1809.0,1809.0,1809.0,1809.0,1809.0,1809.0,1809.0,1809.0,1809.0,1809.0,1809.0,1809.0,9.0,,,,,,,,,,,,0.9,-0.576750162,-0.578878946,0.8186116558957784,0.5784235452,0.0630564031999999,0.0630564031999999,0.1327189187
1810,1810,1810.0,1810.0,1810.0,1810.0,1810.0,1810.0,1810.0,1810.0,1810.0,1810.0,1810.0,1810.0,1810.0,1810.0,1810.0,1810.0,1810.0,1810.0,1810.0,1810.0,1810.0,0.0,,,,,,,,,,,,0.0,0.0,-1.0,4.560007214368761,0.0,0.0663839016,0.6771273132999998,0.1569627893
1811,1811,1811.0,1811.0,1811.0,1811.0,1811.0,1811.0,1811.0,1811.0,1811.0,1811.0,1811.0,1811.0,1811.0,1811.0,1811.0,1811.0,1811.0,1811.0,1811.0,1811.0,1811.0,1.0,,,,,,,,,,,,0.1,-0.0731039252,-0.4708953534,-0.1139832005042328,0.0663839016,0.0215341436999999,0.6107434116999998,0.1569627893
1812,1812,1812.0,1812.0,1812.0,1812.0,1812.0,1812.0,1812.0,1812.0,1812.0,1812.0,1812.0,1812.0,1812.0,1812.0,1812.0,1812.0,1812.0,1812.0,1812.0,1812.0,1812.0,2.0,,,,,,,,,,,,0.2,-0.1184669252,-0.4369306734,-1.8226158874538188,0.0879180453,0.0292572761,0.5892092679999998,0.1569627893
1813,1813,1813.0,1813.0,1813.0,1813.0,1813.0,1813.0,1813.0,1813.0,1813.0,1813.0,1813.0,1813.0,1813.0,1813.0,1813.0,1813.0,1813.0,1813.0,1813.0,1813.0,1813.0,3.0,,,,,,,,,,,,0.3,-0.1688631426,-0.5687960448,2.644218890761742,0.1171753214,0.0250663871,0.5599519918999999,0.1569627893
1814,1814,1814.0,1814.0,1814.0,1814.0,1814.0,1814.0,1814.0,1814.0,1814.0,1814.0,1814.0,1814.0,1814.0,1814.0,1814.0,1814.0,1814.0,1814.0,1814.0,1814.0,1814.0,4.0,,,,,,,,,,,,0.4,-0.2102000876,-0.2630372107,-10.541460731657216,0.1422417085,0.1271431640999999,0.5348856047999999,0.1569627893
1815,1815,1815.0,1815.0,1815.0,1815.0,1815.0,1815.0,1815.0,1815.0,1815.0,1815.0,1815.0,1815.0,1815.0,1815.0,1815.0,1815.0,1815.0,1815.0,1815.0,1815.0,1815.0,5.0,,,,,,,,,,,,0.5,-0.2862248376,-1.2411585338,3.342829966554789,0.2693848726,0.1227959143999999,0.4077424407,0.1569627893
1816,1816,1816.0,1816.0,1816.0,1816.0,1816.0,1816.0,1816.0,1816.0,1816.0,1816.0,1816.0,1816.0,1816.0,1816.0,1816.0,1816.0,1816.0,1816.0,1816.0,1816.0,1816.0,6.0,,,,,,,,,,,,0.6,-0.3881660287,-0.8049343461,2.374387256239644,0.392180787,0.0639292496,0.2849465263,0.1569627893
1817,1817,1817.0,1817.0,1817.0,1817.0,1817.0,1817.0,1817.0,1817.0,1817.0,1817.0,1817.0,1817.0,1817.0,1817.0,1817.0,1817.0,1817.0,1817.0,1817.0,1817.0,1817.0,7.0,,,,,,,,,,,,0.7,-0.453279847,-0.5023818022,-2.9270455723595026,0.4561100366,0.0664239041,0.2210172767,0.1569627893
1818,1818,1818.0,1818.0,1818.0,1818.0,1818.0,1818.0,1818.0,1818.0,1818.0,1818.0,1818.0,1818.0,1818.0,1818.0,1818.0,1818.0,1818.0,1818.0,1818.0,1818.0,1818.0,8.0,,,,,,,,,,,,0.8,-0.5152471626,-0.7331190438,1.0860117108596086,0.5225339407,0.0726261195999999,0.1545933725999999,0.1569627893
1819,1819,1819.0,1819.0,1819.0,1819.0,1819.0,1819.0,1819.0,1819.0,1819.0,1819.0,1819.0,1819.0,1819.0,1819.0,1819.0,1819.0,1819.0,1819.0,1819.0,1819.0,1819.0,9.0,,,,,,,,,,,,0.9,-0.5797592397,-0.5600057956,-2.3311572108872767,0.5951600603,0.0819672529999999,0.0819672529999999,0.1569627893
1820,1820,1820.0,1820.0,1820.0,1820.0,1820.0,1820.0,1820.0,1820.0,1820.0,1820.0,1820.0,1820.0,1820.0,1820.0,1820.0,1820.0,1820.0,1820.0,1820.0,1820.0,1820.0,0.0,,,,,,,,,,,,0.0,0.0,-1.0,4.666582848794574,0.0,0.0662126989,0.5131372429,0.0270068893
1821,1821,1821.0,1821.0,1821.0,1821.0,1821.0,1821.0,1821.0,1821.0,1821.0,1821.0,1821.0,1821.0,1821.0,1821.0,1821.0,1821.0,1821.0,1821.0,1821.0,1821.0,1821.0,1.0,,,,,,,,,,,,0.1,-0.0725883743,-0.4607533409,-0.4394558268847202,0.0662126989,0.0221625275999999,0.4469245439999999,0.0270068893
1822,1822,1822.0,1822.0,1822.0,1822.0,1822.0,1822.0,1822.0,1822.0,1822.0,1822.0,1822.0,1822.0,1822.0,1822.0,1822.0,1822.0,1822.0,1822.0,1822.0,1822.0,1822.0,2.0,,,,,,,,,,,,0.2,-0.1185606832,-0.4587266146,-1.0657713571554528,0.0883752265,0.0264694372999999,0.4247620163999999,0.0270068893
1823,1823,1823.0,1823.0,1823.0,1823.0,1823.0,1823.0,1823.0,1823.0,1823.0,1823.0,1823.0,1823.0,1823.0,1823.0,1823.0,1823.0,1823.0,1823.0,1823.0,1823.0,1823.0,3.0,,,,,,,,,,,,0.3,-0.1673696623,-0.5164947712,0.6386646836135635,0.1148446638,0.0251989008,0.3982925790999999,0.0270068893
1824,1824,1824.0,1824.0,1824.0,1824.0,1824.0,1824.0,1824.0,1824.0,1824.0,1824.0,1824.0,1824.0,1824.0,1824.0,1824.0,1824.0,1824.0,1824.0,1824.0,1824.0,1824.0,4.0,,,,,,,,,,,,0.4,-0.2134311404,-0.4065668248,-4.086670319121772,0.1400435646,0.0493230392,0.3730936782999999,0.0270068893
1825,1825,1825.0,1825.0,1825.0,1825.0,1825.0,1825.0,1825.0,1825.0,1825.0,1825.0,1825.0,1825.0,1825.0,1825.0,1825.0,1825.0,1825.0,1825.0,1825.0,1825.0,1825.0,5.0,,,,,,,,,,,,0.5,-0.2718900236,-0.7567749735,3.065965161659924,0.1893666038,0.0477441433999999,0.3237706390999999,0.0270068893
1826,1826,1826.0,1826.0,1826.0,1826.0,1826.0,1826.0,1826.0,1826.0,1826.0,1826.0,1826.0,1826.0,1826.0,1826.0,1826.0,1826.0,1826.0,1826.0,1826.0,1826.0,1826.0,6.0,,,,,,,,,,,,0.6,-0.3290753702,-0.3929931107,-5.648547080589809,0.2371107472,0.0727278942,0.2760264956999999,0.0270068893
1827,1827,1827.0,1827.0,1827.0,1827.0,1827.0,1827.0,1827.0,1827.0,1827.0,1827.0,1827.0,1827.0,1827.0,1827.0,1827.0,1827.0,1827.0,1827.0,1827.0,1827.0,1827.0,7.0,,,,,,,,,,,,0.7,-0.3937979027,-0.8931252863,2.497449310213222,0.3098386414,0.0759349439,0.2032986014999999,0.0270068893
1828,1828,1828.0,1828.0,1828.0,1828.0,1828.0,1828.0,1828.0,1828.0,1828.0,1828.0,1828.0,1828.0,1828.0,1828.0,1828.0,1828.0,1828.0,1828.0,1828.0,1828.0,1828.0,8.0,,,,,,,,,,,,0.8,-0.4667088763,-0.5704693817,-0.5848704858651537,0.3857735853,0.0573494694,0.1273636575999999,0.0270068893
1829,1829,1829.0,1829.0,1829.0,1829.0,1829.0,1829.0,1829.0,1829.0,1829.0,1829.0,1829.0,1829.0,1829.0,1829.0,1829.0,1829.0,1829.0,1829.0,1829.0,1829.0,1829.0,9.0,,,,,,,,,,,,0.9,-0.5238254718,-0.5718398347,-1.5092144643684915,0.4431230547,0.0700141881999999,0.0700141881999999,0.0270068893
1830,1830,1830.0,1830.0,1830.0,1830.0,1830.0,1830.0,1830.0,1830.0,1830.0,1830.0,1830.0,1830.0,1830.0,1830.0,1830.0,1830.0,1830.0,1830.0,1830.0,1830.0,1830.0,0.0,,,,,,,,,,,,0.0,0.0,-1.0,4.625359700633316,0.0,0.0662767376,0.4890357626999999,0.0960950595
1831,1831,1831.0,1831.0,1831.0,1831.0,1831.0,1831.0,1831.0,1831.0,1831.0,1831.0,1831.0,1831.0,1831.0,1831.0,1831.0,1831.0,1831.0,1831.0,1831.0,1831.0,1831.0,1.0,,,,,,,,,,,,0.1,-0.0727877879,-0.4646762421,-0.579253999468619,0.0662767376,0.0232233901,0.4227590250999999,0.0960950595
1832,1832,1832.0,1832.0,1832.0,1832.0,1832.0,1832.0,1832.0,1832.0,1832.0,1832.0,1832.0,1832.0,1832.0,1832.0,1832.0,1832.0,1832.0,1832.0,1832.0,1832.0,1832.0,2.0,,,,,,,,,,,,0.2,-0.1198096736,-0.4755797563,-0.5115721882636873,0.0895001277,0.0249970335999999,0.3995356349999999,0.0960950595
1833,1833,1833.0,1833.0,1833.0,1833.0,1833.0,1833.0,1833.0,1833.0,1833.0,1833.0,1833.0,1833.0,1833.0,1833.0,1833.0,1833.0,1833.0,1833.0,1833.0,1833.0,1833.0,3.0,,,,,,,,,,,,0.3,-0.1675417502,-0.4790048985,-1.1705069403077173,0.1144971613,0.0307142363999999,0.3745386013999999,0.0960950595
1834,1834,1834.0,1834.0,1834.0,1834.0,1834.0,1834.0,1834.0,1834.0,1834.0,1834.0,1834.0,1834.0,1834.0,1834.0,1834.0,1834.0,1834.0,1834.0,1834.0,1834.0,1834.0,4.0,,,,,,,,,,,,0.4,-0.2187873342,-0.5448100086,0.9358665668512834,0.1452113977,0.028947655,0.3438243649999999,0.0960950595
1835,1835,1835.0,1835.0,1835.0,1835.0,1835.0,1835.0,1835.0,1835.0,1835.0,1835.0,1835.0,1835.0,1835.0,1835.0,1835.0,1835.0,1835.0,1835.0,1835.0,1835.0,1835.0,5.0,,,,,,,,,,,,0.5,-0.2661057456,-0.4039049405,-4.648108655293106,0.1741590527,0.0579037830999999,0.3148767099999999,0.0960950595
1836,1836,1836.0,1836.0,1836.0,1836.0,1836.0,1836.0,1836.0,1836.0,1836.0,1836.0,1836.0,1836.0,1836.0,1836.0,1836.0,1836.0,1836.0,1836.0,1836.0,1836.0,1836.0,6.0,,,,,,,,,,,,0.6,-0.3270272279,-0.8077943237,2.534294757131929,0.2320628358,0.0589402418999999,0.2569729268999999,0.0960950595
1837,1837,1837.0,1837.0,1837.0,1837.0,1837.0,1837.0,1837.0,1837.0,1837.0,1837.0,1837.0,1837.0,1837.0,1837.0,1837.0,1837.0,1837.0,1837.0,1837.0,1837.0,1837.0,7.0,,,,,,,,,,,,0.7,-0.391639634,-0.4897524418,-2.9234979819695712,0.2910030777,0.0593015271999999,0.1980326849999999,0.0960950595
1838,1838,1838.0,1838.0,1838.0,1838.0,1838.0,1838.0,1838.0,1838.0,1838.0,1838.0,1838.0,1838.0,1838.0,1838.0,1838.0,1838.0,1838.0,1838.0,1838.0,1838.0,1838.0,8.0,,,,,,,,,,,,0.8,-0.4523879415,-0.7213539326,1.385711025647818,0.3503046049,0.0632211795,0.1387311578,0.0960950595
1839,1839,1839.0,1839.0,1839.0,1839.0,1839.0,1839.0,1839.0,1839.0,1839.0,1839.0,1839.0,1839.0,1839.0,1839.0,1839.0,1839.0,1839.0,1839.0,1839.0,1839.0,1839.0,9.0,,,,,,,,,,,,0.9,-0.514330619,-0.5208401525,-2.981155452655047,0.4135257844,0.0755099783,0.0755099783,0.0960950595
1840,1840,1840.0,1840.0,1840.0,1840.0,1840.0,1840.0,1840.0,1840.0,1840.0,1840.0,1840.0,1840.0,1840.0,1840.0,1840.0,1840.0,1840.0,1840.0,1840.0,1840.0,1840.0,0.0,,,,,,,,,,,,0.0,0.0,-1.0,4.367245735579274,0.0,0.0667402871,0.6727907241000001,0.0920976077
1841,1841,1841.0,1841.0,1841.0,1841.0,1841.0,1841.0,1841.0,1841.0,1841.0,1841.0,1841.0,1841.0,1841.0,1841.0,1841.0,1841.0,1841.0,1841.0,1841.0,1841.0,1841.0,1.0,,,,,,,,,,,,0.1,-0.074036393,-0.4892390334,0.6215853331266574,0.0667402871,0.0202033519999999,0.606050437,0.0920976077
1842,1842,1842.0,1842.0,1842.0,1842.0,1842.0,1842.0,1842.0,1842.0,1842.0,1842.0,1842.0,1842.0,1842.0,1842.0,1842.0,1842.0,1842.0,1842.0,1842.0,1842.0,1842.0,2.0,,,,,,,,,,,,0.2,-0.1175867718,-0.3835301213,-3.613970438817189,0.0869436391,0.0384974711,0.585847085,0.0920976077
1843,1843,1843.0,1843.0,1843.0,1843.0,1843.0,1843.0,1843.0,1843.0,1843.0,1843.0,1843.0,1843.0,1843.0,1843.0,1843.0,1843.0,1843.0,1843.0,1843.0,1843.0,1843.0,3.0,,,,,,,,,,,,0.3,-0.171566776,-0.6909471611,3.12404746126702,0.1254411102,0.0356403680999999,0.5473496139,0.0920976077
1844,1844,1844.0,1844.0,1844.0,1844.0,1844.0,1844.0,1844.0,1844.0,1844.0,1844.0,1844.0,1844.0,1844.0,1844.0,1844.0,1844.0,1844.0,1844.0,1844.0,1844.0,1844.0,4.0,,,,,,,,,,,,0.4,-0.2222067986,-0.3279023923,-7.409275450851438,0.1610814783,0.0824777563,0.5117092458,0.0920976077
1845,1845,1845.0,1845.0,1845.0,1845.0,1845.0,1845.0,1845.0,1845.0,1845.0,1845.0,1845.0,1845.0,1845.0,1845.0,1845.0,1845.0,1845.0,1845.0,1845.0,1845.0,1845.0,5.0,,,,,,,,,,,,0.5,-0.2892525899,-1.0017841461,3.140772480840698,0.2435592346,0.0815669149,0.4292314894999999,0.0920976077
1846,1846,1846.0,1846.0,1846.0,1846.0,1846.0,1846.0,1846.0,1846.0,1846.0,1846.0,1846.0,1846.0,1846.0,1846.0,1846.0,1846.0,1846.0,1846.0,1846.0,1846.0,1846.0,6.0,,,,,,,,,,,,0.6,-0.3693917805,-0.6075677074,1.859375124894877,0.3251261495,0.0417070437,0.3476645745999999,0.0920976077
1847,1847,1847.0,1847.0,1847.0,1847.0,1847.0,1847.0,1847.0,1847.0,1847.0,1847.0,1847.0,1847.0,1847.0,1847.0,1847.0,1847.0,1847.0,1847.0,1847.0,1847.0,1847.0,7.0,,,,,,,,,,,,0.7,-0.418214939,-0.3728070364,-7.664085810904401,0.3668331932,0.1061963984999999,0.3059575308999999,0.0920976077
1848,1848,1848.0,1848.0,1848.0,1848.0,1848.0,1848.0,1848.0,1848.0,1848.0,1848.0,1848.0,1848.0,1848.0,1848.0,1848.0,1848.0,1848.0,1848.0,1848.0,1848.0,1848.0,8.0,,,,,,,,,,,,0.8,-0.4907665992,-1.0666639573,2.339343961064034,0.4730295917,0.1140279259,0.1997611323999999,0.0920976077
1849,1849,1849.0,1849.0,1849.0,1849.0,1849.0,1849.0,1849.0,1849.0,1849.0,1849.0,1849.0,1849.0,1849.0,1849.0,1849.0,1849.0,1849.0,1849.0,1849.0,1849.0,1849.0,9.0,,,,,,,,,,,,0.9,-0.5809568113,-0.7425393491,0.3513619783376814,0.5870575176,0.0857332064999999,0.0857332064999999,0.0920976077
1850,1850,1850.0,1850.0,1850.0,1850.0,1850.0,1850.0,1850.0,1850.0,1850.0,1850.0,1850.0,1850.0,1850.0,1850.0,1850.0,1850.0,1850.0,1850.0,1850.0,1850.0,1850.0,0.0,,,,,,,,,,,,0.0,0.0,-1.0,4.620048573669278,0.0,0.0662851884,0.5541212159,0.0545756069
1851,1851,1851.0,1851.0,1851.0,1851.0,1851.0,1851.0,1851.0,1851.0,1851.0,1851.0,1851.0,1851.0,1851.0,1851.0,1851.0,1851.0,1851.0,1851.0,1851.0,1851.0,1851.0,1.0,,,,,,,,,,,,0.1,-0.07281348,-0.4651816626,-0.3676097702757926,0.0662851884,0.0222084052,0.4878360275,0.0545756069
1852,1852,1852.0,1852.0,1852.0,1852.0,1852.0,1852.0,1852.0,1852.0,1852.0,1852.0,1852.0,1852.0,1852.0,1852.0,1852.0,1852.0,1852.0,1852.0,1852.0,1852.0,1852.0,2.0,,,,,,,,,,,,0.2,-0.1188596494,-0.4558964703,-1.1785687567721703,0.0884935936,0.0268882830999999,0.4656276223,0.0545756069
1853,1853,1853.0,1853.0,1853.0,1853.0,1853.0,1853.0,1853.0,1853.0,1853.0,1853.0,1853.0,1853.0,1853.0,1853.0,1853.0,1853.0,1853.0,1853.0,1853.0,1853.0,1853.0,3.0,,,,,,,,,,,,0.3,-0.1679449201,-0.5246680752,1.1487166996847809,0.1153818767,0.0242421207,0.4387393391999999,0.0545756069
1854,1854,1854.0,1854.0,1854.0,1854.0,1854.0,1854.0,1854.0,1854.0,1854.0,1854.0,1854.0,1854.0,1854.0,1854.0,1854.0,1854.0,1854.0,1854.0,1854.0,1854.0,1854.0,4.0,,,,,,,,,,,,0.4,-0.2123169322,-0.3654243931,-5.567442520588947,0.1396239974,0.0613643503999999,0.4144972185,0.0545756069
1855,1855,1855.0,1855.0,1855.0,1855.0,1855.0,1855.0,1855.0,1855.0,1855.0,1855.0,1855.0,1855.0,1855.0,1855.0,1855.0,1855.0,1855.0,1855.0,1855.0,1855.0,1855.0,5.0,,,,,,,,,,,,0.5,-0.2740236577,-0.8604619197,3.112413344120764,0.2009883478,0.0603781906,0.3531328681,0.0545756069
1856,1856,1856.0,1856.0,1856.0,1856.0,1856.0,1856.0,1856.0,1856.0,1856.0,1856.0,1856.0,1856.0,1856.0,1856.0,1856.0,1856.0,1856.0,1856.0,1856.0,1856.0,1856.0,6.0,,,,,,,,,,,,0.6,-0.3408514307,-0.4823928123,-2.323634883989415,0.2613665384,0.0491791026999999,0.2927546774999999,0.0545756069
1857,1857,1857.0,1857.0,1857.0,1857.0,1857.0,1857.0,1857.0,1857.0,1857.0,1857.0,1857.0,1857.0,1857.0,1857.0,1857.0,1857.0,1857.0,1857.0,1857.0,1857.0,1857.0,7.0,,,,,,,,,,,,0.7,-0.3979975923,-0.6576101391,1.8692386403708856,0.3105456411,0.0491293085,0.2435755747999999,0.0545756069
1858,1858,1858.0,1858.0,1858.0,1858.0,1858.0,1858.0,1858.0,1858.0,1858.0,1858.0,1858.0,1858.0,1858.0,1858.0,1858.0,1858.0,1858.0,1858.0,1858.0,1858.0,1858.0,8.0,,,,,,,,,,,,0.8,-0.4515352697,-0.4171485977,-6.148572951055527,0.3596749496,0.0928462869999999,0.1944462662999999,0.0545756069
1859,1859,1859.0,1859.0,1859.0,1859.0,1859.0,1859.0,1859.0,1859.0,1859.0,1859.0,1859.0,1859.0,1859.0,1859.0,1859.0,1859.0,1859.0,1859.0,1859.0,1859.0,1859.0,9.0,,,,,,,,,,,,0.9,-0.5209753713,-0.9625657912,2.013935970624664,0.4525212366,0.1015999792999999,0.1015999792999999,0.0545756069
1860,1860,1860.0,1860.0,1860.0,1860.0,1860.0,1860.0,1860.0,1860.0,1860.0,1860.0,1860.0,1860.0,1860.0,1860.0,1860.0,1860.0,1860.0,1860.0,1860.0,1860.0,0.0,,,,,,,,,,,,,0.0,0.0,-1.0,4.908429132952904,0.0,0.0658924166,2.8355152726000004,0.1676780674
1861,1861,1861.0,1861.0,1861.0,1861.0,1861.0,1861.0,1861.0,1861.0,1861.0,1861.0,1861.0,1861.0,1861.0,1861.0,1861.0,1861.0,1861.0,1861.0,1861.0,1861.0,1.0,,,,,,,,,,,,,0.1,-0.0714184585,-0.4377386282,-8.584575160764649,0.0658924166,0.1122444894,2.769622856,0.1676780674
1862,1862,1862.0,1862.0,1862.0,1862.0,1862.0,1862.0,1862.0,1862.0,1862.0,1862.0,1862.0,1862.0,1862.0,1862.0,1862.0,1862.0,1862.0,1862.0,1862.0,1862.0,2.0,,,,,,,,,,,,,0.2,-0.1546019737,-1.2130126291,7.437780527268581,0.178136906,0.1005371268,2.6573783666,0.1676780674
1863,1863,1863.0,1863.0,1863.0,1863.0,1863.0,1863.0,1863.0,1863.0,1863.0,1863.0,1863.0,1863.0,1863.0,1863.0,1863.0,1863.0,1863.0,1863.0,1863.0,1863.0,3.0,,,,,,,,,,,,,0.3,-0.2340557392,-0.3897808109,-19.970464256762053,0.2786740328,0.4153874585,2.5568412398,0.1676780674
1864,1864,1864.0,1864.0,1864.0,1864.0,1864.0,1864.0,1864.0,1864.0,1864.0,1864.0,1864.0,1864.0,1864.0,1864.0,1864.0,1864.0,1864.0,1864.0,1864.0,1864.0,4.0,,,,,,,,,,,,,0.4,-0.3677537816,-2.2531291942,17.93135099214093,0.6940614913,0.3746844391999999,2.1414537813,0.1676780674
1865,1865,1865.0,1865.0,1865.0,1865.0,1865.0,1865.0,1865.0,1865.0,1865.0,1865.0,1865.0,1865.0,1865.0,1865.0,1865.0,1865.0,1865.0,1865.0,1865.0,1865.0,5.0,,,,,,,,,,,,,0.5,-0.4954259439,-0.3323219326,-19.813406247643165,1.0687459305,0.4171111567000001,1.7667693421,0.1676780674
1866,1866,1866.0,1866.0,1866.0,1866.0,1866.0,1866.0,1866.0,1866.0,1866.0,1866.0,1866.0,1866.0,1866.0,1866.0,1866.0,1866.0,1866.0,1866.0,1866.0,1866.0,6.0,,,,,,,,,,,,,0.6,-0.6228962861,-2.1861922152,18.00625645222311,1.4858570872,0.3881802425999998,1.3496581853999998,0.1676780674
1867,1867,1867.0,1867.0,1867.0,1867.0,1867.0,1867.0,1867.0,1867.0,1867.0,1867.0,1867.0,1867.0,1867.0,1867.0,1867.0,1867.0,1867.0,1867.0,1867.0,1867.0,7.0,,,,,,,,,,,,,0.7,-0.7438362051,-0.264626651,-19.99651842895791,1.8740373298,0.4403456407000001,0.9614779428,0.1676780674
1868,1868,1868.0,1868.0,1868.0,1868.0,1868.0,1868.0,1868.0,1868.0,1868.0,1868.0,1868.0,1868.0,1868.0,1868.0,1868.0,1868.0,1868.0,1868.0,1868.0,1868.0,8.0,,,,,,,,,,,,,0.8,-0.8657502078,-2.1423644911,17.122786060514755,2.3143829705,0.4098886276,0.5211323020999998,0.1676780674
1869,1869,1869.0,1869.0,1869.0,1869.0,1869.0,1869.0,1869.0,1869.0,1869.0,1869.0,1869.0,1869.0,1869.0,1869.0,1869.0,1869.0,1869.0,1869.0,1869.0,1869.0,9.0,,,,,,,,,,,,,0.9,-0.9867930872,-0.3090430057,4.475330202994086,2.7242715981,0.1112436744999998,0.1112436744999998,0.1676780674
1870,1870,1870.0,1870.0,1870.0,1870.0,1870.0,1870.0,1870.0,1870.0,1870.0,1870.0,1870.0,1870.0,1870.0,1870.0,1870.0,1870.0,1870.0,1870.0,1870.0,1870.0,0.0,,,,,,,,,,,,,0.0,0.0,-1.0,4.904028026837881,0.0,0.065897398,2.820560431500001,0.144578614
1871,1871,1871.0,1871.0,1871.0,1871.0,1871.0,1871.0,1871.0,1871.0,1871.0,1871.0,1871.0,1871.0,1871.0,1871.0,1871.0,1871.0,1871.0,1871.0,1871.0,1871.0,1.0,,,,,,,,,,,,,0.1,-0.0714397485,-0.4381574488,-8.466735479361018,0.065897398,0.1102122952,2.7546630335000004,0.144578614
1872,1872,1872.0,1872.0,1872.0,1872.0,1872.0,1872.0,1872.0,1872.0,1872.0,1872.0,1872.0,1872.0,1872.0,1872.0,1872.0,1872.0,1872.0,1872.0,1872.0,1872.0,2.0,,,,,,,,,,,,,0.2,-0.1540930799,-1.2021776653,7.546849465453241,0.1761096932,0.0989801139999999,2.6444507383,0.144578614
1873,1873,1873.0,1873.0,1873.0,1873.0,1873.0,1873.0,1873.0,1873.0,1873.0,1873.0,1873.0,1873.0,1873.0,1873.0,1873.0,1873.0,1873.0,1873.0,1873.0,1873.0,3.0,,,,,,,,,,,,,0.3,-0.2319881503,-0.3695976484,-19.806020408048568,0.2750898072,0.4043102134,2.5454706243,0.144578614
1874,1874,1874.0,1874.0,1874.0,1874.0,1874.0,1874.0,1874.0,1874.0,1874.0,1874.0,1874.0,1874.0,1874.0,1874.0,1874.0,1874.0,1874.0,1874.0,1874.0,1874.0,4.0,,,,,,,,,,,,,0.4,-0.3629700226,-2.2192178169,17.366173640738726,0.6794000206,0.3611639737,2.1411604109,0.144578614
1875,1875,1875.0,1875.0,1875.0,1875.0,1875.0,1875.0,1875.0,1875.0,1875.0,1875.0,1875.0,1875.0,1875.0,1875.0,1875.0,1875.0,1875.0,1875.0,1875.0,1875.0,5.0,,,,,,,,,,,,,0.5,-0.4901490894,-0.355421386,-19.95160031890476,1.0405639943,0.4271695973,1.7799964372,0.144578614
1876,1876,1876.0,1876.0,1876.0,1876.0,1876.0,1876.0,1876.0,1876.0,1876.0,1876.0,1876.0,1876.0,1876.0,1876.0,1876.0,1876.0,1876.0,1876.0,1876.0,1876.0,6.0,,,,,,,,,,,,,0.6,-0.6204861244,-2.2202443829,18.40595039871963,1.4677335916,0.3997769627999998,1.3528268399,0.144578614
1877,1877,1877.0,1877.0,1877.0,1877.0,1877.0,1877.0,1877.0,1877.0,1877.0,1877.0,1877.0,1877.0,1877.0,1877.0,1877.0,1877.0,1877.0,1877.0,1877.0,1877.0,7.0,,,,,,,,,,,,,0.7,-0.7427330489,-0.2574024185,-19.95876974512168,1.8675105544,0.4371462282,0.9530498771000002,0.144578614
1878,1878,1878.0,1878.0,1878.0,1878.0,1878.0,1878.0,1878.0,1878.0,1878.0,1878.0,1878.0,1878.0,1878.0,1878.0,1878.0,1878.0,1878.0,1878.0,1878.0,1878.0,8.0,,,,,,,,,,,,,0.8,-0.8637769722,-2.1322354697,16.8440292952819,2.3046567826,0.4048758252,0.5159036489000002,0.144578614
1879,1879,1879.0,1879.0,1879.0,1879.0,1879.0,1879.0,1879.0,1879.0,1879.0,1879.0,1879.0,1879.0,1879.0,1879.0,1879.0,1879.0,1879.0,1879.0,1879.0,1879.0,9.0,,,,,,,,,,,,,0.9,-0.9852044111,-0.3264051014,4.381685193854536,2.7095326078,0.1110278237000002,0.1110278237000002,0.144578614
1880,1880,1880.0,1880.0,1880.0,1880.0,1880.0,1880.0,1880.0,1880.0,1880.0,1880.0,1880.0,1880.0,1880.0,1880.0,1880.0,1880.0,1880.0,1880.0,1880.0,1880.0,0.0,,,,,,,,,,,,,0.0,0.0,-1.0,4.824858375057412,0.0,0.0659923651,2.8490298,0.1646245381
1881,1881,1881.0,1881.0,1881.0,1881.0,1881.0,1881.0,1881.0,1881.0,1881.0,1881.0,1881.0,1881.0,1881.0,1881.0,1881.0,1881.0,1881.0,1881.0,1881.0,1881.0,1.0,,,,,,,,,,,,,0.1,-0.0718227252,-0.4456914373,-8.170548892188865,0.0659923651,0.1062138372,2.7830374349,0.1646245381
1882,1882,1882.0,1882.0,1882.0,1882.0,1882.0,1882.0,1882.0,1882.0,1882.0,1882.0,1882.0,1882.0,1882.0,1882.0,1882.0,1882.0,1882.0,1882.0,1882.0,1882.0,2.0,,,,,,,,,,,,,0.2,-0.153760232,-1.1808088197,6.949789412364375,0.1722062023,0.0951888034999999,2.6768235977,0.1646245381
1883,1883,1883.0,1883.0,1883.0,1883.0,1883.0,1883.0,1883.0,1883.0,1883.0,1883.0,1883.0,1883.0,1883.0,1883.0,1883.0,1883.0,1883.0,1883.0,1883.0,1883.0,3.0,,,,,,,,,,,,,0.3,-0.2325100168,-0.4070800936,-19.87852285351324,0.2673950058,0.4164167156,2.5816347942,0.1646245381
1884,1884,1884.0,1884.0,1884.0,1884.0,1884.0,1884.0,1884.0,1884.0,1884.0,1884.0,1884.0,1884.0,1884.0,1884.0,1884.0,1884.0,1884.0,1884.0,1884.0,1884.0,4.0,,,,,,,,,,,,,0.4,-0.3674095321,-2.2600328638,17.96490587698711,0.6838117214,0.3766708185999999,2.1652180786,0.1646245381
1885,1885,1885.0,1885.0,1885.0,1885.0,1885.0,1885.0,1885.0,1885.0,1885.0,1885.0,1885.0,1885.0,1885.0,1885.0,1885.0,1885.0,1885.0,1885.0,1885.0,1885.0,5.0,,,,,,,,,,,,,0.5,-0.4955763462,-0.3353754619,-19.959642960285628,1.06048254,0.4230565256,1.78854726,0.1646245381
1886,1886,1886.0,1886.0,1886.0,1886.0,1886.0,1886.0,1886.0,1886.0,1886.0,1886.0,1886.0,1886.0,1886.0,1886.0,1886.0,1886.0,1886.0,1886.0,1886.0,1886.0,6.0,,,,,,,,,,,,,0.6,-0.6240446783,-2.2028714259,17.92119338933658,1.4835390656,0.3916159100999998,1.3654907343999998,0.1646245381
1887,1887,1887.0,1887.0,1887.0,1887.0,1887.0,1887.0,1887.0,1887.0,1887.0,1887.0,1887.0,1887.0,1887.0,1887.0,1887.0,1887.0,1887.0,1887.0,1887.0,1887.0,7.0,,,,,,,,,,,,,0.7,-0.7469833198,-0.2878134454,-19.955618552040782,1.8751549757,0.4449459791000001,0.9738748243,0.1646245381
1888,1888,1888.0,1888.0,1888.0,1888.0,1888.0,1888.0,1888.0,1888.0,1888.0,1888.0,1888.0,1888.0,1888.0,1888.0,1888.0,1888.0,1888.0,1888.0,1888.0,1888.0,8.0,,,,,,,,,,,,,0.8,-0.8709059673,-2.1594526531,17.126345101159,2.3201009548,0.415062808,0.5289288451999998,0.1646245381
1889,1889,1889.0,1889.0,1889.0,1889.0,1889.0,1889.0,1889.0,1889.0,1889.0,1889.0,1889.0,1889.0,1889.0,1889.0,1889.0,1889.0,1889.0,1889.0,1889.0,1889.0,9.0,,,,,,,,,,,,,0.9,-0.993557784,-0.3241663263,4.684886929281072,2.7351637628,0.1138660371999997,0.1138660371999997,0.1646245381
1890,1890,1890.0,1890.0,1890.0,1890.0,1890.0,1890.0,1890.0,1890.0,1890.0,1890.0,1890.0,1890.0,1890.0,1890.0,1890.0,1890.0,1890.0,1890.0,1890.0,1890.0,0.0,,,,,,,,,,,,,0.0,0.0,-1.0,4.995344031762121,0.0,0.0658004701,2.8725361137999994,0.1549395053
1891,1891,1891.0,1891.0,1891.0,1891.0,1891.0,1891.0,1891.0,1891.0,1891.0,1891.0,1891.0,1891.0,1891.0,1891.0,1891.0,1891.0,1891.0,1891.0,1891.0,1891.0,1.0,,,,,,,,,,,,,0.1,-0.0709980148,-0.429467582,-8.606908164851653,0.0658004701,0.1113314399,2.8067356437,0.1549395053
1892,1892,1892.0,1892.0,1892.0,1892.0,1892.0,1892.0,1892.0,1892.0,1892.0,1892.0,1892.0,1892.0,1892.0,1892.0,1892.0,1892.0,1892.0,1892.0,1892.0,1892.0,2.0,,,,,,,,,,,,,0.2,-0.1535024701,-1.2076539432,7.3594384851697985,0.17713191,0.0995912259999999,2.6954042037999995,0.1549395053
1893,1893,1893.0,1893.0,1893.0,1893.0,1893.0,1893.0,1893.0,1893.0,1893.0,1893.0,1893.0,1893.0,1893.0,1893.0,1893.0,1893.0,1893.0,1893.0,1893.0,1893.0,3.0,,,,,,,,,,,,,0.3,-0.2328252624,-0.3923873024,-20.07259677876684,0.276723136,0.4196652116,2.5958129778,0.1549395053
1894,1894,1894.0,1894.0,1894.0,1894.0,1894.0,1894.0,1894.0,1894.0,1894.0,1894.0,1894.0,1894.0,1894.0,1894.0,1894.0,1894.0,1894.0,1894.0,1894.0,1894.0,4.0,,,,,,,,,,,,,0.4,-0.367265403,-2.2652068396,17.91232821515346,0.6963883476,0.3775215205000001,2.1761477662,0.1549395053
1895,1895,1895.0,1895.0,1895.0,1895.0,1895.0,1895.0,1895.0,1895.0,1895.0,1895.0,1895.0,1895.0,1895.0,1895.0,1895.0,1895.0,1895.0,1895.0,1895.0,1895.0,5.0,,,,,,,,,,,,,0.5,-0.4961789264,-0.3450604947,-19.893370111406185,1.0739098681,0.4231666207,1.7986262456999995,0.1549395053
1896,1896,1896.0,1896.0,1896.0,1896.0,1896.0,1896.0,1896.0,1896.0,1896.0,1896.0,1896.0,1896.0,1896.0,1896.0,1896.0,1896.0,1896.0,1896.0,1896.0,1896.0,6.0,,,,,,,,,,,,,0.6,-0.6252483087,-2.2053281236,17.85810360960495,1.4970764888,0.3918327106999999,1.3754596249999995,0.1549395053
1897,1897,1897.0,1897.0,1897.0,1897.0,1897.0,1897.0,1897.0,1897.0,1897.0,1897.0,1897.0,1897.0,1897.0,1897.0,1897.0,1897.0,1897.0,1897.0,1897.0,1897.0,7.0,,,,,,,,,,,,,0.7,-0.7487259276,-0.2960401437,-19.99344431950419,1.8889091995,0.4485499286999999,0.9836269142999998,0.1549395053
1898,1898,1898.0,1898.0,1898.0,1898.0,1898.0,1898.0,1898.0,1898.0,1898.0,1898.0,1898.0,1898.0,1898.0,1898.0,1898.0,1898.0,1898.0,1898.0,1898.0,1898.0,8.0,,,,,,,,,,,,,0.8,-0.8736143386,-2.1704961647,17.06999191067026,2.3374591282,0.4178673947,0.5350769855999999,0.1549395053
1899,1899,1899.0,1899.0,1899.0,1899.0,1899.0,1899.0,1899.0,1899.0,1899.0,1899.0,1899.0,1899.0,1899.0,1899.0,1899.0,1899.0,1899.0,1899.0,1899.0,1899.0,9.0,,,,,,,,,,,,,0.9,-0.9975896886,-0.3395216236,5.148355199748172,2.7553265229,0.1172095908999999,0.1172095908999999,0.1549395053
1900,1900,1900.0,1900.0,1900.0,1900.0,1900.0,1900.0,1900.0,1900.0,1900.0,1900.0,1900.0,1900.0,1900.0,1900.0,1900.0,1900.0,1900.0,1900.0,1900.0,1900.0,0.0,,,,,,,,,,,,,0.0,0.0,-1.0,4.9149669305107535,0.0,0.0658850747,3.20369741,0.1742015679
1901,1901,1901.0,1901.0,1901.0,1901.0,1901.0,1901.0,1901.0,1901.0,1901.0,1901.0,1901.0,1901.0,1901.0,1901.0,1901.0,1901.0,1901.0,1901.0,1901.0,1901.0,1.0,,,,,,,,,,,,,0.1,-0.0713868324,-0.4371164745,-8.697074577252717,0.0658850747,0.1141691288,3.1378123353,0.1742015679
1902,1902,1902.0,1902.0,1902.0,1902.0,1902.0,1902.0,1902.0,1902.0,1902.0,1902.0,1902.0,1902.0,1902.0,1902.0,1902.0,1902.0,1902.0,1902.0,1902.0,1902.0,2.0,,,,,,,,,,,,,0.2,-0.1550553487,-1.223155416,7.478174998972257,0.1800542035,0.1021702218,3.0236432065,0.1742015679
1903,1903,1903.0,1903.0,1903.0,1903.0,1903.0,1903.0,1903.0,1903.0,1903.0,1903.0,1903.0,1903.0,1903.0,1903.0,1903.0,1903.0,1903.0,1903.0,1903.0,1903.0,3.0,,,,,,,,,,,,,0.3,-0.235278923,-0.3951143418,-19.84334270840198,0.2822244253,0.4122544698999999,2.9214729847000003,0.1742015679
1904,1904,1904.0,1904.0,1904.0,1904.0,1904.0,1904.0,1904.0,1904.0,1904.0,1904.0,1904.0,1904.0,1904.0,1904.0,1904.0,1904.0,1904.0,1904.0,1904.0,1904.0,4.0,,,,,,,,,,,,,0.4,-0.368869566,-2.2458579696,17.930764884345162,0.6944788952,0.3729622149000001,2.509218514800001,0.1742015679
1905,1905,1905.0,1905.0,1905.0,1905.0,1905.0,1905.0,1905.0,1905.0,1905.0,1905.0,1905.0,1905.0,1905.0,1905.0,1905.0,1905.0,1905.0,1905.0,1905.0,1905.0,5.0,,,,,,,,,,,,,0.5,-0.4958526151,-0.3257984321,-19.859292442338848,1.0674411101,0.4171798701999998,2.1362562999000003,0.1742015679
1906,1906,1906.0,1906.0,1906.0,1906.0,1906.0,1906.0,1906.0,1906.0,1906.0,1906.0,1906.0,1906.0,1906.0,1906.0,1906.0,1906.0,1906.0,1906.0,1906.0,1906.0,6.0,,,,,,,,,,,,,0.6,-0.6229241349,-2.1846561565,18.17383629192038,1.4846209803,0.3893681706,1.7190764297000003,0.1742015679
1907,1907,1907.0,1907.0,1907.0,1907.0,1907.0,1907.0,1907.0,1907.0,1907.0,1907.0,1907.0,1907.0,1907.0,1907.0,1907.0,1907.0,1907.0,1907.0,1907.0,1907.0,7.0,,,,,,,,,,,,,0.7,-0.7429072247,-0.2472894375,-19.946404089338863,1.8739891509,0.4343712164000002,1.3297082591000002,0.1742015679
1908,1908,1908.0,1908.0,1908.0,1908.0,1908.0,1908.0,1908.0,1908.0,1908.0,1908.0,1908.0,1908.0,1908.0,1908.0,1908.0,1908.0,1908.0,1908.0,1908.0,1908.0,8.0,,,,,,,,,,,,,0.8,-0.8629289885,-2.1219080827,17.11191859274134,2.3083603673,0.4043454839999998,0.8953370427,0.1742015679
1909,1909,1909.0,1909.0,1909.0,1909.0,1909.0,1909.0,1909.0,1909.0,1909.0,1909.0,1909.0,1909.0,1909.0,1909.0,1909.0,1909.0,1909.0,1909.0,1909.0,1909.0,9.0,,,,,,,,,,,,,0.9,-0.9820777535,-0.2915674584,-20.0207678723322,2.7127058513,0.4909915587000002,0.4909915587000002,0.1742015679
1910,1910,1910.0,1910.0,1910.0,1910.0,1910.0,1910.0,1910.0,1910.0,1910.0,1910.0,1910.0,1910.0,1910.0,1910.0,1910.0,1910.0,1910.0,1910.0,1910.0,1910.0,0.0,,,,,,,,,,,,,0.0,0.0,-1.0,4.842560198074346,0.0,0.0659702498,2.8190734109,0.1685530197999999
1911,1911,1911.0,1911.0,1911.0,1911.0,1911.0,1911.0,1911.0,1911.0,1911.0,1911.0,1911.0,1911.0,1911.0,1911.0,1911.0,1911.0,1911.0,1911.0,1911.0,1911.0,1.0,,,,,,,,,,,,,0.1,-0.0717370941,-0.4440068861,-8.006592510246701,0.0659702498,0.1031365785999999,2.7531031611000003,0.1685530197999999
1912,1912,1912.0,1912.0,1912.0,1912.0,1912.0,1912.0,1912.0,1912.0,1912.0,1912.0,1912.0,1912.0,1912.0,1912.0,1912.0,1912.0,1912.0,1912.0,1912.0,1912.0,2.0,,,,,,,,,,,,,0.2,-0.152721169,-1.1636820622,6.963952338751508,0.1691068284,0.0925603523,2.6499665825000003,0.1685530197999999
1913,1913,1913.0,1913.0,1913.0,1913.0,1913.0,1913.0,1913.0,1913.0,1913.0,1913.0,1913.0,1913.0,1913.0,1913.0,1913.0,1913.0,1913.0,1913.0,1913.0,1913.0,3.0,,,,,,,,,,,,,0.3,-0.2297726154,-0.390235382,-19.966050878170574,0.2616671807,0.4151038606,2.5574062302,0.1685530197999999
1914,1914,1914.0,1914.0,1914.0,1914.0,1914.0,1914.0,1914.0,1914.0,1914.0,1914.0,1914.0,1914.0,1914.0,1914.0,1914.0,1914.0,1914.0,1914.0,1914.0,1914.0,4.0,,,,,,,,,,,,,0.4,-0.3634925548,-2.2531205304,17.940462907040317,0.6767710413,0.3743798688,2.1423023696000003,0.1685530197999999
1915,1915,1915.0,1915.0,1915.0,1915.0,1915.0,1915.0,1915.0,1915.0,1915.0,1915.0,1915.0,1915.0,1915.0,1915.0,1915.0,1915.0,1915.0,1915.0,1915.0,1915.0,5.0,,,,,,,,,,,,,0.5,-0.4911198142,-0.3314469802,-19.94007774857983,1.0511509101,0.4209103268999998,1.7679225008,0.1685530197999999
1916,1916,1916.0,1916.0,1916.0,1916.0,1916.0,1916.0,1916.0,1916.0,1916.0,1916.0,1916.0,1916.0,1916.0,1916.0,1916.0,1916.0,1916.0,1916.0,1916.0,1916.0,6.0,,,,,,,,,,,,,0.6,-0.6191196567,-2.1974549126,17.971338928024146,1.472061237,0.3900558812000001,1.3470121739000005,0.1685530197999999
1917,1917,1917.0,1917.0,1917.0,1917.0,1917.0,1917.0,1917.0,1917.0,1917.0,1917.0,1917.0,1917.0,1917.0,1917.0,1917.0,1917.0,1917.0,1917.0,1917.0,1917.0,7.0,,,,,,,,,,,,,0.7,-0.7413002738,-0.2781404027,-19.842666135811744,1.8621171182,0.4377739566,0.9569562927000002,0.1685530197999999
1918,1918,1918.0,1918.0,1918.0,1918.0,1918.0,1918.0,1918.0,1918.0,1918.0,1918.0,1918.0,1918.0,1918.0,1918.0,1918.0,1918.0,1918.0,1918.0,1918.0,1918.0,8.0,,,,,,,,,,,,,0.8,-0.8637560195,-2.1399512706,17.079085952089454,2.2998910748,0.4085794665,0.5191823361000001,0.1685530197999999
1919,1919,1919.0,1919.0,1919.0,1919.0,1919.0,1919.0,1919.0,1919.0,1919.0,1919.0,1919.0,1919.0,1919.0,1919.0,1919.0,1919.0,1919.0,1919.0,1919.0,1919.0,9.0,,,,,,,,,,,,,0.9,-0.9847806463,-0.3110180486,4.4034383126111125,2.7084705413,0.1106028696000001,0.1106028696000001,0.1685530197999999
1920,1920,1920.0,1920.0,1920.0,1920.0,1920.0,1920.0,1920.0,1920.0,1920.0,1920.0,1920.0,1920.0,1920.0,1920.0,1920.0,1920.0,1920.0,1920.0,1920.0,0.0,,,,,,,,,,,,,,0.0,0.0,-1.0,2.8878320786139646,0.0,0.0714790922,3.4758135361,0.0324925998999999
1921,1921,1921.0,1921.0,1921.0,1921.0,1921.0,1921.0,1921.0,1921.0,1921.0,1921.0,1921.0,1921.0,1921.0,1921.0,1921.0,1921.0,1921.0,1921.0,1921.0,1.0,,,,,,,,,,,,,,0.1,-0.0811929329,-0.6300238593,-8.977451202151125,0.0714790922,0.1541187402,3.4043344439,0.0324925998999999
1922,1922,1922.0,1922.0,1922.0,1922.0,1922.0,1922.0,1922.0,1922.0,1922.0,1922.0,1922.0,1922.0,1922.0,1922.0,1922.0,1922.0,1922.0,1922.0,1922.0,2.0,,,,,,,,,,,,,,0.2,-0.1845753101,-1.4243866022,8.112402777640824,0.2255978324,0.1383673284,3.2502157037,0.0324925998999999
1923,1923,1923.0,1923.0,1923.0,1923.0,1923.0,1923.0,1923.0,1923.0,1923.0,1923.0,1923.0,1923.0,1923.0,1923.0,1923.0,1923.0,1923.0,1923.0,1923.0,3.0,,,,,,,,,,,,,,0.3,-0.2808805393,-0.5168410953,-19.910231799207097,0.3639651608,0.449908283,3.1118483753,0.0324925998999999
1924,1924,1924.0,1924.0,1924.0,1924.0,1924.0,1924.0,1924.0,1924.0,1924.0,1924.0,1924.0,1924.0,1924.0,1924.0,1924.0,1924.0,1924.0,1924.0,1924.0,4.0,,,,,,,,,,,,,,0.4,-0.4263785783,-2.3623662362,17.549439268817686,0.8138734438,0.4060641144,2.6619400923,0.0324925998999999
1925,1925,1925.0,1925.0,1925.0,1925.0,1925.0,1925.0,1925.0,1925.0,1925.0,1925.0,1925.0,1925.0,1925.0,1925.0,1925.0,1925.0,1925.0,1925.0,1925.0,5.0,,,,,,,,,,,,,,0.5,-0.5662934876,-0.4675074001,-20.051121350721484,1.2199375582,0.4689426107999999,2.2558759779,0.0324925998999999
1926,1926,1926.0,1926.0,1926.0,1926.0,1926.0,1926.0,1926.0,1926.0,1926.0,1926.0,1926.0,1926.0,1926.0,1926.0,1926.0,1926.0,1926.0,1926.0,1926.0,6.0,,,,,,,,,,,,,,0.6,-0.7077783038,-2.3311347189,20.12053026738064,1.688880169,0.4576697031000001,1.7869333671,0.0324925998999999
1927,1927,1927.0,1927.0,1927.0,1927.0,1927.0,1927.0,1927.0,1927.0,1927.0,1927.0,1927.0,1927.0,1927.0,1927.0,1927.0,1927.0,1927.0,1927.0,1927.0,7.0,,,,,,,,,,,,,,0.7,-0.8322836999,-0.194576296,-20.184872561838635,2.1465498721,0.4453909184999998,1.329263664,0.0324925998999999
1928,1928,1928.0,1928.0,1928.0,1928.0,1928.0,1928.0,1928.0,1928.0,1928.0,1928.0,1928.0,1928.0,1928.0,1928.0,1928.0,1928.0,1928.0,1928.0,1928.0,8.0,,,,,,,,,,,,,,0.8,-0.9484427494,-2.0969045028,20.19666995797138,2.5919407906,0.4487117959,0.8838727455000002,0.0324925998999999
1929,1929,1929.0,1929.0,1929.0,1929.0,1929.0,1929.0,1929.0,1929.0,1929.0,1929.0,1929.0,1929.0,1929.0,1929.0,1929.0,1929.0,1929.0,1929.0,1929.0,9.0,,,,,,,,,,,,,,0.9,-1.0502898829,0.0246096266,-19.96032911704433,3.0406525865,0.4351609496000002,0.4351609496000002,0.0324925998999999
1930,1930,1930.0,1930.0,1930.0,1930.0,1930.0,1930.0,1930.0,1930.0,1930.0,1930.0,1930.0,1930.0,1930.0,1930.0,1930.0,1930.0,1930.0,1930.0,1930.0,0.0,,,,,,,,,,,,,,0.0,0.0,-1.0,2.8225712168007813,0.0,0.0717697804,3.4446858511,0.0284935870999999
1931,1931,1931.0,1931.0,1931.0,1931.0,1931.0,1931.0,1931.0,1931.0,1931.0,1931.0,1931.0,1931.0,1931.0,1931.0,1931.0,1931.0,1931.0,1931.0,1931.0,1.0,,,,,,,,,,,,,,0.1,-0.0815086269,-0.6362342514,-8.489030903548402,0.0717697804,0.1456091378,3.3729160707,0.0284935870999999
1932,1932,1932.0,1932.0,1932.0,1932.0,1932.0,1932.0,1932.0,1932.0,1932.0,1932.0,1932.0,1932.0,1932.0,1932.0,1932.0,1932.0,1932.0,1932.0,1932.0,2.0,,,,,,,,,,,,,,0.2,-0.1831193076,-1.3835266611,7.636604149181076,0.2173789182,0.1307365199,3.2273069329,0.0284935870999999
1933,1933,1933.0,1933.0,1933.0,1933.0,1933.0,1933.0,1933.0,1933.0,1933.0,1933.0,1933.0,1933.0,1933.0,1933.0,1933.0,1933.0,1933.0,1933.0,1933.0,3.0,,,,,,,,,,,,,,0.3,-0.2778378361,-0.5251477177,-19.957358305745583,0.3481154381,0.4537651382,3.096570413,0.0284935870999999
1934,1934,1934.0,1934.0,1934.0,1934.0,1934.0,1934.0,1934.0,1934.0,1934.0,1934.0,1934.0,1934.0,1934.0,1934.0,1934.0,1934.0,1934.0,1934.0,1934.0,4.0,,,,,,,,,,,,,,0.4,-0.4243543251,-2.3743670593,17.621524126244964,0.8018805763,0.409653476,2.6428052748,0.0284935870999999
1935,1935,1935.0,1935.0,1935.0,1935.0,1935.0,1935.0,1935.0,1935.0,1935.0,1935.0,1935.0,1935.0,1935.0,1935.0,1935.0,1935.0,1935.0,1935.0,1935.0,5.0,,,,,,,,,,,,,,0.5,-0.5650625588,-0.4715064129,-19.83484393198089,1.2115340523,0.4619287747,2.2331517988,0.0284935870999999
1936,1936,1936.0,1936.0,1936.0,1936.0,1936.0,1936.0,1936.0,1936.0,1936.0,1936.0,1936.0,1936.0,1936.0,1936.0,1936.0,1936.0,1936.0,1936.0,1936.0,6.0,,,,,,,,,,,,,,0.6,-0.7058817048,-2.3141716601,19.9749117706418,1.673462827,0.4515520639000001,1.7712230241,0.0284935870999999
1937,1937,1937.0,1937.0,1937.0,1937.0,1937.0,1937.0,1937.0,1937.0,1937.0,1937.0,1937.0,1937.0,1937.0,1937.0,1937.0,1937.0,1937.0,1937.0,1937.0,7.0,,,,,,,,,,,,,,0.7,-0.8294772699,-0.1930849179,-20.13965548209293,2.1250148909,0.4429947374999998,1.3196709602,0.0284935870999999
1938,1938,1938.0,1938.0,1938.0,1938.0,1938.0,1938.0,1938.0,1938.0,1938.0,1938.0,1938.0,1938.0,1938.0,1938.0,1938.0,1938.0,1938.0,1938.0,1938.0,8.0,,,,,,,,,,,,,,0.8,-0.945275662,-2.091252074,20.145633014285085,2.5680096284,0.4462175682999998,0.8766762227,0.0284935870999999
1939,1939,1939.0,1939.0,1939.0,1939.0,1939.0,1939.0,1939.0,1939.0,1939.0,1939.0,1939.0,1939.0,1939.0,1939.0,1939.0,1939.0,1939.0,1939.0,1939.0,9.0,,,,,,,,,,,,,,0.9,-1.0468317828,0.0248673482,-19.839763311166674,3.0142271967,0.4304586544000002,0.4304586544000002,0.0284935870999999
1940,1940,1940.0,1940.0,1940.0,1940.0,1940.0,1940.0,1940.0,1940.0,1940.0,1940.0,1940.0,1940.0,1940.0,1940.0,1940.0,1940.0,1940.0,1940.0,1940.0,0.0,,,,,,,,,,,,,,0.0,0.0,-1.0,2.9476086525271468,0.0,0.0712188861,2.6095118443,-2.5
1941,1941,1941.0,1941.0,1941.0,1941.0,1941.0,1941.0,1941.0,1941.0,1941.0,1941.0,1941.0,1941.0,1941.0,1941.0,1941.0,1941.0,1941.0,1941.0,1941.0,1.0,,,,,,,,,,,,,,0.1,-0.0809037686,-0.6243353661,-8.836665071676283,0.0712188861,0.150161357,2.5382929582,-1.4043353661000002
1942,1942,1942.0,1942.0,1942.0,1942.0,1942.0,1942.0,1942.0,1942.0,1942.0,1942.0,1942.0,1942.0,1942.0,1942.0,1942.0,1942.0,1942.0,1942.0,1942.0,2.0,,,,,,,,,,,,,,0.2,-0.1830637727,-1.4058418692,7.57815503990847,0.2213802431,0.1349162880999999,2.3881316012,-1.6258418692
1943,1943,1943.0,1943.0,1943.0,1943.0,1943.0,1943.0,1943.0,1943.0,1943.0,1943.0,1943.0,1943.0,1943.0,1943.0,1943.0,1943.0,1943.0,1943.0,1943.0,3.0,,,,,,,,,,,,,,0.3,-0.2801886168,-0.5509015211,-16.05945344479372,0.3562965312,0.3276213238,2.2532153131,-0.3709015211000001
1944,1944,1944.0,1944.0,1944.0,1944.0,1944.0,1944.0,1944.0,1944.0,1944.0,1944.0,1944.0,1944.0,1944.0,1944.0,1944.0,1944.0,1944.0,1944.0,1944.0,4.0,,,,,,,,,,,,,,0.4,-0.4103001086,-2.0267353738,12.442100364922482,0.683917855,0.2932170699999999,1.9255939893,-1.6067353738
1945,1945,1945.0,1945.0,1945.0,1945.0,1945.0,1945.0,1945.0,1945.0,1945.0,1945.0,1945.0,1945.0,1945.0,1945.0,1945.0,1945.0,1945.0,1945.0,1945.0,5.0,,,,,,,,,,,,,,0.5,-0.5429818475,-0.6498435984,-6.197671876264576,0.977134925,0.1400784755,1.6323769193,-0.1498435984
1946,1946,1946.0,1946.0,1946.0,1946.0,1946.0,1946.0,1946.0,1946.0,1946.0,1946.0,1946.0,1946.0,1946.0,1946.0,1946.0,1946.0,1946.0,1946.0,1946.0,6.0,,,,,,,,,,,,,,0.6,-0.6348029925,-1.177789641,7.438964459634121,1.1172134005,0.1374226291,1.4922984438,-0.7577896409999999
1947,1947,1947.0,1947.0,1947.0,1947.0,1947.0,1947.0,1947.0,1947.0,1947.0,1947.0,1947.0,1947.0,1947.0,1947.0,1947.0,1947.0,1947.0,1947.0,1947.0,7.0,,,,,,,,,,,,,,0.7,-0.7108991121,-0.3577970754,-20.058085940796925,1.2546360296,0.4602949631999999,1.3548758147,-0.1777970753999998
1948,1948,1948.0,1948.0,1948.0,1948.0,1948.0,1948.0,1948.0,1948.0,1948.0,1948.0,1948.0,1948.0,1948.0,1948.0,1948.0,1948.0,1948.0,1948.0,1948.0,8.0,,,,,,,,,,,,,,0.8,-0.8419773525,-2.2325274291,20.18237769880232,1.7149309928,0.4576487737000001,0.8945808515,-2.4525274291000003
1949,1949,1949.0,1949.0,1949.0,1949.0,1949.0,1949.0,1949.0,1949.0,1949.0,1949.0,1949.0,1949.0,1949.0,1949.0,1949.0,1949.0,1949.0,1949.0,1949.0,9.0,,,,,,,,,,,,,,0.9,-0.9567998417,-0.09946717,-19.85993727245156,2.1725797665,0.4369320777999999,0.4369320777999999,-0.8794671700000003
1950,1950,1950.0,1950.0,1950.0,1950.0,1950.0,1950.0,1950.0,1950.0,1950.0,1950.0,1950.0,1950.0,1950.0,1950.0,1950.0,1950.0,1950.0,1950.0,1950.0,0.0,,,,,,,,,,,,,,0.0,0.0,-1.0,2.9649334897243538,0.0,0.0711445533,3.4802265394,0.0282637990999999
1951,1951,1951.0,1951.0,1951.0,1951.0,1951.0,1951.0,1951.0,1951.0,1951.0,1951.0,1951.0,1951.0,1951.0,1951.0,1951.0,1951.0,1951.0,1951.0,1951.0,1.0,,,,,,,,,,,,,,0.1,-0.0808199611,-0.6226866899,-9.45893584278234,0.0711445533,0.1625940443,3.4090819861,0.0282637990999999
1952,1952,1952.0,1952.0,1952.0,1952.0,1952.0,1952.0,1952.0,1952.0,1952.0,1952.0,1952.0,1952.0,1952.0,1952.0,1952.0,1952.0,1952.0,1952.0,1952.0,2.0,,,,,,,,,,,,,,0.2,-0.1858332573,-1.463566978,8.657694685810108,0.2337385976,0.1460306485,3.2464879418,0.0282637990999999
1953,1953,1953.0,1953.0,1953.0,1953.0,1953.0,1953.0,1953.0,1953.0,1953.0,1953.0,1953.0,1953.0,1953.0,1953.0,1953.0,1953.0,1953.0,1953.0,1953.0,3.0,,,,,,,,,,,,,,0.3,-0.2832291874,-0.5004015793,-19.981164052977004,0.3797692461,0.4481504946999999,3.1004572933,0.0282637990999999
1954,1954,1954.0,1954.0,1954.0,1954.0,1954.0,1954.0,1954.0,1954.0,1954.0,1954.0,1954.0,1954.0,1954.0,1954.0,1954.0,1954.0,1954.0,1954.0,1954.0,4.0,,,,,,,,,,,,,,0.4,-0.4275059294,-2.3542412426,17.42774648693383,0.8279197408,0.4031261449,2.6523067986,0.0282637990999999
1955,1955,1955.0,1955.0,1955.0,1955.0,1955.0,1955.0,1955.0,1955.0,1955.0,1955.0,1955.0,1955.0,1955.0,1955.0,1955.0,1955.0,1955.0,1955.0,1955.0,5.0,,,,,,,,,,,,,,0.5,-0.5672363224,-0.4717362009,-19.961540532859345,1.2310458857,0.4669109411000001,2.2491806537,0.0282637990999999
1956,1956,1956.0,1956.0,1956.0,1956.0,1956.0,1956.0,1956.0,1956.0,1956.0,1956.0,1956.0,1956.0,1956.0,1956.0,1956.0,1956.0,1956.0,1956.0,1956.0,6.0,,,,,,,,,,,,,,0.6,-0.7086902207,-2.326436356,19.86645237154884,1.6979568268,0.4538459440999998,1.7822697125999998,0.0282637990999999
1957,1957,1957.0,1957.0,1957.0,1957.0,1957.0,1957.0,1957.0,1957.0,1957.0,1957.0,1957.0,1957.0,1957.0,1957.0,1957.0,1957.0,1957.0,1957.0,1957.0,7.0,,,,,,,,,,,,,,0.7,-0.8339775895,-0.2145037499,-19.895918170263563,2.1518027709,0.4402210713000003,1.3284237685,0.0282637990999999
1958,1958,1958.0,1958.0,1958.0,1958.0,1958.0,1958.0,1958.0,1958.0,1958.0,1958.0,1958.0,1958.0,1958.0,1958.0,1958.0,1958.0,1958.0,1958.0,1958.0,8.0,,,,,,,,,,,,,,0.8,-0.9506351729,-2.0874379836,20.06352990229377,2.5920238422,0.4454277078999999,0.8882026971999997,0.0282637990999999
1959,1959,1959.0,1959.0,1959.0,1959.0,1959.0,1959.0,1959.0,1959.0,1959.0,1959.0,1959.0,1959.0,1959.0,1959.0,1959.0,1959.0,1959.0,1959.0,1959.0,9.0,,,,,,,,,,,,,,0.9,-1.0522255021,0.0205053358,-20.15715597992829,3.0374515501,0.4427749892999997,0.4427749892999997,0.0282637990999999
1960,1960,1960.0,1960.0,1960.0,1960.0,1960.0,1960.0,1960.0,1960.0,1960.0,1960.0,1960.0,1960.0,1960.0,1960.0,1960.0,1960.0,1960.0,1960.0,1960.0,0.0,,,,,,,,,,,,,,0.0,0.0,-1.0,3.095106116212113,0.0,0.0706015928,3.1893986112,-2.5
1961,1961,1961.0,1961.0,1961.0,1961.0,1961.0,1961.0,1961.0,1961.0,1961.0,1961.0,1961.0,1961.0,1961.0,1961.0,1961.0,1961.0,1961.0,1961.0,1961.0,1.0,,,,,,,,,,,,,,0.1,-0.0801902617,-0.6102991266,-10.444422989068649,0.0706015928,0.1814884575999999,3.1187970184,-1.3902991266000002
1962,1962,1962.0,1962.0,1962.0,1962.0,1962.0,1962.0,1962.0,1962.0,1962.0,1962.0,1962.0,1962.0,1962.0,1962.0,1962.0,1962.0,1962.0,1962.0,1962.0,2.0,,,,,,,,,,,,,,0.2,-0.1887919407,-1.5461397466,8.997912379520557,0.2520900504,0.1625048478,2.9373085608,-1.7661397466
1963,1963,1963.0,1963.0,1963.0,1963.0,1963.0,1963.0,1963.0,1963.0,1963.0,1963.0,1963.0,1963.0,1963.0,1963.0,1963.0,1963.0,1963.0,1963.0,1963.0,3.0,,,,,,,,,,,,,,0.3,-0.2923999335,-0.5427405159,-17.639109026612914,0.4145948982,0.3774734795,2.774803713,-0.3627405159000001
1964,1964,1964.0,1964.0,1964.0,1964.0,1964.0,1964.0,1964.0,1964.0,1964.0,1964.0,1964.0,1964.0,1964.0,1964.0,1964.0,1964.0,1964.0,1964.0,1964.0,4.0,,,,,,,,,,,,,,0.4,-0.4293762581,-2.1696750939,14.611248417918008,0.7920683777,0.3386093230999999,2.3973302335,-1.7496750939
1965,1965,1965.0,1965.0,1965.0,1965.0,1965.0,1965.0,1965.0,1965.0,1965.0,1965.0,1965.0,1965.0,1965.0,1965.0,1965.0,1965.0,1965.0,1965.0,1965.0,5.0,,,,,,,,,,,,,,0.5,-0.565167434,-0.5727590762,-14.647307272321148,1.1306777008,0.3175350121,2.0587209104,-0.0727590762
1966,1966,1966.0,1966.0,1966.0,1966.0,1966.0,1966.0,1966.0,1966.0,1966.0,1966.0,1966.0,1966.0,1966.0,1966.0,1966.0,1966.0,1966.0,1966.0,1966.0,6.0,,,,,,,,,,,,,,0.6,-0.6905278151,-1.9121294223,14.324541167725403,1.4482127129,0.3072592854,1.7411858983,-1.4921294223
1967,1967,1967.0,1967.0,1967.0,1967.0,1967.0,1967.0,1967.0,1967.0,1967.0,1967.0,1967.0,1967.0,1967.0,1967.0,1967.0,1967.0,1967.0,1967.0,1967.0,7.0,,,,,,,,,,,,,,0.7,-0.8031972081,-0.3670059126,-20.18214235647344,1.7554719983,0.4820358941,1.4339266129,-0.1870059125999998
1968,1968,1968.0,1968.0,1968.0,1968.0,1968.0,1968.0,1968.0,1968.0,1968.0,1968.0,1968.0,1968.0,1968.0,1968.0,1968.0,1968.0,1968.0,1968.0,1968.0,8.0,,,,,,,,,,,,,,0.8,-0.9357518977,-2.2526654586,19.986172584866893,2.2375078924,0.4781246853000001,0.9518907188,-2.4726654586000003
1969,1969,1969.0,1969.0,1969.0,1969.0,1969.0,1969.0,1969.0,1969.0,1969.0,1969.0,1969.0,1969.0,1969.0,1969.0,1969.0,1969.0,1969.0,1969.0,1969.0,9.0,,,,,,,,,,,,,,0.9,-1.0534399001,-0.1363601977,-20.121144146778576,2.7156325777,0.4737660335,0.4737660335,-0.9163601977000002
1970,1970,1970.0,1970.0,1970.0,1970.0,1970.0,1970.0,1970.0,1970.0,1970.0,1970.0,1970.0,1970.0,1970.0,1970.0,1970.0,1970.0,1970.0,1970.0,1970.0,0.0,,,,,,,,,,,,,,0.0,0.0,-1.0,3.110346093697073,0.0,0.0705398204,2.7414220525000004,-2.5
1971,1971,1971.0,1971.0,1971.0,1971.0,1971.0,1971.0,1971.0,1971.0,1971.0,1971.0,1971.0,1971.0,1971.0,1971.0,1971.0,1971.0,1971.0,1971.0,1971.0,1.0,,,,,,,,,,,,,,0.1,-0.0801165396,-0.608848851,-10.481203699708262,0.0705398204,0.1820147897999999,2.6708822321000003,-1.388848851
1972,1972,1972.0,1972.0,1972.0,1972.0,1972.0,1972.0,1972.0,1972.0,1972.0,1972.0,1972.0,1972.0,1972.0,1972.0,1972.0,1972.0,1972.0,1972.0,1972.0,2.0,,,,,,,,,,,,,,0.2,-0.1887581303,-1.5483276303,8.98291077800167,0.2525546102,0.1629374804,2.4888674423,-1.7683276303
1973,1973,1973.0,1973.0,1973.0,1973.0,1973.0,1973.0,1973.0,1973.0,1973.0,1973.0,1973.0,1973.0,1973.0,1973.0,1973.0,1973.0,1973.0,1973.0,1973.0,3.0,,,,,,,,,,,,,,0.3,-0.2926468967,-0.5461477861,-17.09954380616233,0.4154920906,0.3604753183,2.3259299619,-0.3661477861000001
1974,1974,1974.0,1974.0,1974.0,1974.0,1974.0,1974.0,1974.0,1974.0,1974.0,1974.0,1974.0,1974.0,1974.0,1974.0,1974.0,1974.0,1974.0,1974.0,1974.0,4.0,,,,,,,,,,,,,,0.4,-0.427337363,-2.1214117004,13.58812410775235,0.7759674089,0.3222506437,1.9654546436,-1.7014117004
1975,1975,1975.0,1975.0,1975.0,1975.0,1975.0,1975.0,1975.0,1975.0,1975.0,1975.0,1975.0,1975.0,1975.0,1975.0,1975.0,1975.0,1975.0,1975.0,1975.0,5.0,,,,,,,,,,,,,,0.5,-0.5634849503,-0.6264517024,-7.496253776904828,1.0982180526,0.1603827008999998,1.6432039999,-0.1264517024
1976,1976,1976.0,1976.0,1976.0,1976.0,1976.0,1976.0,1976.0,1976.0,1976.0,1976.0,1976.0,1976.0,1976.0,1976.0,1976.0,1976.0,1976.0,1976.0,1976.0,6.0,,,,,,,,,,,,,,0.6,-0.6593620873,-1.280199943,9.125934860870348,1.2586007535,0.1601139164,1.482821299,-0.8601999429999999
1977,1977,1977.0,1977.0,1977.0,1977.0,1977.0,1977.0,1977.0,1977.0,1977.0,1977.0,1977.0,1977.0,1977.0,1977.0,1977.0,1977.0,1977.0,1977.0,1977.0,7.0,,,,,,,,,,,,,,0.7,-0.7370432596,-0.2899252847,-20.011303655652224,1.4187146699,0.4458524272999999,1.3227073826,-0.1099252846999998
1978,1978,1978.0,1978.0,1978.0,1978.0,1978.0,1978.0,1978.0,1978.0,1978.0,1978.0,1978.0,1978.0,1978.0,1978.0,1978.0,1978.0,1978.0,1978.0,1978.0,8.0,,,,,,,,,,,,,,0.8,-0.8614362192,-2.1666626906,20.146043189214147,1.8645670972,0.4459630517999999,0.8768549553,-2.3866626906
1979,1979,1979.0,1979.0,1979.0,1979.0,1979.0,1979.0,1979.0,1979.0,1979.0,1979.0,1979.0,1979.0,1979.0,1979.0,1979.0,1979.0,1979.0,1979.0,1979.0,9.0,,,,,,,,,,,,,,0.9,-0.9701666142,-0.0433279767,-19.94078599582351,2.310530149,0.4308919035,0.4308919035,-0.8233279767000002
1980,1980,1980.0,1980.0,1980.0,1980.0,1980.0,1980.0,1980.0,1980.0,1980.0,1980.0,1980.0,1980.0,1980.0,1980.0,1980.0,1980.0,1980.0,1980.0,0.0,,,,,,,,,,,,,,,0.0,0.0,-1.0,9.973247501139795,0.0,0.0809542636,2.7197468271,0.5583529234
1981,1981,1981.0,1981.0,1981.0,1981.0,1981.0,1981.0,1981.0,1981.0,1981.0,1981.0,1981.0,1981.0,1981.0,1981.0,1981.0,1981.0,1981.0,1981.0,1.0,,,,,,,,,,,,,,,0.1,-0.0469178143,0.0442425644,-19.90590245800214,0.0809542636,0.3136183267999999,2.6387925635,0.5583529234
1982,1982,1982.0,1982.0,1982.0,1982.0,1982.0,1982.0,1982.0,1982.0,1982.0,1982.0,1982.0,1982.0,1982.0,1982.0,1982.0,1982.0,1982.0,1982.0,2.0,,,,,,,,,,,,,,,0.2,-0.1390007443,-1.8542647514,17.800580198959025,0.3945725904,0.2732698446,2.3251742367,0.5583529234
1983,1983,1983.0,1983.0,1983.0,1983.0,1983.0,1983.0,1983.0,1983.0,1983.0,1983.0,1983.0,1983.0,1983.0,1983.0,1983.0,1983.0,1983.0,1983.0,3.0,,,,,,,,,,,,,,,0.3,-0.2293485218,0.016141046,-19.8512372498085,0.667842435,0.3229935,2.0519043921,0.5583529234
1984,1984,1984.0,1984.0,1984.0,1984.0,1984.0,1984.0,1984.0,1984.0,1984.0,1984.0,1984.0,1984.0,1984.0,1984.0,1984.0,1984.0,1984.0,1984.0,4.0,,,,,,,,,,,,,,,0.4,-0.3238411717,-1.8744900291,18.43646517027707,0.990835935,0.2954979727,1.7289108920999998,0.5583529234
1985,1985,1985.0,1985.0,1985.0,1985.0,1985.0,1985.0,1985.0,1985.0,1985.0,1985.0,1985.0,1985.0,1985.0,1985.0,1985.0,1985.0,1985.0,1985.0,5.0,,,,,,,,,,,,,,,0.5,-0.4130376072,0.0583529234,-20.16884269793549,1.2863339077,0.3386244644,1.4334129193999998,0.5583529234
1986,1986,1986.0,1986.0,1986.0,1986.0,1986.0,1986.0,1986.0,1986.0,1986.0,1986.0,1986.0,1986.0,1986.0,1986.0,1986.0,1986.0,1986.0,1986.0,6.0,,,,,,,,,,,,,,,0.6,-0.5050497032,-1.8665192503,19.318611665986744,1.6249583721,0.3231824073,1.0947884549999998,0.5583529234
1987,1987,1987.0,1987.0,1987.0,1987.0,1987.0,1987.0,1987.0,1987.0,1987.0,1987.0,1987.0,1987.0,1987.0,1987.0,1987.0,1987.0,1987.0,1987.0,7.0,,,,,,,,,,,,,,,0.7,-0.5892203105,0.1495125236,-19.894767059744705,1.9481407794,0.3332778158999998,0.7716060476999997,0.5583529234
1988,1988,1988.0,1988.0,1988.0,1988.0,1988.0,1988.0,1988.0,1988.0,1988.0,1988.0,1988.0,1988.0,1988.0,1988.0,1988.0,1988.0,1988.0,1988.0,8.0,,,,,,,,,,,,,,,0.8,-0.6712314977,-1.7579529952,17.426964561968653,2.2814185953,0.3015444876000002,0.4383282317999999,0.5583529234
1989,1989,1989.0,1989.0,1989.0,1989.0,1989.0,1989.0,1989.0,1989.0,1989.0,1989.0,1989.0,1989.0,1989.0,1989.0,1989.0,1989.0,1989.0,1989.0,9.0,,,,,,,,,,,,,,,0.9,-0.75422133,0.0677332933,-10.167910358891548,2.5829630829,0.1367837441999997,0.1367837441999997,0.5583529234
1990,1990,1990.0,1990.0,1990.0,1990.0,1990.0,1990.0,1990.0,1990.0,1990.0,1990.0,1990.0,1990.0,1990.0,1990.0,1990.0,1990.0,1990.0,1990.0,0.0,,,,,,,,,,,,,,,0.0,0.0,-1.0,10.14543325946986,0.0,0.0821966607,2.7219867969000004,0.5666006248
1991,1991,1991.0,1991.0,1991.0,1991.0,1991.0,1991.0,1991.0,1991.0,1991.0,1991.0,1991.0,1991.0,1991.0,1991.0,1991.0,1991.0,1991.0,1991.0,1.0,,,,,,,,,,,,,,,0.1,-0.0460848798,0.0606282058,-20.05533376269309,0.0821966607,0.3155485312,2.6397901362,0.5666006248
1992,1992,1992.0,1992.0,1992.0,1992.0,1992.0,1992.0,1992.0,1992.0,1992.0,1992.0,1992.0,1992.0,1992.0,1992.0,1992.0,1992.0,1992.0,1992.0,2.0,,,,,,,,,,,,,,,0.2,-0.1373313777,-1.8536586726,17.955665750705734,0.3977451919,0.2749704829999999,2.324241605,0.5666006248
1993,1993,1993.0,1993.0,1993.0,1993.0,1993.0,1993.0,1993.0,1993.0,1993.0,1993.0,1993.0,1993.0,1993.0,1993.0,1993.0,1993.0,1993.0,1993.0,3.0,,,,,,,,,,,,,,,0.3,-0.2268712655,0.0314477902,-19.88388268545417,0.6727156749,0.3211804255,2.049271122,0.5666006248
1994,1994,1994.0,1994.0,1994.0,1994.0,1994.0,1994.0,1994.0,1994.0,1994.0,1994.0,1994.0,1994.0,1994.0,1994.0,1994.0,1994.0,1994.0,1994.0,4.0,,,,,,,,,,,,,,,0.4,-0.320065255,-1.8637464888,18.42098160785972,0.9938961004,0.2931230161,1.7280906965,0.5666006248
1995,1995,1995.0,1995.0,1995.0,1995.0,1995.0,1995.0,1995.0,1995.0,1995.0,1995.0,1995.0,1995.0,1995.0,1995.0,1995.0,1995.0,1995.0,1995.0,5.0,,,,,,,,,,,,,,,0.5,-0.4083142079,0.0666006248,-19.883717440265983,1.2870191165,0.3276470790999999,1.4349676804,0.5666006248
1996,1996,1996.0,1996.0,1996.0,1996.0,1996.0,1996.0,1996.0,1996.0,1996.0,1996.0,1996.0,1996.0,1996.0,1996.0,1996.0,1996.0,1996.0,1996.0,6.0,,,,,,,,,,,,,,,0.6,-0.4981621675,-1.8319231595,18.87667683057319,1.6146661956,0.3104258651,1.1073206013,0.5666006248
1997,1997,1997.0,1997.0,1997.0,1997.0,1997.0,1997.0,1997.0,1997.0,1997.0,1997.0,1997.0,1997.0,1997.0,1997.0,1997.0,1997.0,1997.0,1997.0,7.0,,,,,,,,,,,,,,,0.7,-0.581178345,0.138760701,-20.19243235238685,1.9250920607,0.3433627018000003,0.7968947362000001,0.5666006248
1998,1998,1998.0,1998.0,1998.0,1998.0,1998.0,1998.0,1998.0,1998.0,1998.0,1998.0,1998.0,1998.0,1998.0,1998.0,1998.0,1998.0,1998.0,1998.0,8.0,,,,,,,,,,,,,,,0.8,-0.6656526554,-1.7960082238,17.848319839080347,2.2684547625,0.3123353991999997,0.4535320343999998,0.5666006248
1999,1999,1999.0,1999.0,1999.0,1999.0,1999.0,1999.0,1999.0,1999.0,1999.0,1999.0,1999.0,1999.0,1999.0,1999.0,1999.0,1999.0,1999.0,1999.0,9.0,,,,,,,,,,,,,,,0.9,-0.7502256499,0.0733967546,-10.505831100271791,2.5807901617,0.1411966352,0.1411966352,0.5666006248
2000,2000,2000.0,2000.0,2000.0,2000.0,2000.0,2000.0,2000.0,2000.0,2000.0,2000.0,2000.0,2000.0,2000.0,2000.0,2000.0,2000.0,2000.0,2000.0,0.0,,,,,,,,,,,,,,,0.0,0.0,-1.0,10.145921382233752,0.0,0.082200251,2.7153811295000003,0.5526748534
2001,2001,2001.0,2001.0,2001.0,2001.0,2001.0,2001.0,2001.0,2001.0,2001.0,2001.0,2001.0,2001.0,2001.0,2001.0,2001.0,2001.0,2001.0,2001.0,1.0,,,,,,,,,,,,,,,0.1,-0.0460825186,0.0606746568,-20.067591774465743,0.082200251,0.3159323066,2.6331808785,0.5526748534
2002,2002,2002.0,2002.0,2002.0,2002.0,2002.0,2002.0,2002.0,2002.0,2002.0,2002.0,2002.0,2002.0,2002.0,2002.0,2002.0,2002.0,2002.0,2002.0,2.0,,,,,,,,,,,,,,,0.2,-0.1373838932,-1.854783146,18.017009316282977,0.3981325576,0.275921474,2.3172485719,0.5526748534
2003,2003,2003.0,2003.0,2003.0,2003.0,2003.0,2003.0,2003.0,2003.0,2003.0,2003.0,2003.0,2003.0,2003.0,2003.0,2003.0,2003.0,2003.0,2003.0,3.0,,,,,,,,,,,,,,,0.3,-0.2267340443,0.0362679367,-20.174780893487725,0.6740540316,0.3296858891999999,2.0413270979,0.5526748534
2004,2004,2004.0,2004.0,2004.0,2004.0,2004.0,2004.0,2004.0,2004.0,2004.0,2004.0,2004.0,2004.0,2004.0,2004.0,2004.0,2004.0,2004.0,2004.0,4.0,,,,,,,,,,,,,,,0.4,-0.3208765309,-1.8870676661,18.496390472394182,1.0037399208,0.2982668101000001,1.7116412087,0.5526748534
2005,2005,2005.0,2005.0,2005.0,2005.0,2005.0,2005.0,2005.0,2005.0,2005.0,2005.0,2005.0,2005.0,2005.0,2005.0,2005.0,2005.0,2005.0,2005.0,5.0,,,,,,,,,,,,,,,0.5,-0.4109800031,0.0526748534,-19.81164743018966,1.3020067309,0.328010543,1.4133743985999998,0.5526748534
2006,2006,2006.0,2006.0,2006.0,2006.0,2006.0,2006.0,2006.0,2006.0,2006.0,2006.0,2006.0,2006.0,2006.0,2006.0,2006.0,2006.0,2006.0,2006.0,6.0,,,,,,,,,,,,,,,0.6,-0.5018044486,-1.8376654441,19.170468070955536,1.6300172739,0.3158959823,1.0853638555999998,0.5526748534
2007,2007,2007.0,2007.0,2007.0,2007.0,2007.0,2007.0,2007.0,2007.0,2007.0,2007.0,2007.0,2007.0,2007.0,2007.0,2007.0,2007.0,2007.0,2007.0,7.0,,,,,,,,,,,,,,,0.7,-0.5839458856,0.1615227999,-19.850824611987505,1.9459132562,0.3293767144999997,0.7694678732999998,0.5526748534
2008,2008,2008.0,2008.0,2008.0,2008.0,2008.0,2008.0,2008.0,2008.0,2008.0,2008.0,2008.0,2008.0,2008.0,2008.0,2008.0,2008.0,2008.0,2008.0,8.0,,,,,,,,,,,,,,,0.8,-0.6646016845,-1.7429038623,17.40892524867169,2.2752899707,0.2978570767000001,0.4400911588,0.5526748534
2009,2009,2009.0,2009.0,2009.0,2009.0,2009.0,2009.0,2009.0,2009.0,2009.0,2009.0,2009.0,2009.0,2009.0,2009.0,2009.0,2009.0,2009.0,2009.0,9.0,,,,,,,,,,,,,,,0.9,-0.7462466662,0.0796336442,-10.638154917702428,2.5731470474,0.1422340820999998,0.1422340820999998,0.5526748534
2010,2010,2010.0,2010.0,2010.0,2010.0,2010.0,2010.0,2010.0,2010.0,2010.0,2010.0,2010.0,2010.0,2010.0,2010.0,2010.0,2010.0,2010.0,2010.0,0.0,,,,,,,,,,,,,,,0.0,0.0,-1.0,10.055793762369078,0.0,0.0815438788,2.7386948621,0.5430271098
2011,2011,2011.0,2011.0,2011.0,2011.0,2011.0,2011.0,2011.0,2011.0,2011.0,2011.0,2011.0,2011.0,2011.0,2011.0,2011.0,2011.0,2011.0,2011.0,1.0,,,,,,,,,,,,,,,0.1,-0.0465185035,0.0520978798,-20.02546462278863,0.0815438788,0.3160696818999999,2.6571509833,0.5430271098
2012,2012,2012.0,2012.0,2012.0,2012.0,2012.0,2012.0,2012.0,2012.0,2012.0,2012.0,2012.0,2012.0,2012.0,2012.0,2012.0,2012.0,2012.0,2012.0,2.0,,,,,,,,,,,,,,,0.2,-0.1384322669,-1.8585348192,18.02482266393708,0.3976135607,0.2767172258,2.3410813014,0.5430271098
2013,2013,2013.0,2013.0,2013.0,2013.0,2013.0,2013.0,2013.0,2013.0,2013.0,2013.0,2013.0,2013.0,2013.0,2013.0,2013.0,2013.0,2013.0,2013.0,3.0,,,,,,,,,,,,,,,0.3,-0.2281016404,0.0336168208,-20.12487075370294,0.6743307865,0.3286138208999999,2.0643640756,0.5430271098
2014,2014,2014.0,2014.0,2014.0,2014.0,2014.0,2014.0,2014.0,2014.0,2014.0,2014.0,2014.0,2014.0,2014.0,2014.0,2014.0,2014.0,2014.0,2014.0,4.0,,,,,,,,,,,,,,,0.4,-0.3222549788,-1.8847169163,18.372657070540743,1.0029446074,0.2963888410000002,1.7357502547,0.5430271098
2015,2015,2015.0,2015.0,2015.0,2015.0,2015.0,2015.0,2015.0,2015.0,2015.0,2015.0,2015.0,2015.0,2015.0,2015.0,2015.0,2015.0,2015.0,2015.0,5.0,,,,,,,,,,,,,,,0.5,-0.4127332978,0.0430271098,-20.15861369920733,1.2993334484,0.3409944238,1.4393614137,0.5430271098
2016,2016,2016.0,2016.0,2016.0,2016.0,2016.0,2016.0,2016.0,2016.0,2016.0,2016.0,2016.0,2016.0,2016.0,2016.0,2016.0,2016.0,2016.0,2016.0,6.0,,,,,,,,,,,,,,,0.6,-0.5061543521,-1.8794132058,19.387024126692552,1.6403278722,0.3264672769999999,1.0983669899,0.5430271098
2017,2017,2017.0,2017.0,2017.0,2017.0,2017.0,2017.0,2017.0,2017.0,2017.0,2017.0,2017.0,2017.0,2017.0,2017.0,2017.0,2017.0,2017.0,2017.0,7.0,,,,,,,,,,,,,,,0.7,-0.5912210419,0.1443558967,-20.11758462632333,1.9667951492,0.3413189531999998,0.7718997129,0.5430271098
2018,2018,2018.0,2018.0,2018.0,2018.0,2018.0,2018.0,2018.0,2018.0,2018.0,2018.0,2018.0,2018.0,2018.0,2018.0,2018.0,2018.0,2018.0,2018.0,8.0,,,,,,,,,,,,,,,0.8,-0.6748008244,-1.7838227835,17.443870404646912,2.3081141024,0.3066737315000001,0.4305807597000002,0.5430271098
2019,2019,2019.0,2019.0,2019.0,2019.0,2019.0,2019.0,2019.0,2019.0,2019.0,2019.0,2019.0,2019.0,2019.0,2019.0,2019.0,2019.0,2019.0,2019.0,9.0,,,,,,,,,,,,,,,0.9,-0.7601707116,0.0459341443,-9.15141321171543,2.6147878339,0.1239070282000001,0.1239070282000001,0.5430271098
2020,2020,2020.0,2020.0,2020.0,2020.0,2020.0,2020.0,2020.0,2020.0,2020.0,2020.0,2020.0,2020.0,2020.0,2020.0,2020.0,2020.0,2020.0,2020.0,0.0,,,,,,,,,,,,,,,0.0,0.0,-1.0,9.950458590254318,0.0,0.0807934302,2.7447123308,0.5438401427
2021,2021,2021.0,2021.0,2021.0,2021.0,2021.0,2021.0,2021.0,2021.0,2021.0,2021.0,2021.0,2021.0,2021.0,2021.0,2021.0,2021.0,2021.0,2021.0,1.0,,,,,,,,,,,,,,,0.1,-0.0470280538,0.0420739128,-19.97040870880687,0.0807934302,0.3160548737999999,2.6639189006,0.5438401427
2022,2022,2022.0,2022.0,2022.0,2022.0,2022.0,2022.0,2022.0,2022.0,2022.0,2022.0,2022.0,2022.0,2022.0,2022.0,2022.0,2022.0,2022.0,2022.0,2.0,,,,,,,,,,,,,,,0.2,-0.1396294039,-1.862365608,17.82752590248763,0.396848304,0.2750555514,2.3478640268,0.5438401427
2023,2023,2023.0,2023.0,2023.0,2023.0,2023.0,2023.0,2023.0,2023.0,2023.0,2023.0,2023.0,2023.0,2023.0,2023.0,2023.0,2023.0,2023.0,2023.0,3.0,,,,,,,,,,,,,,,0.3,-0.2306177322,0.0113753105,-19.891773214244203,0.6719038554,0.3252190906,2.0728084754,0.5438401427
2024,2024,2024.0,2024.0,2024.0,2024.0,2024.0,2024.0,2024.0,2024.0,2024.0,2024.0,2024.0,2024.0,2024.0,2024.0,2024.0,2024.0,2024.0,2024.0,4.0,,,,,,,,,,,,,,,0.4,-0.3257600399,-1.8826597031,18.36164002456357,0.997122946,0.2961524811,1.7475893848,0.5438401427
2025,2025,2025.0,2025.0,2025.0,2025.0,2025.0,2025.0,2025.0,2025.0,2025.0,2025.0,2025.0,2025.0,2025.0,2025.0,2025.0,2025.0,2025.0,2025.0,5.0,,,,,,,,,,,,,,,0.5,-0.4160958833,0.0438401427,-20.05926897055104,1.2932754271,0.3379368017999999,1.4514369037,0.5438401427
2026,2026,2026.0,2026.0,2026.0,2026.0,2026.0,2026.0,2026.0,2026.0,2026.0,2026.0,2026.0,2026.0,2026.0,2026.0,2026.0,2026.0,2026.0,2026.0,6.0,,,,,,,,,,,,,,,0.6,-0.5089590015,-1.8692236362,19.51331403946775,1.6312122289,0.3268697008000001,1.1135001019,0.5438401427
2027,2027,2027.0,2027.0,2027.0,2027.0,2027.0,2027.0,2027.0,2027.0,2027.0,2027.0,2027.0,2027.0,2027.0,2027.0,2027.0,2027.0,2027.0,2027.0,7.0,,,,,,,,,,,,,,,0.7,-0.5924451082,0.1655938745,-19.95051362890046,1.9580819297,0.3328651938,0.7866304011,0.5438401427
2028,2028,2028.0,2028.0,2028.0,2028.0,2028.0,2028.0,2028.0,2028.0,2028.0,2028.0,2028.0,2028.0,2028.0,2028.0,2028.0,2028.0,2028.0,2028.0,8.0,,,,,,,,,,,,,,,0.8,-0.67319573,-1.7487068665,17.598060202045424,2.2909471235,0.3023846088999997,0.4537652073,0.5438401427
2029,2029,2029.0,2029.0,2029.0,2029.0,2029.0,2029.0,2029.0,2029.0,2029.0,2029.0,2029.0,2029.0,2029.0,2029.0,2029.0,2029.0,2029.0,2029.0,9.0,,,,,,,,,,,,,,,0.9,-0.7544780158,0.0923814395,-11.166327209654783,2.5933317324,0.1513805984000003,0.1513805984000003,0.5438401427
2030,2030,2030.0,2030.0,2030.0,2030.0,2030.0,2030.0,2030.0,2030.0,2030.0,2030.0,2030.0,2030.0,2030.0,2030.0,2030.0,2030.0,2030.0,2030.0,0.0,,,,,,,,,,,,,,,0.0,0.0,-1.0,10.052986311809589,0.0,0.0815236443,2.7438013599,0.5363568268
2031,2031,2031.0,2031.0,2031.0,2031.0,2031.0,2031.0,2031.0,2031.0,2031.0,2031.0,2031.0,2031.0,2031.0,2031.0,2031.0,2031.0,2031.0,2031.0,1.0,,,,,,,,,,,,,,,0.1,-0.0465320844,0.0518307155,-20.08578282094605,0.0815236443,0.3180481659999999,2.6622777156,0.5363568268
2032,2032,2032.0,2032.0,2032.0,2032.0,2032.0,2032.0,2032.0,2032.0,2032.0,2032.0,2032.0,2032.0,2032.0,2032.0,2032.0,2032.0,2032.0,2032.0,2.0,,,,,,,,,,,,,,,0.2,-0.1387630562,-1.8645165947,17.93501136414018,0.3995718103,0.2766935386,2.3442295496,0.5363568268
2033,2033,2033.0,2033.0,2033.0,2033.0,2033.0,2033.0,2033.0,2033.0,2033.0,2033.0,2033.0,2033.0,2033.0,2033.0,2033.0,2033.0,2033.0,2033.0,3.0,,,,,,,,,,,,,,,0.3,-0.2294361258,0.0196576113,-19.99431906738733,0.6762653489,0.32696635,2.067536011,0.5363568268
2034,2034,2034.0,2034.0,2034.0,2034.0,2034.0,2034.0,2034.0,2034.0,2034.0,2034.0,2034.0,2034.0,2034.0,2034.0,2034.0,2034.0,2034.0,2034.0,4.0,,,,,,,,,,,,,,,0.4,-0.3242863502,-1.884924071,18.30453321769976,1.0032316989,0.2957315411999999,1.740569661,0.5363568268
2035,2035,2035.0,2035.0,2035.0,2035.0,2035.0,2035.0,2035.0,2035.0,2035.0,2035.0,2035.0,2035.0,2035.0,2035.0,2035.0,2035.0,2035.0,2035.0,5.0,,,,,,,,,,,,,,,0.5,-0.4151139262,0.0363568268,-19.906637595200703,1.2989632401,0.3342772873999999,1.4448381198,0.5363568268
2036,2036,2036.0,2036.0,2036.0,2036.0,2036.0,2036.0,2036.0,2036.0,2036.0,2036.0,2036.0,2036.0,2036.0,2036.0,2036.0,2036.0,2036.0,2036.0,6.0,,,,,,,,,,,,,,,0.6,-0.5079508447,-1.8614700143,19.675812635622165,1.6332405275,0.3278448639,1.1105608324,0.5363568268
2037,2037,2037.0,2037.0,2037.0,2037.0,2037.0,2037.0,2037.0,2037.0,2037.0,2037.0,2037.0,2037.0,2037.0,2037.0,2037.0,2037.0,2037.0,2037.0,7.0,,,,,,,,,,,,,,,0.7,-0.5899130229,0.1880734275,-19.96531418900496,1.9610853914,0.3295310603000001,0.7827159685,0.5363568268
2038,2038,2038.0,2038.0,2038.0,2038.0,2038.0,2038.0,2038.0,2038.0,2038.0,2038.0,2038.0,2038.0,2038.0,2038.0,2038.0,2038.0,2038.0,2038.0,8.0,,,,,,,,,,,,,,,0.8,-0.6685960308,-1.7297749835,17.618648285818857,2.2906164517,0.2988887670999998,0.4531849081999999,0.5363568268
2039,2039,2039.0,2039.0,2039.0,2039.0,2039.0,2039.0,2039.0,2039.0,2039.0,2039.0,2039.0,2039.0,2039.0,2039.0,2039.0,2039.0,2039.0,2039.0,9.0,,,,,,,,,,,,,,,0.9,-0.7479771168,0.111470931,-11.486403721257236,2.5895052188,0.1542961411000001,0.1542961411000001,0.5363568268
2040,2040,2040.0,2040.0,2040.0,2040.0,2040.0,2040.0,2040.0,2040.0,2040.0,2040.0,2040.0,2040.0,2040.0,2040.0,2040.0,2040.0,2040.0,0.0,,,,,,,,,,,,,,,,0.0,0.0,-1.0,5.3187020735370485,0.0,0.0655657145,1.2951272684,0.1677280299999999
2041,2041,2041.0,2041.0,2041.0,2041.0,2041.0,2041.0,2041.0,2041.0,2041.0,2041.0,2041.0,2041.0,2041.0,2041.0,2041.0,2041.0,2041.0,1.0,,,,,,,,,,,,,,,,0.1,-0.0694337947,-0.3986959979,-5.109756505477556,0.0655657145,0.0549653962,1.2295615539,0.1677280299999999
2042,2042,2042.0,2042.0,2042.0,2042.0,2042.0,2042.0,2042.0,2042.0,2042.0,2042.0,2042.0,2042.0,2042.0,2042.0,2042.0,2042.0,2042.0,2.0,,,,,,,,,,,,,,,,0.2,-0.1320927635,-0.8470126796,4.310150664083714,0.1205311107,0.0497882353999999,1.1745961577,0.1677280299999999
2043,2043,2043.0,2043.0,2043.0,2043.0,2043.0,2043.0,2043.0,2043.0,2043.0,2043.0,2043.0,2043.0,2043.0,2043.0,2043.0,2043.0,2043.0,3.0,,,,,,,,,,,,,,,,0.3,-0.1918466797,-0.3562436971,-5.828422815724091,0.1703193461,0.0626128725,1.1248079222999998,0.1677280299999999
2044,2044,2044.0,2044.0,2044.0,2044.0,2044.0,2044.0,2044.0,2044.0,2044.0,2044.0,2044.0,2044.0,2044.0,2044.0,2044.0,2044.0,2044.0,4.0,,,,,,,,,,,,,,,,0.4,-0.2539422343,-0.8769904241,4.8470915096477,0.2329322186,0.0585837824999999,1.0621950498,0.1677280299999999
2045,2045,2045.0,2045.0,2045.0,2045.0,2045.0,2045.0,2045.0,2045.0,2045.0,2045.0,2045.0,2045.0,2045.0,2045.0,2045.0,2045.0,2045.0,5.0,,,,,,,,,,,,,,,,0.5,-0.3139515374,-0.33227197,-6.616074484198632,0.2915160011,0.0769938666,1.0036112673,0.1677280299999999
2046,2046,2046.0,2046.0,2046.0,2046.0,2046.0,2046.0,2046.0,2046.0,2046.0,2046.0,2046.0,2046.0,2046.0,2046.0,2046.0,2046.0,2046.0,6.0,,,,,,,,,,,,,,,,0.6,-0.3775761074,-0.9302548484,6.079090644127741,0.3685098677,0.0741954277999999,0.9266174007,0.1677280299999999
2047,2047,2047.0,2047.0,2047.0,2047.0,2047.0,2047.0,2047.0,2047.0,2047.0,2047.0,2047.0,2047.0,2047.0,2047.0,2047.0,2047.0,2047.0,7.0,,,,,,,,,,,,,,,,0.7,-0.4366944713,-0.2632274201,-20.09327592196945,0.4427052955,0.4043615972,0.8524219729,0.1677280299999999
2048,2048,2048.0,2048.0,2048.0,2048.0,2048.0,2048.0,2048.0,2048.0,2048.0,2048.0,2048.0,2048.0,2048.0,2048.0,2048.0,2048.0,2048.0,8.0,,,,,,,,,,,,,,,,0.8,-0.5589434383,-2.1503060453,14.536666764495097,0.8470668927,0.3480835280000001,0.4480603756999999,0.1677280299999999
2049,2049,2049.0,2049.0,2049.0,2049.0,2049.0,2049.0,2049.0,2049.0,2049.0,2049.0,2049.0,2049.0,2049.0,2049.0,2049.0,2049.0,2049.0,9.0,,,,,,,,,,,,,,,,0.9,-0.6932522003,-0.5623306069,-2.605448919329453,1.1951504207,0.0999768476999998,0.0999768476999998,0.1677280299999999
2050,2050,2050.0,2050.0,2050.0,2050.0,2050.0,2050.0,2050.0,2050.0,2050.0,2050.0,2050.0,2050.0,2050.0,2050.0,2050.0,2050.0,2050.0,0.0,,,,,,,,,,,,,,,,0.0,0.0,-1.0,5.646902395083555,0.0,0.0655007036,1.2588971411,-2.5
2051,2051,2051.0,2051.0,2051.0,2051.0,2051.0,2051.0,2051.0,2051.0,2051.0,2051.0,2051.0,2051.0,2051.0,2051.0,2051.0,2051.0,2051.0,1.0,,,,,,,,,,,,,,,,0.1,-0.0678461524,-0.367463608,-5.892619256765223,0.0655007036,0.060894666,1.1933964375,-1.1474636080000002
2052,2052,2052.0,2052.0,2052.0,2052.0,2052.0,2052.0,2052.0,2052.0,2052.0,2052.0,2052.0,2052.0,2052.0,2052.0,2052.0,2052.0,2052.0,2.0,,,,,,,,,,,,,,,,0.2,-0.1313199992,-0.893251687,5.630382335567263,0.1263953696,0.0551959529999999,1.1325017715,-1.113251687
2053,2053,2053.0,2053.0,2053.0,2053.0,2053.0,2053.0,2053.0,2053.0,2053.0,2053.0,2053.0,2053.0,2053.0,2053.0,2053.0,2053.0,2053.0,3.0,,,,,,,,,,,,,,,,0.3,-0.1890876282,-0.2724458244,-19.953894772576906,0.1815913226,0.3838909729999999,1.0773058185000002,-0.0924458244
2054,2054,2054.0,2054.0,2054.0,2054.0,2054.0,2054.0,2054.0,2054.0,2054.0,2054.0,2054.0,2054.0,2054.0,2054.0,2054.0,2054.0,2054.0,4.0,,,,,,,,,,,,,,,,0.4,-0.3115395989,-2.145383331,13.624572562642324,0.5654822956,0.3183371466,0.6934148455000001,-1.7253833310000002
2055,2055,2055.0,2055.0,2055.0,2055.0,2055.0,2055.0,2055.0,2055.0,2055.0,2055.0,2055.0,2055.0,2055.0,2055.0,2055.0,2055.0,2055.0,5.0,,,,,,,,,,,,,,,,0.5,-0.4497920728,-0.6446736008,-0.0206342099772378,0.8838194422,0.0609584612,0.3750776989000001,-0.1446736008
2056,2056,2056.0,2056.0,2056.0,2056.0,2056.0,2056.0,2056.0,2056.0,2056.0,2056.0,2056.0,2056.0,2056.0,2056.0,2056.0,2056.0,2056.0,6.0,,,,,,,,,,,,,,,,0.6,-0.5112409829,-0.5852881117,-1.1831881346083253,0.9447779034,0.0678047289,0.3141192377,-0.1652881116999999
2057,2057,2057.0,2057.0,2057.0,2057.0,2057.0,2057.0,2057.0,2057.0,2057.0,2057.0,2057.0,2057.0,2057.0,2057.0,2057.0,2057.0,2057.0,7.0,,,,,,,,,,,,,,,,0.7,-0.5726616662,-0.6421862418,0.0426990244926966,1.0125826323,0.0736035350999999,0.2463145088,-0.4621862417999998
2058,2058,2058.0,2058.0,2058.0,2058.0,2058.0,2058.0,2058.0,2058.0,2058.0,2058.0,2058.0,2058.0,2058.0,2058.0,2058.0,2058.0,2058.0,8.0,,,,,,,,,,,,,,,,0.8,-0.6335676495,-0.5770103562,-1.3023463448380022,1.0861861674,0.0824228244,0.1727109737000001,-0.7970103562000002
2059,2059,2059.0,2059.0,2059.0,2059.0,2059.0,2059.0,2059.0,2059.0,2059.0,2059.0,2059.0,2059.0,2059.0,2059.0,2059.0,2059.0,2059.0,9.0,,,,,,,,,,,,,,,,0.9,-0.6947769623,-0.6460356778,0.0468957455750587,1.1686089918,0.0902881493,0.0902881493,-1.4260356778000003
2060,2060,2060.0,2060.0,2060.0,2060.0,2060.0,2060.0,2060.0,2060.0,2060.0,2060.0,2060.0,2060.0,2060.0,2060.0,2060.0,2060.0,2060.0,0.0,,,,,,,,,,,,,,,,0.0,0.0,-1.0,5.346447130267384,0.0,0.0655534725,1.2741021208,0.2847475633
2061,2061,2061.0,2061.0,2061.0,2061.0,2061.0,2061.0,2061.0,2061.0,2061.0,2061.0,2061.0,2061.0,2061.0,2061.0,2061.0,2061.0,2061.0,1.0,,,,,,,,,,,,,,,,0.1,-0.0692995803,-0.3960557067,-5.494125348484139,0.0655534725,0.059339641,1.2085486483,0.2847475633
2062,2062,2062.0,2062.0,2062.0,2062.0,2062.0,2062.0,2062.0,2062.0,2062.0,2062.0,2062.0,2062.0,2062.0,2062.0,2062.0,2062.0,2062.0,2.0,,,,,,,,,,,,,,,,0.2,-0.1335666451,-0.8812011768,4.964851943823658,0.1248931135,0.0535689419,1.1492090073,0.2847475633
2063,2063,2063.0,2063.0,2063.0,2063.0,2063.0,2063.0,2063.0,2063.0,2063.0,2063.0,2063.0,2063.0,2063.0,2063.0,2063.0,2063.0,2063.0,3.0,,,,,,,,,,,,,,,,0.3,-0.1934069654,-0.324875662,-7.02249392399557,0.1784620554,0.0750447303,1.0956400654,0.2847475633
2064,2064,2064.0,2064.0,2064.0,2064.0,2064.0,2064.0,2064.0,2064.0,2064.0,2064.0,2064.0,2064.0,2064.0,2064.0,2064.0,2064.0,2064.0,4.0,,,,,,,,,,,,,,,,0.4,-0.2582937061,-0.9622383138,6.88733711343278,0.2535067857,0.0709514984999999,1.0205953351,0.2847475633
2065,2065,2065.0,2065.0,2065.0,2065.0,2065.0,2065.0,2065.0,2065.0,2065.0,2065.0,2065.0,2065.0,2065.0,2065.0,2065.0,2065.0,2065.0,5.0,,,,,,,,,,,,,,,,0.5,-0.3165458718,-0.2152524367,-19.87079048460158,0.3244582842,0.3755740415999999,0.9496438366,0.2847475633
2066,2066,2066.0,2066.0,2066.0,2066.0,2066.0,2066.0,2066.0,2066.0,2066.0,2066.0,2066.0,2066.0,2066.0,2066.0,2066.0,2066.0,2066.0,6.0,,,,,,,,,,,,,,,,0.6,-0.4331531667,-2.0857241903,14.077899419130016,0.7000323258,0.3150744333,0.5740697950000001,0.2847475633
2067,2067,2067.0,2067.0,2067.0,2067.0,2067.0,2067.0,2067.0,2067.0,2067.0,2067.0,2067.0,2067.0,2067.0,2067.0,2067.0,2067.0,2067.0,7.0,,,,,,,,,,,,,,,,0.7,-0.5635353893,-0.5475520258,-1.9436585918767229,1.0151067591,0.0750874645999999,0.2589953617,0.2847475633
2068,2068,2068.0,2068.0,2068.0,2068.0,2068.0,2068.0,2068.0,2068.0,2068.0,2068.0,2068.0,2068.0,2068.0,2068.0,2068.0,2068.0,2068.0,8.0,,,,,,,,,,,,,,,,0.8,-0.6250441201,-0.6804091542,1.186705846297203,1.0901942237,0.0788535264000001,0.1839078971000001,0.2847475633
2069,2069,2069.0,2069.0,2069.0,2069.0,2069.0,2069.0,2069.0,2069.0,2069.0,2069.0,2069.0,2069.0,2069.0,2069.0,2069.0,2069.0,2069.0,9.0,,,,,,,,,,,,,,,,0.9,-0.6840530398,-0.5027296498,-3.985839285613928,1.1690477501,0.1050543707,0.1050543707,0.2847475633
2070,2070,2070.0,2070.0,2070.0,2070.0,2070.0,2070.0,2070.0,2070.0,2070.0,2070.0,2070.0,2070.0,2070.0,2070.0,2070.0,2070.0,2070.0,0.0,,,,,,,,,,,,,,,,0.0,0.0,-1.0,5.619649082625425,0.0,0.0654994547,1.3924362255000002,-2.5
2071,2071,2071.0,2071.0,2071.0,2071.0,2071.0,2071.0,2071.0,2071.0,2071.0,2071.0,2071.0,2071.0,2071.0,2071.0,2071.0,2071.0,2071.0,1.0,,,,,,,,,,,,,,,,0.1,-0.0679779881,-0.3700571036,-5.864093044407657,0.0654994547,0.0608434890999999,1.3269367708000002,-1.1500571036000002
2072,2072,2072.0,2072.0,2072.0,2072.0,2072.0,2072.0,2072.0,2072.0,2072.0,2072.0,2072.0,2072.0,2072.0,2072.0,2072.0,2072.0,2072.0,2.0,,,,,,,,,,,,,,,,0.2,-0.1315606453,-0.8928837509,5.499583532412857,0.1263429438,0.0550493524,1.2660932817,-1.1128837509
2073,2073,2073.0,2073.0,2073.0,2073.0,2073.0,2073.0,2073.0,2073.0,2073.0,2073.0,2073.0,2073.0,2073.0,2073.0,2073.0,2073.0,2073.0,3.0,,,,,,,,,,,,,,,,0.3,-0.1899259891,-0.2845600538,-20.019843066374705,0.1813922962,0.3890716708,1.2110439293000002,-0.1045600538
2074,2074,2074.0,2074.0,2074.0,2074.0,2074.0,2074.0,2074.0,2074.0,2074.0,2074.0,2074.0,2074.0,2074.0,2074.0,2074.0,2074.0,2074.0,4.0,,,,,,,,,,,,,,,,0.4,-0.3138497879,-2.1626205617,12.922846685859994,0.570463967,0.3219545618,0.8219722585,-1.7426205617
2075,2075,2075.0,2075.0,2075.0,2075.0,2075.0,2075.0,2075.0,2075.0,2075.0,2075.0,2075.0,2075.0,2075.0,2075.0,2075.0,2075.0,2075.0,5.0,,,,,,,,,,,,,,,,0.5,-0.4571371427,-0.7270485383,2.131039471403241,0.8924185288,0.0614789141999999,0.5000176967,-0.2270485383
2076,2076,2076.0,2076.0,2076.0,2076.0,2076.0,2076.0,2076.0,2076.0,2076.0,2076.0,2076.0,2076.0,2076.0,2076.0,2076.0,2076.0,2076.0,6.0,,,,,,,,,,,,,,,,0.6,-0.5160161977,-0.4550655361,-4.193214123878311,0.953897443,0.0800043831999999,0.4385387825,-0.0350655360999999
2077,2077,2077.0,2077.0,2077.0,2077.0,2077.0,2077.0,2077.0,2077.0,2077.0,2077.0,2077.0,2077.0,2077.0,2077.0,2077.0,2077.0,2077.0,7.0,,,,,,,,,,,,,,,,0.7,-0.5796054615,-0.8107976847,3.4011448486082814,1.0339018262,0.0816160552,0.3585343993000001,-0.6307976846999999
2078,2078,2078.0,2078.0,2078.0,2078.0,2078.0,2078.0,2078.0,2078.0,2078.0,2078.0,2078.0,2078.0,2078.0,2078.0,2078.0,2078.0,2078.0,8.0,,,,,,,,,,,,,,,,0.8,-0.6403102741,-0.4099783872,-7.508481753342629,1.1155178814,0.1339993860999999,0.2769183441,-0.6299783872000002
2079,2079,2079.0,2079.0,2079.0,2079.0,2079.0,2079.0,2079.0,2079.0,2079.0,2079.0,2079.0,2079.0,2079.0,2079.0,2079.0,2079.0,2079.0,9.0,,,,,,,,,,,,,,,,0.9,-0.7156465471,-1.0854902897,9.456674893808108,1.2495172675,0.1429189580000001,0.1429189580000001,-1.8654902897000003
2080,2080,2080.0,2080.0,2080.0,2080.0,2080.0,2080.0,2080.0,2080.0,2080.0,2080.0,2080.0,2080.0,2080.0,2080.0,2080.0,2080.0,2080.0,0.0,,,,,,,,,,,,,,,,0.0,0.0,-1.0,5.434638440735357,0.0,0.0655228411,1.286143955,0.2639734414
2081,2081,2081.0,2081.0,2081.0,2081.0,2081.0,2081.0,2081.0,2081.0,2081.0,2081.0,2081.0,2081.0,2081.0,2081.0,2081.0,2081.0,2081.0,1.0,,,,,,,,,,,,,,,,0.1,-0.0688729621,-0.3876631938,-5.594296960470353,0.0655228411,0.0595634794999999,1.2206211139,0.2639734414
2082,2082,2082.0,2082.0,2082.0,2082.0,2082.0,2082.0,2082.0,2082.0,2082.0,2082.0,2082.0,2082.0,2082.0,2082.0,2082.0,2082.0,2082.0,2.0,,,,,,,,,,,,,,,,0.2,-0.1328259441,-0.8831399079,5.033042468931274,0.1250863206,0.0537727375,1.1610576344,0.2639734414
2083,2083,2083.0,2083.0,2083.0,2083.0,2083.0,2083.0,2083.0,2083.0,2083.0,2083.0,2083.0,2083.0,2083.0,2083.0,2083.0,2083.0,2083.0,3.0,,,,,,,,,,,,,,,,0.3,-0.192520893,-0.3201407121,-6.95460810579377,0.1788590581,0.0734471804,1.1072848969,0.2639734414
2084,2084,2084.0,2084.0,2084.0,2084.0,2084.0,2084.0,2084.0,2084.0,2084.0,2084.0,2084.0,2084.0,2084.0,2084.0,2084.0,2084.0,2084.0,4.0,,,,,,,,,,,,,,,,0.4,-0.2566286516,-0.951493764,6.566872996031695,0.2523062385,0.0689322706,1.0338377165,0.2639734414
2085,2085,2085.0,2085.0,2085.0,2085.0,2085.0,2085.0,2085.0,2085.0,2085.0,2085.0,2085.0,2085.0,2085.0,2085.0,2085.0,2085.0,2085.0,5.0,,,,,,,,,,,,,,,,0.5,-0.3154085574,-0.2360265586,-20.15967054642189,0.3212385091,0.3901713287,0.9649054459,0.2639734414
2086,2086,2086.0,2086.0,2086.0,2086.0,2086.0,2086.0,2086.0,2086.0,2086.0,2086.0,2086.0,2086.0,2086.0,2086.0,2086.0,2086.0,2086.0,6.0,,,,,,,,,,,,,,,,0.6,-0.4353902014,-2.1320119693,14.068311560889883,0.7114098378,0.3273055563,0.5747341172,0.2639734414
2087,2087,2087.0,2087.0,2087.0,2087.0,2087.0,2087.0,2087.0,2087.0,2087.0,2087.0,2087.0,2087.0,2087.0,2087.0,2087.0,2087.0,2087.0,7.0,,,,,,,,,,,,,,,,0.7,-0.5702236689,-0.5903473457,-0.991582557332356,1.0387153941,0.0737638680999999,0.2474285608999999,0.2639734414
2088,2088,2088.0,2088.0,2088.0,2088.0,2088.0,2088.0,2088.0,2088.0,2088.0,2088.0,2088.0,2088.0,2088.0,2088.0,2088.0,2088.0,2088.0,8.0,,,,,,,,,,,,,,,,0.8,-0.6311988043,-0.6285304661,-0.56167951099634,1.1124792622,0.0831850403,0.1736646928,0.2639734414
2089,2089,2089.0,2089.0,2089.0,2089.0,2089.0,2089.0,2089.0,2089.0,2089.0,2089.0,2089.0,2089.0,2089.0,2089.0,2089.0,2089.0,2089.0,9.0,,,,,,,,,,,,,,,,0.9,-0.6937286143,-0.6221686071,-0.4748138741120105,1.1956643025,0.0904796525,0.0904796525,0.2639734414
2090,2090,2090.0,2090.0,2090.0,2090.0,2090.0,2090.0,2090.0,2090.0,2090.0,2090.0,2090.0,2090.0,2090.0,2090.0,2090.0,2090.0,2090.0,0.0,,,,,,,,,,,,,,,,0.0,0.0,-1.0,5.560883294527987,0.0,0.065500856,1.3149068105999997,0.3058471058999999
2091,2091,2091.0,2091.0,2091.0,2091.0,2091.0,2091.0,2091.0,2091.0,2091.0,2091.0,2091.0,2091.0,2091.0,2091.0,2091.0,2091.0,2091.0,1.0,,,,,,,,,,,,,,,,0.1,-0.0682622628,-0.3756494078,-5.674034797090838,0.065500856,0.0591010492,1.2494059545999998,0.3058471058999999
2092,2092,2092.0,2092.0,2092.0,2092.0,2092.0,2092.0,2092.0,2092.0,2092.0,2092.0,2092.0,2092.0,2092.0,2092.0,2092.0,2092.0,2092.0,2.0,,,,,,,,,,,,,,,,0.2,-0.131457707,-0.8798574432,5.031554162513213,0.1246019052,0.0533464786,1.1903049054,0.3058471058999999
2093,2093,2093.0,2093.0,2093.0,2093.0,2093.0,2093.0,2093.0,2093.0,2093.0,2093.0,2093.0,2093.0,2093.0,2093.0,2093.0,2093.0,2093.0,3.0,,,,,,,,,,,,,,,,0.3,-0.1908474877,-0.3173122463,-7.191824763987072,0.1779483838,0.0764423457,1.1369584268,0.3058471058999999
2094,2094,2094.0,2094.0,2094.0,2094.0,2094.0,2094.0,2094.0,2094.0,2094.0,2094.0,2094.0,2094.0,2094.0,2094.0,2094.0,2094.0,2094.0,4.0,,,,,,,,,,,,,,,,0.4,-0.2558335989,-0.9715086115,7.197203180613596,0.2543907295,0.0726570240999999,1.0605160810999998,0.3058471058999999
2095,2095,2095.0,2095.0,2095.0,2095.0,2095.0,2095.0,2095.0,2095.0,2095.0,2095.0,2095.0,2095.0,2095.0,2095.0,2095.0,2095.0,2095.0,5.0,,,,,,,,,,,,,,,,0.5,-0.3134689983,-0.1941528941,-19.94156584660913,0.3270477536,0.3731092761,0.987859057,0.3058471058999999
2096,2096,2096.0,2096.0,2096.0,2096.0,2096.0,2096.0,2096.0,2096.0,2096.0,2096.0,2096.0,2096.0,2096.0,2096.0,2096.0,2096.0,2096.0,6.0,,,,,,,,,,,,,,,,0.6,-0.4284107914,-2.0733676856,14.400315621800589,0.7001570297,0.3127686128999999,0.6147497808999999,0.3058471058999999
2097,2097,2097.0,2097.0,2097.0,2097.0,2097.0,2097.0,2097.0,2097.0,2097.0,2097.0,2097.0,2097.0,2097.0,2097.0,2097.0,2097.0,2097.0,7.0,,,,,,,,,,,,,,,,0.7,-0.556057475,-0.5056894399,-2.8376858365205258,1.0129256426,0.0769644328000001,0.3019811679999999,0.3058471058999999
2098,2098,2098.0,2098.0,2098.0,2098.0,2098.0,2098.0,2098.0,2098.0,2098.0,2098.0,2098.0,2098.0,2098.0,2098.0,2098.0,2098.0,2098.0,8.0,,,,,,,,,,,,,,,,0.8,-0.6179065403,-0.7276089582,2.0054279713974843,1.0898900754,0.0802826828,0.2250167351999998,0.3058471058999999
2099,2099,2099.0,2099.0,2099.0,2099.0,2099.0,2099.0,2099.0,2099.0,2099.0,2099.0,2099.0,2099.0,2099.0,2099.0,2099.0,2099.0,2099.0,9.0,,,,,,,,,,,,,,,,0.9,-0.6774465648,-0.4675261365,-7.308714251482732,1.1701727582,0.1447340523999998,0.1447340523999998,0.3058471058999999
2100,2100,2100.0,2100.0,2100.0,2100.0,2100.0,2100.0,2100.0,2100.0,2100.0,2100.0,2100.0,2100.0,2100.0,2100.0,2100.0,2100.0,0.0,,,,,,,,,,,,,,,,,0.0,0.0,-1.0,7.065982095701064,0.0,0.067228172,2.9540590897000003,0.4599114492
2101,2101,2101.0,2101.0,2101.0,2101.0,2101.0,2101.0,2101.0,2101.0,2101.0,2101.0,2101.0,2101.0,2101.0,2101.0,2101.0,2101.0,1.0,,,,,,,,,,,,,,,,,0.1,-0.0609814725,-0.2324203179,-19.45221948227008,0.067228172,0.3533259528,2.8868309177,0.4599114492
2102,2102,2102.0,2102.0,2102.0,2102.0,2102.0,2102.0,2102.0,2102.0,2102.0,2102.0,2102.0,2102.0,2102.0,2102.0,2102.0,2102.0,2.0,,,,,,,,,,,,,,,,,0.2,-0.1771976971,-2.0614260416,16.95300204241762,0.4205541248,0.3076427698,2.5335049649,0.4599114492
2103,2103,2103.0,2103.0,2103.0,2103.0,2103.0,2103.0,2103.0,2103.0,2103.0,2103.0,2103.0,2103.0,2103.0,2103.0,2103.0,2103.0,3.0,,,,,,,,,,,,,,,,,0.3,-0.2913595678,-0.2519639667,-20.07258543086996,0.7281968946,0.3891238419999999,2.2258621951,0.4599114492
2104,2104,2104.0,2104.0,2104.0,2104.0,2104.0,2104.0,2104.0,2104.0,2104.0,2104.0,2104.0,2104.0,2104.0,2104.0,2104.0,2104.0,4.0,,,,,,,,,,,,,,,,,0.4,-0.4124365917,-2.1381454858,16.48346156946848,1.1173207366,0.3391672970999999,1.8367383531,0.4599114492
2105,2105,2105.0,2105.0,2105.0,2105.0,2105.0,2105.0,2105.0,2105.0,2105.0,2105.0,2105.0,2105.0,2105.0,2105.0,2105.0,2105.0,5.0,,,,,,,,,,,,,,,,,0.5,-0.5361706529,-0.3660652676,3.9000730970734905,1.4564880337,0.0415098808,1.497571056,0.4599114492
2106,2106,2106.0,2106.0,2106.0,2106.0,2106.0,2106.0,2106.0,2106.0,2106.0,2106.0,2106.0,2106.0,2106.0,2106.0,2106.0,2106.0,6.0,,,,,,,,,,,,,,,,,0.6,-0.55214006,0.0399114492,-19.914928283815765,1.4979979145,0.3480000631,1.4560611752,0.4599114492
2107,2107,2107.0,2107.0,2107.0,2107.0,2107.0,2107.0,2107.0,2107.0,2107.0,2107.0,2107.0,2107.0,2107.0,2107.0,2107.0,2107.0,7.0,,,,,,,,,,,,,,,,,0.7,-0.644678801,-1.8590426382,17.144171794723604,1.8459979776,0.3125528091999998,1.1080611121,0.4599114492
2108,2108,2108.0,2108.0,2108.0,2108.0,2108.0,2108.0,2108.0,2108.0,2108.0,2108.0,2108.0,2108.0,2108.0,2108.0,2108.0,2108.0,8.0,,,,,,,,,,,,,,,,,0.8,-0.7386565924,-0.0506476674,-20.10676891627536,2.1585507868,0.3966718355000003,0.7955083029000001,0.4599114492
2109,2109,2109.0,2109.0,2109.0,2109.0,2109.0,2109.0,2109.0,2109.0,2109.0,2109.0,2109.0,2109.0,2109.0,2109.0,2109.0,2109.0,9.0,,,,,,,,,,,,,,,,,0.9,-0.8407411889,-1.9592399625,20.026600636013345,2.5552226223,0.3988364673999998,0.3988364673999998,0.4599114492
2110,2110,2110.0,2110.0,2110.0,2110.0,2110.0,2110.0,2110.0,2110.0,2110.0,2110.0,2110.0,2110.0,2110.0,2110.0,2110.0,2110.0,0.0,,,,,,,,,,,,,,,,,0.0,0.0,-1.0,6.836812603464916,0.0,0.0667283514,2.9010746803,0.4437577131
2111,2111,2111.0,2111.0,2111.0,2111.0,2111.0,2111.0,2111.0,2111.0,2111.0,2111.0,2111.0,2111.0,2111.0,2111.0,2111.0,2111.0,1.0,,,,,,,,,,,,,,,,,0.1,-0.0620900611,-0.2542286785,-18.64484926403776,0.0667283514,0.3313861791,2.8343463289,0.4437577131
2112,2112,2112.0,2112.0,2112.0,2112.0,2112.0,2112.0,2112.0,2112.0,2112.0,2112.0,2112.0,2112.0,2112.0,2112.0,2112.0,2112.0,2.0,,,,,,,,,,,,,,,,,0.2,-0.1764760495,-2.0043276165,16.365538254199546,0.3981145305,0.2900566785999999,2.5029601498,0.4437577131
2113,2113,2113.0,2113.0,2113.0,2113.0,2113.0,2113.0,2113.0,2113.0,2113.0,2113.0,2113.0,2113.0,2113.0,2113.0,2113.0,2113.0,3.0,,,,,,,,,,,,,,,,,0.3,-0.2880460946,-0.256203746,-19.925841970082097,0.6881712091,0.3847736844000001,2.2129034712,0.4437577131
2114,2114,2114.0,2114.0,2114.0,2114.0,2114.0,2114.0,2114.0,2114.0,2114.0,2114.0,2114.0,2114.0,2114.0,2114.0,2114.0,2114.0,4.0,,,,,,,,,,,,,,,,,0.4,-0.4088167271,-2.1280173106,16.692756952403933,1.0729448935,0.3379130149999998,1.8281297868,0.4437577131
2115,2115,2115.0,2115.0,2115.0,2115.0,2115.0,2115.0,2115.0,2115.0,2115.0,2115.0,2115.0,2115.0,2115.0,2115.0,2115.0,2115.0,5.0,,,,,,,,,,,,,,,,,0.5,-0.5305745153,-0.3369838271,3.4538083036569964,1.4108579085,0.0387056887000001,1.4902167718,0.4437577131
2116,2116,2116.0,2116.0,2116.0,2116.0,2116.0,2116.0,2116.0,2116.0,2116.0,2116.0,2116.0,2116.0,2116.0,2116.0,2116.0,2116.0,6.0,,,,,,,,,,,,,,,,,0.6,-0.5459352252,0.0237577131,-19.992648739691084,1.4495635972,0.3526975635,1.4515110830999998,0.4437577131
2117,2117,2117.0,2117.0,2117.0,2117.0,2117.0,2117.0,2117.0,2117.0,2117.0,2117.0,2117.0,2117.0,2117.0,2117.0,2117.0,2117.0,7.0,,,,,,,,,,,,,,,,,0.7,-0.6403872119,-1.8810551741,17.397708158637183,1.8022611607,0.3188555891,1.0988135195999995,0.4437577131
2118,2118,2118.0,2118.0,2118.0,2118.0,2118.0,2118.0,2118.0,2118.0,2118.0,2118.0,2118.0,2118.0,2118.0,2118.0,2118.0,2118.0,8.0,,,,,,,,,,,,,,,,,0.8,-0.7352333116,-0.0464382585,-19.91116633478499,2.1211167498,0.3888404887000001,0.7799579304999997,0.4437577131
2119,2119,2119.0,2119.0,2119.0,2119.0,2119.0,2119.0,2119.0,2119.0,2119.0,2119.0,2119.0,2119.0,2119.0,2119.0,2119.0,2119.0,9.0,,,,,,,,,,,,,,,,,0.9,-0.8359711106,-1.936817093,19.831763083280737,2.5099572385,0.3911174417999996,0.3911174417999996,0.4437577131
2120,2120,2120.0,2120.0,2120.0,2120.0,2120.0,2120.0,2120.0,2120.0,2120.0,2120.0,2120.0,2120.0,2120.0,2120.0,2120.0,2120.0,0.0,,,,,,,,,,,,,,,,,0.0,0.0,-1.0,6.837326281189309,0.0,0.0667293766,2.3082623963,0.4685771310000001
2121,2121,2121.0,2121.0,2121.0,2121.0,2121.0,2121.0,2121.0,2121.0,2121.0,2121.0,2121.0,2121.0,2121.0,2121.0,2121.0,2121.0,1.0,,,,,,,,,,,,,,,,,0.1,-0.0620875763,-0.2541797956,-18.67889815304142,0.0667293766,0.3324841163,2.2415330197,0.4685771310000001
2122,2122,2122.0,2122.0,2122.0,2122.0,2122.0,2122.0,2122.0,2122.0,2122.0,2122.0,2122.0,2122.0,2122.0,2122.0,2122.0,2122.0,2.0,,,,,,,,,,,,,,,,,0.2,-0.1766336215,-2.0075235657,16.35562640246628,0.3992134929,0.2906796462999999,1.9090489034,0.4685771310000001
2123,2123,2123.0,2123.0,2123.0,2123.0,2123.0,2123.0,2123.0,2123.0,2123.0,2123.0,2123.0,2123.0,2123.0,2123.0,2123.0,2123.0,3.0,,,,,,,,,,,,,,,,,0.3,-0.2885557491,-0.2600387978,-20.046086189088232,0.6898931392,0.3898802963,1.6183692571,0.4685771310000001
2124,2124,2124.0,2124.0,2124.0,2124.0,2124.0,2124.0,2124.0,2124.0,2124.0,2124.0,2124.0,2124.0,2124.0,2124.0,2124.0,2124.0,4.0,,,,,,,,,,,,,,,,,0.4,-0.4102730064,-2.1429301594,16.438678063632057,1.0797734355,0.3398051223,1.2284889608,0.4685771310000001
2125,2125,2125.0,2125.0,2125.0,2125.0,2125.0,2125.0,2125.0,2125.0,2125.0,2125.0,2125.0,2125.0,2125.0,2125.0,2125.0,2125.0,5.0,,,,,,,,,,,,,,,,,0.5,-0.534679026,-0.3746563335,4.072821648059771,1.4195785578,0.0421635932999999,0.8886838385,0.4685771310000001
2126,2126,2126.0,2126.0,2126.0,2126.0,2126.0,2126.0,2126.0,2126.0,2126.0,2126.0,2126.0,2126.0,2126.0,2126.0,2126.0,2126.0,6.0,,,,,,,,,,,,,,,,,0.6,-0.5506303257,0.048577131,-20.016100311794258,1.4617421511,0.3495280025,0.8465202452,0.4685771310000001
2127,2127,2127.0,2127.0,2127.0,2127.0,2127.0,2127.0,2127.0,2127.0,2127.0,2127.0,2127.0,2127.0,2127.0,2127.0,2127.0,2127.0,7.0,,,,,,,,,,,,,,,,,0.7,-0.6428337897,-1.8608294361,16.863800326406114,1.8112701536,0.3097010181999999,0.4969922427,0.4685771310000001
2128,2128,2128.0,2128.0,2128.0,2128.0,2128.0,2128.0,2128.0,2128.0,2128.0,2128.0,2128.0,2128.0,2128.0,2128.0,2128.0,2128.0,8.0,,,,,,,,,,,,,,,,,0.8,-0.7383378818,-0.0789453114,-6.0771250348330375,2.1209711718,0.0913780697000001,0.1872912245,0.4685771310000001
2129,2129,2129.0,2129.0,2129.0,2129.0,2129.0,2129.0,2129.0,2129.0,2129.0,2129.0,2129.0,2129.0,2129.0,2129.0,2129.0,2129.0,9.0,,,,,,,,,,,,,,,,,0.9,-0.7752476871,-0.6497480096,6.082296225565112,2.2123492415,0.0959131547999998,0.0959131547999998,0.4685771310000001
2130,2130,2130.0,2130.0,2130.0,2130.0,2130.0,2130.0,2130.0,2130.0,2130.0,2130.0,2130.0,2130.0,2130.0,2130.0,2130.0,2130.0,0.0,,,,,,,,,,,,,,,,,0.0,0.0,-1.0,6.869241445313888,0.0,0.0667939115,2.9134239015000003,0.4586910525000001
2131,2131,2131.0,2131.0,2131.0,2131.0,2131.0,2131.0,2131.0,2131.0,2131.0,2131.0,2131.0,2131.0,2131.0,2131.0,2131.0,2131.0,1.0,,,,,,,,,,,,,,,,,0.1,-0.0619331893,-0.2511426662,-18.43986044423874,0.0667939115,0.3240881934,2.8466299900000003,0.4586910525000001
2132,2132,2132.0,2132.0,2132.0,2132.0,2132.0,2132.0,2132.0,2132.0,2132.0,2132.0,2132.0,2132.0,2132.0,2132.0,2132.0,2132.0,2.0,,,,,,,,,,,,,,,,,0.2,-0.1750338881,-1.9820280118,15.840271206574172,0.3908821049,0.2809579366999999,2.5225417966,0.4586910525000001
2133,2133,2133.0,2133.0,2133.0,2133.0,2133.0,2133.0,2133.0,2133.0,2133.0,2133.0,2133.0,2133.0,2133.0,2133.0,2133.0,2133.0,3.0,,,,,,,,,,,,,,,,,0.3,-0.2870227816,-0.2860119977,-19.94826869424243,0.6718400416,0.3924356897,2.2415838599,0.4586910525000001
2134,2134,2134.0,2134.0,2134.0,2134.0,2134.0,2134.0,2134.0,2134.0,2134.0,2134.0,2134.0,2134.0,2134.0,2134.0,2134.0,2134.0,4.0,,,,,,,,,,,,,,,,,0.4,-0.4107385311,-2.1571231176,17.0487472297342,1.0642757313,0.3478558138000001,1.8491481702,0.4586910525000001
2135,2135,2135.0,2135.0,2135.0,2135.0,2135.0,2135.0,2135.0,2135.0,2135.0,2135.0,2135.0,2135.0,2135.0,2135.0,2135.0,2135.0,5.0,,,,,,,,,,,,,,,,,0.5,-0.533544029,-0.3294428967,3.539024222702972,1.4121315451,0.0389873871999999,1.5012923563999998,0.4586910525000001
2136,2136,2136.0,2136.0,2136.0,2136.0,2136.0,2136.0,2136.0,2136.0,2136.0,2136.0,2136.0,2136.0,2136.0,2136.0,2136.0,2136.0,6.0,,,,,,,,,,,,,,,,,0.6,-0.5477755559,0.0386910525,-20.07766326776557,1.4511189323,0.3529549097,1.4623049692,0.4586910525000001
2137,2137,2137.0,2137.0,2137.0,2137.0,2137.0,2137.0,2137.0,2137.0,2137.0,2137.0,2137.0,2137.0,2137.0,2137.0,2137.0,2137.0,7.0,,,,,,,,,,,,,,,,,0.7,-0.641217651,-1.8756331792,17.43616663027453,1.804073842,0.318364933,1.1093500595,0.4586910525000001
2138,2138,2138.0,2138.0,2138.0,2138.0,2138.0,2138.0,2138.0,2138.0,2138.0,2138.0,2138.0,2138.0,2138.0,2138.0,2138.0,2138.0,8.0,,,,,,,,,,,,,,,,,0.8,-0.7353617399,-0.0378724272,-20.178947394339424,2.122438775,0.3960354573,0.7909851264999999,0.4586910525000001
2139,2139,2139.0,2139.0,2139.0,2139.0,2139.0,2139.0,2139.0,2139.0,2139.0,2139.0,2139.0,2139.0,2139.0,2139.0,2139.0,2139.0,9.0,,,,,,,,,,,,,,,,,0.9,-0.8365797818,-1.9545491248,19.866919708974983,2.5184742323,0.3949496691999998,0.3949496691999998,0.4586910525000001
2140,2140,2140.0,2140.0,2140.0,2140.0,2140.0,2140.0,2140.0,2140.0,2140.0,2140.0,2140.0,2140.0,2140.0,2140.0,2140.0,2140.0,0.0,,,,,,,,,,,,,,,,,0.0,0.0,-1.0,6.987614936315788,0.0,0.0670476808,2.3429372211,0.4257681240000001
2141,2141,2141.0,2141.0,2141.0,2141.0,2141.0,2141.0,2141.0,2141.0,2141.0,2141.0,2141.0,2141.0,2141.0,2141.0,2141.0,2141.0,1.0,,,,,,,,,,,,,,,,,0.1,-0.0613605672,-0.2398779392,-18.945902640798607,0.0670476808,0.3381158077,2.2758895403,0.4257681240000001
2142,2142,2142.0,2142.0,2142.0,2142.0,2142.0,2142.0,2142.0,2142.0,2142.0,2142.0,2142.0,2142.0,2142.0,2142.0,2142.0,2142.0,2.0,,,,,,,,,,,,,,,,,0.2,-0.175837223,-2.0199915475,16.68848718687991,0.4051634885,0.2961616111,1.9377737326,0.4257681240000001
2143,2143,2143.0,2143.0,2143.0,2143.0,2143.0,2143.0,2143.0,2143.0,2143.0,2143.0,2143.0,2143.0,2143.0,2143.0,2143.0,2143.0,3.0,,,,,,,,,,,,,,,,,0.3,-0.2873356491,-0.2396444026,-19.80652952187441,0.7013250996,0.3768273577000001,1.6416121215,0.4257681240000001
2144,2144,2144.0,2144.0,2144.0,2144.0,2144.0,2144.0,2144.0,2144.0,2144.0,2144.0,2144.0,2144.0,2144.0,2144.0,2144.0,2144.0,4.0,,,,,,,,,,,,,,,,,0.4,-0.4059532884,-2.1016797155,16.095687882253888,1.0781524573,0.3270092931999999,1.2647847638,0.4257681240000001
2145,2145,2145.0,2145.0,2145.0,2145.0,2145.0,2145.0,2145.0,2145.0,2145.0,2145.0,2145.0,2145.0,2145.0,2145.0,2145.0,2145.0,5.0,,,,,,,,,,,,,,,,,0.5,-0.5280929961,-0.3699712197,3.578422869155431,1.4051617505,0.0399621233,0.9377754706,0.4257681240000001
2146,2146,2146.0,2146.0,2146.0,2146.0,2146.0,2146.0,2146.0,2146.0,2146.0,2146.0,2146.0,2146.0,2146.0,2146.0,2146.0,2146.0,6.0,,,,,,,,,,,,,,,,,0.6,-0.5459900528,0.005768124,-20.145692568238594,1.4451238738,0.3610200632,0.8978133473000001,0.4257681240000001
2147,2147,2147.0,2147.0,2147.0,2147.0,2147.0,2147.0,2147.0,2147.0,2147.0,2147.0,2147.0,2147.0,2147.0,2147.0,2147.0,2147.0,7.0,,,,,,,,,,,,,,,,,0.7,-0.6428941768,-1.9118970089,17.459452105534314,1.806143937,0.3258243036999999,0.5367932841,0.4257681240000001
2148,2148,2148.0,2148.0,2148.0,2148.0,2148.0,2148.0,2148.0,2148.0,2148.0,2148.0,2148.0,2148.0,2148.0,2148.0,2148.0,2148.0,8.0,,,,,,,,,,,,,,,,,0.8,-0.7403765742,-0.0684694009,-7.113703857477981,2.1319682407,0.1028518937,0.2109689804000001,0.4257681240000001
2149,2149,2149.0,2149.0,2149.0,2149.0,2149.0,2149.0,2149.0,2149.0,2149.0,2149.0,2149.0,2149.0,2149.0,2149.0,2149.0,2149.0,9.0,,,,,,,,,,,,,,,,,0.9,-0.7813042662,-0.7389120947,7.194562090315456,2.2348201344,0.1081170867,0.1081170867,0.4257681240000001
2150,2150,2150.0,2150.0,2150.0,2150.0,2150.0,2150.0,2150.0,2150.0,2150.0,2150.0,2150.0,2150.0,2150.0,2150.0,2150.0,2150.0,0.0,,,,,,,,,,,,,,,,,0.0,0.0,-1.0,6.982017578052287,0.0,0.0670351699,2.9529489622,0.4399759783
2151,2151,2151.0,2151.0,2151.0,2151.0,2151.0,2151.0,2151.0,2151.0,2151.0,2151.0,2151.0,2151.0,2151.0,2151.0,2151.0,2151.0,1.0,,,,,,,,,,,,,,,,,0.1,-0.061387644,-0.2404105982,-19.15495971011422,0.0670351699,0.3451433948,2.8859137923,0.4399759783
2152,2152,2152.0,2152.0,2152.0,2152.0,2152.0,2152.0,2152.0,2152.0,2152.0,2152.0,2152.0,2152.0,2152.0,2152.0,2152.0,2152.0,2.0,,,,,,,,,,,,,,,,,0.2,-0.1769262854,-2.0403679278,16.523685957960602,0.4121785647,0.299316524,2.5407703975,0.4399759783
2153,2153,2153.0,2153.0,2153.0,2153.0,2153.0,2153.0,2153.0,2153.0,2153.0,2153.0,2153.0,2153.0,2153.0,2153.0,2153.0,2153.0,3.0,,,,,,,,,,,,,,,,,0.3,-0.291160993,-0.2737646244,-19.98439821819789,0.7114950887,0.3910988925000001,2.2414538735,0.4399759783
2154,2154,2154.0,2154.0,2154.0,2154.0,2154.0,2154.0,2154.0,2154.0,2154.0,2154.0,2154.0,2154.0,2154.0,2154.0,2154.0,2154.0,4.0,,,,,,,,,,,,,,,,,0.4,-0.4138860245,-2.1494794148,16.937426834184848,1.1025939812,0.3454456127999998,1.850354981,0.4399759783
2155,2155,2155.0,2155.0,2155.0,2155.0,2155.0,2155.0,2155.0,2155.0,2155.0,2155.0,2155.0,2155.0,2155.0,2155.0,2155.0,2155.0,5.0,,,,,,,,,,,,,,,,,0.5,-0.5365026315,-0.3331201243,3.377322738910155,1.448039594,0.039044655,1.5049093682,0.4399759783
2156,2156,2156.0,2156.0,2156.0,2156.0,2156.0,2156.0,2156.0,2156.0,2156.0,2156.0,2156.0,2156.0,2156.0,2156.0,2156.0,2156.0,6.0,,,,,,,,,,,,,,,,,0.6,-0.5518664602,0.0199759783,-19.99781825256253,1.487084249,0.3542496058,1.4658647131999998,0.4399759783
2157,2157,2157.0,2157.0,2157.0,2157.0,2157.0,2157.0,2157.0,2157.0,2157.0,2157.0,2157.0,2157.0,2157.0,2157.0,2157.0,2157.0,7.0,,,,,,,,,,,,,,,,,0.7,-0.6467032683,-1.8849690389,17.377708067636483,1.8413338548,0.320275904,1.1116151073999998,0.4399759783
2158,2158,2158.0,2158.0,2158.0,2158.0,2158.0,2158.0,2158.0,2158.0,2158.0,2158.0,2158.0,2158.0,2158.0,2158.0,2158.0,2158.0,8.0,,,,,,,,,,,,,,,,,0.8,-0.7420185604,-0.05188294,-19.96293887500899,2.1616097588,0.3926689046999998,0.7913392033999997,0.4399759783
2159,2159,2159.0,2159.0,2159.0,2159.0,2159.0,2159.0,2159.0,2159.0,2159.0,2159.0,2159.0,2159.0,2159.0,2159.0,2159.0,2159.0,9.0,,,,,,,,,,,,,,,,,0.9,-0.8435249413,-1.9466704466,20.13717667155545,2.5542786635,0.3986702986999999,0.3986702986999999,0.4399759783
2160,2160,2160.0,2160.0,2160.0,2160.0,2160.0,2160.0,2160.0,2160.0,2160.0,2160.0,2160.0,2160.0,2160.0,2160.0,2160.0,0.0,,,,,,,,,,,,,,,,,,0.0,0.0,-1.0,4.591209384930929,0.0,0.0663318737,1.6825286938,-2.5
2161,2161,2161.0,2161.0,2161.0,2161.0,2161.0,2161.0,2161.0,2161.0,2161.0,2161.0,2161.0,2161.0,2161.0,2161.0,2161.0,1.0,,,,,,,,,,,,,,,,,,0.1,-0.0729529872,-0.4679260743,-10.867636480826658,0.0663318737,0.1628608918999999,1.6161968201,-1.2479260743000002
2162,2162,2162.0,2162.0,2162.0,2162.0,2162.0,2162.0,2162.0,2162.0,2162.0,2162.0,2162.0,2162.0,2162.0,2162.0,2162.0,2.0,,,,,,,,,,,,,,,,,,0.2,-0.1700533448,-1.4575893648,8.396193423666872,0.2291927656,0.1440252292,1.4533359282,-1.6775893648
2163,2163,2163.0,2163.0,2163.0,2163.0,2163.0,2163.0,2163.0,2163.0,2163.0,2163.0,2163.0,2163.0,2163.0,2163.0,2163.0,3.0,,,,,,,,,,,,,,,,,,0.3,-0.2681454205,-0.5198779468,-10.653922021060382,0.3732179948,0.1762683676,1.309310699,-0.3398779468
2164,2164,2164.0,2164.0,2164.0,2164.0,2164.0,2164.0,2164.0,2164.0,2164.0,2164.0,2164.0,2164.0,2164.0,2164.0,2164.0,4.0,,,,,,,,,,,,,,,,,,0.4,-0.3691557917,-1.4842597777,8.565070416797926,0.5494863624,0.1622480022999999,1.1330423314,-1.0642597776999998
2165,2165,2165.0,2165.0,2165.0,2165.0,2165.0,2165.0,2165.0,2165.0,2165.0,2165.0,2165.0,2165.0,2165.0,2165.0,2165.0,5.0,,,,,,,,,,,,,,,,,,0.5,-0.4689690159,-0.5279395117,-10.868449514689654,0.7117343647,0.1991614443,0.9707943291,-0.0279395116999999
2166,2166,2166.0,2166.0,2166.0,2166.0,2166.0,2166.0,2166.0,2166.0,2166.0,2166.0,2166.0,2166.0,2166.0,2166.0,2166.0,6.0,,,,,,,,,,,,,,,,,,0.6,-0.5717843272,-1.511969152,8.510133024352921,0.910895809,0.1892135979999999,0.7716328847999999,-1.091969152
2167,2167,2167.0,2167.0,2167.0,2167.0,2167.0,2167.0,2167.0,2167.0,2167.0,2167.0,2167.0,2167.0,2167.0,2167.0,2167.0,7.0,,,,,,,,,,,,,,,,,,0.7,-0.674500225,-0.5582399517,-10.505822003635096,1.100109407,0.2224248024999999,0.5824192868,-0.3782399516999998
2168,2168,2168.0,2168.0,2168.0,2168.0,2168.0,2168.0,2168.0,2168.0,2168.0,2168.0,2168.0,2168.0,2168.0,2168.0,2168.0,8.0,,,,,,,,,,,,,,,,,,0.8,-0.7784448313,-1.5048775457,5.467784974214078,1.3225342095,0.2260135074,0.3599944843,-1.7248775457000003
2169,2169,2169.0,2169.0,2169.0,2169.0,2169.0,2169.0,2169.0,2169.0,2169.0,2169.0,2169.0,2169.0,2169.0,2169.0,2169.0,9.0,,,,,,,,,,,,,,,,,,0.9,-0.8952030402,-0.8413408394,3.493509610882353,1.5485477169,0.1339809769,0.1339809769,-1.6213408394000002
2170,2170,2170.0,2170.0,2170.0,2170.0,2170.0,2170.0,2170.0,2170.0,2170.0,2170.0,2170.0,2170.0,2170.0,2170.0,2170.0,0.0,,,,,,,,,,,,,,,,,,0.0,0.0,-1.0,4.576628603512596,0.0,0.06635599,1.7491882117,-2.5
2171,2171,2171.0,2171.0,2171.0,2171.0,2171.0,2171.0,2171.0,2171.0,2171.0,2171.0,2171.0,2171.0,2171.0,2171.0,2171.0,1.0,,,,,,,,,,,,,,,,,,0.1,-0.0730235206,-0.4693136191,-11.116597065506094,0.06635599,0.1686183306999999,1.6828322217,-1.2493136191000005
2172,2172,2172.0,2172.0,2172.0,2172.0,2172.0,2172.0,2172.0,2172.0,2172.0,2172.0,2172.0,2172.0,2172.0,2172.0,2172.0,2.0,,,,,,,,,,,,,,,,,,0.2,-0.1714602467,-1.4825365995,9.083800606051,0.2349743207,0.1493405328,1.514213891,-1.7025365995
2173,2173,2173.0,2173.0,2173.0,2173.0,2173.0,2173.0,2173.0,2173.0,2173.0,2173.0,2173.0,2173.0,2173.0,2173.0,2173.0,3.0,,,,,,,,,,,,,,,,,,0.3,-0.2686001221,-0.4770166634,-11.588456921219011,0.3843148535,0.1891171392,1.3648733582,-0.2970166634
2174,2174,2174.0,2174.0,2174.0,2174.0,2174.0,2174.0,2174.0,2174.0,2174.0,2174.0,2174.0,2174.0,2174.0,2174.0,2174.0,4.0,,,,,,,,,,,,,,,,,,0.4,-0.3700524643,-1.5344100134,9.161217763373177,0.5734319927,0.1725522578999999,1.1757562190000002,-1.1144100134
2175,2175,2175.0,2175.0,2175.0,2175.0,2175.0,2175.0,2175.0,2175.0,2175.0,2175.0,2175.0,2175.0,2175.0,2175.0,2175.0,5.0,,,,,,,,,,,,,,,,,,0.5,-0.4717542615,-0.5165864399,-10.9315221365225,0.7459842506,0.1986161004,1.0032039611,-0.0165864398999999
2176,2176,2176.0,2176.0,2176.0,2176.0,2176.0,2176.0,2176.0,2176.0,2176.0,2176.0,2176.0,2176.0,2176.0,2176.0,2176.0,6.0,,,,,,,,,,,,,,,,,,0.6,-0.5737942944,-1.5076986206,8.55455651487527,0.944600351,0.1885992802999999,0.8045878607,-1.0876986206
2177,2177,2177.0,2177.0,2177.0,2177.0,2177.0,2177.0,2177.0,2177.0,2177.0,2177.0,2177.0,2177.0,2177.0,2177.0,2177.0,7.0,,,,,,,,,,,,,,,,,,0.7,-0.6758889158,-0.5501483478,-11.171766291386044,1.1331996313,0.2361494093,0.6159885804,-0.3701483477999998
2178,2178,2178.0,2178.0,2178.0,2178.0,2178.0,2178.0,2178.0,2178.0,2178.0,2178.0,2178.0,2178.0,2178.0,2178.0,2178.0,8.0,,,,,,,,,,,,,,,,,,0.8,-0.7822849609,-1.5609289318,5.596006558436579,1.3693490406,0.2392309583,0.3798391711,-1.7809289318
2179,2179,2179.0,2179.0,2179.0,2179.0,2179.0,2179.0,2179.0,2179.0,2179.0,2179.0,2179.0,2179.0,2179.0,2179.0,2179.0,9.0,,,,,,,,,,,,,,,,,,0.9,-0.9037569061,-0.8798563307,3.538082866210038,1.6085799989,0.1406082127999999,0.1406082127999999,-1.6598563307000005
2180,2180,2180.0,2180.0,2180.0,2180.0,2180.0,2180.0,2180.0,2180.0,2180.0,2180.0,2180.0,2180.0,2180.0,2180.0,2180.0,0.0,,,,,,,,,,,,,,,,,,0.0,0.0,-1.0,4.647981174233012,0.0,0.0662412551,1.7136979263000005,-2.5
2181,2181,2181.0,2181.0,2181.0,2181.0,2181.0,2181.0,2181.0,2181.0,2181.0,2181.0,2181.0,2181.0,2181.0,2181.0,2181.0,1.0,,,,,,,,,,,,,,,,,,0.1,-0.0726783583,-0.4625235242,-11.117539827931145,0.0662412551,0.167365918,1.6474566712000005,-1.2425235242
2182,2182,2182.0,2182.0,2182.0,2182.0,2182.0,2182.0,2182.0,2182.0,2182.0,2182.0,2182.0,2182.0,2182.0,2182.0,2182.0,2.0,,,,,,,,,,,,,,,,,,0.2,-0.1704734819,-1.4764823835,9.059014133463268,0.2336071731,0.1481250886,1.4800907532000005,-1.6964823835
2183,2183,2183.0,2183.0,2183.0,2183.0,2183.0,2183.0,2183.0,2183.0,2183.0,2183.0,2183.0,2183.0,2183.0,2183.0,2183.0,3.0,,,,,,,,,,,,,,,,,,0.3,-0.2671571251,-0.473897327,-11.627635585900093,0.3817322617,0.1893303817,1.3319656646000002,-0.293897327
2184,2184,2184.0,2184.0,2184.0,2184.0,2184.0,2184.0,2184.0,2184.0,2184.0,2184.0,2184.0,2184.0,2184.0,2184.0,2184.0,4.0,,,,,,,,,,,,,,,,,,0.4,-0.3685021468,-1.5353158638,9.075674556715176,0.5710626434,0.1725392918999999,1.1426352829000002,-1.1153158637999998
2185,2185,2185.0,2185.0,2185.0,2185.0,2185.0,2185.0,2185.0,2185.0,2185.0,2185.0,2185.0,2185.0,2185.0,2185.0,2185.0,5.0,,,,,,,,,,,,,,,,,,0.5,-0.4707039553,-0.5255465996,-10.938542372508357,0.7436019353,0.2004463583,0.970095991,-0.0255465996
2186,2186,2186.0,2186.0,2186.0,2186.0,2186.0,2186.0,2186.0,2186.0,2186.0,2186.0,2186.0,2186.0,2186.0,2186.0,2186.0,6.0,,,,,,,,,,,,,,,,,,0.6,-0.5736306195,-1.5164741727,8.375975088790964,0.9440482936,0.190402239,0.7696496327000001,-1.0964741726999998
2187,2187,2187.0,2187.0,2187.0,2187.0,2187.0,2187.0,2187.0,2187.0,2187.0,2187.0,2187.0,2187.0,2187.0,2187.0,2187.0,7.0,,,,,,,,,,,,,,,,,,0.7,-0.6774242112,-0.5750830721,-10.06258948525684,1.1344505326,0.2165034326999999,0.5792473937,-0.3950830720999998
2188,2188,2188.0,2188.0,2188.0,2188.0,2188.0,2188.0,2188.0,2188.0,2188.0,2188.0,2188.0,2188.0,2188.0,2188.0,2188.0,8.0,,,,,,,,,,,,,,,,,,0.8,-0.7808275399,-1.477938692,4.841097879350195,1.3509539653,0.2235775120000001,0.362743961,-1.697938692
2189,2189,2189.0,2189.0,2189.0,2189.0,2189.0,2189.0,2189.0,2189.0,2189.0,2189.0,2189.0,2189.0,2189.0,2189.0,2189.0,9.0,,,,,,,,,,,,,,,,,,0.9,-0.8980537364,-0.8766027075,3.5100385300614474,1.5745314773,0.1391664489999999,0.1391664489999999,-1.6566027075000005
2190,2190,2190.0,2190.0,2190.0,2190.0,2190.0,2190.0,2190.0,2190.0,2190.0,2190.0,2190.0,2190.0,2190.0,2190.0,2190.0,0.0,,,,,,,,,,,,,,,,,,0.0,0.0,-1.0,4.408711555661479,0.0,0.0666585421,1.6881016725999998,-2.5
2191,2191,2191.0,2191.0,2191.0,2191.0,2191.0,2191.0,2191.0,2191.0,2191.0,2191.0,2191.0,2191.0,2191.0,2191.0,2191.0,1.0,,,,,,,,,,,,,,,,,,0.1,-0.0738358055,-0.4852930389,-10.956825593650269,0.0666585421,0.1680844837,1.6214431304999997,-1.2652930389000003
2192,2192,2192.0,2192.0,2192.0,2192.0,2192.0,2192.0,2192.0,2192.0,2192.0,2192.0,2192.0,2192.0,2192.0,2192.0,2192.0,2.0,,,,,,,,,,,,,,,,,,0.2,-0.1730202889,-1.4817911149,8.898725897675721,0.2347430258,0.1490760987,1.4533586467999997,-1.7017911149
2193,2193,2193.0,2193.0,2193.0,2193.0,2193.0,2193.0,2193.0,2193.0,2193.0,2193.0,2193.0,2193.0,2193.0,2193.0,2193.0,3.0,,,,,,,,,,,,,,,,,,0.3,-0.2709845059,-0.4939543081,-10.979173262588452,0.3838191245,0.1786651209999999,1.3042825480999998,-0.3139543081000001
2194,2194,2194.0,2194.0,2194.0,2194.0,2194.0,2194.0,2194.0,2194.0,2194.0,2194.0,2194.0,2194.0,2194.0,2194.0,2194.0,4.0,,,,,,,,,,,,,,,,,,0.4,-0.3711013169,-1.4917548234,8.502200529708844,0.5624842455,0.1638772055,1.1256174271,-1.0717548234
2195,2195,2195.0,2195.0,2195.0,2195.0,2195.0,2195.0,2195.0,2195.0,2195.0,2195.0,2195.0,2195.0,2195.0,2195.0,2195.0,5.0,,,,,,,,,,,,,,,,,,0.5,-0.4719319185,-0.5407041688,-10.37411785752522,0.726361451,0.1910166311999999,0.9617402216,-0.0407041688
2196,2196,2196.0,2196.0,2196.0,2196.0,2196.0,2196.0,2196.0,2196.0,2196.0,2196.0,2196.0,2196.0,2196.0,2196.0,2196.0,6.0,,,,,,,,,,,,,,,,,,0.6,-0.5735706571,-1.476477216,8.434500940277276,0.9173780822,0.1823291368999999,0.7707235904,-1.0564772159999998
2197,2197,2197.0,2197.0,2197.0,2197.0,2197.0,2197.0,2197.0,2197.0,2197.0,2197.0,2197.0,2197.0,2197.0,2197.0,2197.0,7.0,,,,,,,,,,,,,,,,,,0.7,-0.6732749263,-0.5333228527,-10.833975363536863,1.0997072191,0.2245690957000001,0.5883944535000001,-0.3533228526999998
2198,2198,2198.0,2198.0,2198.0,2198.0,2198.0,2198.0,2198.0,2198.0,2198.0,2198.0,2198.0,2198.0,2198.0,2198.0,2198.0,8.0,,,,,,,,,,,,,,,,,,0.8,-0.7764357778,-1.5135595376,5.38169789472426,1.3242763148,0.2281412347999998,0.3638253577999999,-1.7335595376
2199,2199,2199.0,2199.0,2199.0,2199.0,2199.0,2199.0,2199.0,2199.0,2199.0,2199.0,2199.0,2199.0,2199.0,2199.0,2199.0,9.0,,,,,,,,,,,,,,,,,,0.9,-0.8944366288,-0.8573888971,3.606820238015629,1.5524175496,0.1356841230000001,0.1356841230000001,-1.6373888971
2200,2200,2200.0,2200.0,2200.0,2200.0,2200.0,2200.0,2200.0,2200.0,2200.0,2200.0,2200.0,2200.0,2200.0,2200.0,2200.0,0.0,,,,,,,,,,,,,,,,,,0.0,0.0,-1.0,4.640689664978055,0.0,0.0662526015,1.7050655978,-2.5
2201,2201,2201.0,2201.0,2201.0,2201.0,2201.0,2201.0,2201.0,2201.0,2201.0,2201.0,2201.0,2201.0,2201.0,2201.0,2201.0,1.0,,,,,,,,,,,,,,,,,,0.1,-0.0727136304,-0.4632174031,-11.026617147158978,0.0662526015,0.1654803922,1.6388129963,-1.2432174031000005
2202,2202,2202.0,2202.0,2202.0,2202.0,2202.0,2202.0,2202.0,2202.0,2202.0,2202.0,2202.0,2202.0,2202.0,2202.0,2202.0,2.0,,,,,,,,,,,,,,,,,,0.2,-0.1701349544,-1.4684577938,9.02609068114218,0.2317329937,0.146565867,1.4733326041,-1.6884577938
2203,2203,2203.0,2203.0,2203.0,2203.0,2203.0,2203.0,2203.0,2203.0,2203.0,2203.0,2203.0,2203.0,2203.0,2203.0,2203.0,3.0,,,,,,,,,,,,,,,,,,0.3,-0.2662142214,-0.4697694587,-11.650781655739808,0.3782988607,0.1890086537,1.3267667371,-0.2897694587
2204,2204,2204.0,2204.0,2204.0,2204.0,2204.0,2204.0,2204.0,2204.0,2204.0,2204.0,2204.0,2204.0,2204.0,2204.0,2204.0,4.0,,,,,,,,,,,,,,,,,,0.4,-0.3672783919,-1.5337834538,9.17708202466612,0.5673075144,0.1722026772999999,1.1377580834,-1.1137834538
2205,2205,2205.0,2205.0,2205.0,2205.0,2205.0,2205.0,2205.0,2205.0,2205.0,2205.0,2205.0,2205.0,2205.0,2205.0,2205.0,5.0,,,,,,,,,,,,,,,,,,0.5,-0.4688438219,-0.5145098213,-11.147656648237522,0.7395101917,0.2028147557999999,0.9655554061,-0.0145098213
2206,2206,2206.0,2206.0,2206.0,2206.0,2206.0,2206.0,2206.0,2206.0,2206.0,2206.0,2206.0,2206.0,2206.0,2206.0,2206.0,6.0,,,,,,,,,,,,,,,,,,0.6,-0.5717317731,-1.526387535,8.397226606967616,0.9423249475,0.1921965846,0.7627406503,-1.106387535
2207,2207,2207.0,2207.0,2207.0,2207.0,2207.0,2207.0,2207.0,2207.0,2207.0,2207.0,2207.0,2207.0,2207.0,2207.0,2207.0,7.0,,,,,,,,,,,,,,,,,,0.7,-0.6763659434,-0.5820307039,-9.86337686879772,1.1345215321,0.2134505334000001,0.5705440657,-0.4020307038999998
2208,2208,2208.0,2208.0,2208.0,2208.0,2208.0,2208.0,2208.0,2208.0,2208.0,2208.0,2208.0,2208.0,2208.0,2208.0,2208.0,8.0,,,,,,,,,,,,,,,,,,0.8,-0.7794667531,-1.4652675811,4.888568113887466,1.3479720655,0.2201481121999999,0.3570935322999999,-1.6852675811000002
2209,2209,2209.0,2209.0,2209.0,2209.0,2209.0,2209.0,2209.0,2209.0,2209.0,2209.0,2209.0,2209.0,2209.0,2209.0,2209.0,9.0,,,,,,,,,,,,,,,,,,0.9,-0.8952574983,-0.8606200246,3.3324562720717608,1.5681201777,0.1369454201,0.1369454201,-1.6406200246000002
2210,2210,2210.0,2210.0,2210.0,2210.0,2210.0,2210.0,2210.0,2210.0,2210.0,2210.0,2210.0,2210.0,2210.0,2210.0,2210.0,0.0,,,,,,,,,,,,,,,,,,0.0,0.0,-1.0,4.300698227172877,0.0,0.0668772985,1.7131724115999998,-2.5
2211,2211,2211.0,2211.0,2211.0,2211.0,2211.0,2211.0,2211.0,2211.0,2211.0,2211.0,2211.0,2211.0,2211.0,2211.0,2211.0,1.0,,,,,,,,,,,,,,,,,,0.1,-0.0743583112,-0.4955718661,-10.35790237235386,0.0668772985,0.1569945943,1.6462951131,-1.2755718661000002
2212,2212,2212.0,2212.0,2212.0,2212.0,2212.0,2212.0,2212.0,2212.0,2212.0,2212.0,2212.0,2212.0,2212.0,2212.0,2212.0,2.0,,,,,,,,,,,,,,,,,,0.2,-0.1716237118,-1.4340967027,8.623972328967804,0.2238718928,0.1398319219,1.4893005188,-1.6540967027
2213,2213,2213.0,2213.0,2213.0,2213.0,2213.0,2213.0,2213.0,2213.0,2213.0,2213.0,2213.0,2213.0,2213.0,2213.0,2213.0,3.0,,,,,,,,,,,,,,,,,,0.3,-0.2663783033,-0.4769448783,-11.613816082818012,0.3637038147,0.1895542776,1.3494685969,-0.2969448783
2214,2214,2214.0,2214.0,2214.0,2214.0,2214.0,2214.0,2214.0,2214.0,2214.0,2214.0,2214.0,2214.0,2214.0,2214.0,2214.0,4.0,,,,,,,,,,,,,,,,,,0.4,-0.3679464869,-1.536758303,8.834090904241824,0.5532580923,0.1726763422999999,1.1599143193,-1.116758303
2215,2215,2215.0,2215.0,2215.0,2215.0,2215.0,2215.0,2215.0,2215.0,2215.0,2215.0,2215.0,2215.0,2215.0,2215.0,2215.0,5.0,,,,,,,,,,,,,,,,,,0.5,-0.4714542025,-0.549841497,-10.639584095006263,0.7259344346,0.1986600941,0.987237977,-0.0498414969999999
2216,2216,2216.0,2216.0,2216.0,2216.0,2216.0,2216.0,2216.0,2216.0,2216.0,2216.0,2216.0,2216.0,2216.0,2216.0,2216.0,6.0,,,,,,,,,,,,,,,,,,0.6,-0.5752466441,-1.5100074649,8.62245238256151,0.9245945287,0.1892509981,0.7885778829,-1.0900074648999998
2217,2217,2217.0,2217.0,2217.0,2217.0,2217.0,2217.0,2217.0,2217.0,2217.0,2217.0,2217.0,2217.0,2217.0,2217.0,2217.0,7.0,,,,,,,,,,,,,,,,,,0.7,-0.6772325262,-0.5457763446,-10.901975691303686,1.1138455268,0.2292157021999998,0.5993268848,-0.3657763445999998
2218,2218,2218.0,2218.0,2218.0,2218.0,2218.0,2218.0,2218.0,2218.0,2218.0,2218.0,2218.0,2218.0,2218.0,2218.0,2218.0,8.0,,,,,,,,,,,,,,,,,,0.8,-0.7819074307,-1.5312990092,5.521655860759974,1.343061229,0.2324987023,0.3701111826000001,-1.7512990092000005
2219,2219,2219.0,2219.0,2219.0,2219.0,2219.0,2219.0,2219.0,2219.0,2219.0,2219.0,2219.0,2219.0,2219.0,2219.0,2219.0,9.0,,,,,,,,,,,,,,,,,,0.9,-0.9009193798,-0.8601214739,3.456796425695499,1.5755599313,0.1376124803,0.1376124803,-1.6401214739000003
2220,2220,2220.0,2220.0,2220.0,2220.0,2220.0,2220.0,2220.0,2220.0,2220.0,2220.0,2220.0,2220.0,2220.0,2220.0,0.0,,,,,,,,,,,,,,,,,,,0.0,0.0,-1.0,13.47579578127112,0.0,0.115674627,1.6556379807,0.8320079099
2221,2221,2221.0,2221.0,2221.0,2221.0,2221.0,2221.0,2221.0,2221.0,2221.0,2221.0,2221.0,2221.0,2221.0,2221.0,1.0,,,,,,,,,,,,,,,,,,,0.1,-0.0299745248,0.377554103,-20.00843996209934,0.115674627,0.2687975776,1.5399633537,0.8320079099
2222,2222,2222.0,2222.0,2222.0,2222.0,2222.0,2222.0,2222.0,2222.0,2222.0,2222.0,2222.0,2222.0,2222.0,2222.0,2.0,,,,,,,,,,,,,,,,,,,0.2,-0.0908346949,-1.5624297231,18.632103141106867,0.3844722046,0.2405212692,1.2711657761,0.8320079099
2223,2223,2223.0,2223.0,2223.0,2223.0,2223.0,2223.0,2223.0,2223.0,2223.0,2223.0,2223.0,2223.0,2223.0,2223.0,3.0,,,,,,,,,,,,,,,,,,,0.3,-0.1493882727,0.3593341688,-19.982977229027835,0.6249934738,0.2726528834999999,1.0306445069,0.8320079099
2224,2224,2224.0,2224.0,2224.0,2224.0,2224.0,2224.0,2224.0,2224.0,2224.0,2224.0,2224.0,2224.0,2224.0,2224.0,4.0,,,,,,,,,,,,,,,,,,,0.4,-0.2118591094,-1.5764927175,18.478665280169967,0.8976463573,0.2445402821,0.7579916233999999,0.8320079099
2225,2225,2225.0,2225.0,2225.0,2225.0,2225.0,2225.0,2225.0,2225.0,2225.0,2225.0,2225.0,2225.0,2225.0,2225.0,5.0,,,,,,,,,,,,,,,,,,,0.5,-0.2724932087,0.3320079099,0.0185264863412134,1.1421866394,0.0166299413999999,0.5134513412999999,0.8320079099
2226,2226,2226.0,2226.0,2226.0,2226.0,2226.0,2226.0,2226.0,2226.0,2226.0,2226.0,2226.0,2226.0,2226.0,2226.0,6.0,,,,,,,,,,,,,,,,,,,0.6,-0.2408085451,0.3021758949,-11.845023261342348,1.1588165808,0.0954658187000001,0.4968213998999999,0.8320079099
2227,2227,2227.0,2227.0,2227.0,2227.0,2227.0,2227.0,2227.0,2227.0,2227.0,2227.0,2227.0,2227.0,2227.0,2227.0,7.0,,,,,,,,,,,,,,,,,,,0.7,-0.269352025,-0.8537829514,12.067379819124232,1.2542823995,0.0991181662999998,0.4013555811999998,0.8320079099
2228,2228,2228.0,2228.0,2228.0,2228.0,2228.0,2228.0,2228.0,2228.0,2228.0,2228.0,2228.0,2228.0,2228.0,2228.0,8.0,,,,,,,,,,,,,,,,,,,0.8,-0.2922253296,0.3758283352,-0.1757281034887322,1.3534005658,0.0197654156,0.3022374149,0.8320079099
2229,2229,2229.0,2229.0,2229.0,2229.0,2229.0,2229.0,2229.0,2229.0,2229.0,2229.0,2229.0,2229.0,2229.0,2229.0,9.0,,,,,,,,,,,,,,,,,,,0.9,-0.2573103653,0.3233405605,-20.007251767323964,1.3731659814,0.2824719993,0.2824719993,0.8320079099
2230,2230,2230.0,2230.0,2230.0,2230.0,2230.0,2230.0,2230.0,2230.0,2230.0,2230.0,2230.0,2230.0,2230.0,2230.0,0.0,,,,,,,,,,,,,,,,,,,0.0,0.0,-1.0,13.336460549149551,0.0,0.1139138668,1.129607436,0.8682060235
2231,2231,2231.0,2231.0,2231.0,2231.0,2231.0,2231.0,2231.0,2231.0,2231.0,2231.0,2231.0,2231.0,2231.0,2231.0,1.0,,,,,,,,,,,,,,,,,,,0.1,-0.0306485476,0.3642946025,-14.368585243592328,0.1139138668,0.1318896102,1.0156935692,0.8682060235
2232,2232,2232.0,2232.0,2232.0,2232.0,2232.0,2232.0,2232.0,2232.0,2232.0,2232.0,2232.0,2232.0,2232.0,2232.0,2.0,,,,,,,,,,,,,,,,,,,0.2,-0.0654881822,-1.0377242872,13.366012441224486,0.245803477,0.1174997355999999,0.883803959,0.8682060235
2233,2233,2233.0,2233.0,2233.0,2233.0,2233.0,2233.0,2233.0,2233.0,2233.0,2233.0,2233.0,2233.0,2233.0,2233.0,3.0,,,,,,,,,,,,,,,,,,,0.3,-0.0995837177,0.3329724924,-12.658960473985486,0.3633032126,0.1026866543,0.7663042233999999,0.8682060235
2234,2234,2234.0,2234.0,2234.0,2234.0,2234.0,2234.0,2234.0,2234.0,2234.0,2234.0,2234.0,2234.0,2234.0,2234.0,4.0,,,,,,,,,,,,,,,,,,,0.4,-0.1291338168,-0.9033734559,12.458805768764671,0.4659898669,0.1000235249,0.6636175690999999,0.8682060235
2235,2235,2235.0,2235.0,2235.0,2235.0,2235.0,2235.0,2235.0,2235.0,2235.0,2235.0,2235.0,2235.0,2235.0,2235.0,5.0,,,,,,,,,,,,,,,,,,,0.5,-0.1548327194,0.3682060235,-19.86590458066521,0.5660133918,0.2684064239,0.5635940441999999,0.8682060235
2236,2236,2236.0,2236.0,2236.0,2236.0,2236.0,2236.0,2236.0,2236.0,2236.0,2236.0,2236.0,2236.0,2236.0,2236.0,6.0,,,,,,,,,,,,,,,,,,,0.6,-0.2158929545,-1.5573241995,18.62858745475486,0.8344198157,0.2448384363,0.2951876202999999,0.8682060235
2237,2237,2237.0,2237.0,2237.0,2237.0,2237.0,2237.0,2237.0,2237.0,2237.0,2237.0,2237.0,2237.0,2237.0,2237.0,7.0,,,,,,,,,,,,,,,,,,,0.7,-0.2739776916,0.3636192832,-0.6370400821972589,1.079258252,0.0168492034,0.0503491839999998,0.8682060235
2238,2238,2238.0,2238.0,2238.0,2238.0,2238.0,2238.0,2238.0,2238.0,2238.0,2238.0,2238.0,2238.0,2238.0,2238.0,8.0,,,,,,,,,,,,,,,,,,,0.8,-0.2424563622,0.2683939456,-0.1481874203821375,1.0961074554,0.0114689025999998,0.0334999805999998,0.8682060235
2239,2239,2239.0,2239.0,2239.0,2239.0,2239.0,2239.0,2239.0,2239.0,2239.0,2239.0,2239.0,2239.0,2239.0,2239.0,9.0,,,,,,,,,,,,,,,,,,,0.9,-0.2176319562,0.2287507975,-5.434388746314823,1.107576358,0.0220310779999999,0.0220310779999999,0.8682060235
2240,2240,2240.0,2240.0,2240.0,2240.0,2240.0,2240.0,2240.0,2240.0,2240.0,2240.0,2240.0,2240.0,2240.0,2240.0,0.0,,,,,,,,,,,,,,,,,,,0.0,0.0,-1.0,13.33529131332222,0.0,0.1138992244,1.1657961025,0.8630671503
2241,2241,2241.0,2241.0,2241.0,2241.0,2241.0,2241.0,2241.0,2241.0,2241.0,2241.0,2241.0,2241.0,2241.0,2241.0,1.0,,,,,,,,,,,,,,,,,,,0.1,-0.0306542037,0.364183335,-14.430291473449834,0.1138992244,0.1331327163,1.0518968781,0.8630671503
2242,2242,2242.0,2242.0,2242.0,2242.0,2242.0,2242.0,2242.0,2242.0,2242.0,2242.0,2242.0,2242.0,2242.0,2242.0,2.0,,,,,,,,,,,,,,,,,,,0.2,-0.0658029257,-1.0436970903,13.453946812880282,0.2470319407,0.1189902380999999,0.9187641618,0.8630671503
2243,2243,2243.0,2243.0,2243.0,2243.0,2243.0,2243.0,2243.0,2243.0,2243.0,2243.0,2243.0,2243.0,2243.0,2243.0,3.0,,,,,,,,,,,,,,,,,,,0.3,-0.1000414732,0.3359361385,-12.952383958132078,0.3660221788,0.1077342003,0.7997739237000001,0.8630671503
2244,2244,2244.0,2244.0,2244.0,2244.0,2244.0,2244.0,2244.0,2244.0,2244.0,2244.0,2244.0,2244.0,2244.0,2244.0,4.0,,,,,,,,,,,,,,,,,,,0.4,-0.1307289574,-0.9286147731,12.644807604813115,0.4737563791,0.1036603014999999,0.6920397234000001,0.8630671503
2245,2245,2245.0,2245.0,2245.0,2245.0,2245.0,2245.0,2245.0,2245.0,2245.0,2245.0,2245.0,2245.0,2245.0,2245.0,5.0,,,,,,,,,,,,,,,,,,,0.5,-0.1579301204,0.3630671503,-20.16257328380225,0.5774166806,0.2777608422000001,0.5883794219000001,0.8630671503
2246,2246,2246.0,2246.0,2246.0,2246.0,2246.0,2246.0,2246.0,2246.0,2246.0,2246.0,2246.0,2246.0,2246.0,2246.0,6.0,,,,,,,,,,,,,,,,,,,0.6,-0.2209144948,-1.5902058036,19.033119268062745,0.8551775228,0.2554941767000001,0.3106185797,0.8630671503
2247,2247,2247.0,2247.0,2247.0,2247.0,2247.0,2247.0,2247.0,2247.0,2247.0,2247.0,2247.0,2247.0,2247.0,2247.0,7.0,,,,,,,,,,,,,,,,,,,0.7,-0.280171441,0.3723630693,-0.6556859428169663,1.1106716995,0.0176410898999999,0.0551244029999999,0.8630671503
2248,2248,2248.0,2248.0,2248.0,2248.0,2248.0,2248.0,2248.0,2248.0,2248.0,2248.0,2248.0,2248.0,2248.0,2248.0,8.0,,,,,,,,,,,,,,,,,,,0.8,-0.2479082259,0.27453126,-0.158577588856447,1.1283127894,0.0119799785999998,0.0374833131,0.8630671503
2249,2249,2249.0,2249.0,2249.0,2249.0,2249.0,2249.0,2249.0,2249.0,2249.0,2249.0,2249.0,2249.0,2249.0,2249.0,9.0,,,,,,,,,,,,,,,,,,,0.9,-0.2225500287,0.2333153039,-5.897268441551571,1.140292768,0.0255033345000001,0.0255033345000001,0.8630671503
2250,2250,2250.0,2250.0,2250.0,2250.0,2250.0,2250.0,2250.0,2250.0,2250.0,2250.0,2250.0,2250.0,2250.0,2250.0,0.0,,,,,,,,,,,,,,,,,,,0.0,0.0,-1.0,13.67638602572247,0.0,0.1182646646,1.2615270690000002,0.840412088
2251,2251,2251.0,2251.0,2251.0,2251.0,2251.0,2251.0,2251.0,2251.0,2251.0,2251.0,2251.0,2251.0,2251.0,2251.0,1.0,,,,,,,,,,,,,,,,,,,0.1,-0.0290041859,0.3966427885,-19.990910116787795,0.1182646646,0.2661551097,1.1432624044000002,0.840412088
2252,2252,2252.0,2252.0,2252.0,2252.0,2252.0,2252.0,2252.0,2252.0,2252.0,2252.0,2252.0,2252.0,2252.0,2252.0,2.0,,,,,,,,,,,,,,,,,,,0.2,-0.0879630252,-1.5434893839,18.427613874753,0.3844197743,0.2350154660999999,0.8771072947,0.840412088
2253,2253,2253.0,2253.0,2253.0,2253.0,2253.0,2253.0,2253.0,2253.0,2253.0,2253.0,2253.0,2253.0,2253.0,2253.0,3.0,,,,,,,,,,,,,,,,,,,0.3,-0.1457033914,0.3570123698,-19.88266065638296,0.6194352404,0.269887631,0.6420918286,0.840412088
2254,2254,2254.0,2254.0,2254.0,2254.0,2254.0,2254.0,2254.0,2254.0,2254.0,2254.0,2254.0,2254.0,2254.0,2254.0,4.0,,,,,,,,,,,,,,,,,,,0.4,-0.2079099032,-1.569047184,18.496184685716592,0.8893228714,0.2437149828999999,0.3722041976,0.840412088
2255,2255,2255.0,2255.0,2255.0,2255.0,2255.0,2255.0,2255.0,2255.0,2255.0,2255.0,2255.0,2255.0,2255.0,2255.0,5.0,,,,,,,,,,,,,,,,,,,0.5,-0.2677507067,0.340412088,-0.6523773077479277,1.1330378543,0.0152108391,0.1284892147,0.840412088
2256,2256,2256.0,2256.0,2256.0,2256.0,2256.0,2256.0,2256.0,2256.0,2256.0,2256.0,2256.0,2256.0,2256.0,2256.0,6.0,,,,,,,,,,,,,,,,,,,0.6,-0.2385120379,0.2459356884,-0.0441760180754164,1.1482486934,0.0105288927,0.1132783755999999,0.840412088
2257,2257,2257.0,2257.0,2257.0,2257.0,2257.0,2257.0,2257.0,2257.0,2257.0,2257.0,2257.0,2257.0,2257.0,2257.0,7.0,,,,,,,,,,,,,,,,,,,0.7,-0.2153215774,0.2183276262,-4.4633514966877,1.1587775861,0.0161181308,0.1027494828999999,0.840412088
2258,2258,2258.0,2258.0,2258.0,2258.0,2258.0,2258.0,2258.0,2258.0,2258.0,2258.0,2258.0,2258.0,2258.0,2258.0,8.0,,,,,,,,,,,,,,,,,,,0.8,-0.2161359208,-0.2271931801,5.140777117286327,1.1748957169,0.0202800233,0.0866313520999999,0.840412088
2259,2259,2259.0,2259.0,2259.0,2259.0,2259.0,2259.0,2259.0,2259.0,2259.0,2259.0,2259.0,2259.0,2259.0,2259.0,9.0,,,,,,,,,,,,,,,,,,,0.9,-0.2128881784,0.2836367892,-9.9379913626371,1.1951757402,0.0663513287999999,0.0663513287999999,0.840412088
2260,2260,2260.0,2260.0,2260.0,2260.0,2260.0,2260.0,2260.0,2260.0,2260.0,2260.0,2260.0,2260.0,2260.0,2260.0,0.0,,,,,,,,,,,,,,,,,,,0.0,0.0,-1.0,13.449020921997676,0.0,0.1153338378,1.7849614735999997,0.8424026889
2261,2261,2261.0,2261.0,2261.0,2261.0,2261.0,2261.0,2261.0,2261.0,2261.0,2261.0,2261.0,2261.0,2261.0,2261.0,1.0,,,,,,,,,,,,,,,,,,,0.1,-0.030104046,0.3750061382,-19.849107239113028,0.1153338378,0.2644853246,1.6696276357999995,0.8424026889
2262,2262,2262.0,2262.0,2262.0,2262.0,2262.0,2262.0,2262.0,2262.0,2262.0,2262.0,2262.0,2262.0,2262.0,2262.0,2.0,,,,,,,,,,,,,,,,,,,0.2,-0.0904359281,-1.5495727036,18.578866602279987,0.3798191624,0.2381814763999999,1.4051423111999997,0.8424026889
2263,2263,2263.0,2263.0,2263.0,2263.0,2263.0,2263.0,2263.0,2263.0,2263.0,2263.0,2263.0,2263.0,2263.0,2263.0,3.0,,,,,,,,,,,,,,,,,,,0.3,-0.1480235261,0.3659015546,-19.88545528465705,0.6180006388,0.2690109783,1.1669608347999998,0.8424026889
2264,2264,2264.0,2264.0,2264.0,2264.0,2264.0,2264.0,2264.0,2264.0,2264.0,2264.0,2264.0,2264.0,2264.0,2264.0,4.0,,,,,,,,,,,,,,,,,,,0.4,-0.2093976361,-1.5612698638,18.44315323787903,0.8870116171,0.2420356670999999,0.8979498564999999,0.8424026889
2265,2265,2265.0,2265.0,2265.0,2265.0,2265.0,2265.0,2265.0,2265.0,2265.0,2265.0,2265.0,2265.0,2265.0,2265.0,5.0,,,,,,,,,,,,,,,,,,,0.5,-0.268754865,0.3424026889,-0.3901540101304691,1.1290472842,0.0159393540000001,0.6559141894,0.8424026889
2266,2266,2266.0,2266.0,2266.0,2266.0,2266.0,2266.0,2266.0,2266.0,2266.0,2266.0,2266.0,2266.0,2266.0,2266.0,6.0,,,,,,,,,,,,,,,,,,,0.6,-0.2380582307,0.2726906535,-9.44726910241998,1.1449866382,0.0614299461,0.6399748353999999,0.8424026889
2267,2267,2267.0,2267.0,2267.0,2267.0,2267.0,2267.0,2267.0,2267.0,2267.0,2267.0,2267.0,2267.0,2267.0,2267.0,7.0,,,,,,,,,,,,,,,,,,,0.7,-0.2578086611,-0.6522858263,10.465639077294536,1.2064165843,0.0728211247999999,0.5785448892999998,0.8424026889
2268,2268,2268.0,2268.0,2268.0,2268.0,2268.0,2268.0,2268.0,2268.0,2268.0,2268.0,2268.0,2268.0,2268.0,2268.0,8.0,,,,,,,,,,,,,,,,,,,0.8,-0.2692552083,0.4057246286,-19.801277486159737,1.2792377091,0.2675226402999999,0.5057237644999999,0.8424026889
2269,2269,2269.0,2269.0,2269.0,2269.0,2269.0,2269.0,2269.0,2269.0,2269.0,2269.0,2269.0,2269.0,2269.0,2269.0,9.0,,,,,,,,,,,,,,,,,,,0.9,-0.3264324464,-1.5172258819,18.05561639699459,1.5467603494,0.2382011241999999,0.2382011241999999,0.8424026889
2270,2270,2270.0,2270.0,2270.0,2270.0,2270.0,2270.0,2270.0,2270.0,2270.0,2270.0,2270.0,2270.0,2270.0,2270.0,0.0,,,,,,,,,,,,,,,,,,,0.0,0.0,-1.0,13.667915845599753,0.0,0.1181539788,1.8293966819,0.8658211544000001
2271,2271,2271.0,2271.0,2271.0,2271.0,2271.0,2271.0,2271.0,2271.0,2271.0,2271.0,2271.0,2271.0,2271.0,2271.0,1.0,,,,,,,,,,,,,,,,,,,0.1,-0.0290451597,0.3958367443,-20.041975323710968,0.1181539788,0.2677166188,1.7112427031000002,0.8658211544000001
2272,2272,2272.0,2272.0,2272.0,2272.0,2272.0,2272.0,2272.0,2272.0,2272.0,2272.0,2272.0,2272.0,2272.0,2272.0,2.0,,,,,,,,,,,,,,,,,,,0.2,-0.0883277278,-1.54907822,18.30808044255429,0.3858705976,0.233794819,1.4435260843000002,0.8658211544000001
2273,2273,2273.0,2273.0,2273.0,2273.0,2273.0,2273.0,2273.0,2273.0,2273.0,2273.0,2273.0,2273.0,2273.0,2273.0,3.0,,,,,,,,,,,,,,,,,,,0.3,-0.1471781753,0.3405802717,-20.142527236883744,0.6196654166,0.2795165183,1.2097312653,0.8658211544000001
2274,2274,2274.0,2274.0,2274.0,2274.0,2274.0,2274.0,2274.0,2274.0,2274.0,2274.0,2274.0,2274.0,2274.0,2274.0,4.0,,,,,,,,,,,,,,,,,,,0.4,-0.2122054914,-1.6086451358,19.139701945288945,0.8991819349,0.2589838336,0.930214747,0.8658211544000001
2275,2275,2275.0,2275.0,2275.0,2275.0,2275.0,2275.0,2275.0,2275.0,2275.0,2275.0,2275.0,2275.0,2275.0,2275.0,5.0,,,,,,,,,,,,,,,,,,,0.5,-0.2727015871,0.3658211544,-0.617642610788234,1.1581657685,0.0169541973,0.6712309134000001,0.8658211544000001
2276,2276,2276.0,2276.0,2276.0,2276.0,2276.0,2276.0,2276.0,2276.0,2276.0,2276.0,2276.0,2276.0,2276.0,2276.0,6.0,,,,,,,,,,,,,,,,,,,0.6,-0.2408768858,0.272232192,-9.37031943352764,1.1751199658,0.0605952004999998,0.6542767161,0.8658211544000001
2277,2277,2277.0,2277.0,2277.0,2277.0,2277.0,2277.0,2277.0,2277.0,2277.0,2277.0,2277.0,2277.0,2277.0,2277.0,7.0,,,,,,,,,,,,,,,,,,,0.7,-0.260298707,-0.6453779301,10.613496548768694,1.2357151663,0.0744266108,0.5936815156000002,0.8658211544000001
2278,2278,2278.0,2278.0,2278.0,2278.0,2278.0,2278.0,2278.0,2278.0,2278.0,2278.0,2278.0,2278.0,2278.0,2278.0,8.0,,,,,,,,,,,,,,,,,,,0.8,-0.2703726325,0.4260456502,-20.19137031003036,1.3101417771,0.2765760398000001,0.5192549048000001,0.8658211544000001
2279,2279,2279.0,2279.0,2279.0,2279.0,2279.0,2279.0,2279.0,2279.0,2279.0,2279.0,2279.0,2279.0,2279.0,2279.0,9.0,,,,,,,,,,,,,,,,,,,0.9,-0.3275031172,-1.535960896,18.199817768988048,1.5867178169,0.242678865,0.242678865,0.8658211544000001
2280,2280,2280.0,2280.0,2280.0,2280.0,2280.0,2280.0,2280.0,2280.0,2280.0,2280.0,2280.0,2280.0,2280.0,0.0,,,,,,,,,,,,,,,,,,,,0.0,0.0,-1.0,8.947241645343349,0.0,0.0745468606,2.1707531164,0.4076667168
2281,2281,2281.0,2281.0,2281.0,2281.0,2281.0,2281.0,2281.0,2281.0,2281.0,2281.0,2281.0,2281.0,2281.0,1.0,,,,,,,,,,,,,,,,,,,,0.1,-0.0518810336,-0.0533948019,-20.016787681437886,0.0745468606,0.3351139222,2.0962062557999994,0.4076667168
2282,2282,2282.0,2282.0,2282.0,2282.0,2282.0,2282.0,2282.0,2282.0,2282.0,2282.0,2282.0,2282.0,2282.0,2.0,,,,,,,,,,,,,,,,,,,,0.2,-0.1537917912,-1.9531628124,16.050106317301307,0.4096607828,0.2754278270999999,1.7610923335999995,0.4076667168
2283,2283,2283.0,2283.0,2283.0,2283.0,2283.0,2283.0,2283.0,2283.0,2283.0,2283.0,2283.0,2283.0,2283.0,3.0,,,,,,,,,,,,,,,,,,,,0.3,-0.2620187374,-0.2399252344,-10.81074726476902,0.6850886099,0.1318378851,1.4856645064999996,0.4076667168
2284,2284,2284.0,2284.0,2284.0,2284.0,2284.0,2284.0,2284.0,2284.0,2284.0,2284.0,2284.0,2284.0,2284.0,4.0,,,,,,,,,,,,,,,,,,,,0.4,-0.3371467477,-1.2458719507,10.875895205197487,0.816926495,0.1281792899999999,1.3538266213999997,0.4076667168
2285,2285,2285.0,2285.0,2285.0,2285.0,2285.0,2285.0,2285.0,2285.0,2285.0,2285.0,2285.0,2285.0,2285.0,5.0,,,,,,,,,,,,,,,,,,,,0.5,-0.4030958946,-0.0923332832,-20.088191318658456,0.945105785,0.3636936258000001,1.2256473313999998,0.4076667168
2286,2286,2286.0,2286.0,2286.0,2286.0,2286.0,2286.0,2286.0,2286.0,2286.0,2286.0,2286.0,2286.0,2286.0,6.0,,,,,,,,,,,,,,,,,,,,0.6,-0.5090575384,-1.9951907713,16.08268949011505,1.3087994108,0.3132601545,0.8619537055999997,0.4076667168
2287,2287,2287.0,2287.0,2287.0,2287.0,2287.0,2287.0,2287.0,2287.0,2287.0,2287.0,2287.0,2287.0,2287.0,7.0,,,,,,,,,,,,,,,,,,,,0.7,-0.6211263629,-0.2748529978,-5.861886397931803,1.6220595653,0.0907429994999999,0.5486935510999997,0.4076667168
2288,2288,2288.0,2288.0,2288.0,2288.0,2288.0,2288.0,2288.0,2288.0,2288.0,2288.0,2288.0,2288.0,2288.0,8.0,,,,,,,,,,,,,,,,,,,,0.8,-0.6756384842,-0.8065295162,9.10853063751664,1.7128025648,0.1085778561999999,0.4579505515999997,0.4076667168
2289,2289,2289.0,2289.0,2289.0,2289.0,2289.0,2289.0,2289.0,2289.0,2289.0,2289.0,2289.0,2289.0,2289.0,9.0,,,,,,,,,,,,,,,,,,,,0.9,-0.7083282805,0.1370133437,-19.83136743042243,1.821380421,0.3493726953999998,0.3493726953999998,0.4076667168
2290,2290,2290.0,2290.0,2290.0,2290.0,2290.0,2290.0,2290.0,2290.0,2290.0,2290.0,2290.0,2290.0,2290.0,0.0,,,,,,,,,,,,,,,,,,,,0.0,0.0,-1.0,9.168607035317793,0.0,0.0757850228,2.1835490239,0.3819568646
2291,2291,2291.0,2291.0,2291.0,2291.0,2291.0,2291.0,2291.0,2291.0,2291.0,2291.0,2291.0,2291.0,2291.0,1.0,,,,,,,,,,,,,,,,,,,,0.1,-0.0508101967,-0.0323290998,-19.92689085312169,0.0757850228,0.3281558928,2.1077640011,0.3819568646
2292,2292,2292.0,2292.0,2292.0,2292.0,2292.0,2292.0,2292.0,2292.0,2292.0,2292.0,2292.0,2292.0,2292.0,2.0,,,,,,,,,,,,,,,,,,,,0.2,-0.1502814223,-1.9255469595,15.43634540419251,0.4039409156,0.2646238981,1.7796081083000002,0.3819568646
2293,2293,2293.0,2293.0,2293.0,2293.0,2293.0,2293.0,2293.0,2293.0,2293.0,2293.0,2293.0,2293.0,2293.0,3.0,,,,,,,,,,,,,,,,,,,,0.3,-0.2588493908,-0.2733444506,-5.622293510833387,0.6685648137,0.0542116988999999,1.5149842102000002,0.3819568646
2294,2294,2294.0,2294.0,2294.0,2294.0,2294.0,2294.0,2294.0,2294.0,2294.0,2294.0,2294.0,2294.0,2294.0,4.0,,,,,,,,,,,,,,,,,,,,0.4,-0.3120586719,-0.7823645205,6.198545147571629,0.7227765126,0.0542260816999999,1.4607725113,0.3819568646
2295,2295,2295.0,2295.0,2295.0,2295.0,2295.0,2295.0,2295.0,2295.0,2295.0,2295.0,2295.0,2295.0,2295.0,5.0,,,,,,,,,,,,,,,,,,,,0.5,-0.3565255423,-0.1180431354,-20.02817260851744,0.7770025943,0.3630635845,1.4065464296,0.3819568646
2296,2296,2296.0,2296.0,2296.0,2296.0,2296.0,2296.0,2296.0,2296.0,2296.0,2296.0,2296.0,2296.0,2296.0,6.0,,,,,,,,,,,,,,,,,,,,0.6,-0.4646433811,-2.0127425575,16.638057387535493,1.1400661788,0.316709544,1.0434828451,0.3819568646
2297,2297,2297.0,2297.0,2297.0,2297.0,2297.0,2297.0,2297.0,2297.0,2297.0,2297.0,2297.0,2297.0,2297.0,7.0,,,,,,,,,,,,,,,,,,,,0.7,-0.5756959316,-0.2378842682,-11.302805588791802,1.4567757228,0.1696208369,0.7267733010999999,0.3819568646
2298,2298,2298.0,2298.0,2298.0,2298.0,2298.0,2298.0,2298.0,2298.0,2298.0,2298.0,2298.0,2298.0,2298.0,8.0,,,,,,,,,,,,,,,,,,,,0.8,-0.6530097216,-1.290851037,12.159487744373136,1.6263965597,0.1769962490999999,0.5571524641999999,0.3819568646
2299,2299,2299.0,2299.0,2299.0,2299.0,2299.0,2299.0,2299.0,2299.0,2299.0,2299.0,2299.0,2299.0,2299.0,9.0,,,,,,,,,,,,,,,,,,,,0.9,-0.717029912,-0.0108820722,-19.940127806311324,1.8033928088,0.3801562151,0.3801562151,0.3819568646
2300,2300,2300.0,2300.0,2300.0,2300.0,2300.0,2300.0,2300.0,2300.0,2300.0,2300.0,2300.0,2300.0,2300.0,0.0,,,,,,,,,,,,,,,,,,,,0.0,0.0,-1.0,9.17757797327923,0.0,0.0758368735,2.1686110553,0.4454496568
2301,2301,2301.0,2301.0,2301.0,2301.0,2301.0,2301.0,2301.0,2301.0,2301.0,2301.0,2301.0,2301.0,2301.0,1.0,,,,,,,,,,,,,,,,,,,,0.1,-0.0507668005,-0.0314754022,-19.885279678890782,0.0758368735,0.3266410553,2.0927741818,0.4454496568
2302,2302,2302.0,2302.0,2302.0,2302.0,2302.0,2302.0,2302.0,2302.0,2302.0,2302.0,2302.0,2302.0,2302.0,2.0,,,,,,,,,,,,,,,,,,,,0.2,-0.149955495,-1.9208146756,15.684990193546607,0.4024779288,0.2655296588,1.7661331265,0.4454496568
2303,2303,2303.0,2303.0,2303.0,2303.0,2303.0,2303.0,2303.0,2303.0,2303.0,2303.0,2303.0,2303.0,2303.0,3.0,,,,,,,,,,,,,,,,,,,,0.3,-0.2568703283,-0.2454008229,-9.840402220497838,0.6680075876,0.1138602589999999,1.5006034677,0.4454496568
2304,2304,2304.0,2304.0,2304.0,2304.0,2304.0,2304.0,2304.0,2304.0,2304.0,2304.0,2304.0,2304.0,2304.0,4.0,,,,,,,,,,,,,,,,,,,,0.4,-0.327825434,-1.1584859393,10.442035619263288,0.7818678466,0.1138432448999999,1.3867432087,0.4454496568
2305,2305,2305.0,2305.0,2305.0,2305.0,2305.0,2305.0,2305.0,2305.0,2305.0,2305.0,2305.0,2305.0,2305.0,5.0,,,,,,,,,,,,,,,,,,,,0.5,-0.3875574681,-0.0545503432,-20.00745833739835,0.8957110915,0.3521443162,1.2728999638,0.4454496568
2306,2306,2306.0,2306.0,2306.0,2306.0,2306.0,2306.0,2306.0,2306.0,2306.0,2306.0,2306.0,2306.0,2306.0,6.0,,,,,,,,,,,,,,,,,,,,0.6,-0.4895329847,-1.9533206604,15.856471263937165,1.2478554077,0.3001120021000001,0.9207556476,0.4454496568
2307,2307,2307.0,2307.0,2307.0,2307.0,2307.0,2307.0,2307.0,2307.0,2307.0,2307.0,2307.0,2307.0,2307.0,7.0,,,,,,,,,,,,,,,,,,,,0.7,-0.5987116532,-0.2584948655,-8.360697364643334,1.5479674098,0.1212840078999999,0.6206436455,0.4454496568
2308,2308,2308.0,2308.0,2308.0,2308.0,2308.0,2308.0,2308.0,2308.0,2308.0,2308.0,2308.0,2308.0,2308.0,8.0,,,,,,,,,,,,,,,,,,,,0.8,-0.663754894,-1.0295213611,10.681808435723228,1.6692514177,0.1373288561000001,0.4993596376,0.4454496568
2309,2309,2309.0,2309.0,2309.0,2309.0,2309.0,2309.0,2309.0,2309.0,2309.0,2309.0,2309.0,2309.0,2309.0,9.0,,,,,,,,,,,,,,,,,,,,0.9,-0.7100546362,0.0849592247,-19.94899159457148,1.8065802738,0.3620307814999999,0.3620307814999999,0.4454496568
2310,2310,2310.0,2310.0,2310.0,2310.0,2310.0,2310.0,2310.0,2310.0,2310.0,2310.0,2310.0,2310.0,2310.0,0.0,,,,,,,,,,,,,,,,,,,,0.0,0.0,-1.0,8.864380626075645,0.0,0.0741038116,2.4005171387,0.4338341891
2311,2311,2311.0,2311.0,2311.0,2311.0,2311.0,2311.0,2311.0,2311.0,2311.0,2311.0,2311.0,2311.0,2311.0,1.0,,,,,,,,,,,,,,,,,,,,0.1,-0.052281867,-0.0612800704,-19.864951627111072,0.0741038116,0.3316485407,2.3264133271,0.4338341891
2312,2312,2312.0,2312.0,2312.0,2312.0,2312.0,2312.0,2312.0,2312.0,2312.0,2312.0,2312.0,2312.0,2312.0,2.0,,,,,,,,,,,,,,,,,,,,0.2,-0.1542085134,-1.9458485867,15.905472979963916,0.4057523523,0.2727268408,1.9947647864,0.4338341891
2313,2313,2313.0,2313.0,2313.0,2313.0,2313.0,2313.0,2313.0,2313.0,2313.0,2313.0,2313.0,2313.0,2313.0,3.0,,,,,,,,,,,,,,,,,,,,0.3,-0.2624390709,-0.2470707312,-9.58581816047417,0.6784791931,0.1098103067999999,1.7220379456,0.4338341891
2314,2314,2314.0,2314.0,2314.0,2314.0,2314.0,2314.0,2314.0,2314.0,2314.0,2314.0,2314.0,2314.0,2314.0,4.0,,,,,,,,,,,,,,,,,,,,0.4,-0.3323215591,-1.135770059,10.10398635621602,0.7882894999,0.1094130039,1.6122276388,0.4338341891
2315,2315,2315.0,2315.0,2315.0,2315.0,2315.0,2315.0,2315.0,2315.0,2315.0,2315.0,2315.0,2315.0,2315.0,5.0,,,,,,,,,,,,,,,,,,,,0.5,-0.3915271716,-0.0661658109,-19.86417394069414,0.8977025038,0.3500291391,1.5028146349,0.4338341891
2316,2316,2316.0,2316.0,2316.0,2316.0,2316.0,2316.0,2316.0,2316.0,2316.0,2316.0,2316.0,2316.0,2316.0,6.0,,,,,,,,,,,,,,,,,,,,0.6,-0.4939149886,-1.950195388,16.177481239237324,1.2477316429,0.3025219213999999,1.1527854958,0.4338341891
2317,2317,2317.0,2317.0,2317.0,2317.0,2317.0,2317.0,2317.0,2317.0,2317.0,2317.0,2317.0,2317.0,2317.0,7.0,,,,,,,,,,,,,,,,,,,,0.7,-0.6012433885,-0.2251188642,-13.658390999637236,1.5502535643,0.2237516221,0.8502635744000002,0.4338341891
2318,2318,2318.0,2318.0,2318.0,2318.0,2318.0,2318.0,2318.0,2318.0,2318.0,2318.0,2318.0,2318.0,2318.0,8.0,,,,,,,,,,,,,,,,,,,,0.8,-0.6887375263,-1.5034638263,13.454011836634896,1.7740051864,0.2229640456000001,0.6265119523000002,0.4338341891
2319,2319,2319.0,2319.0,2319.0,2319.0,2319.0,2319.0,2319.0,2319.0,2319.0,2319.0,2319.0,2319.0,2319.0,9.0,,,,,,,,,,,,,,,,,,,,0.9,-0.7667283436,-0.0800718254,-20.00248695986765,1.996969232,0.4035479067,0.4035479067,0.4338341891
2320,2320,2320.0,2320.0,2320.0,2320.0,2320.0,2320.0,2320.0,2320.0,2320.0,2320.0,2320.0,2320.0,2320.0,0.0,,,,,,,,,,,,,,,,,,,,0.0,0.0,-1.0,9.098476655800676,0.0,0.0753841725,2.0267898318,0.4258557382
2321,2321,2321.0,2321.0,2321.0,2321.0,2321.0,2321.0,2321.0,2321.0,2321.0,2321.0,2321.0,2321.0,2321.0,1.0,,,,,,,,,,,,,,,,,,,,0.1,-0.0511494466,-0.0390028878,-19.91816458696584,0.0753841725,0.3291315395999999,1.9514056593,0.4258557382
2322,2322,2322.0,2322.0,2322.0,2322.0,2322.0,2322.0,2322.0,2322.0,2322.0,2322.0,2322.0,2322.0,2322.0,2.0,,,,,,,,,,,,,,,,,,,,0.2,-0.151213548,-1.9307552451,15.47996537840812,0.4045157121,0.2660943977,1.6222741197,0.4258557382
2323,2323,2323.0,2323.0,2323.0,2323.0,2323.0,2323.0,2323.0,2323.0,2323.0,2323.0,2323.0,2323.0,2323.0,3.0,,,,,,,,,,,,,,,,,,,,0.3,-0.2600661423,-0.273906113,-5.629361338285987,0.6706101098,0.0544209176,1.3561797219999998,0.4258557382
2324,2324,2324.0,2324.0,2324.0,2324.0,2324.0,2324.0,2324.0,2324.0,2324.0,2324.0,2324.0,2324.0,2324.0,4.0,,,,,,,,,,,,,,,,,,,,0.4,-0.3133630618,-0.7835453273,6.671076575504486,0.7250310274,0.0559359093999999,1.3017588044,0.4258557382
2325,2325,2325.0,2325.0,2325.0,2325.0,2325.0,2325.0,2325.0,2325.0,2325.0,2325.0,2325.0,2325.0,2325.0,5.0,,,,,,,,,,,,,,,,,,,,0.5,-0.3556564697,-0.0741442618,-19.813933305379148,0.7809669368,0.3470077996999999,1.245822895,0.4258557382
2326,2326,2326.0,2326.0,2326.0,2326.0,2326.0,2326.0,2326.0,2326.0,2326.0,2326.0,2326.0,2326.0,2326.0,6.0,,,,,,,,,,,,,,,,,,,,0.6,-0.4585604965,-1.9526335656,15.84191323120768,1.1279747365,0.2964883403,0.8988150953,0.4258557382
2327,2327,2327.0,2327.0,2327.0,2327.0,2327.0,2327.0,2327.0,2327.0,2327.0,2327.0,2327.0,2327.0,2327.0,7.0,,,,,,,,,,,,,,,,,,,,0.7,-0.5677442023,-0.2592585367,-8.005164577909362,1.4244630768,0.1119929383,0.602326755,0.4258557382
2328,2328,2328.0,2328.0,2328.0,2328.0,2328.0,2328.0,2328.0,2328.0,2328.0,2328.0,2328.0,2328.0,2328.0,8.0,,,,,,,,,,,,,,,,,,,,0.8,-0.6311402584,-0.9963789383,9.84377673344686,1.5364560151,0.1236209561000001,0.4903338167,0.4258557382
2329,2329,2329.0,2329.0,2329.0,2329.0,2329.0,2329.0,2329.0,2329.0,2329.0,2329.0,2329.0,2329.0,2329.0,9.0,,,,,,,,,,,,,,,,,,,,0.9,-0.678340002,0.0351984786,-19.963554178709927,1.6600769712,0.3667128605999998,0.3667128605999998,0.4258557382
2330,2330,2330.0,2330.0,2330.0,2330.0,2330.0,2330.0,2330.0,2330.0,2330.0,2330.0,2330.0,2330.0,2330.0,0.0,,,,,,,,,,,,,,,,,,,,0.0,0.0,-1.0,8.860927876933967,0.0,0.0740855915,2.0970697781,0.4244135459
2331,2331,2331.0,2331.0,2331.0,2331.0,2331.0,2331.0,2331.0,2331.0,2331.0,2331.0,2331.0,2331.0,2331.0,1.0,,,,,,,,,,,,,,,,,,,,0.1,-0.0522985694,-0.0616086429,-19.877370078259705,0.0740855915,0.3321188216,2.0229841866,0.4244135459
2332,2332,2332.0,2332.0,2332.0,2332.0,2332.0,2332.0,2332.0,2332.0,2332.0,2332.0,2332.0,2332.0,2332.0,2.0,,,,,,,,,,,,,,,,,,,,0.2,-0.1543165568,-1.9473276633,15.875082433499314,0.4062044131,0.2728005322,1.690865365,0.4244135459
2333,2333,2333.0,2333.0,2333.0,2333.0,2333.0,2333.0,2333.0,2333.0,2333.0,2333.0,2333.0,2333.0,2333.0,3.0,,,,,,,,,,,,,,,,,,,,0.3,-0.2628348789,-0.2513010979,-8.913638445726326,0.6790049453,0.0987413892999999,1.4180648328,0.4244135459
2334,2334,2334.0,2334.0,2334.0,2334.0,2334.0,2334.0,2334.0,2334.0,2334.0,2334.0,2334.0,2334.0,2334.0,4.0,,,,,,,,,,,,,,,,,,,,0.4,-0.3298683237,-1.0756314976,9.433173798981905,0.7777463346,0.0984700460999999,1.3193234435,0.4244135459
2335,2335,2335.0,2335.0,2335.0,2335.0,2335.0,2335.0,2335.0,2335.0,2335.0,2335.0,2335.0,2335.0,2335.0,5.0,,,,,,,,,,,,,,,,,,,,0.5,-0.3865959873,-0.0755864541,-20.19590898929278,0.8762163807,0.3624987635,1.2208533974,0.4244135459
2336,2336,2336.0,2336.0,2336.0,2336.0,2336.0,2336.0,2336.0,2336.0,2336.0,2336.0,2336.0,2336.0,2336.0,6.0,,,,,,,,,,,,,,,,,,,,0.6,-0.4914850323,-1.9902883081,16.053697579432228,1.2387151442,0.309944263,0.8583546338999999,0.4244135459
2337,2337,2337.0,2337.0,2337.0,2337.0,2337.0,2337.0,2337.0,2337.0,2337.0,2337.0,2337.0,2337.0,2337.0,7.0,,,,,,,,,,,,,,,,,,,,0.7,-0.6032275716,-0.2731760109,-6.101753816281891,1.5486594072,0.0912534961,0.5484103708999999,0.4244135459
2338,2338,2338.0,2338.0,2338.0,2338.0,2338.0,2338.0,2338.0,2338.0,2338.0,2338.0,2338.0,2338.0,2338.0,8.0,,,,,,,,,,,,,,,,,,,,0.8,-0.6587404456,-0.8278385184,9.501603837802698,1.6399129033,0.1106681677000001,0.4571568747999999,0.4244135459
2339,2339,2339.0,2339.0,2339.0,2339.0,2339.0,2339.0,2339.0,2339.0,2339.0,2339.0,2339.0,2339.0,2339.0,9.0,,,,,,,,,,,,,,,,,,,,0.9,-0.6915565983,0.155138018,-19.91046797081454,1.750581071,0.3464887070999998,0.3464887070999998,0.4244135459
2340,2340,2340.0,2340.0,2340.0,2340.0,2340.0,2340.0,2340.0,2340.0,2340.0,2340.0,2340.0,2340.0,0.0,,,,,,,,,,,,,,,,,,,,,0.0,0.0,-1.0,6.026114537820882,0.0,0.0656429905,3.0816167279,0.1489489147
2341,2341,2341.0,2341.0,2341.0,2341.0,2341.0,2341.0,2341.0,2341.0,2341.0,2341.0,2341.0,2341.0,1.0,,,,,,,,,,,,,,,,,,,,,0.1,-0.0660117453,-0.3313768009,-20.084866315053592,0.0656429905,0.3982222066,3.0159737374,0.1489489147
2342,2342,2342.0,2342.0,2342.0,2342.0,2342.0,2342.0,2342.0,2342.0,2342.0,2342.0,2342.0,2342.0,2.0,,,,,,,,,,,,,,,,,,,,,0.2,-0.1947053125,-2.2111698652,12.872315607179472,0.4638651971,0.3275719601999999,2.6177515308,0.1489489147
2343,2343,2343.0,2343.0,2343.0,2343.0,2343.0,2343.0,2343.0,2343.0,2343.0,2343.0,2343.0,2343.0,3.0,,,,,,,,,,,,,,,,,,,,,0.3,-0.3428571783,-0.7757864387,4.528140321610538,0.7914371573,0.0532696442,2.2901795706000003,0.1489489147
2344,2344,2344.0,2344.0,2344.0,2344.0,2344.0,2344.0,2344.0,2344.0,2344.0,2344.0,2344.0,2344.0,4.0,,,,,,,,,,,,,,,,,,,,,0.4,-0.3947784995,-0.2710510853,-20.013193736885544,0.8447068015,0.3995243508,2.2369099264,0.1489489147
2345,2345,2345.0,2345.0,2345.0,2345.0,2345.0,2345.0,2345.0,2345.0,2345.0,2345.0,2345.0,2345.0,5.0,,,,,,,,,,,,,,,,,,,,,0.5,-0.5173845998,-2.1497643588,15.620888986519216,1.2442311523,0.3479371902999999,1.8373855756,0.1489489147
2346,2346,2346.0,2346.0,2346.0,2346.0,2346.0,2346.0,2346.0,2346.0,2346.0,2346.0,2346.0,2346.0,6.0,,,,,,,,,,,,,,,,,,,,,0.6,-0.6463969818,-0.4586630781,-16.08492575780438,1.5921683426,0.3436988451,1.4894483853000002,0.1489489147
2347,2347,2347.0,2347.0,2347.0,2347.0,2347.0,2347.0,2347.0,2347.0,2347.0,2347.0,2347.0,2347.0,7.0,,,,,,,,,,,,,,,,,,,,,0.7,-0.7678539855,-1.9456986502,20.13447590767636,1.9358671877,0.3853353719000001,1.1457495402000002,0.1489489147
2348,2348,2348.0,2348.0,2348.0,2348.0,2348.0,2348.0,2348.0,2348.0,2348.0,2348.0,2348.0,2348.0,8.0,,,,,,,,,,,,,,,,,,,,,0.8,-0.8556128345,0.1555077896,-19.972571874170285,2.3212025596,0.3745637178000001,0.7604141683000001,0.1489489147
2349,2349,2349.0,2349.0,2349.0,2349.0,2349.0,2349.0,2349.0,2349.0,2349.0,2349.0,2349.0,2349.0,9.0,,,,,,,,,,,,,,,,,,,,,0.9,-0.9374298574,-1.7599323749,20.125070568398947,2.6957662774,0.3858504505,0.3858504505,0.1489489147
2350,2350,2350.0,2350.0,2350.0,2350.0,2350.0,2350.0,2350.0,2350.0,2350.0,2350.0,2350.0,2350.0,0.0,,,,,,,,,,,,,,,,,,,,,0.0,0.0,-1.0,6.09098498829708,0.0,0.0656906514,3.0928547247,0.1820755438
2351,2351,2351.0,2351.0,2351.0,2351.0,2351.0,2351.0,2351.0,2351.0,2351.0,2351.0,2351.0,2351.0,1.0,,,,,,,,,,,,,,,,,,,,,0.1,-0.0656979398,-0.3252035614,-20.12528300088312,0.0656906514,0.3981529974,3.0271640733,0.1820755438
2352,2352,2352.0,2352.0,2352.0,2352.0,2352.0,2352.0,2352.0,2352.0,2352.0,2352.0,2352.0,2352.0,2.0,,,,,,,,,,,,,,,,,,,,,0.2,-0.1939995611,-2.2094302402,13.080350952118607,0.4638436488,0.3272196314999999,2.6290110759,0.1820755438
2353,2353,2353.0,2353.0,2353.0,2353.0,2353.0,2353.0,2353.0,2353.0,2353.0,2353.0,2353.0,2353.0,3.0,,,,,,,,,,,,,,,,,,,,,0.3,-0.3409795258,-0.7544151802,4.673040896277333,0.7910632803,0.0510353228,2.3017914444,0.1820755438
2354,2354,2354.0,2354.0,2354.0,2354.0,2354.0,2354.0,2354.0,2354.0,2354.0,2354.0,2354.0,2354.0,4.0,,,,,,,,,,,,,,,,,,,,,0.4,-0.3901661602,-0.2379244562,-20.00953026189116,0.8420986031,0.3913174299999999,2.2507561216000003,0.1820755438
2355,2355,2355.0,2355.0,2355.0,2355.0,2355.0,2355.0,2355.0,2355.0,2355.0,2355.0,2355.0,2355.0,5.0,,,,,,,,,,,,,,,,,,,,,0.5,-0.5096020613,-2.1194415813,15.16392613730549,1.2334160331,0.3368688553000001,1.8594386916,0.1820755438
2356,2356,2356.0,2356.0,2356.0,2356.0,2356.0,2356.0,2356.0,2356.0,2356.0,2356.0,2356.0,2356.0,6.0,,,,,,,,,,,,,,,,,,,,,0.6,-0.6379393697,-0.4747116592,-14.42825949254916,1.5702848884,0.2979105547,1.5225698363,0.1820755438
2357,2357,2357.0,2357.0,2357.0,2357.0,2357.0,2357.0,2357.0,2357.0,2357.0,2357.0,2357.0,2357.0,7.0,,,,,,,,,,,,,,,,,,,,,0.7,-0.7529095782,-1.8025673999,14.188574651784505,1.8681954431,0.2926837099999997,1.2246592816,0.1820755438
2358,2358,2358.0,2358.0,2358.0,2358.0,2358.0,2358.0,2358.0,2358.0,2358.0,2358.0,2358.0,2358.0,8.0,,,,,,,,,,,,,,,,,,,,,0.8,-0.8558104945,-0.2808090185,-20.08865887532975,2.1608791531,0.4663994328000003,0.9319755716000002,0.1820755438
2359,2359,2359.0,2359.0,2359.0,2359.0,2359.0,2359.0,2359.0,2359.0,2359.0,2359.0,2359.0,2359.0,9.0,,,,,,,,,,,,,,,,,,,,,0.9,-0.9797101627,-2.1657752378,19.850275446322367,2.6272785859,0.4655761387999999,0.4655761387999999,0.1820755438
2360,2360,2360.0,2360.0,2360.0,2360.0,2360.0,2360.0,2360.0,2360.0,2360.0,2360.0,2360.0,2360.0,0.0,,,,,,,,,,,,,,,,,,,,,0.0,0.0,-1.0,6.04957602413641,0.0,0.065659441,3.1242419116000004,0.1416211083
2361,2361,2361.0,2361.0,2361.0,2361.0,2361.0,2361.0,2361.0,2361.0,2361.0,2361.0,2361.0,2361.0,1.0,,,,,,,,,,,,,,,,,,,,,0.1,-0.0658982523,-0.3291441453,-19.814595681600693,0.065659441,0.3881294192,3.0585824706,0.1416211083
2362,2362,2362.0,2362.0,2362.0,2362.0,2362.0,2362.0,2362.0,2362.0,2362.0,2362.0,2362.0,2362.0,2.0,,,,,,,,,,,,,,,,,,,,,0.2,-0.1930719422,-2.1834300236,13.002092615295869,0.4537888602,0.3197229579,2.6704530514,0.1416211083
2363,2363,2363.0,2363.0,2363.0,2363.0,2363.0,2363.0,2363.0,2363.0,2363.0,2363.0,2363.0,2363.0,3.0,,,,,,,,,,,,,,,,,,,,,0.3,-0.3379562275,-0.7383364767,4.0950506433882286,0.7735118181,0.0490928118,2.3507300935,0.1416211083
2364,2364,2364.0,2364.0,2364.0,2364.0,2364.0,2364.0,2364.0,2364.0,2364.0,2364.0,2364.0,2364.0,4.0,,,,,,,,,,,,,,,,,,,,,0.4,-0.3884087482,-0.2783788917,-20.07454074807627,0.8226046299,0.4028471444999999,2.3016372817,0.1416211083
2365,2365,2365.0,2365.0,2365.0,2365.0,2365.0,2365.0,2365.0,2365.0,2365.0,2365.0,2365.0,2365.0,5.0,,,,,,,,,,,,,,,,,,,,,0.5,-0.5120089424,-2.1622327722,15.515449836543912,1.2254517744,0.3499107221999999,1.8987901372,0.1416211083
2366,2366,2366.0,2366.0,2366.0,2366.0,2366.0,2366.0,2366.0,2366.0,2366.0,2366.0,2366.0,2366.0,6.0,,,,,,,,,,,,,,,,,,,,,0.6,-0.642717904,-0.479978827,-14.32027323128705,1.5753624966,0.2967396285000001,1.548879415,0.1416211083
2367,2367,2367.0,2367.0,2367.0,2367.0,2367.0,2367.0,2367.0,2367.0,2367.0,2367.0,2367.0,2367.0,7.0,,,,,,,,,,,,,,,,,,,,,0.7,-0.7576669683,-1.7970570859,13.633084088380516,1.8721021251,0.2890119918999998,1.2521397865,0.1416211083
2368,2368,2368.0,2368.0,2368.0,2368.0,2368.0,2368.0,2368.0,2368.0,2368.0,2368.0,2368.0,2368.0,8.0,,,,,,,,,,,,,,,,,,,,,0.8,-0.8627306497,-0.3286849956,-20.12542902482384,2.161114117,0.4807612113999999,0.9631277946,0.1416211083
2369,2369,2369.0,2369.0,2369.0,2369.0,2369.0,2369.0,2369.0,2369.0,2369.0,2369.0,2369.0,2369.0,9.0,,,,,,,,,,,,,,,,,,,,,0.9,-0.9913641043,-2.2125944435,20.15638461344227,2.6418753284,0.4823665832000001,0.4823665832000001,0.1416211083
2370,2370,2370.0,2370.0,2370.0,2370.0,2370.0,2370.0,2370.0,2370.0,2370.0,2370.0,2370.0,2370.0,0.0,,,,,,,,,,,,,,,,,,,,,0.0,0.0,-1.0,6.182567133635297,0.0,0.0657695536,3.0360279397000003,0.1631156647
2371,2371,2371.0,2371.0,2371.0,2371.0,2371.0,2371.0,2371.0,2371.0,2371.0,2371.0,2371.0,2371.0,1.0,,,,,,,,,,,,,,,,,,,,,0.1,-0.06525492,-0.3164883667,-20.18394849574252,0.0657695536,0.3981215539,2.9702583861000003,0.1631156647
2372,2372,2372.0,2372.0,2372.0,2372.0,2372.0,2372.0,2372.0,2372.0,2372.0,2372.0,2372.0,2372.0,2.0,,,,,,,,,,,,,,,,,,,,,0.2,-0.1930109698,-2.2071271664,12.854474690720654,0.4638911075,0.3263044986999999,2.5721368322,0.1631156647
2373,2373,2373.0,2373.0,2373.0,2373.0,2373.0,2373.0,2373.0,2373.0,2373.0,2373.0,2373.0,2373.0,3.0,,,,,,,,,,,,,,,,,,,,,0.3,-0.340864426,-0.7738262412,4.658371013862347,0.7901956062,0.0529588556,2.2458323335,0.1631156647
2374,2374,2374.0,2374.0,2374.0,2374.0,2374.0,2374.0,2374.0,2374.0,2374.0,2374.0,2374.0,2374.0,4.0,,,,,,,,,,,,,,,,,,,,,0.4,-0.3919692304,-0.2568843353,-19.867154312604875,0.8431544618,0.3908931989999999,2.1928734779,0.1631156647
2375,2375,2375.0,2375.0,2375.0,2375.0,2375.0,2375.0,2375.0,2375.0,2375.0,2375.0,2375.0,2375.0,5.0,,,,,,,,,,,,,,,,,,,,,0.5,-0.5125207327,-2.1230482643,15.01016372144382,1.2340476608,0.3373572097000001,1.8019802789,0.1631156647
2376,2376,2376.0,2376.0,2376.0,2376.0,2376.0,2376.0,2376.0,2376.0,2376.0,2376.0,2376.0,2376.0,6.0,,,,,,,,,,,,,,,,,,,,,0.6,-0.6419450756,-0.4926075492,-13.107427566130552,1.5714048705,0.2668543569999999,1.4646230691999995,0.1631156647
2377,2377,2377.0,2377.0,2377.0,2377.0,2377.0,2377.0,2377.0,2377.0,2377.0,2377.0,2377.0,2377.0,7.0,,,,,,,,,,,,,,,,,,,,,0.7,-0.7522287434,-1.6930666381,13.066996398839567,1.8382592275,0.2638268564000001,1.1977687121999998,0.1631156647
2378,2378,2378.0,2378.0,2378.0,2378.0,2378.0,2378.0,2378.0,2378.0,2378.0,2378.0,2378.0,2378.0,8.0,,,,,,,,,,,,,,,,,,,,,0.8,-0.8501348275,-0.2884609141,-20.065874613060128,2.1020860839,0.4664267116999996,0.9339418557999996,0.1631156647
2379,2379,2379.0,2379.0,2379.0,2379.0,2379.0,2379.0,2379.0,2379.0,2379.0,2379.0,2379.0,2379.0,9.0,,,,,,,,,,,,,,,,,,,,,0.9,-0.9746524458,-2.1705307571,20.00833437516168,2.5685127956,0.4675151441,0.4675151441,0.1631156647
2380,2380,2380.0,2380.0,2380.0,2380.0,2380.0,2380.0,2380.0,2380.0,2380.0,2380.0,2380.0,2380.0,0.0,,,,,,,,,,,,,,,,,,,,,0.0,0.0,-1.0,6.130015244011203,0.0,0.0657226119,3.0099480908000005,0.1354926126
2381,2381,2381.0,2381.0,2381.0,2381.0,2381.0,2381.0,2381.0,2381.0,2381.0,2381.0,2381.0,2381.0,1.0,,,,,,,,,,,,,,,,,,,,,0.1,-0.0655091341,-0.3214893415,-19.9037339170228,0.0657226119,0.3894150226,2.9442254789000004,0.1354926126
2382,2382,2382.0,2382.0,2382.0,2382.0,2382.0,2382.0,2382.0,2382.0,2382.0,2382.0,2382.0,2382.0,2.0,,,,,,,,,,,,,,,,,,,,,0.2,-0.1923855752,-2.1849862921,13.117049958144566,0.4551376345,0.3202665348,2.5548104563000003,0.1354926126
2383,2383,2383.0,2383.0,2383.0,2383.0,2383.0,2383.0,2383.0,2383.0,2383.0,2383.0,2383.0,2383.0,3.0,,,,,,,,,,,,,,,,,,,,,0.3,-0.3368618623,-0.7288050092,3.940022026329321,0.7754041693,0.0480980603999999,2.2345439215000003,0.1354926126
2384,2384,2384.0,2384.0,2384.0,2384.0,2384.0,2384.0,2384.0,2384.0,2384.0,2384.0,2384.0,2384.0,4.0,,,,,,,,,,,,,,,,,,,,,0.4,-0.3871572814,-0.2845073874,-19.80075413412224,0.8235022297,0.3946082262,2.1864458611,0.1354926126
2385,2385,2385.0,2385.0,2385.0,2385.0,2385.0,2385.0,2385.0,2385.0,2385.0,2385.0,2385.0,2385.0,5.0,,,,,,,,,,,,,,,,,,,,,0.5,-0.5100162588,-2.1417238235,15.134367255795514,1.2181104559,0.3424490329,1.7918376349,0.1354926126
2386,2386,2386.0,2386.0,2386.0,2386.0,2386.0,2386.0,2386.0,2386.0,2386.0,2386.0,2386.0,2386.0,6.0,,,,,,,,,,,,,,,,,,,,,0.6,-0.6406169916,-0.4976863651,-13.04071466128907,1.5605594888,0.2660373470999999,1.449388602,0.1354926126
2387,2387,2387.0,2387.0,2387.0,2387.0,2387.0,2387.0,2387.0,2387.0,2387.0,2387.0,2387.0,2387.0,7.0,,,,,,,,,,,,,,,,,,,,,0.7,-0.7510612447,-1.6913135781,13.148439472568464,1.8265968359,0.2637515836000002,1.1833512549,0.1354926126
2388,2388,2388.0,2388.0,2388.0,2388.0,2388.0,2388.0,2388.0,2388.0,2388.0,2388.0,2388.0,2388.0,8.0,,,,,,,,,,,,,,,,,,,,,0.8,-0.8484065288,-0.2791243468,-19.8748941138268,2.0903484195,0.4571424663999996,0.9195996713,0.1354926126
2389,2389,2389.0,2389.0,2389.0,2389.0,2389.0,2389.0,2389.0,2389.0,2389.0,2389.0,2389.0,2389.0,9.0,,,,,,,,,,,,,,,,,,,,,0.9,-0.9711118093,-2.1439084776,20.129301173926763,2.5474908859,0.4624572049000002,0.4624572049000002,0.1354926126
2390,2390,2390.0,2390.0,2390.0,2390.0,2390.0,2390.0,2390.0,2390.0,2390.0,2390.0,2390.0,2390.0,0.0,,,,,,,,,,,,,,,,,,,,,0.0,0.0,-1.0,6.071796855408424,0.0,0.0656758438,3.1308906989,0.1366295885
2391,2391,2391.0,2391.0,2391.0,2391.0,2391.0,2391.0,2391.0,2391.0,2391.0,2391.0,2391.0,2391.0,1.0,,,,,,,,,,,,,,,,,,,,,0.1,-0.0657907608,-0.3270295536,-19.9968515004952,0.0656758438,0.3940408373999999,3.0652148551,0.1366295885
2392,2392,2392.0,2392.0,2392.0,2392.0,2392.0,2392.0,2392.0,2392.0,2392.0,2392.0,2392.0,2392.0,2.0,,,,,,,,,,,,,,,,,,,,,0.2,-0.1936448683,-2.1988605963,13.140333426489487,0.4597166812,0.3242703880000001,2.6711740177,0.1366295885
2393,2393,2393.0,2393.0,2393.0,2393.0,2393.0,2393.0,2393.0,2393.0,2393.0,2393.0,2393.0,2393.0,3.0,,,,,,,,,,,,,,,,,,,,,0.3,-0.3393288381,-0.7391432837,4.050269489128117,0.7839870692,0.0492848385999999,2.3469036297,0.1366295885
2394,2394,2394.0,2394.0,2394.0,2394.0,2394.0,2394.0,2394.0,2394.0,2394.0,2394.0,2394.0,2394.0,4.0,,,,,,,,,,,,,,,,,,,,,0.4,-0.3900747614,-0.2833704115,-20.17518914148557,0.8332719078,0.4077286321999999,2.2976187911,0.1366295885
2395,2395,2395.0,2395.0,2395.0,2395.0,2395.0,2395.0,2395.0,2395.0,2395.0,2395.0,2395.0,2395.0,5.0,,,,,,,,,,,,,,,,,,,,,0.5,-0.5146368399,-2.1763272472,15.654055680375205,1.24100054,0.3546052861,1.8898901589,0.1366295885
2396,2396,2396.0,2396.0,2396.0,2396.0,2396.0,2396.0,2396.0,2396.0,2396.0,2396.0,2396.0,2396.0,6.0,,,,,,,,,,,,,,,,,,,,,0.6,-0.6460165739,-0.4795419452,-14.579557198601083,1.5956058261,0.3043499702000001,1.5352848728,0.1366295885
2397,2397,2397.0,2397.0,2397.0,2397.0,2397.0,2397.0,2397.0,2397.0,2397.0,2397.0,2397.0,2397.0,7.0,,,,,,,,,,,,,,,,,,,,,0.7,-0.7621783344,-1.8213359045,14.083976984748274,1.8999557963,0.2974734708,1.2309349026,0.1366295885
2398,2398,2398.0,2398.0,2398.0,2398.0,2398.0,2398.0,2398.0,2398.0,2398.0,2398.0,2398.0,2398.0,8.0,,,,,,,,,,,,,,,,,,,,,0.8,-0.8673712931,-0.3077452473,-19.826128219033563,2.1974292671,0.465791432,0.9334614318,0.1366295885
2399,2399,2399.0,2399.0,2399.0,2399.0,2399.0,2399.0,2399.0,2399.0,2399.0,2399.0,2399.0,2399.0,9.0,,,,,,,,,,,,,,,,,,,,,0.9,-0.9925641885,-2.1651651738,19.80979506319331,2.6632206991,0.4676699998,0.4676699998,0.1366295885
