,Unnamed: 0,Unnamed: 0.1,Unnamed: 0.1.1,Unnamed: 0.1.1.1,Unnamed: 0.1.1.1.1,Unnamed: 0.1.1.1.1.1,Unnamed: 0.1.1.1.1.1.1,Unnamed: 0.1.1.1.1.1.1.1,Unnamed: 0.1.1.1.1.1.1.1.1,Unnamed: 0.1.1.1.1.1.1.1.1.1,Unnamed: 0.1.1.1.1.1.1.1.1.1.1,t,x0,x1,u,L,inst_cost,ctg,path_diff
0,,,,,,,,,,,,0.0,0.0,-1.0,6.2747340216014,0.0,0.0658626657,0.3693339135,0.16633326939999998
1,,,,,,,,,,,,0.1,-0.0648090702,-0.3077175276,-2.727168227581964,0.0658626657,0.022925087900000002,0.3034712478,0.16633326939999998
2,,,,,,,,,,,,0.2,-0.1072847189,-0.5379587017,1.6964621234077528,0.0887877536,0.0220142371,0.2805461599,0.16633326939999998
3,,,,,,,,,,,,0.3,-0.1502717639,-0.3253254444,-1.2989774425505687,0.1108019907,0.017623237499999986,0.2585319228,0.16633326939999998
4,,,,,,,,,,,,0.4,-0.1875142829,-0.4179806697,0.4680179112931424,0.1284252282,0.018535813900000003,0.2409086853,0.16633326939999998
5,,,,,,,,,,,,0.5,-0.2250264307,-0.3336667306,-2.0050849523141734,0.1469610421,0.025392372999999996,0.2223728714,0.16633326939999998
6,,,,,,,,,,,,0.6,-0.2664784655,-0.4927231911,-0.1783179614850905,0.1723534151,0.0312893635,0.1969804984,0.16633326939999998
7,,,,,,,,,,,,0.7,-0.3142298866,-0.4628035662,-1.6199587924902958,0.2036427786,0.03985814830000001,0.1656911349,0.16633326939999998
8,,,,,,,,,,,,0.8,-0.366107847,-0.5729214851,-0.9676060084819862,0.2435009269,0.051191080400000005,0.1258329866,0.16633326939999998
9,,,,,,,,,,,,0.9,-0.4253092027,-0.6104807301,-2.59004882877207,0.2946920073,0.0746419062,0.0746419062,0.16633326939999998
10,,,,,,,,,,,,0.0,0.0,-1.0,5.831998754751575,0.0,0.0655410199,0.3074459271,0.12344857950000004
11,,,,,,,,,,,,0.1,-0.066950764,-0.3498493605,-0.9289354712744178,0.0655410199,0.015475840200000007,0.24190490720000002,0.12344857950000004
12,,,,,,,,,,,,0.2,-0.1047368645,-0.4049568071,0.6412088240788318,0.0810168601,0.01437470469999999,0.226429067,0.12344857950000004
13,,,,,,,,,,,,0.3,-0.1401717944,-0.3054009948,-1.6061077005863693,0.0953915648,0.017477174900000003,0.21205436230000002,0.12344857950000004
14,,,,,,,,,,,,0.4,-0.1770039697,-0.4291795896,-0.37670612768771794,0.1128687397,0.022224543099999994,0.19457718740000002,0.12344857950000004
15,,,,,,,,,,,,0.5,-0.2196681613,-0.4241860108,0.9170398459601832,0.1350932828,0.019174919000000012,0.17235264430000002,0.12344857950000004
16,,,,,,,,,,,,0.6,-0.255598767,-0.2965514205,-1.3070746910896573,0.1542682018,0.0202758502,0.1531777253,0.12344857950000004
17,,,,,,,,,,,,0.7,-0.2901422436,-0.392715413,-0.8418157262235451,0.174544052,0.027201665600000008,0.1329018751,0.12344857950000004
18,,,,,,,,,,,,0.8,-0.3315861438,-0.4354530854,-2.248225758220162,0.2017457176,0.04286130659999998,0.1057002095,0.12344857950000004
19,,,,,,,,,,,,0.9,-0.383900609,-0.607961196,-1.73459901386616,0.2446070242,0.06283890290000002,0.06283890290000002,0.12344857950000004
20,,,,,,,,,,,,0.0,0.0,-1.0,5.706756007654473,0.0,0.065507669,0.3535552051,0.07070992630000006
21,,,,,,,,,,,,0.1,-0.0675566155,-0.3617677837,-0.8122194305812143,0.065507669,0.015815272399999997,0.2880475361,0.07070992630000006
22,,,,,,,,,,,,0.2,-0.1059123723,-0.40463397,0.007964404313339779,0.0813229414,0.016396987099999996,0.2722322637,0.07070992630000006
23,,,,,,,,,,,,0.3,-0.1443798531,-0.3653700488,-0.19639633995061945,0.0977199285,0.0154274898,0.2558352766,0.07070992630000006
24,,,,,,,,,,,,0.4,-0.1800994621,-0.3492900737,-1.5460000448971771,0.1131474183,0.021876899700000008,0.2404077868,0.07070992630000006
25,,,,,,,,,,,,0.5,-0.2208174499,-0.4631720904,0.1300214455225186,0.135024318,0.024833212800000004,0.2185308871,0.07070992630000006
26,,,,,,,,,,,,0.6,-0.2642651608,-0.406722235,-0.8066838534055278,0.1598575308,0.026643130299999984,0.19369767429999998,0.07070992630000006
27,,,,,,,,,,,,0.7,-0.3068720743,-0.4447837068,-2.221965872847773,0.1865006611,0.0419226919,0.167054544,0.07070992630000006
28,,,,,,,,,,,,0.8,-0.3599474167,-0.6139049517,-0.8210106931432752,0.228423353,0.05458734850000002,0.1251318521,0.07070992630000006
29,,,,,,,,,,,,0.9,-0.4223397683,-0.6336136695,-1.8430834508904466,0.2830107015,0.07054450359999997,0.07054450359999997,0.07070992630000006
30,,,,,,,,,,,,0.0,0.0,-1.0,5.546707385339307,0.0,0.0655020316,0.3305148318,0.12868263330000002
31,,,,,,,,,,,,0.1,-0.0683308376,-0.3769984239,0.4187623389354218,0.0655020316,0.012341115600000008,0.2650128002,0.12868263330000002
32,,,,,,,,,,,,0.2,-0.1021812474,-0.3012717802,-2.388535585636019,0.0778431472,0.020829963899999998,0.2526716846,0.12868263330000002
33,,,,,,,,,,,,0.3,-0.1424053971,-0.4999011891,0.9773740325138736,0.0986731111,0.021736325899999992,0.2318417207,0.12868263330000002
34,,,,,,,,,,,,0.4,-0.1852493727,-0.3593198102,-0.48539397980160115,0.120409437,0.017621245500000007,0.2101053948,0.12868263330000002
35,,,,,,,,,,,,0.5,-0.2217912141,-0.3713173667,-1.2375171879762616,0.1380306825,0.023756709900000006,0.19248414930000002,0.12868263330000002
36,,,,,,,,,,,,0.6,-0.2631130847,-0.453747215,-1.0216330405036291,0.1617873924,0.03194377139999999,0.1687274394,0.12868263330000002
37,,,,,,,,,,,,0.7,-0.3112348566,-0.5077887471,-0.0017633736831312863,0.1937311638,0.03467401350000002,0.13678366800000002,0.12868263330000002
38,,,,,,,,,,,,0.8,-0.3595659247,-0.4596340164,-1.3664926660591294,0.2284051773,0.04111580140000001,0.10210965450000001,0.12868263330000002
39,,,,,,,,,,,,0.9,-0.4099161136,-0.5459330941,-2.1771053574765764,0.2695209787,0.060993853099999995,0.060993853099999995,0.12868263330000002
40,,,,,,,,,,,,0.0,0.0,-1.0,6.085448539365368,0.0,0.0656863177,0.3582277696000001,0.08671549499999998
41,,,,,,,,,,,,0.1,-0.0657247219,-0.3257304242,-1.610736348966695,0.0656863177,0.0171876371,0.2925414519000001,0.08671549499999998
42,,,,,,,,,,,,0.2,-0.1045138808,-0.4480149001,1.615580570970535,0.0828739548,0.015287034599999999,0.2753538148000001,0.08671549499999998
43,,,,,,,,,,,,0.3,-0.13933293,-0.2516377938,-2.7789223317146066,0.0981609894,0.0207692052,0.26006678020000007,0.08671549499999998
44,,,,,,,,,,,,0.4,-0.1767221737,-0.4921407834,0.33650724619804073,0.1189301946,0.02456000870000001,0.23929757500000004,0.08671549499999998
45,,,,,,,,,,,,0.5,-0.2219277275,-0.413284505,-0.7533312716687979,0.1434902033,0.024687033299999994,0.21473756630000002,0.08671549499999998
46,,,,,,,,,,,,0.6,-0.264901082,-0.4456442776,-0.12219515973956874,0.1681772366,0.026737847499999995,0.19005053300000002,0.08671549499999998
47,,,,,,,,,,,,0.7,-0.3079008793,-0.4148639962,-2.0221641558023062,0.1949150841,0.03749977660000001,0.16331268550000003,0.08671549499999998
48,,,,,,,,,,,,0.8,-0.3571624811,-0.56781881,-1.0611604803852743,0.2324148607,0.05054675920000001,0.12581290890000002,0.08671549499999998
49,,,,,,,,,,,,0.9,-0.4163308133,-0.6147665258,-2.674698101404344,0.2829616199,0.0752661497,0.0752661497,0.08671549499999998
50,,,,,,,,,,,,0.0,0.0,-1.0,7.429473739942257,0.0,0.0681954319,0.3695302861,0.1820179293
51,,,,,,,,,,,,0.1,-0.0592231115,-0.1978295145,-4.357078723535602,0.0681954319,0.027309046399999995,0.3013348542,0.1820179293
52,,,,,,,,,,,,0.2,-0.0991260871,-0.5936344112,1.3332687213110153,0.0955044783,0.027811404400000003,0.2740258078,0.1820179293
53,,,,,,,,,,,,0.3,-0.1491682903,-0.4102653359,0.2619981985344506,0.1233158827,0.017191551799999996,0.2462144034,0.1820179293
54,,,,,,,,,,,,0.4,-0.1869428007,-0.3462910057,-0.04881197361117451,0.1405074345,0.0151853287,0.2290228516,0.1820179293
55,,,,,,,,,,,,0.5,-0.220132933,-0.3179820707,-1.5997694035214833,0.1556927632,0.021524525900000008,0.2138375229,0.1820179293
56,,,,,,,,,,,,0.6,-0.2581316964,-0.4399602477,-0.5666258583160242,0.1772172891,0.02793666219999999,0.19231299699999999,0.1820179293
57,,,,,,,,,,,,0.7,-0.3027404207,-0.4520141092,-2.417830766219962,0.2051539513,0.043965806999999996,0.1643763348,0.1820179293
58,,,,,,,,,,,,0.8,-0.3574513294,-0.6390862771,-0.38900498165409747,0.2491197583,0.054556654500000024,0.1204105278,0.1820179293
59,,,,,,,,,,,,0.9,-0.4201502102,-0.6152878945,-1.6048302119143292,0.3036764128,0.06585387329999998,0.06585387329999998,0.1820179293
60,60,60.0,60.0,60.0,60.0,60.0,60.0,60.0,60.0,60.0,0.0,0.0,0.0,-1.0,2.09652757661965,0.0,0.0754689447,11.8686598672,-2.5
61,61,61.0,61.0,61.0,61.0,61.0,61.0,61.0,61.0,61.0,1.0,0.1,-0.0850207989,-0.7053264434,-2.37586839726497,0.0754689447,0.0663986989,11.7931909225,-1.4853264434000002
62,62,62.0,62.0,62.0,62.0,62.0,62.0,62.0,62.0,62.0,2.0,0.2,-0.1636345557,-0.8642995264,-16.028024345981976,0.1418676436,0.406681285,11.7267922236,-1.0842995264
63,63,63.0,63.0,63.0,63.0,63.0,63.0,63.0,63.0,63.0,3.0,0.3,-0.323417782,-2.3073187347,-1.9964184286155915,0.5485489286,0.5471025943999999,11.3201109386,-2.1273187347
64,64,64.0,64.0,64.0,64.0,64.0,64.0,64.0,64.0,64.0,4.0,0.4,-0.5526457304,-2.2777326291,-10.440960312095768,1.095651523,0.8206354736000001,10.7730083442,-1.8577326291
65,65,65.0,65.0,65.0,65.0,65.0,65.0,65.0,65.0,65.0,5.0,0.5,-0.8199079505,-3.0545664402,-6.083939406391652,1.9162869966,1.1403292543,9.9523728706,-2.5545664402
66,66,66.0,66.0,66.0,66.0,66.0,66.0,66.0,66.0,66.0,6.0,0.6,-1.1400188434,-3.342849488,-11.531832602344508,3.0566162509,1.6450834207000002,8.8120436163,-2.922849488
67,67,67.0,67.0,67.0,67.0,67.0,67.0,67.0,67.0,67.0,7.0,0.7,-1.5139173729,-4.1221342187,-7.750994233131593,4.7016996716,2.1774644595999995,7.1669601956,-3.9421342187
68,68,68.0,68.0,68.0,68.0,68.0,68.0,68.0,68.0,68.0,8.0,0.8,-1.9436847047,-4.4674663102,-6.251250810176035,6.8791641312,2.566061191500001,4.989495736,-4.6874663102
69,69,69.0,69.0,69.0,69.0,69.0,69.0,69.0,69.0,69.0,9.0,0.9,-2.3990596635,-4.6372164325,5.61881686084956,9.4452253227,2.423434544499999,2.423434544499999,-5.4172164325
70,70,70.0,70.0,70.0,70.0,70.0,70.0,70.0,70.0,70.0,0.0,0.0,0.0,-1.0,0.5057812826038308,0.0,0.0865590942,6.6856988423,-2.5
71,71,71.0,71.0,71.0,71.0,71.0,71.0,71.0,71.0,71.0,1.0,0.1,-0.0927159046,-0.8567059672,-4.585380402057693,0.0865590942,0.1212107217999999,6.5991397481,-1.6367059672000002
72,72,72.0,72.0,72.0,72.0,72.0,72.0,72.0,72.0,72.0,2.0,0.2,-0.196423589,-1.2115363229,-13.141756369108997,0.207769816,0.4249285042999999,6.4779290263,-1.4315363229
73,73,73.0,73.0,73.0,73.0,73.0,73.0,73.0,73.0,73.0,3.0,0.3,-0.3752886741,-2.3468468747,-19.67733323850947,0.6326983203,1.2587832153000005,6.0530005220000005,-2.1668468747
74,74,74.0,74.0,74.0,74.0,74.0,74.0,74.0,74.0,74.0,4.0,0.4,-0.6938081636,-3.9960607092,6.539910025119472,1.8914815356,1.3230997583999995,4.7942173067,-3.5760607092
75,75,75.0,75.0,75.0,75.0,75.0,75.0,75.0,75.0,75.0,5.0,0.5,-1.0424476554,-2.9934302148,10.829099622614624,3.214581294,0.7507754242,3.4711175483,-2.4934302148
76,76,76.0,76.0,76.0,76.0,76.0,76.0,76.0,76.0,76.0,6.0,0.6,-1.2749254976,-1.6780424104,-17.848457868848207,3.9653567182,0.9766911367000004,2.7203421241,-1.2580424104
77,77,77.0,77.0,77.0,77.0,77.0,77.0,77.0,77.0,77.0,7.0,0.7,-1.520952253,-3.2168614418,17.45488162788873,4.9420478549,0.9481147211999996,1.7436509873999997,-3.0368614418
78,78,78.0,78.0,78.0,78.0,78.0,78.0,78.0,78.0,78.0,8.0,0.8,-1.7426407653,-1.2496847667,10.244159227213864,5.8901625761,0.4297461512999998,0.7955362662000001,-1.4696847667
79,79,79.0,79.0,79.0,79.0,79.0,79.0,79.0,79.0,79.0,9.0,0.9,-1.8120090961,-0.1559005132,7.692481492561033,6.3199087274,0.3657901149000002,0.3657901149000002,-0.9359005132000002
80,80,80.0,80.0,80.0,80.0,80.0,80.0,80.0,80.0,80.0,0.0,0.0,0.0,-1.0,15.206336027208742,0.0,0.1401639331,11.1913214814,4.4523003755
81,81,81.0,81.0,81.0,81.0,81.0,81.0,81.0,81.0,81.0,1.0,0.1,-0.0216031781,0.5422367808,9.701113732931384,0.1401639331,0.1505886216,11.0511575483,4.4523003755
82,82,82.0,82.0,82.0,82.0,82.0,82.0,82.0,82.0,82.0,2.0,0.2,0.0769258095,1.4138191665,7.781987702443839,0.2907525547,0.3325678639,10.900568926699998,4.4523003755
83,83,83.0,83.0,83.0,83.0,83.0,83.0,83.0,83.0,83.0,3.0,0.3,0.2491132224,2.0198305238,7.691836864173744,0.6233204186,0.5716998053000001,10.5680010628,4.4523003755
84,84,84.0,84.0,84.0,84.0,84.0,84.0,84.0,84.0,84.0,4.0,0.4,0.4785341441,2.5595932886,16.97017246375185,1.1950202239,1.2608377151,9.9963012575,4.4523003755
85,85,85.0,85.0,85.0,85.0,85.0,85.0,85.0,85.0,85.0,5.0,0.5,0.8042034714,3.9309412077,-12.863505012158818,2.455857939,1.1721065945000002,8.7354635424,4.4523003755
86,86,86.0,86.0,86.0,86.0,86.0,86.0,86.0,86.0,86.0,6.0,0.6,1.1160558518,2.332738326,6.562451720519832,3.6279645335,0.8208863604000003,7.563356947899999,4.4523003755
87,87,87.0,87.0,87.0,87.0,87.0,87.0,87.0,87.0,87.0,7.0,0.7,1.3697906435,2.7352487064,15.664683012799289,4.4488508939,1.4990238567999992,6.742470587499999,4.4523003755
88,88,88.0,88.0,88.0,88.0,88.0,88.0,88.0,88.0,88.0,8.0,0.8,1.7058606032,3.965647048,17.276060869178927,5.9478747507,2.660008458000001,5.2434467307,4.4523003755
89,89,89.0,89.0,89.0,89.0,89.0,89.0,89.0,89.0,89.0,9.0,0.9,2.1668133626,5.2323003755,-12.84236911641488,8.6078832087,2.5834382726999987,2.5834382726999987,4.4523003755
90,90,90.0,90.0,90.0,90.0,90.0,90.0,90.0,90.0,90.0,0.0,0.0,0.0,-1.0,-16.079950305655217,0.0,0.4463592142,8.9196635314,-2.5
91,91,91.0,91.0,91.0,91.0,91.0,91.0,91.0,91.0,91.0,1.0,0.1,-0.1729480245,-2.4350470061,-9.203652397216596,0.4463592142,0.8189185457,8.4733043172,-3.2150470061000003
92,92,92.0,92.0,92.0,92.0,92.0,92.0,92.0,92.0,92.0,2.0,0.2,-0.4491953011,-3.0791649692,3.3063960660457745,1.2652777599,0.8117623713,7.654385771499999,-3.2991649692
93,93,93.0,93.0,93.0,93.0,93.0,93.0,93.0,93.0,93.0,3.0,0.3,-0.7262223112,-2.4714983525,-18.58474549617105,2.0770401312,1.3267846449,6.842623400199999,-2.2914983525
94,94,94.0,94.0,94.0,94.0,94.0,94.0,94.0,94.0,94.0,4.0,0.4,-1.051318637,-4.0048765763,4.088476788357141,3.4038247761,1.4733921433000003,5.515838755299999,-3.5848765763
95,95,95.0,95.0,95.0,95.0,95.0,95.0,95.0,95.0,95.0,5.0,0.5,-1.4126553364,-3.234692198,6.641830629440651,4.8772169194,1.0329632874999994,4.042446611999999,-2.734692198
96,96,96.0,96.0,96.0,96.0,96.0,96.0,96.0,96.0,96.0,6.0,0.6,-1.688348014,-2.2948164575,-1.2640060735257386,5.9101802069,0.8297930811,3.0094833245,-1.8748164575
97,97,97.0,97.0,97.0,97.0,97.0,97.0,97.0,97.0,97.0,7.0,0.7,-1.9128435061,-2.1967215727,2.748505112007763,6.739973288,0.7950007037000004,2.1796902434,-2.0167215727
98,98,98.0,98.0,98.0,98.0,98.0,98.0,98.0,98.0,98.0,8.0,0.8,-2.1085938703,-1.7261206974,16.394878943290763,7.5349739917,0.7003359374999993,1.3846895396999992,-1.9461206974000005
99,99,99.0,99.0,99.0,99.0,99.0,99.0,99.0,99.0,99.0,9.0,0.9,-2.1935474849,-0.0016791884,-15.39514535644245,8.2353099292,0.6843536021999999,0.6843536021999999,-0.7816791884000003
100,100,100.0,100.0,100.0,100.0,100.0,100.0,100.0,100.0,100.0,0.0,0.0,0.0,-1.0,-16.906807251952053,0.0,0.4759575619,13.7649344228,-2.5
101,101,101.0,101.0,101.0,101.0,101.0,101.0,101.0,101.0,101.0,1.0,0.1,-0.1769478769,-2.5137328483,-5.374346897917306,0.4759575619,0.7284589332,13.2889768609,-3.2937328483000003
102,102,102.0,102.0,102.0,102.0,102.0,102.0,102.0,102.0,102.0,2.0,0.2,-0.4421591506,-2.7859562644,-8.350983016138084,1.2044164951,1.0062549277,12.5605179277,-3.0059562644
103,103,103.0,103.0,103.0,103.0,103.0,103.0,103.0,103.0,103.0,3.0,0.3,-0.7476751373,-3.3155385793,1.6483080459435016,2.2106714228,1.0318086493999998,11.554263,-3.1355385793000004
104,104,104.0,104.0,104.0,104.0,104.0,104.0,104.0,104.0,104.0,4.0,0.4,-1.0552174067,-2.8431655053,-8.086457501422121,3.2424800722,1.1400095052000006,10.5224543506,-2.4231655053
105,105,105.0,105.0,105.0,105.0,105.0,105.0,105.0,105.0,105.0,5.0,0.5,-1.3648980252,-3.342130637,-1.6896464705058918,4.3824895774,1.3006101069999998,9.382444845399998,-2.842130637
106,106,106.0,106.0,106.0,106.0,106.0,106.0,106.0,106.0,106.0,6.0,0.6,-1.6911181679,-3.1848751413,-3.6100230890574,5.6830996844,1.3775382121000002,8.0818347384,-2.7648751413
107,107,107.0,107.0,107.0,107.0,107.0,107.0,107.0,107.0,107.0,7.0,0.7,-2.0116617817,-3.2253338364,-14.27595362278582,7.0606378965,2.0059792484,6.704296526299999,-3.0453338364
108,108,108.0,108.0,108.0,108.0,108.0,108.0,108.0,108.0,108.0,8.0,0.8,-2.3876516213,-4.2769393591,-3.6823786324864174,9.0666171449,2.4893292107,4.698317277899999,-4.496939359100001
109,109,109.0,109.0,109.0,109.0,109.0,109.0,109.0,109.0,109.0,9.0,0.9,-2.8124699737,-4.22035887,10.235563560926272,11.5559463556,2.2089880672,2.2089880672,-5.00035887
110,110,110.0,110.0,110.0,110.0,110.0,110.0,110.0,110.0,110.0,0.0,0.0,0.0,-1.0,2.869117735853578,0.0,0.071561745,2.6159173966,0.7052180374
111,111,111.0,111.0,111.0,111.0,111.0,111.0,111.0,111.0,111.0,1.0,0.1,-0.081283462,-0.6318047645,-14.442510636944217,0.071561745,0.2896300056999999,2.5443556516,0.7052180374
112,112,112.0,112.0,112.0,112.0,112.0,112.0,112.0,112.0,112.0,2.0,0.2,-0.2112720988,-1.9460671913,4.747037993264858,0.3611917507,0.2869146591,2.2547256459,0.7052180374
113,113,113.0,113.0,113.0,113.0,113.0,113.0,113.0,113.0,113.0,3.0,0.3,-0.3735015624,-1.3091339284,15.444845656398684,0.6481064098,0.1822945038,1.9678109868,0.7052180374
114,114,114.0,114.0,114.0,114.0,114.0,114.0,114.0,114.0,114.0,4.0,0.4,-0.4233689625,0.2852180374,-1.646516476301187,0.8304009136,0.0223138405999999,1.785516483,0.7052180374
115,115,115.0,115.0,115.0,115.0,115.0,115.0,115.0,115.0,115.0,5.0,0.5,-0.4041915792,0.1013890065,-19.52840036706712,0.8527147542,0.3103411309999999,1.7632026424,0.7052180374
116,116,116.0,116.0,116.0,116.0,116.0,116.0,116.0,116.0,116.0,6.0,0.6,-0.4890101395,-1.76663247,-5.99723202468506,1.1630558852,0.4423852347000001,1.4528615114,0.7052180374
117,117,117.0,117.0,117.0,117.0,117.0,117.0,117.0,117.0,117.0,7.0,0.7,-0.6861385995,-2.1692272124,1.7435837450480136,1.6054411199,0.4571508984000001,1.0104762767,0.7052180374
118,118,118.0,118.0,118.0,118.0,118.0,118.0,118.0,118.0,118.0,8.0,0.8,-0.8841333793,-1.7968740581,4.00247878717256,2.0625920183,0.3337058311999996,0.5533253782999998,0.7052180374
119,119,119.0,119.0,119.0,119.0,119.0,119.0,119.0,119.0,119.0,9.0,0.9,-1.0357671243,-1.2449924344,6.239721271951378,2.3962978495,0.2196195471000002,0.2196195471000002,0.7052180374
120,120,120.0,120.0,120.0,120.0,120.0,120.0,120.0,120.0,120.0,0.0,0.0,0.0,-1.0,-16.09592450670405,0.0,0.4469205415,9.4068159068,-2.5
121,121,121.0,121.0,121.0,121.0,121.0,121.0,121.0,121.0,121.0,1.0,0.1,-0.1730252984,-2.4365671523,7.826977389616726,0.4469205415,0.4230224924999999,8.9598953653,-3.2165671523
122,122,122.0,122.0,122.0,122.0,122.0,122.0,122.0,122.0,122.0,2.0,0.2,-0.3670330066,-1.4598617051,6.70019029487402,0.869943034,0.1592263487999999,8.5368728728,-1.6798617051
123,123,123.0,123.0,123.0,123.0,123.0,123.0,123.0,123.0,123.0,3.0,0.3,-0.4735456144,-0.6833300678,-2.713327180304592,1.0291693828,0.0912350216999999,8.377646524,-0.5033300678000001
124,124,124.0,124.0,124.0,124.0,124.0,124.0,124.0,124.0,124.0,4.0,0.4,-0.5516985822,-0.876509818,-17.74268332077973,1.1204044045,0.5043369684000001,8.2864115023,-0.456509818
125,125,125.0,125.0,125.0,125.0,125.0,125.0,125.0,125.0,125.0,5.0,0.5,-0.7209382436,-2.4815384888,-15.850167701722103,1.6247413729,1.1936283781,7.782074533899999,-1.9815384888
126,126,126.0,126.0,126.0,126.0,126.0,126.0,126.0,126.0,126.0,6.0,0.6,-1.0337617216,-3.7537317809,10.286772283865504,2.818369751,1.1575157468999997,6.5884461558,-3.3337317809
127,127,127.0,127.0,127.0,127.0,127.0,127.0,127.0,127.0,127.0,7.0,0.7,-1.3412151319,-2.4176011422,-14.473030387980558,3.9758854979,1.2364558308000002,5.4309304089,-2.2376011422
128,128,128.0,128.0,128.0,128.0,128.0,128.0,128.0,128.0,128.0,8.0,0.8,-1.6412924078,-3.5648269051,-10.119595021169856,5.2123413287,1.8975828153,4.1944745781,-3.7848269051
129,129,129.0,129.0,129.0,129.0,129.0,129.0,129.0,129.0,129.0,9.0,0.9,-2.029483336,-4.188595479,-4.860801219785618,7.109924144,2.2968917628000005,2.2968917628000005,-4.968595479
130,130,130.0,130.0,130.0,130.0,130.0,130.0,130.0,130.0,130.0,0.0,0.0,0.0,-1.0,-16.954602678043862,0.0,0.4777023275,10.812026497099998,-2.5
131,131,131.0,131.0,131.0,131.0,131.0,131.0,131.0,131.0,131.0,1.0,0.1,-0.1771790832,-2.5182811846,-19.1748594986557,0.4777023275,1.3215158276,10.3343241696,-3.2982811846000004
132,132,132.0,132.0,132.0,132.0,132.0,132.0,132.0,132.0,132.0,2.0,0.2,-0.5095820189,-4.1033641987,5.76236756630934,1.7992181551,1.3887392978000002,9.012808342,-4.323364198699999
133,133,133.0,133.0,133.0,133.0,133.0,133.0,133.0,133.0,133.0,3.0,0.3,-0.8721938972,-3.1645155639,-7.084908694654626,3.1879574529,1.2597349842999996,7.6240690442,-2.9845155639000005
134,134,134.0,134.0,134.0,134.0,134.0,134.0,134.0,134.0,134.0,4.0,0.4,-1.2076096349,-3.5375906956,7.257860489949863,4.4476924372,1.1319988482000003,6.3643340599,-3.1175906956
135,135,135.0,135.0,135.0,135.0,135.0,135.0,135.0,135.0,135.0,5.0,0.5,-1.5091469447,-2.5102673368,-13.685300124066888,5.5796912854,1.3077938666,5.2323352117,-2.0102673368
136,136,136.0,136.0,136.0,136.0,136.0,136.0,136.0,136.0,136.0,6.0,0.6,-1.8142320006,-3.5737122933,1.569176317506301,6.887485152,1.5035032823000003,3.9245413451,-3.1537122933
137,137,137.0,137.0,137.0,137.0,137.0,137.0,137.0,137.0,137.0,7.0,0.7,-2.1467249051,-3.084301757,17.117074439412193,8.3909884343,1.1360566419999998,2.4210380627999992,-2.904301757
138,138,138.0,138.0,138.0,138.0,138.0,138.0,138.0,138.0,138.0,8.0,0.8,-2.3574325487,-1.1618866695,12.639409979743242,9.5270450763,0.6913799136000005,1.2849814207999994,-1.3818866695000005
139,139,139.0,139.0,139.0,139.0,139.0,139.0,139.0,139.0,139.0,9.0,0.9,-2.406858509,0.1514802887,-4.7900329944835605,10.2184249899,0.5936015071999989,0.5936015071999989,-0.6285197113000003
140,140,140.0,140.0,140.0,140.0,140.0,140.0,140.0,140.0,140.0,0.0,0.0,0.0,-1.0,3.3676963348079667,0.0,0.0695533227,6.0644779341,0.4971888280999998
141,141,141.0,141.0,141.0,141.0,141.0,141.0,141.0,141.0,141.0,1.0,0.1,-0.0788716251,-0.5843587414,5.97294264262996,0.0695533227,0.0291752963999999,5.9949246114,0.4971888280999998
142,142,142.0,142.0,142.0,142.0,142.0,142.0,142.0,142.0,142.0,2.0,0.2,-0.1055870949,0.0396509926,2.956110654205343,0.0987286191,0.0092576649999999,5.965749315,0.4971888280999998
143,143,143.0,143.0,143.0,143.0,143.0,143.0,143.0,143.0,143.0,3.0,0.3,-0.0875138649,0.3171888281,-7.417821165914802,0.1079862841,0.0330618739,5.95649165,0.4971888280999998
144,144,144.0,144.0,144.0,144.0,144.0,144.0,144.0,144.0,144.0,4.0,0.4,-0.093212447,-0.4188947064,-4.516053817489887,0.141048158,0.0510358623999999,5.9234297761,0.4971888280999998
145,145,145.0,145.0,145.0,145.0,145.0,145.0,145.0,145.0,145.0,5.0,0.5,-0.1549215897,-0.8087909455,-14.352799134939165,0.1920840204,0.3360711235999999,5.8723939137,0.4971888280999998
146,146,146.0,146.0,146.0,146.0,146.0,146.0,146.0,146.0,146.0,6.0,0.6,-0.3013187108,-2.0976737378,-12.720959681894628,0.528155144,0.7899585285,5.5363227901,0.4971888280999998
147,147,147.0,147.0,147.0,147.0,147.0,147.0,147.0,147.0,147.0,7.0,0.7,-0.5624753561,-3.1086130607,-0.4407473651286224,1.3181136725,0.9400663284,4.7463642616,0.4971888280999998
148,148,148.0,148.0,148.0,148.0,148.0,148.0,148.0,148.0,148.0,8.0,0.8,-0.8604310534,-2.8547321,-18.063910801581056,2.2581800009,1.5764841244,3.8062979332,0.4971888280999998
149,149,149.0,149.0,149.0,149.0,149.0,149.0,149.0,149.0,149.0,9.0,0.9,-1.2194773978,-4.3020768358,-7.609820166762788,3.8346641253,2.2298138088000004,2.2298138088000004,0.4971888280999998
150,150,150.0,150.0,150.0,150.0,150.0,150.0,150.0,150.0,150.0,0.0,0.0,0.0,-1.0,15.051909163714484,0.0,0.1377814665,3.1575601096,-2.5
151,151,151.0,151.0,151.0,151.0,151.0,151.0,151.0,151.0,151.0,1.0,0.1,-0.0223502054,0.5275411217,-18.148383631728265,0.1377814665,0.205214668,3.0197786431,-0.2524588783000001
152,152,152.0,152.0,152.0,152.0,152.0,152.0,152.0,152.0,152.0,2.0,0.2,-0.0599393435,-1.2497081033,-12.712075604669,0.3429961345,0.4184853644999999,2.8145639751,-1.4697081033
153,153,153.0,153.0,153.0,153.0,153.0,153.0,153.0,153.0,153.0,3.0,0.3,-0.2403584074,-2.3404965998,12.37855171830786,0.761481499,0.3694962478,2.3960786106,-2.1604965998
154,154,154.0,154.0,154.0,154.0,154.0,154.0,154.0,154.0,154.0,4.0,0.4,-0.4032058774,-0.939793958,-6.254481382730713,1.1309777468,0.1861168145,2.0265823628,-0.519793958
155,155,155.0,155.0,155.0,155.0,155.0,155.0,155.0,155.0,155.0,5.0,0.5,-0.5228946587,-1.445553315,1.0148554653187745,1.3170945613,0.2120342758,1.8404655483,-0.945553315
156,156,156.0,156.0,156.0,156.0,156.0,156.0,156.0,156.0,156.0,6.0,0.6,-0.6555479372,-1.2114144899,6.240791917995395,1.5291288371,0.1456913327,1.6284312725,-0.7914144898999999
157,157,157.0,157.0,157.0,157.0,157.0,157.0,157.0,157.0,157.0,7.0,0.7,-0.7406399258,-0.5022433096,-14.385582776623204,1.6748201698,0.3180721311999999,1.4827399398,-0.3222433095999998
158,158,158.0,158.0,158.0,158.0,158.0,158.0,158.0,158.0,158.0,8.0,0.8,-0.8580236487,-1.8234178643,-3.92487090499008,1.992892301,0.4696829723000002,1.1646678086,-2.0434178643000003
159,159,159.0,159.0,159.0,159.0,159.0,159.0,159.0,159.0,159.0,9.0,0.9,-1.0505310597,-2.0233975438,-7.687558763302604,2.4625752733,0.6949848362999997,0.6949848362999997,-2.8033975438
160,160,160.0,160.0,160.0,160.0,160.0,160.0,160.0,160.0,160.0,0.0,0.0,0.0,-1.0,5.505765450040272,0.0,0.0655072543,6.0861943607,-2.5
161,161,161.0,161.0,161.0,161.0,161.0,161.0,161.0,161.0,161.0,1.0,0.1,-0.0685288908,-0.3808945642,-2.404900490864528,0.0655072543,0.0269709947,6.0206871064000005,-1.1608945642000004
162,162,162.0,162.0,162.0,162.0,162.0,162.0,162.0,162.0,162.0,2.0,0.2,-0.1164093137,-0.5735041904,-8.00741921443402,0.092478249,0.1258431431,5.9937161117,-0.7935041904
163,163,163.0,163.0,163.0,163.0,163.0,163.0,163.0,163.0,163.0,3.0,0.3,-0.2097206831,-1.2809347424,-8.338109847361048,0.2183213921,0.310068539,5.8678729686,-1.1009347424
164,164,164.0,164.0,164.0,164.0,164.0,164.0,164.0,164.0,164.0,4.0,0.4,-0.3719526636,-1.9525137467,1.1946617914120985,0.5283899311,0.3474027151,5.5578044296,-1.5325137466999998
165,165,165.0,165.0,165.0,165.0,165.0,165.0,165.0,165.0,165.0,5.0,0.5,-0.5519799417,-1.6530202894,-8.5473804708182,0.8757926462,0.4767853687,5.2104017145,-1.1530202894
166,166,166.0,166.0,166.0,166.0,166.0,166.0,166.0,166.0,166.0,6.0,0.6,-0.7506328737,-2.3091054045,1.6972107181472609,1.3525780149,0.5243600850000001,4.7336163458,-1.8891054045
167,167,167.0,167.0,167.0,167.0,167.0,167.0,167.0,167.0,167.0,7.0,0.7,-0.9621631628,-1.9278540436,-17.9242471066225,1.8769380999,1.0280865002,4.2092562608,-1.7478540436
168,168,168.0,168.0,168.0,168.0,168.0,168.0,168.0,168.0,168.0,8.0,0.8,-1.2323297897,-3.4501121273,-0.5780631363807345,2.9050246001,1.2941533730000003,3.1811697606000005,-3.6701121273
169,169,169.0,169.0,169.0,169.0,169.0,169.0,169.0,169.0,169.0,9.0,0.9,-1.5634483784,-3.1767998523,-15.995464732808331,4.1991779731,1.8870163876,1.8870163876,-3.9567998523
170,170,170.0,170.0,170.0,170.0,170.0,170.0,170.0,170.0,170.0,0.0,0.0,0.0,-1.0,-5.839798947509717,0.0,0.1715867657,1.5360706885,2.1047445337
171,171,171.0,171.0,171.0,171.0,171.0,171.0,171.0,171.0,171.0,1.0,0.1,-0.1234121336,-1.4605677611,14.37329757383842,0.1715867657,0.1734194582,1.3644839228,2.1047445337
172,172,172.0,172.0,172.0,172.0,172.0,172.0,172.0,172.0,172.0,2.0,0.2,-0.1928738862,0.0462237488,7.886925593978038,0.3450062239,0.0570248855999999,1.1910644646,2.1047445337
173,173,173.0,173.0,173.0,173.0,173.0,173.0,173.0,173.0,173.0,3.0,0.3,-0.1503228021,0.7923652241,-0.9908511201947832,0.4020311095,0.0519209113,1.134039579,2.1047445337
174,174,174.0,174.0,174.0,174.0,174.0,174.0,174.0,174.0,174.0,4.0,0.4,-0.0797124534,0.6226697634,10.94263704269182,0.4539520208,0.1939785148,1.0821186677,2.1047445337
175,175,175.0,175.0,175.0,175.0,175.0,175.0,175.0,175.0,175.0,5.0,0.5,0.0324764806,1.6047445337,-15.475395142500572,0.6479305356,0.2031423133,0.8881401528999999,2.1047445337
176,176,176.0,176.0,176.0,176.0,176.0,176.0,176.0,176.0,176.0,6.0,0.6,0.1103272379,-0.0206457378,18.01491975381708,0.8510728489,0.2613529041999999,0.6849978395999999,2.1047445337
177,177,177.0,177.0,177.0,177.0,177.0,177.0,177.0,177.0,177.0,7.0,0.7,0.195508267,1.6956652084,-10.103503003860377,1.1124257531,0.1950071327,0.4236449354,2.1047445337
178,178,178.0,178.0,178.0,178.0,178.0,178.0,178.0,178.0,178.0,8.0,0.8,0.3079972778,0.5728258972,6.890837264808173,1.3074328858,0.1160202809999999,0.2286378027,2.1047445337
179,179,179.0,179.0,179.0,179.0,179.0,179.0,179.0,179.0,179.0,9.0,0.9,0.3958427343,1.1740641673,-8.590653221887026,1.4234531668,0.1126175217,0.1126175217,2.1047445337
180,180,180.0,180.0,180.0,180.0,180.0,180.0,180.0,180.0,180.0,0.0,0.0,0.0,-1.0,-4.338012125962173,0.0,0.1455718362,11.174523900300004,-2.5
181,181,181.0,181.0,181.0,181.0,181.0,181.0,181.0,181.0,181.0,1.0,0.1,-0.1161473645,-1.3176538481,-10.39455066740098,0.1455718362,0.3729860726999999,11.028952064100004,-2.0976538481
182,182,182.0,182.0,182.0,182.0,182.0,182.0,182.0,182.0,182.0,2.0,0.2,-0.2918214443,-2.181434835,2.4631046840663373,0.5185579089,0.403344346,10.655965991400004,-2.401434835
183,183,183.0,183.0,183.0,183.0,183.0,183.0,183.0,183.0,183.0,3.0,0.3,-0.4874974488,-1.7394483621,7.201349775152586,0.9219022549,0.2342696996,10.252621645400003,-1.5594483621000002
184,184,184.0,184.0,184.0,184.0,184.0,184.0,184.0,184.0,184.0,4.0,0.4,-0.6181920015,-0.8886188319,-14.46335720130216,1.1561719545,0.4043733578999999,10.018351945800005,-0.4686188319
185,185,185.0,185.0,185.0,185.0,185.0,185.0,185.0,185.0,185.0,5.0,0.5,-0.7727204893,-2.1804260643,-12.635862349128706,1.5605453124,0.8910232786000001,9.613978587900002,-1.6804260643000002
186,186,186.0,186.0,186.0,186.0,186.0,186.0,186.0,186.0,186.0,6.0,0.6,-1.0413404083,-3.1753923802,3.738316959170941,2.451568591,0.959702349,8.722955309300001,-2.7553923802
187,187,187.0,187.0,187.0,187.0,187.0,187.0,187.0,187.0,187.0,7.0,0.7,-1.3254351092,-2.5174659834,-18.068710455898746,3.41127094,1.4695358878999998,7.763252960300001,-2.3374659834
188,188,188.0,188.0,188.0,188.0,188.0,188.0,188.0,188.0,188.0,8.0,0.8,-1.6524095621,-3.9973625761,-16.64107100040148,4.8808068279,2.6273274316000004,6.293717072400001,-4.2173625761
189,189,189.0,189.0,189.0,189.0,189.0,189.0,189.0,189.0,189.0,9.0,0.9,-2.1133087387,-5.2005704994,-11.435972707484066,7.5081342595,3.6663896408,3.6663896408,-5.980570499400001
190,190,190.0,190.0,190.0,190.0,190.0,190.0,190.0,190.0,190.0,0.0,0.0,0.0,-1.0,-0.358120390236941,0.0,0.0942994384,7.751182697600002,-2.5
191,191,191.0,191.0,191.0,191.0,191.0,191.0,191.0,191.0,191.0,1.0,0.1,-0.0968949596,-0.9389170794,-11.41298623544757,0.0942994384,0.2851434137,7.656883259200002,-1.7189170794000002
192,192,192.0,192.0,192.0,192.0,192.0,192.0,192.0,192.0,192.0,2.0,0.2,-0.2414541165,-1.935656546,2.138578389387145,0.3794428521,0.3170510778,7.371739845500001,-2.155656546
193,193,193.0,193.0,193.0,193.0,193.0,193.0,193.0,193.0,193.0,3.0,0.3,-0.4153110628,-1.5479417608,-13.600671412945092,0.6964939299,0.5841848459,7.054688767700001,-1.3679417608
194,194,194.0,194.0,194.0,194.0,194.0,194.0,194.0,194.0,194.0,4.0,0.4,-0.6284093217,-2.6949106432,9.708635565810194,1.2806787758,0.5531668532,6.470503921800001,-2.2749106432
195,195,195.0,195.0,195.0,195.0,195.0,195.0,195.0,195.0,195.0,5.0,0.5,-0.8378992621,-1.5145571463,-6.784710018554531,1.833845629,0.4235291030000001,5.9173370686,-1.0145571463
196,196,196.0,196.0,196.0,196.0,196.0,196.0,196.0,196.0,196.0,6.0,0.6,-1.0148488915,-2.0160785187,3.896535959041614,2.257374732,0.4321266629,5.4938079656,-1.5960785187000002
197,197,197.0,197.0,197.0,197.0,197.0,197.0,197.0,197.0,197.0,7.0,0.7,-1.1878552085,-1.4534186058,-19.68207472366094,2.6895013949,0.9310085056,5.0616813027,-1.2734186058
198,198,198.0,198.0,198.0,198.0,198.0,198.0,198.0,198.0,198.0,8.0,0.8,-1.4213764569,-3.1881048298,-14.141131242347132,3.6205099005,1.7480530710000002,4.1306727971,-3.4081048298
199,199,199.0,199.0,199.0,199.0,199.0,199.0,199.0,199.0,199.0,9.0,0.9,-1.7931713206,-4.2304230903,-7.929020755061899,5.3685629715,2.3826197261,2.3826197261,-5.010423090300001
200,200,200.0,200.0,200.0,200.0,200.0,200.0,200.0,200.0,200.0,0.0,0.0,0.0,-1.0,18.052648779055183,0.0,0.1909939592,5.7883898596,3.9625778432
201,201,201.0,201.0,201.0,201.0,201.0,201.0,201.0,201.0,201.0,1.0,0.1,-0.0078343726,0.8130992505,15.540091712333506,0.1909939592,0.3703476844999999,5.5973959004,3.9625778432
202,202,202.0,202.0,202.0,202.0,202.0,202.0,202.0,202.0,202.0,2.0,0.2,0.1447161768,2.2145578724,-7.938172004628999,0.5613416437,0.3422634377,5.2270482159,3.9625778432
203,203,203.0,203.0,203.0,203.0,203.0,203.0,203.0,203.0,203.0,3.0,0.3,0.3170590043,1.2483978443,5.7828449306338605,0.9036050814,0.2488452598,4.8847847782,3.9625778432
204,204,204.0,204.0,204.0,204.0,204.0,204.0,204.0,204.0,204.0,4.0,0.4,0.4638338333,1.6799075085,4.460268237962112,1.1524503412,0.3705251676000001,4.6359395184,3.9625778432
205,205,205.0,205.0,205.0,205.0,205.0,205.0,205.0,205.0,205.0,5.0,0.5,0.6452735374,1.9444946282,18.73768337515991,1.5229755088,1.0167488347,4.2654143508,3.9625778432
206,206,206.0,206.0,206.0,206.0,206.0,206.0,206.0,206.0,206.0,6.0,0.6,0.9209586599,3.5425778432,-13.40156931916757,2.5397243435,0.9681159843999998,3.2486655160999995,3.9625778432
207,207,207.0,207.0,207.0,207.0,207.0,207.0,207.0,207.0,207.0,7.0,0.7,1.1932505534,1.9301290177,6.528417783084535,3.5078403279,0.6549297939000005,2.2805495317,3.9625778432
208,208,208.0,208.0,208.0,208.0,208.0,208.0,208.0,208.0,208.0,8.0,0.8,1.408507149,2.3677142005,-6.569928290140821,4.1627701218,0.6312160799999997,1.6256197377999992,3.9625778432
209,209,209.0,209.0,209.0,209.0,209.0,209.0,209.0,209.0,209.0,9.0,0.9,1.6020437565,1.5171847639,17.655732919721856,4.7939862018,0.9944036577999996,0.9944036577999996,3.9625778432
210,210,210.0,210.0,210.0,210.0,210.0,210.0,210.0,210.0,210.0,0.0,0.0,0.0,-1.0,3.797777688823541,0.0,0.068144683,8.021696218700002,-2.5
211,211,211.0,211.0,211.0,211.0,211.0,211.0,211.0,211.0,211.0,1.0,0.1,-0.0767911466,-0.5434310845,-9.664248884573803,0.068144683,0.1514214018,7.953551535700002,-1.3234310845
212,212,212.0,212.0,212.0,212.0,212.0,212.0,212.0,212.0,212.0,2.0,0.2,-0.1752554617,-1.4113916579,3.0718456925641178,0.2195660848,0.1547324201,7.802130133900001,-1.6313916579
213,213,213.0,213.0,213.0,213.0,213.0,213.0,213.0,213.0,213.0,3.0,0.3,-0.2947074267,-0.9847551236,3.161783655553186,0.3742985049,0.0792110187999999,7.647397713800001,-0.8047551236
214,214,214.0,214.0,214.0,214.0,214.0,214.0,214.0,214.0,214.0,4.0,0.4,-0.3731244843,-0.5901597004,-6.661858181303355,0.4535095237,0.1201765749,7.568186695000001,-0.1701597003999999
215,215,215.0,215.0,215.0,215.0,215.0,215.0,215.0,215.0,215.0,5.0,0.5,-0.4615117992,-1.1679582037,-5.520554069426794,0.5736860986,0.2346269235,7.448010120100001,-0.6679582037
216,216,216.0,216.0,216.0,216.0,216.0,216.0,216.0,216.0,216.0,6.0,0.6,-0.5993629501,-1.5821624597,-7.254196937119746,0.8083130221,0.4209937010999999,7.213383196600001,-1.1621624596999998
217,217,217.0,217.0,217.0,217.0,217.0,217.0,217.0,217.0,217.0,7.0,0.7,-0.7850172043,-2.1219278993,-18.07412057873065,1.2293067232,1.1046305722000005,6.792389495500001,-1.9419278993
218,218,218.0,218.0,218.0,218.0,218.0,218.0,218.0,218.0,218.0,8.0,0.8,-1.0743774042,-3.6399797572,-19.551753457419625,2.3339372954,2.3208238549999995,5.6877589233000005,-3.8599797572
219,219,219.0,219.0,219.0,219.0,219.0,219.0,219.0,219.0,219.0,9.0,0.9,-1.5153472907,-5.1541852164,-11.42121700128596,4.6547611504,3.366935068300001,3.366935068300001,-5.9341852164
220,220,220.0,220.0,220.0,220.0,220.0,220.0,220.0,220.0,220.0,0.0,0.0,0.0,-1.0,6.008867382077774,0.0,0.0656314659,5.4101929695,-2.5
221,221,221.0,221.0,221.0,221.0,221.0,221.0,221.0,221.0,221.0,1.0,0.1,-0.066095177,-0.3330180848,-9.645454518671915,0.0656314659,0.1154589465,5.3445615036,-1.1130180848000002
222,222,222.0,222.0,222.0,222.0,222.0,222.0,222.0,222.0,222.0,2.0,0.2,-0.1444451168,-1.2192135969,-11.978628869532017,0.1810904124,0.3883542072,5.229102557099999,-1.4392135969
223,223,223.0,223.0,223.0,223.0,223.0,223.0,223.0,223.0,223.0,3.0,0.3,-0.3184142628,-2.2431073379,6.481458942421206,0.5694446196,0.3759900301,4.840748349899999,-2.0631073379
224,224,224.0,224.0,224.0,224.0,224.0,224.0,224.0,224.0,224.0,4.0,0.4,-0.5005206246,-1.4128550817,-15.64546551948737,0.9454346497,0.6149313808,4.4647583198,-0.9928550817
225,225,225.0,225.0,225.0,225.0,225.0,225.0,225.0,225.0,225.0,5.0,0.5,-0.7106552041,-2.7672670543,14.62540814799705,1.5603660305,0.5683625331000002,3.849826939,-2.2672670543
226,226,226.0,226.0,226.0,226.0,226.0,226.0,226.0,226.0,226.0,6.0,0.6,-0.9032462991,-1.1121351444,-7.920751651987601,2.1287285636,0.3369061216999998,3.2814644058999995,-0.6921351444
227,227,227.0,227.0,227.0,227.0,227.0,227.0,227.0,227.0,227.0,7.0,0.7,-1.047395961,-1.7600606478,-18.78053315495874,2.4656346853,1.0014484699,2.9445582842,-1.5800606478
228,228,228.0,228.0,228.0,228.0,228.0,228.0,228.0,228.0,228.0,8.0,0.8,-1.3057371704,-3.3797727538,4.244093087259433,3.4670831552,1.1345783494,1.9431098143,-3.5997727538000004
229,229,229.0,229.0,229.0,229.0,229.0,229.0,229.0,229.0,229.0,9.0,0.9,-1.6068345624,-2.6542660531,6.923647882042118,4.6016615046,0.8085314648999997,0.8085314648999997,-3.4342660531000004
230,230,230.0,230.0,230.0,230.0,230.0,230.0,230.0,230.0,230.0,0.0,0.0,0.0,-1.0,-2.794619066846625,0.0,0.1226427642,7.7620963536,3.9133418278
231,231,231.0,231.0,231.0,231.0,231.0,231.0,231.0,231.0,231.0,1.0,0.1,-0.1086813555,-1.1707805512,0.0553498478867737,0.1226427642,0.126483825,7.6394535894,3.9133418278
232,232,232.0,232.0,232.0,232.0,232.0,232.0,232.0,232.0,232.0,2.0,0.2,-0.2198281026,-1.0540988193,17.90810949194445,0.2491265892,0.1952013735999999,7.5129697644,3.9133418278
233,233,233.0,233.0,233.0,233.0,233.0,233.0,233.0,233.0,233.0,3.0,0.3,-0.2335098616,0.7503938889,13.434911096936029,0.4443279628,0.2916723871,7.3177683908,3.9133418278
234,234,234.0,234.0,234.0,234.0,234.0,234.0,234.0,234.0,234.0,4.0,0.4,-0.0971102436,1.9574853806,6.467751910288779,0.7360003499,0.496205747,7.0260960037,3.9133418278
235,235,235.0,235.0,235.0,235.0,235.0,235.0,235.0,235.0,235.0,5.0,0.5,0.1204561791,2.3866941489,14.0157153411635,1.2322060969,0.9856444785,6.5298902567,3.9133418278
236,236,236.0,236.0,236.0,236.0,236.0,236.0,236.0,236.0,236.0,6.0,0.6,0.4153800343,3.4933418278,2.7822967522296693,2.2178505754,1.236023974,5.5442457782,3.9133418278
237,237,237.0,237.0,237.0,237.0,237.0,237.0,237.0,237.0,237.0,7.0,0.7,0.7612747854,3.425676752,3.879754637641465,3.4538745494,1.2842629034000002,4.3082218042,3.9133418278
238,238,238.0,238.0,238.0,238.0,238.0,238.0,238.0,238.0,238.0,8.0,0.8,1.1060389999,3.4688880013,3.2626962016565244,4.7381374528,1.3663619086,3.0239589007999994,3.9133418278
239,239,239.0,239.0,239.0,239.0,239.0,239.0,239.0,239.0,239.0,9.0,0.9,1.4519304311,3.4492661902,8.22663161510993,6.1044993614,1.6575969921999991,1.6575969921999991,3.9133418278
240,240,240.0,240.0,240.0,240.0,240.0,240.0,240.0,240.0,240.0,0.0,0.0,0.0,-1.0,-4.809993175843875,0.0,0.1533541222,8.0804170598,-2.5
241,241,241.0,241.0,241.0,241.0,241.0,241.0,241.0,241.0,241.0,1.0,0.1,-0.1184305345,-1.3625687831,-0.1600601568771331,0.1533541222,0.1738179888,7.9270629376,-2.1425687831
242,242,242.0,242.0,242.0,242.0,242.0,242.0,242.0,242.0,242.0,2.0,0.2,-0.2488704856,-1.2481348477,0.8470183158356335,0.327172111,0.1417912283,7.7532449488,-1.4681348477
243,243,243.0,243.0,243.0,243.0,243.0,243.0,243.0,243.0,243.0,3.0,0.3,-0.3635490881,-1.0487544136,-15.777211257099882,0.4689633393,0.4706384013,7.6114537205,-0.8687544136
244,244,244.0,244.0,244.0,244.0,244.0,244.0,244.0,244.0,244.0,4.0,0.4,-0.5396722278,-2.4503523996,-4.034648750690586,0.9396017406,0.6916224213000001,7.1408153192,-2.0303523996
245,245,245.0,245.0,245.0,245.0,245.0,245.0,245.0,245.0,245.0,5.0,0.5,-0.7923715242,-2.6011179783,13.92161302977776,1.6312241619,0.5226486207000001,6.4491928979,-2.1011179783
246,246,246.0,246.0,246.0,246.0,246.0,246.0,246.0,246.0,246.0,6.0,0.6,-0.9725560354,-1.0287721641,-16.262694237426185,2.1538727826,0.5717760773,5.9265442772,-0.6087721641
247,247,247.0,247.0,247.0,247.0,247.0,247.0,247.0,247.0,247.0,7.0,0.7,-1.1491259793,-2.4784716439,-11.992209146008266,2.7256488599,1.1090735858,5.3547681999,-2.2984716439
248,248,248.0,248.0,248.0,248.0,248.0,248.0,248.0,248.0,248.0,8.0,0.8,-1.4429950779,-3.3838234599,-14.209393050600628,3.8347224457,1.9035462704,4.2456946141,-3.6038234599
249,249,249.0,249.0,249.0,249.0,249.0,249.0,249.0,249.0,249.0,9.0,0.9,-1.8337452453,-4.4140125976,-3.572881928820326,5.7382687161,2.3421483437,2.3421483437,-5.1940125976
250,250,250.0,250.0,250.0,250.0,250.0,250.0,250.0,250.0,250.0,0.0,0.0,0.0,-1.0,5.84642656356861,0.0,0.065546494,3.2193180632,-2.5
251,251,251.0,251.0,251.0,251.0,251.0,251.0,251.0,251.0,251.0,1.0,0.1,-0.0668809707,-0.348476373,3.764811060901433,0.065546494,0.0112030035,3.1537715692,-1.1284763730000005
252,252,252.0,252.0,252.0,252.0,252.0,252.0,252.0,252.0,252.0,2.0,0.2,-0.0818309171,0.0429546796,-3.525349250038396,0.0767494975,0.0095883472999999,3.1425685657,-0.1770453203999999
253,253,253.0,253.0,253.0,253.0,253.0,253.0,253.0,253.0,253.0,3.0,0.3,-0.0947968116,-0.2966143509,-7.574102940704988,0.0863378448,0.0762663067,3.1329802184,-0.1166143509
254,254,254.0,254.0,254.0,254.0,254.0,254.0,254.0,254.0,254.0,4.0,0.4,-0.1596624958,-0.9891589608,-6.026907518529692,0.1626041515,0.1769196249,3.0567139117,-0.5691589608
255,255,255.0,255.0,255.0,255.0,255.0,255.0,255.0,255.0,255.0,5.0,0.5,-0.2829480885,-1.4685641199,-19.35574914761276,0.3395237764,0.7714636709000001,2.8797942868,-0.9685641199
256,256,256.0,256.0,256.0,256.0,256.0,256.0,256.0,256.0,256.0,6.0,0.6,-0.5163322826,-3.1707548407,-0.3708550632660916,1.1109874473,0.9676712869999996,2.1083306159,-2.7507548407
257,257,257.0,257.0,257.0,257.0,257.0,257.0,257.0,257.0,257.0,7.0,0.7,-0.8198634618,-2.9043091678,18.05002409646973,2.0786587343,0.6404766393000001,1.1406593289,-2.7243091678
258,258,258.0,258.0,258.0,258.0,258.0,258.0,258.0,258.0,258.0,8.0,0.8,-1.0089295984,-0.9102406215,-5.101828374174872,2.7191353736,0.2509469722999999,0.5001826895999999,-1.1302406215
259,259,259.0,259.0,259.0,259.0,259.0,259.0,259.0,259.0,259.0,9.0,0.9,-1.1202301711,-1.3091228863,7.713816881804206,2.9700823459,0.2492357172999999,0.2492357172999999,-2.0891228863
260,260,260.0,260.0,260.0,260.0,260.0,260.0,260.0,260.0,260.0,0.0,0.0,0.0,-1.0,-18.20586498802144,0.0,0.5246961625,5.1661270083,2.4015957474
261,261,261.0,261.0,261.0,261.0,261.0,261.0,261.0,261.0,261.0,1.0,0.1,-0.1832319617,-2.6373545371,6.498174775963573,0.5246961625,0.518818585,4.6414308458,2.4015957474
262,262,262.0,262.0,262.0,262.0,262.0,262.0,262.0,262.0,262.0,2.0,0.2,-0.4027750492,-1.767993972,-0.9337376845845072,1.0435147475,0.3232044541000001,4.1226122608,2.4015957474
263,263,263.0,263.0,263.0,263.0,263.0,263.0,263.0,263.0,263.0,3.0,0.3,-0.5755389519,-1.6886038377,-11.078409692995676,1.3667192016,0.5731670163,3.799407806700001,2.4015957474
264,264,264.0,264.0,264.0,264.0,264.0,264.0,264.0,264.0,264.0,4.0,0.4,-0.7898217493,-2.5821620096,5.880531486391174,1.9398862179,0.5771259185,3.2262407904000003,2.4015957474
265,265,265.0,265.0,265.0,265.0,265.0,265.0,265.0,265.0,265.0,5.0,0.5,-1.0071005396,-1.7768300707,11.576254057535994,2.5170121364,0.3238526653,2.6491148719,2.4015957474
266,266,266.0,266.0,266.0,266.0,266.0,266.0,266.0,266.0,266.0,6.0,0.6,-1.1201890956,-0.506116109,18.375497391358586,2.8408648017,0.3366106312000001,2.3252622066,2.4015957474
267,267,267.0,267.0,267.0,267.0,267.0,267.0,267.0,267.0,267.0,7.0,0.7,-1.0794624688,1.2907070033,15.276124786565733,3.1774754329,0.6172188108999999,1.9886515754,2.4015957474
268,268,268.0,268.0,268.0,268.0,268.0,268.0,268.0,268.0,268.0,8.0,0.8,-0.8827387342,2.6215957474,4.777527376438847,3.7946942438,0.8114069996000004,1.3714327645000002,2.4015957474
269,269,269.0,269.0,269.0,269.0,269.0,269.0,269.0,269.0,269.0,9.0,0.9,-0.6101510091,2.8267607599,-11.71848450227702,4.6061012434,0.5600257648999998,0.5600257648999998,2.4015957474
270,270,270.0,270.0,270.0,270.0,270.0,270.0,270.0,270.0,270.0,0.0,0.0,0.0,-1.0,-13.651935731900997,0.0,0.3658458863,7.4203173207,-2.5
271,271,271.0,271.0,271.0,271.0,271.0,271.0,271.0,271.0,271.0,1.0,0.1,-0.1612027033,-2.2039908699,3.128651339689629,0.3658458863,0.3929609323,7.0544714344,-2.9839908699000004
272,272,272.0,272.0,272.0,272.0,272.0,272.0,272.0,272.0,272.0,2.0,0.2,-0.3558055682,-1.696522871,-15.275700010195798,0.7588068186,0.7063120552000001,6.6615105021,-1.916522871
273,273,273.0,273.0,273.0,273.0,273.0,273.0,273.0,273.0,273.0,3.0,0.3,-0.591146004,-2.9887524362,-10.44205252556794,1.4651188738,1.2380895837,5.9551984469,-2.8087524362
274,274,274.0,274.0,274.0,274.0,274.0,274.0,274.0,274.0,274.0,4.0,0.4,-0.9260754892,-3.6980282036,14.702753377554115,2.7032084575,1.0395932976999998,4.7171088632,-3.2780282036
275,275,275.0,275.0,275.0,275.0,275.0,275.0,275.0,275.0,275.0,5.0,0.5,-1.2068660699,-1.9469622852,-15.379438657699303,3.7428017552,0.9825918083,3.6775155655,-1.4469622852
276,276,276.0,276.0,276.0,276.0,276.0,276.0,276.0,276.0,276.0,6.0,0.6,-1.46654083,-3.2252313908,8.331672635540475,4.7253935635,1.0151303340000002,2.6949237572,-2.8052313908
277,277,277.0,277.0,277.0,277.0,277.0,277.0,277.0,277.0,277.0,7.0,0.7,-1.7331586845,-2.1254462728,7.315002721898107,5.7405238975,0.6449092649999999,1.6797934231999996,-1.9454462728
278,278,278.0,278.0,278.0,278.0,278.0,278.0,278.0,278.0,278.0,8.0,0.8,-1.9000358234,-1.2270688616,17.099132947818646,6.3854331625,0.5562433349999996,1.0348841581999997,-1.4470688616000005
279,279,279.0,279.0,279.0,279.0,279.0,279.0,279.0,279.0,279.0,9.0,0.9,-1.9340911978,0.5168998075,-13.341800425935997,6.9416764975,0.4786408232000001,0.4786408232000001,-0.2631001925000003
280,280,280.0,280.0,280.0,280.0,280.0,280.0,280.0,280.0,280.0,0.0,0.0,0.0,-1.0,-1.3437890446873126,0.0,0.1046073856,2.7650843715,-2.5
281,281,281.0,281.0,281.0,281.0,281.0,281.0,281.0,281.0,281.0,1.0,0.1,-0.1016630614,-1.0327158431,5.019286722439517,0.1046073856,0.0722177525,2.6604769859,-1.8127158431000003
282,282,282.0,282.0,282.0,282.0,282.0,282.0,282.0,282.0,282.0,2.0,0.2,-0.1756585812,-0.4567916511,-0.1460061567092907,0.1768251381,0.0234692787,2.5882592334,-0.6767916511
283,283,283.0,283.0,283.0,283.0,283.0,283.0,283.0,283.0,283.0,3.0,0.3,-0.219834348,-0.4272164998,-11.20537611075681,0.2002944168,0.1683001674,2.5647899547,-0.2472164998
284,284,284.0,284.0,284.0,284.0,284.0,284.0,284.0,284.0,284.0,4.0,0.4,-0.3146944543,-1.4528940047,-13.970457063456664,0.3685945842,0.5500965484,2.3964897873,-1.0328940047
285,285,285.0,285.0,285.0,285.0,285.0,285.0,285.0,285.0,285.0,5.0,0.5,-0.52053653,-2.6440976353,4.373568303299251,0.9186911326,0.5859821976999999,1.8463932389,-2.1440976353
286,286,286.0,286.0,286.0,286.0,286.0,286.0,286.0,286.0,286.0,6.0,0.6,-0.7509989074,-1.9762784276,-4.118654455829631,1.5046733303,0.5146100786999999,1.2604110412,-1.5562784276
287,287,287.0,287.0,287.0,287.0,287.0,287.0,287.0,287.0,287.0,7.0,0.7,-0.9589894014,-2.1801533792,17.840430942034345,2.019283409,0.4435396200000001,0.7458009625000002,-2.0001533792
288,288,288.0,288.0,288.0,288.0,288.0,288.0,288.0,288.0,288.0,8.0,0.8,-1.0801568181,-0.2749428682,2.870695506914452,2.462823029,0.1249250923000002,0.3022613425,-0.4949428682000002
289,289,289.0,289.0,289.0,289.0,289.0,289.0,289.0,289.0,289.0,9.0,0.9,-1.0924348485,0.0244047129,8.559760291203688,2.5877481213,0.1773362501999997,0.1773362501999997,-0.7555952871000002
290,290,290.0,290.0,290.0,290.0,290.0,290.0,290.0,290.0,290.0,0.0,0.0,0.0,-1.0,14.454079175774538,0.0,0.1289225112,3.0519651987,2.6876487236
291,291,291.0,291.0,291.0,291.0,291.0,291.0,291.0,291.0,291.0,1.0,0.1,-0.025242159,0.4706500766,14.127262345979233,0.1289225112,0.2419924982,2.9230426875,2.6876487236
292,292,292.0,292.0,292.0,292.0,292.0,292.0,292.0,292.0,292.0,2.0,0.2,0.0878855848,1.7702485674,9.519094198880827,0.3709150094,0.5139359403,2.6810501893,2.6876487236
293,293,293.0,293.0,293.0,293.0,293.0,293.0,293.0,293.0,293.0,3.0,0.3,0.3023948485,2.5076487236,-9.169557888802393,0.8848509497,0.4467923991999999,2.167114249,2.6876487236
294,294,294.0,294.0,294.0,294.0,294.0,294.0,294.0,294.0,294.0,4.0,0.4,0.4966721908,1.3964155924,-13.78809201381738,1.3316433489,0.1856552604000001,1.7203218498,2.6876487236
295,295,295.0,295.0,295.0,295.0,295.0,295.0,295.0,295.0,295.0,5.0,0.5,0.5628599382,-0.0485813564,4.865141299529782,1.5172986093,0.0495449611,1.5346665894,2.6876487236
296,296,296.0,296.0,296.0,296.0,296.0,296.0,296.0,296.0,296.0,6.0,0.6,0.5817715125,0.4190211993,-5.91669085966954,1.5668435704,0.0569031345999999,1.4851216283,2.6876487236
297,297,297.0,297.0,297.0,297.0,297.0,297.0,297.0,297.0,297.0,7.0,0.7,0.5930256226,-0.1839019968,11.225507333445734,1.623746705,0.1226748354,1.4282184937,2.6876487236
298,298,298.0,298.0,298.0,298.0,298.0,298.0,298.0,298.0,298.0,8.0,0.8,0.6298273796,0.9018469795,19.61465873336644,1.7464215404,0.5953640648,1.3055436583,2.6876487236
299,299,299.0,299.0,299.0,299.0,299.0,299.0,299.0,299.0,299.0,9.0,0.9,0.8105337585,2.6826064739,-1.3169627438054263,2.3417856052,0.7101795934999999,0.7101795934999999,2.6876487236
300,300,300.0,300.0,300.0,300.0,300.0,300.0,300.0,300.0,300.0,0.0,0.0,0.0,-1.0,-7.554973626144372,0.0,0.2057670934,6.5625976375,-2.5
301,301,301.0,301.0,301.0,301.0,301.0,301.0,301.0,301.0,301.0,1.0,0.1,-0.1317091483,-1.6237882144,15.50272952444005,0.2057670934,0.2090314299,6.356830544099999,-2.4037882144000005
302,302,302.0,302.0,302.0,302.0,302.0,302.0,302.0,302.0,302.0,2.0,0.2,-0.2112398461,0.0060154359,-17.292900014699526,0.4147985233,0.2469031150999999,6.1477991142,-0.2139845641
303,303,303.0,303.0,303.0,303.0,303.0,303.0,303.0,303.0,303.0,3.0,0.3,-0.2943203807,-1.6401940309,2.8897838353627883,0.6617016384,0.2214463061,5.900895999099999,-1.4601940309
304,304,304.0,304.0,304.0,304.0,304.0,304.0,304.0,304.0,304.0,4.0,0.4,-0.4364263782,-1.2091096499,-11.486570125716252,0.8831479445,0.3916988279999999,5.679449693,-0.7891096499
305,305,305.0,305.0,305.0,305.0,305.0,305.0,305.0,305.0,305.0,5.0,0.5,-0.6070537143,-2.1871393263,-10.516368712133954,1.2748467725,0.7852149745999999,5.287750865,-1.6871393263
306,306,306.0,306.0,306.0,306.0,306.0,306.0,306.0,306.0,306.0,6.0,0.6,-0.8660596259,-2.979770286,2.7256296329597696,2.0600617471,0.8389761427000004,4.5025358904,-2.559770286
307,307,307.0,307.0,307.0,307.0,307.0,307.0,307.0,307.0,307.0,7.0,0.7,-1.1364372269,-2.4368297217,-14.506125934464595,2.8990378898,1.1927149797999994,3.6635597477,-2.2568297217
308,308,308.0,308.0,308.0,308.0,308.0,308.0,308.0,308.0,308.0,8.0,0.8,-1.4385044311,-3.585375111,1.057870616319498,4.0917528696,1.3918774615,2.4708447679,-3.805375111
309,309,309.0,309.0,309.0,309.0,309.0,309.0,309.0,309.0,309.0,9.0,0.9,-1.7745805761,-3.1435119043,8.475390210902056,5.4836303311,1.0789673064,1.0789673064,-3.9235119043
310,310,310.0,310.0,310.0,310.0,310.0,310.0,310.0,310.0,310.0,0.0,0.0,0.0,-1.0,-16.056908018227123,0.0,0.4455502453,10.2322909669,-2.5
311,311,311.0,311.0,311.0,311.0,311.0,311.0,311.0,311.0,311.0,1.0,0.1,-0.1728365593,-2.4328542425,5.800920478380913,0.4455502453,0.4441272981999999,9.7867407216,-3.2128542425
312,312,312.0,312.0,312.0,312.0,312.0,312.0,312.0,312.0,312.0,2.0,0.2,-0.3762917808,-1.6493069732,-11.548021338127104,0.8896775435,0.5499008537000001,9.3426134234,-1.8693069732
313,313,313.0,313.0,313.0,313.0,313.0,313.0,313.0,313.0,313.0,3.0,0.3,-0.5891066842,-2.5912942036,-16.971786191629814,1.4395783972,1.2959888146999998,8.7927125697,-2.4112942036
314,314,314.0,314.0,314.0,314.0,314.0,314.0,314.0,314.0,314.0,4.0,0.4,-0.9178005401,-3.9597789669,14.89880392267692,2.7355672119,1.1850794700000002,7.496723755000001,-3.5397789669
315,315,315.0,315.0,315.0,315.0,315.0,315.0,315.0,315.0,315.0,5.0,0.5,-1.222551608,-2.1651475067,-14.20584373666431,3.9206466819,1.0497577962999998,6.311644285000001,-1.6651475067
316,316,316.0,316.0,316.0,316.0,316.0,316.0,316.0,316.0,316.0,6.0,0.6,-1.4973122905,-3.3109711979,-3.234213996502312,4.9704044782,1.3764248815000002,5.261886488700001,-2.8909711979
317,317,317.0,317.0,317.0,317.0,317.0,317.0,317.0,317.0,317.0,7.0,0.7,-1.82803816,-3.303666728,3.4180613899902177,6.3468293597,1.2900873051,3.8854616072000008,-3.123666728
318,318,318.0,318.0,318.0,318.0,318.0,318.0,318.0,318.0,318.0,8.0,0.8,-2.1258891759,-2.6640095732,-1.2915656185451,7.6369166648,1.185646360699999,2.5953743021000006,-2.8840095732
319,319,319.0,319.0,319.0,319.0,319.0,319.0,319.0,319.0,319.0,9.0,0.9,-2.3856513763,-2.5334039345,-6.77945068118607,8.8225630255,1.4097279414000017,1.4097279414000017,-3.3134039345
320,320,320.0,320.0,320.0,320.0,320.0,320.0,320.0,320.0,320.0,0.0,0.0,0.0,-1.0,-13.244948724916783,0.0,0.3532846345,6.2015836675,0.4178423837000001
321,321,321.0,321.0,321.0,321.0,321.0,321.0,321.0,321.0,321.0,1.0,0.1,-0.1592339371,-2.1652609354,-12.692690553980114,0.3532846345,0.8129168471999999,5.848299033,0.4178423837000001
322,322,322.0,322.0,322.0,322.0,322.0,322.0,322.0,322.0,322.0,2.0,0.2,-0.4266856015,-3.1670783264,5.360967782425004,1.1662014817,0.8118694057,5.0353821858,0.4178423837000001
323,323,323.0,323.0,323.0,323.0,323.0,323.0,323.0,323.0,323.0,3.0,0.3,-0.7021399127,-2.355527237,-15.93913895821114,1.9780708874,1.1201958481000005,4.2235127801,0.4178423837000001
324,324,324.0,324.0,324.0,324.0,324.0,324.0,324.0,324.0,324.0,4.0,0.4,-1.0034022271,-3.6481788184,11.372627341380252,3.0982667355,1.0708468049999995,3.103316932,0.4178423837000001
325,325,325.0,325.0,325.0,325.0,325.0,325.0,325.0,325.0,325.0,5.0,0.5,-1.2955583605,-2.2187599508,9.612252550210336,4.1691135405,0.5205077693,2.032470127,0.4178423837000001
326,326,326.0,326.0,326.0,326.0,326.0,326.0,326.0,326.0,326.0,6.0,0.6,-1.4602027993,-1.092890257,12.890890557981749,4.6896213098,0.3378334962,1.5119623577,0.4178423837000001
327,327,327.0,327.0,327.0,327.0,327.0,327.0,327.0,327.0,327.0,7.0,0.7,-1.5018463842,0.2378423837,-14.557360035066193,5.027454806,0.3745526085000001,1.1741288614999998,0.4178423837000001
328,328,328.0,328.0,328.0,328.0,328.0,328.0,328.0,328.0,328.0,8.0,0.8,-1.549632708,-1.170107296,15.909242069430093,5.4020074145,0.4101547432999997,0.7995762529999997,0.4178423837000001
329,329,329.0,329.0,329.0,329.0,329.0,329.0,329.0,329.0,329.0,9.0,0.9,-1.5840234689,0.4552076718,10.469043175660168,5.8121621578,0.3894215097,0.3894215097,0.4178423837000001
330,330,330.0,330.0,330.0,330.0,330.0,330.0,330.0,330.0,330.0,0.0,0.0,0.0,-1.0,-9.064220676538095,0.0,0.2397851351,7.1057777829,-2.5
331,331,331.0,331.0,331.0,331.0,331.0,331.0,331.0,331.0,331.0,1.0,0.1,-0.1390100068,-1.7674120608,10.556920951337895,0.2397851351,0.208778777,6.8659926478,-2.5474120608
332,332,332.0,332.0,332.0,332.0,332.0,332.0,332.0,332.0,332.0,2.0,0.2,-0.2561332646,-0.5945967079,-18.136145701789697,0.4485639121,0.4060093225,6.6572138708,-0.8145967078999999
333,333,333.0,333.0,333.0,333.0,333.0,333.0,333.0,333.0,333.0,3.0,0.3,-0.4004487314,-2.2638958113,-5.101766844894238,0.8545732346,0.6175263543999999,6.2512045483,-2.0838958113
334,334,334.0,334.0,334.0,334.0,334.0,334.0,334.0,334.0,334.0,4.0,0.4,-0.6405663163,-2.5339549109,-2.3692172907100613,1.472099589,0.7002301375000002,5.6336781939,-2.1139549109
335,335,335.0,335.0,335.0,335.0,335.0,335.0,335.0,335.0,335.0,5.0,0.5,-0.8931649092,-2.5182780471,-11.568198675112049,2.1723297265,1.0545219373999997,4.9334480564,-2.0182780471
336,336,336.0,336.0,336.0,336.0,336.0,336.0,336.0,336.0,336.0,6.0,0.6,-1.1887709735,-3.3794918502,0.1302786453244664,3.2268516639,1.2148186266000005,3.878926119,-2.9594918502
337,337,337.0,337.0,337.0,337.0,337.0,337.0,337.0,337.0,337.0,7.0,0.7,-1.509741898,-3.0454930612,8.94170994630748,4.4416702905,0.9290545647999996,2.6641074923999994,-2.8654930612
338,338,338.0,338.0,338.0,338.0,338.0,338.0,338.0,338.0,338.0,8.0,0.8,-1.7563043637,-1.9047596009,-8.51403466133342,5.3707248553,0.8815926316000002,1.7350529276,-2.1247596009
339,339,339.0,339.0,339.0,339.0,339.0,339.0,339.0,339.0,339.0,9.0,0.9,-1.9787522253,-2.5337152054,12.952060709778776,6.2523174869,0.8534602959999997,0.8534602959999997,-3.3137152054000003
340,340,340.0,340.0,340.0,340.0,340.0,340.0,340.0,340.0,340.0,0.0,0.0,0.0,-1.0,-16.631797622281645,0.0,0.4659905258,9.6239301592,-2.5
341,341,341.0,341.0,341.0,341.0,341.0,341.0,341.0,341.0,341.0,1.0,0.1,-0.1756175401,-2.4875622221,11.413189290741546,0.4659905258,0.4171518347999999,9.1579396334,-3.2675622221000005
342,342,342.0,342.0,342.0,342.0,342.0,342.0,342.0,342.0,342.0,2.0,0.2,-0.3571300811,-1.1647307521,-19.718440864584483,0.8831423606,0.6658813045,8.7407877986,-1.3847307521
343,343,343.0,343.0,343.0,343.0,343.0,343.0,343.0,343.0,343.0,3.0,0.3,-0.5633552027,-2.9303497169,-7.210568311477647,1.5490236651,1.0639142918000002,8.0749064941,-2.7503497169
344,344,344.0,344.0,344.0,344.0,344.0,344.0,344.0,344.0,344.0,4.0,0.4,-0.8770953634,-3.3376663874,3.638964641764794,2.6129379569,1.0177814130999998,7.010992202300001,-2.9176663874
345,345,345.0,345.0,345.0,345.0,345.0,345.0,345.0,345.0,345.0,5.0,0.5,-1.1771130975,-2.6737521891,-14.719301491360168,3.63071937,1.3575966862000004,5.993210789200001,-2.1737521891
346,346,346.0,346.0,346.0,346.0,346.0,346.0,346.0,346.0,346.0,6.0,0.6,-1.5027576831,-3.8200377527,15.365626304873338,4.9883160562,1.2592841126999996,4.635614103,-3.4000377527
347,347,347.0,347.0,347.0,347.0,347.0,347.0,347.0,347.0,347.0,7.0,0.7,-1.7919525865,-1.9942802187,6.048367743243801,6.2476001689,0.6339626168999999,3.3763299903000004,-1.8142802187
348,348,348.0,348.0,348.0,348.0,348.0,348.0,348.0,348.0,348.0,8.0,0.8,-1.952474874,-1.2289211569,-19.204384884020094,6.8815627858,1.0669540940999998,2.7423673734000005,-1.4489211569000002
349,349,349.0,349.0,349.0,349.0,349.0,349.0,349.0,349.0,349.0,9.0,0.9,-2.1623218385,-2.9395126808,-10.128512782658431,7.9485168799,1.6754132793000007,1.6754132793000007,-3.7195126808
350,350,350.0,350.0,350.0,350.0,350.0,350.0,350.0,350.0,350.0,0.0,0.0,0.0,-1.0,10.734668276577048,0.0,0.0868116399,1.5726713059,2.3634886588
351,351,351.0,351.0,351.0,351.0,351.0,351.0,351.0,351.0,351.0,1.0,0.1,-0.0432345037,0.1167013314,18.06764439613002,0.0868116399,0.2846607347,1.485859666,2.3634886588
352,352,352.0,352.0,352.0,352.0,352.0,352.0,352.0,352.0,352.0,2.0,0.2,0.0552718462,1.8249594211,-12.714888657727466,0.3714723746,0.2242031651,1.2011989313,2.3634886588
353,353,353.0,353.0,353.0,353.0,353.0,353.0,353.0,353.0,353.0,3.0,0.3,0.1674324723,0.4413099292,5.7311207170014455,0.5956755397,0.0711076851999999,0.9769957662,2.3634886588
354,354,354.0,354.0,354.0,354.0,354.0,354.0,354.0,354.0,354.0,4.0,0.4,0.2371524753,0.9447019979,10.599617226260351,0.6667832249,0.2716860846,0.905888081,2.3634886588
355,355,355.0,355.0,355.0,355.0,355.0,355.0,355.0,355.0,355.0,5.0,0.5,0.3783275371,1.8634886588,-11.09186461977794,0.9384693095,0.2475603330000001,0.6342019964,2.3634886588
356,356,356.0,356.0,356.0,356.0,356.0,356.0,356.0,356.0,356.0,6.0,0.6,0.5020059546,0.6306237792,-6.342302518883054,1.1860296425,0.0596637233999999,0.3866416633999998,2.3634886588
357,357,357.0,357.0,357.0,357.0,357.0,357.0,357.0,357.0,357.0,7.0,0.7,0.5313375095,-0.0329380276,-9.70602968055129,1.2456933659,0.1056871352999999,0.3269779399999999,2.3634886588
358,358,358.0,358.0,358.0,358.0,358.0,358.0,358.0,358.0,358.0,8.0,0.8,0.4812509419,-0.953454428,-1.673205380600958,1.3513805012,0.1178864865,0.2212908046999999,2.3634886588
359,359,359.0,359.0,359.0,359.0,359.0,359.0,359.0,359.0,359.0,9.0,0.9,0.3824238391,-1.0219478632,11.03081661662886,1.4692669877,0.1034043181999999,0.1034043181999999,2.3634886588
360,360,360.0,360.0,360.0,360.0,360.0,360.0,360.0,360.0,360.0,0.0,0.0,0.0,-1.0,-5.672311523014034,0.0,0.1685043557,14.73234822,-2.5
361,361,361.0,361.0,361.0,361.0,361.0,361.0,361.0,361.0,361.0,1.0,0.1,-0.122601929,-1.4446292233,-18.382854575167784,0.1685043557,0.7085593749,14.5638438643,-2.2246292233
362,362,362.0,362.0,362.0,362.0,362.0,362.0,362.0,362.0,362.0,2.0,0.2,-0.3490021327,-3.0565144771,9.086769304433744,0.8770637306,0.685807826,13.8552844894,-3.2765144771
363,363,363.0,363.0,363.0,363.0,363.0,363.0,363.0,363.0,363.0,3.0,0.3,-0.5959115832,-1.9009280961,-19.00027081700241,1.5628715566,0.9991024418,13.1694766634,-1.7209280961
364,364,364.0,364.0,364.0,364.0,364.0,364.0,364.0,364.0,364.0,4.0,0.4,-0.8687210502,-3.5281457109,-13.338970026351332,2.5619739984,1.8123421768,12.1703742216,-3.1081457109
365,365,365.0,365.0,365.0,365.0,365.0,365.0,365.0,365.0,365.0,5.0,0.5,-1.2689946992,-4.4617690645,-8.360720507670255,4.3743161752,2.4250342563,10.358032044800002,-3.9617690645
366,366,366.0,366.0,366.0,366.0,366.0,366.0,366.0,366.0,366.0,6.0,0.6,-1.7340323146,-4.8328034999,9.38238552693899,6.7993504315,2.160191433700001,7.932997788500001,-4.4128034999
367,367,367.0,367.0,367.0,367.0,367.0,367.0,367.0,367.0,367.0,7.0,0.7,-2.1485482215,-3.4800490403,-14.144691473855012,8.9595418652,2.2542139873,5.7728063548,-3.3000490403
368,368,368.0,368.0,368.0,368.0,368.0,368.0,368.0,368.0,368.0,8.0,0.8,-2.5481423988,-4.4949240104,14.92659659895196,11.2137558525,2.1565232364,3.5185923675,-4.714924010400001
369,369,369.0,369.0,369.0,369.0,369.0,369.0,369.0,369.0,369.0,9.0,0.9,-2.9036851969,-2.6467215523,15.624755376899614,13.3702790889,1.3620691311000002,1.3620691311000002,-3.4267215523
370,370,370.0,370.0,370.0,370.0,370.0,370.0,370.0,370.0,370.0,0.0,0.0,0.0,-1.0,-10.928984326001366,0.0,0.2869123796,9.9601756207,-2.5
371,371,371.0,371.0,371.0,371.0,371.0,371.0,371.0,371.0,371.0,1.0,0.1,-0.1480306494,-1.9448677832,-3.0493226019551614,0.2869123796,0.4104973611999999,9.6732632411,-2.724867783200001
372,372,372.0,372.0,372.0,372.0,372.0,372.0,372.0,372.0,372.0,2.0,0.2,-0.3478601911,-2.0499705016,14.011646887261811,0.6974097408,0.2978184096,9.2627658799,-2.2699705016
373,373,373.0,373.0,373.0,373.0,373.0,373.0,373.0,373.0,373.0,3.0,0.3,-0.4751604956,-0.5215055085,-17.57686671481741,0.9952281504,0.3858800675,8.9649474703,-0.3415055085
374,374,374.0,374.0,374.0,374.0,374.0,374.0,374.0,374.0,374.0,4.0,0.4,-0.6098148276,-2.144537848,-18.73767840607437,1.3811082179,1.1210185392,8.5790674028,-1.7245378480000002
375,375,375.0,375.0,375.0,375.0,375.0,375.0,375.0,375.0,375.0,5.0,0.5,-0.9045365551,-3.7235839611,-2.734603977034116,2.5021267571,1.4746625937999998,7.458048863599999,-3.2235839611
376,376,376.0,376.0,376.0,376.0,376.0,376.0,376.0,376.0,376.0,6.0,0.6,-1.2721108288,-3.629470085,-9.336322354010631,3.9767893509,1.7866484814000003,5.9833862698,-3.209470085
377,377,377.0,377.0,377.0,377.0,377.0,377.0,377.0,377.0,377.0,7.0,0.7,-1.6626627601,-4.1725503892,4.209374790178757,5.7634378323,1.7795137401999996,4.196737788399999,-3.9925503892
378,378,378.0,378.0,378.0,378.0,378.0,378.0,378.0,378.0,378.0,8.0,0.8,-2.0393708421,-3.3749048281,16.136909838298344,7.5429515725,1.2241012505000004,2.4172240482,-3.5949048281
379,379,379.0,379.0,379.0,379.0,379.0,379.0,379.0,379.0,379.0,9.0,0.9,-2.2824748408,-1.5181098456,-15.73300918327213,8.767052823,1.1931227976999992,1.1931227976999992,-2.2981098456
380,380,380.0,380.0,380.0,380.0,380.0,380.0,380.0,380.0,380.0,0.0,0.0,0.0,-1.0,-1.1114358311739494,0.0,0.1020356888,1.4186882355999997,2.3159380637
381,381,381.0,381.0,381.0,381.0,381.0,381.0,381.0,381.0,381.0,1.0,0.1,-0.100539065,-1.0106045181,7.645075084579076,0.1020356888,0.0718174821,1.3166525467999997,2.3159380637
382,382,382.0,382.0,382.0,382.0,382.0,382.0,382.0,382.0,382.0,2.0,0.2,-0.1597283811,-0.1869076936,-6.937780941396383,0.1738531709,0.0571361006,1.2448350646999995,2.3159380637
383,383,383.0,383.0,383.0,383.0,383.0,383.0,383.0,383.0,383.0,3.0,0.3,-0.2110758948,-0.829338274,8.920578087220687,0.2309892715,0.0653697123999999,1.1876989640999998,2.3159380637
384,384,384.0,384.0,384.0,384.0,384.0,384.0,384.0,384.0,384.0,4.0,0.4,-0.2468453074,0.0984889473,18.14601432640002,0.2963589839,0.2882037068,1.1223292517,2.3159380637
385,385,385.0,385.0,385.0,385.0,385.0,385.0,385.0,385.0,385.0,5.0,0.5,-0.1496929912,1.8159380637,-8.477897658638058,0.5845626907,0.2183585083,0.8341255448999999,2.3159380637
386,386,386.0,386.0,386.0,386.0,386.0,386.0,386.0,386.0,386.0,6.0,0.6,-0.0178947679,0.8363500746,-7.409895395061641,0.802921199,0.0517490480999999,0.6157670365999999,2.3159380637
387,387,387.0,387.0,387.0,387.0,387.0,387.0,387.0,387.0,387.0,7.0,0.7,0.0258497653,0.0516160019,-12.392608503694037,0.8546702471,0.1187974095,0.5640179885,2.3159380637
388,388,388.0,388.0,388.0,388.0,388.0,388.0,388.0,388.0,388.0,8.0,0.8,-0.0291865403,-1.1326085428,-5.455735425949001,0.9734676566,0.1973306083999999,0.4452205789999999,2.3159380637
389,389,389.0,389.0,389.0,389.0,389.0,389.0,389.0,389.0,389.0,9.0,0.9,-0.1633601754,-1.5440084504,19.05660981708592,1.170798265,0.2478899705999999,0.2478899705999999,2.3159380637
390,390,390.0,390.0,390.0,390.0,390.0,390.0,390.0,390.0,390.0,0.0,0.0,0.0,-1.0,-19.30340010926491,0.0,0.5680042897,8.6874670804,-2.5
391,391,391.0,391.0,391.0,391.0,391.0,391.0,391.0,391.0,391.0,1.0,0.1,-0.1885411964,-2.7417988145,1.5807523870072515,0.5680042897,0.6548007375999999,8.1194627907,-3.5217988145000003
392,392,392.0,392.0,392.0,392.0,392.0,392.0,392.0,392.0,392.0,2.0,0.2,-0.4418110891,-2.3304536831,-4.957049733416534,1.2228050273,0.6489008359000001,7.4646620531,-2.5504536831
393,393,393.0,393.0,393.0,393.0,393.0,393.0,393.0,393.0,393.0,3.0,0.3,-0.6875623637,-2.5804073819,-16.674476410177125,1.8717058632,1.2895655249999998,6.8157612172,-2.4004073819
394,394,394.0,394.0,394.0,394.0,394.0,394.0,394.0,394.0,394.0,4.0,0.4,-1.0137819857,-3.9216354009,11.301431209352618,3.1612713882,1.2372118809,5.5261956922,-3.5016354009
395,395,395.0,395.0,395.0,395.0,395.0,395.0,395.0,395.0,395.0,5.0,0.5,-1.3323052111,-2.4729690546,5.361245110768063,4.3984832691,0.6661454768000006,4.2889838113,-1.9729690546
396,396,396.0,396.0,396.0,396.0,396.0,396.0,396.0,396.0,396.0,6.0,0.6,-1.5417051171,-1.7274446374,-5.82959428824363,5.0646287459,0.6567159675999994,3.622838334499999,-1.3074446374000002
397,397,397.0,397.0,397.0,397.0,397.0,397.0,397.0,397.0,397.0,7.0,0.7,-1.734293154,-2.1178160294,0.2561540437535967,5.7213447135,0.7391985156,2.9661223669,-1.9378160294
398,398,398.0,398.0,398.0,398.0,398.0,398.0,398.0,398.0,398.0,8.0,0.8,-1.9345915004,-1.8919022786,-13.310562944503744,6.4605432291,1.1156951588000004,2.2269238513,-2.1119022786
399,399,399.0,399.0,399.0,399.0,399.0,399.0,399.0,399.0,399.0,9.0,0.9,-2.1790186053,-2.9785314681,19.495961113024293,7.5762383879,1.1112286924999992,1.1112286924999992,-3.7585314681
400,400,400.0,400.0,400.0,400.0,400.0,400.0,400.0,400.0,400.0,0.0,0.0,0.0,-1.0,-8.175841945199963,0.0,0.2193145725,7.483000853600001,-2.5
401,401,401.0,401.0,401.0,401.0,401.0,401.0,401.0,401.0,401.0,1.0,0.1,-0.1347125478,-1.6828716467,-8.48103364442132,0.2193145725,0.449779589,7.263686281100001,-2.4628716467
402,402,402.0,402.0,402.0,402.0,402.0,402.0,402.0,402.0,402.0,2.0,0.2,-0.3358852569,-2.329802302,6.693018951143742,0.6690941615,0.4064689012999999,6.813906692100001,-2.549802302
403,403,403.0,403.0,403.0,403.0,403.0,403.0,403.0,403.0,403.0,3.0,0.3,-0.5252183285,-1.4711673354,-9.862782518953388,1.0755630628,0.4441030297000001,6.4074377908,-1.2911673354000002
404,404,404.0,404.0,404.0,404.0,404.0,404.0,404.0,404.0,404.0,4.0,0.4,-0.7129288056,-2.2697351101,-17.185231010630034,1.5196660925,1.132328466,5.9633347611000005,-1.8497351101
405,405,405.0,405.0,405.0,405.0,405.0,405.0,405.0,405.0,405.0,5.0,0.5,-1.0120547854,-3.6891322314,-10.460688301037976,2.6519945585,1.8187250576,4.8310062951,-3.1891322314
406,406,406.0,406.0,406.0,406.0,406.0,406.0,406.0,406.0,406.0,6.0,0.6,-1.4137243255,-4.3335315214,18.025339851267223,4.4707196161,1.5126838446999995,3.0122812375,-3.9135315214
407,407,407.0,407.0,407.0,407.0,407.0,407.0,407.0,407.0,407.0,7.0,0.7,-1.7389184488,-2.205803413,14.5248084372261,5.9834034608,0.6537523068000004,1.4995973928000002,-2.025803413
408,408,408.0,408.0,408.0,408.0,408.0,408.0,408.0,408.0,408.0,8.0,0.8,-1.8785658041,-0.6136752139,3.134154340406951,6.6371557676,0.3868819840999995,0.8458450859999997,-0.8336752139000002
409,409,409.0,409.0,409.0,409.0,409.0,409.0,409.0,409.0,409.0,9.0,0.9,-1.9218036768,-0.2570219072,11.861289888772248,7.0240377517,0.4589631019000002,0.4589631019000002,-1.0370219072000002
410,410,410.0,410.0,410.0,410.0,410.0,410.0,410.0,410.0,410.0,0.0,0.0,0.0,-1.0,-9.112857729064824,0.0,0.2409427718,3.7625747704,0.9456652770999998
411,411,411.0,411.0,411.0,411.0,411.0,411.0,411.0,411.0,411.0,1.0,0.1,-0.1392452846,-1.7720404883,-9.749878985840542,0.2409427718,0.5242008658,3.5216319986,0.9456652770999998
412,412,412.0,412.0,412.0,412.0,412.0,412.0,412.0,412.0,412.0,2.0,0.2,-0.3550414659,-2.5312322056,-9.363367721180389,0.7651436376,0.8912684934999999,2.9974311328,0.9456652770999998
413,413,413.0,413.0,413.0,413.0,413.0,413.0,413.0,413.0,413.0,3.0,0.3,-0.6412145875,-3.1813958561,6.77961316134671,1.6564121311,0.8213063807000001,2.1061626393,0.9456652770999998
414,414,414.0,414.0,414.0,414.0,414.0,414.0,414.0,414.0,414.0,4.0,0.4,-0.9111686013,-2.2334805262,18.86045828703845,2.4777185118,0.4564359729,1.2848562586,0.9456652770999998
415,415,415.0,415.0,415.0,415.0,415.0,415.0,415.0,415.0,415.0,5.0,0.5,-1.0324764682,-0.2261268306,-0.0672430717717453,2.9341544847,0.1136740510999998,0.8284202857,0.9456652770999998
416,416,416.0,416.0,416.0,416.0,416.0,416.0,416.0,416.0,416.0,6.0,0.6,-1.0543206833,-0.2110069226,2.4657120762430687,3.0478285358,0.1167172962,0.7147462346000002,0.9456652770999998
417,417,417.0,417.0,417.0,417.0,417.0,417.0,417.0,417.0,417.0,7.0,0.7,-1.0624732904,0.0437168921,11.833523153454554,3.164545832,0.2266319999999999,0.5980289384000002,0.9456652770999998
418,418,418.0,418.0,418.0,418.0,418.0,418.0,418.0,418.0,418.0,8.0,0.8,-1.00106936,1.1656652771,-13.668417127331258,3.391177832,0.2236095921000003,0.3713969384000002,0.9456652770999998
419,419,419.0,419.0,419.0,419.0,419.0,419.0,419.0,419.0,419.0,9.0,0.9,-0.9562613152,-0.2459844805,9.471690017033904,3.6147874241,0.1477873462999999,0.1477873462999999,0.9456652770999998
420,420,420.0,420.0,420.0,420.0,420.0,420.0,420.0,420.0,420.0,0.0,0.0,0.0,-1.0,-6.908947984600889,0.0,0.1923334213,31.120432689800005,-2.5
421,421,421.0,421.0,421.0,421.0,421.0,421.0,421.0,421.0,421.0,1.0,0.1,-0.128584056,-1.5623107425,-17.137008322132807,0.1923334213,0.7072329938,30.92809926850001,-2.3423107425000005
422,422,422.0,422.0,422.0,422.0,422.0,422.0,422.0,422.0,422.0,2.0,0.2,-0.3601564593,-3.0444391714,-12.91120038916906,0.8995664151,1.3599155885,30.220866274700004,-3.2644391714000003
423,423,423.0,423.0,423.0,423.0,423.0,423.0,423.0,423.0,423.0,3.0,0.3,-0.7123300145,-3.9833856551,-9.068538498090346,2.2594820036,1.9179227886,28.8609506862,-3.803385655100001
424,424,424.0,424.0,424.0,424.0,424.0,424.0,424.0,424.0,424.0,4.0,0.4,-1.1352678535,-4.4673016659,-18.88090350487076,4.1774047922,3.0544121737000003,26.943027897600004,-4.0473016659
425,425,425.0,425.0,425.0,425.0,425.0,425.0,425.0,425.0,425.0,5.0,0.5,-1.6517226637,-5.8389372062,-10.185847494540525,7.2318169659,4.0961981971,23.888615723900003,-5.3389372062
426,426,426.0,426.0,426.0,426.0,426.0,426.0,426.0,426.0,426.0,6.0,0.6,-2.2566440498,-6.2526005695,-12.6285777094704,11.328015163,5.056587975500001,19.7924175268,-5.8326005695
427,427,427.0,427.0,427.0,427.0,427.0,427.0,427.0,427.0,427.0,7.0,0.7,-2.9127465953,-6.859355795,-0.3901388897225111,16.3846031385,5.3454754702,14.7358295513,-6.679355794999999
428,428,428.0,428.0,428.0,428.0,428.0,428.0,428.0,428.0,428.0,8.0,0.8,-3.5673877878,-6.2437284915,11.15173791456239,21.7300786087,4.4891528319,9.3903540811,-6.4637284915
429,429,429.0,429.0,429.0,429.0,429.0,429.0,429.0,429.0,429.0,9.0,0.9,-4.1076123687,-4.5883301191,-19.10427758388468,26.2192314406,4.9012012492,4.9012012492,-5.3683301191
430,430,430.0,430.0,430.0,430.0,430.0,430.0,430.0,430.0,430.0,0.0,0.0,0.0,-1.0,-7.699247993718146,0.0,0.2088594996,11.082340101100002,-2.5
431,431,431.0,431.0,431.0,431.0,431.0,431.0,431.0,431.0,431.0,1.0,0.1,-0.1324070637,-1.6375177357,-8.757945627488898,0.2088594996,0.4404234313,10.8734806015,-2.4175177357
432,432,432.0,432.0,432.0,432.0,432.0,432.0,432.0,432.0,432.0,2.0,0.2,-0.3306033165,-2.3151160456,16.669842772484593,0.6492829309,0.378654803,10.4330571702,-2.5351160456
433,433,433.0,433.0,433.0,433.0,433.0,433.0,433.0,433.0,433.0,3.0,0.3,-0.4702767494,-0.5084583354,-12.746004550927616,1.0279377339,0.2403136720000001,10.054402367200002,-0.3284583354
434,434,434.0,434.0,434.0,434.0,434.0,434.0,434.0,434.0,434.0,4.0,0.4,-0.5803207101,-1.6730148299,-3.623985729961042,1.2682514059,0.3639944946,9.8140886952,-1.2530148299
435,435,435.0,435.0,435.0,435.0,435.0,435.0,435.0,435.0,435.0,5.0,0.5,-0.7570589157,-1.8586751972,-9.759669680819488,1.6322459005,0.6293572536999998,9.4500942006,-1.3586751972
436,436,436.0,436.0,436.0,436.0,436.0,436.0,436.0,436.0,436.0,6.0,0.6,-0.9811468552,-2.6105542259,-19.945696777941748,2.2616031542,1.5421615996,8.8207369469,-2.1905542259
437,437,437.0,437.0,437.0,437.0,437.0,437.0,437.0,437.0,437.0,7.0,0.7,-1.3260595852,-4.2602111736,-16.7420199814743,3.8037647538,2.7628961443000004,7.2785753473,-4.0802111736
438,438,438.0,438.0,438.0,438.0,438.0,438.0,438.0,438.0,438.0,8.0,0.8,-1.8124604592,-5.4480122978,14.285403029252045,6.5666608981,2.573573433,4.515679203,-5.668012297800001
439,439,439.0,439.0,439.0,439.0,439.0,439.0,439.0,439.0,439.0,9.0,0.9,-2.2618029345,-3.5701295196,-5.175110971848579,9.1402343311,1.9421057699999995,1.9421057699999995,-4.3501295196
440,440,440.0,440.0,440.0,440.0,440.0,440.0,440.0,440.0,440.0,0.0,0.0,0.0,-1.0,18.001987344976456,0.0,0.189974524,1.2586971996999998,1.236715097
441,441,441.0,441.0,441.0,441.0,441.0,441.0,441.0,441.0,441.0,1.0,0.1,-0.0080794432,0.8082781777,-6.342980913423904,0.189974524,0.0454125836999999,1.0687226757,1.236715097
442,442,442.0,442.0,442.0,442.0,442.0,442.0,442.0,442.0,442.0,2.0,0.2,0.038154749,0.1277458941,-13.159926387520372,0.2353871077,0.1265183535,1.023310092,1.236715097
443,443,443.0,443.0,443.0,443.0,443.0,443.0,443.0,443.0,443.0,3.0,0.3,-0.0133486508,-1.1367433448,10.155673964269504,0.3619054612,0.0963567299,0.8967917385,1.236715097
444,444,444.0,444.0,444.0,444.0,444.0,444.0,444.0,444.0,444.0,4.0,0.4,-0.0723968502,-0.0621277489,8.332377143976004,0.4582621911,0.0522561438999999,0.8004350086,1.236715097
445,445,445.0,445.0,445.0,445.0,445.0,445.0,445.0,445.0,445.0,5.0,0.5,-0.0380019818,0.736715097,-4.77239193488999,0.510518335,0.0358170983,0.7481788647000001,1.236715097
446,446,446.0,446.0,446.0,446.0,446.0,446.0,446.0,446.0,446.0,6.0,0.6,0.0090196815,0.2124542403,-17.063577712941065,0.5463354333,0.2069922591999999,0.7123617664,1.236715097
447,447,447.0,447.0,447.0,447.0,447.0,447.0,447.0,447.0,447.0,7.0,0.7,-0.0533062796,-1.43157757,-2.650860707954884,0.7533276925,0.2275979597999999,0.5053695072000001,1.236715097
448,448,448.0,448.0,448.0,448.0,448.0,448.0,448.0,448.0,448.0,8.0,0.8,-0.2023620843,-1.547607836,11.909188194138714,0.9809256523,0.1716934346999999,0.2777715474000001,1.236715097
449,449,449.0,449.0,449.0,449.0,449.0,449.0,449.0,449.0,449.0,9.0,0.9,-0.2920267197,-0.2670243813,-9.11824761664375,1.152619087,0.1060781127000001,0.1060781127000001,1.236715097
450,450,450.0,450.0,450.0,450.0,450.0,450.0,450.0,450.0,450.0,0.0,0.0,0.0,-1.0,-19.96599328686354,0.0,0.5950944002,21.81798407,-2.5
451,451,451.0,451.0,451.0,451.0,451.0,451.0,451.0,451.0,451.0,1.0,0.1,-0.1917464365,-2.8048528922,-16.891257765456622,0.5950944002,1.3866497138,21.2228896698,-3.5848528922000003
452,452,452.0,452.0,452.0,452.0,452.0,452.0,452.0,452.0,452.0,2.0,0.2,-0.5403735387,-4.1453515665,-5.738405309151627,1.981744114,1.8573088646,19.836239956,-4.365351566499999
453,453,453.0,453.0,453.0,453.0,453.0,453.0,453.0,453.0,453.0,3.0,0.3,-0.962614884,-4.2969507522,-5.657815779555158,3.8390529786,2.0602840565000005,17.9789310914,-4.1169507522
454,454,454.0,454.0,454.0,454.0,454.0,454.0,454.0,454.0,454.0,4.0,0.4,-1.3988930717,-4.4264541424,0.1838378209642428,5.8993370351,2.0300619897,15.9186470349,-4.0064541424
455,455,455.0,455.0,455.0,455.0,455.0,455.0,455.0,455.0,455.0,5.0,0.5,-1.819236531,-3.9877269011,-2.451329364364369,7.9293990248,1.9424073718,13.8885850452,-3.4877269011
456,456,456.0,456.0,456.0,456.0,456.0,456.0,456.0,456.0,456.0,6.0,0.6,-2.2105769969,-3.8415193715,-16.280067447147665,9.8718063966,2.7070975735000005,11.9461776734,-3.4215193715
457,457,457.0,457.0,457.0,457.0,457.0,457.0,457.0,457.0,457.0,7.0,0.7,-2.6548993429,-5.0252037703,-5.882232260765004,12.5789039701,3.432040990400001,9.2390800999,-4.8452037703
458,458,458.0,458.0,458.0,458.0,458.0,458.0,458.0,458.0,458.0,8.0,0.8,-3.1615647029,-5.1067616363,9.354600681322658,16.0109449605,3.1549996953999973,5.8070391095,-5.3267616363000005
459,459,459.0,459.0,459.0,459.0,459.0,459.0,459.0,459.0,459.0,9.0,0.9,-3.6022854506,-3.7305808205,1.2134692673275396,19.1659446559,2.6520394141000025,2.6520394141000025,-4.5105808205
460,460,460.0,460.0,460.0,460.0,460.0,460.0,460.0,460.0,460.0,0.0,0.0,0.0,-1.0,-17.800267397350822,0.0,0.5091853346,27.3138417383,-2.5
461,461,461.0,461.0,461.0,461.0,461.0,461.0,461.0,461.0,461.0,1.0,0.1,-0.1812699167,-2.598756823,-15.824239333825432,0.5091853346,1.1991551670999998,26.8046564037,-3.378756823
462,462,462.0,462.0,462.0,462.0,462.0,462.0,462.0,462.0,462.0,2.0,0.2,-0.5051227715,-3.8573279017,-19.15661633101592,1.7083405017,2.3688025290000003,25.6055012366,-4.0773279017
463,463,463.0,463.0,463.0,463.0,463.0,463.0,463.0,463.0,463.0,3.0,0.3,-0.9648643396,-5.3132479666,-2.665672112082828,4.0771430307,2.8452842471999995,23.2366987076,-5.1332479666
464,464,464.0,464.0,464.0,464.0,464.0,464.0,464.0,464.0,464.0,4.0,0.4,-1.4833816699,-5.0612978475,-17.110792271208357,6.9224272779,3.6540475052,20.3914144604,-4.6412978475
465,465,465.0,465.0,465.0,465.0,465.0,465.0,465.0,465.0,465.0,5.0,0.5,-2.047799953,-6.2079587915,-1.3373807677659926,10.5764747831,4.1249769274000005,16.7373669552,-5.7079587915
466,466,466.0,466.0,466.0,466.0,466.0,466.0,466.0,466.0,466.0,6.0,0.6,-2.6450360628,-5.7444607585,-2.5718273751830267,14.7014517105,3.989373083999999,12.612390027799998,-5.3244607585
467,467,467.0,467.0,467.0,467.0,467.0,467.0,467.0,467.0,467.0,7.0,0.7,-3.2041347435,-5.4425448153,16.69083177547177,18.6908247945,3.272755375300001,8.6230169438,-5.2625448153
468,468,468.0,468.0,468.0,468.0,468.0,468.0,468.0,468.0,468.0,8.0,0.8,-3.6413214388,-3.3362749425,2.678962477786577,21.9635801698,2.3772372589,5.350261568499999,-3.5562749425
469,469,469.0,469.0,469.0,469.0,469.0,469.0,469.0,469.0,469.0,9.0,0.9,-3.9458518323,-2.7638483012,-15.740172444129993,24.3408174287,2.9730243095999995,2.9730243095999995,-3.5438483012
470,470,470.0,470.0,470.0,470.0,470.0,470.0,470.0,470.0,470.0,0.0,0.0,0.0,-1.0,-10.23589398582704,0.0,0.2687385233,2.001519945,1.9447395815
471,471,471.0,471.0,471.0,471.0,471.0,471.0,471.0,471.0,471.0,1.0,0.1,-0.1446778819,-1.8789115166,14.900791222924362,0.2687385233,0.2507195195,1.7327814217000002,1.9447395815
472,472,472.0,472.0,472.0,472.0,472.0,472.0,472.0,472.0,472.0,2.0,0.2,-0.2513985995,-0.2821116768,-14.305093926888578,0.5194580428,0.2177953096,1.4820619022,1.9447395815
473,473,473.0,473.0,473.0,473.0,473.0,473.0,473.0,473.0,473.0,3.0,0.3,-0.3474447879,-1.6165748811,18.68757914967033,0.7372533524,0.2616250459,1.2642665926,1.9447395815
474,474,474.0,474.0,474.0,474.0,474.0,474.0,474.0,474.0,474.0,4.0,0.4,-0.4108826062,0.3156208522,1.7473023933911946,0.9988783983,0.0319345649,1.0026415467,1.9447395815
475,475,475.0,475.0,475.0,475.0,475.0,475.0,475.0,475.0,475.0,5.0,0.5,-0.3723952967,0.451863782,6.598752140341052,1.0308129632,0.0923485348999999,0.9707069818,1.9447395815
476,476,476.0,476.0,476.0,476.0,476.0,476.0,476.0,476.0,476.0,6.0,0.6,-0.2974738315,1.0368175308,8.686064153605315,1.1231614981,0.2456632538000001,0.8783584469000001,1.9447395815
477,477,477.0,477.0,477.0,477.0,477.0,477.0,477.0,477.0,477.0,7.0,0.7,-0.1567894668,1.7647395815,2.987342023153076,1.3688247519,0.3379505967999998,0.6326951931,1.9447395815
478,478,478.0,478.0,478.0,478.0,478.0,478.0,478.0,478.0,478.0,8.0,0.8,0.0255985264,1.8810857906,-16.830162937930414,1.7067753487,0.2641702545,0.2947445963000001,1.9447395815
479,479,479.0,479.0,479.0,479.0,479.0,479.0,479.0,479.0,479.0,9.0,0.9,0.1231929732,0.10047505,-6.498908881461363,1.9709456032,0.0305743418000001,0.0305743418000001,1.9447395815
480,480,480.0,480.0,480.0,480.0,480.0,480.0,480.0,480.0,480.0,0.0,0.0,0.0,-1.0,-16.075490420427524,0.0,0.4462025694,10.2040774488,-2.5
481,481,481.0,481.0,481.0,481.0,481.0,481.0,481.0,481.0,481.0,1.0,0.1,-0.1729264502,-2.4346225919,9.44604039293982,0.4462025694,0.4090617179,9.7578748794,-3.2146225919000004
482,482,482.0,482.0,482.0,482.0,482.0,482.0,482.0,482.0,482.0,2.0,0.2,-0.3589170367,-1.3040279661,-4.972829647268316,0.8552642873,0.2515452642,9.3488131615,-1.5240279661
483,483,483.0,483.0,483.0,483.0,483.0,483.0,483.0,483.0,483.0,3.0,0.3,-0.5070673942,-1.6531605733,-10.79176585545512,1.1068095515,0.5404516469,9.097267897299998,-1.4731605733000002
484,484,484.0,484.0,484.0,484.0,484.0,484.0,484.0,484.0,484.0,4.0,0.4,-0.7165906961,-2.5228138569,7.221264418284171,1.6472611984,0.5228129338999998,8.556816250399999,-2.1028138569
485,485,485.0,485.0,485.0,485.0,485.0,485.0,485.0,485.0,485.0,5.0,0.5,-0.9217360384,-1.5955420728,-8.728489810134207,2.1700741323,0.5214747074999999,8.0340033165,-1.0955420728
486,486,486.0,486.0,486.0,486.0,486.0,486.0,486.0,486.0,486.0,6.0,0.6,-1.115795306,-2.2743317862,-11.507681766268414,2.6915488398,0.9685240657,7.512528609,-1.8543317862
487,487,487.0,487.0,487.0,487.0,487.0,487.0,487.0,487.0,487.0,7.0,0.7,-1.3878940667,-3.1530012021,-3.4920288620932496,3.6600729055,1.2505023670000002,6.5440045433,-2.9730012021
488,488,488.0,488.0,488.0,488.0,488.0,488.0,488.0,488.0,488.0,8.0,0.8,-1.7048340737,-3.1852640813,-17.9774131383785,4.9105752725,2.0575229017,5.2935021763,-3.4052640813000004
489,489,489.0,489.0,489.0,489.0,489.0,489.0,489.0,489.0,489.0,9.0,0.9,-2.0949162978,-4.5929231711,-14.51123019668007,6.9680981742,3.2359792746,3.2359792746,-5.3729231711
490,490,490.0,490.0,490.0,490.0,490.0,490.0,490.0,490.0,490.0,0.0,0.0,0.0,-1.0,-10.434515433643485,0.0,0.2738671273,8.0478758682,-2.5
491,491,491.0,491.0,491.0,491.0,491.0,491.0,491.0,491.0,491.0,1.0,0.1,-0.1456386968,-1.8978128465,-3.5114175283111067,0.2738671273,0.4030057545999999,7.774008740899999,-2.6778128465
492,492,492.0,492.0,492.0,492.0,492.0,492.0,492.0,492.0,492.0,2.0,0.2,-0.3432256578,-2.0513676384,-10.045232514158071,0.6768728819,0.6712362022000001,7.3710029863,-2.2713676384
493,493,493.0,493.0,493.0,493.0,493.0,493.0,493.0,493.0,493.0,3.0,0.3,-0.58703209,-2.8120844576,0.8661961573142847,1.3481090841,0.7479316252999999,6.6997667841,-2.6320844576000004
494,494,494.0,494.0,494.0,494.0,494.0,494.0,494.0,494.0,494.0,4.0,0.4,-0.8504473642,-2.4620495677,-15.568967191829524,2.0960407094,1.1925090139,5.9518351588,-2.0420495677
495,495,495.0,495.0,495.0,495.0,495.0,495.0,495.0,495.0,495.0,5.0,0.5,-1.1600559458,-3.7093377052,6.6333973771598345,3.2885497233,1.2372501585000002,4.7593261449,-3.2093377052
496,496,496.0,496.0,496.0,496.0,496.0,496.0,496.0,496.0,496.0,6.0,0.6,-1.4809575461,-2.7250963672,14.066515061154256,4.5257998818,0.7391946326999994,3.5220759864,-2.3050963672
497,497,497.0,497.0,497.0,497.0,497.0,497.0,497.0,497.0,497.0,7.0,0.7,-1.6722393671,-1.1271630401,-14.14892830912644,5.2649945145,0.7280475072000003,2.782881353700001,-0.9471630400999996
498,498,498.0,498.0,498.0,498.0,498.0,498.0,498.0,498.0,498.0,8.0,0.8,-1.8479474042,-2.366347834,-5.754392784520345,5.9930420217,1.0469629337999995,2.0548338465,-2.586347834
499,499,499.0,499.0,499.0,499.0,499.0,499.0,499.0,499.0,499.0,9.0,0.9,-2.1009711465,-2.6887633701,7.735463956131255,7.0400049555,1.0078709127000005,1.0078709127000005,-3.4687633701000005
500,500,500.0,500.0,500.0,500.0,500.0,500.0,500.0,500.0,500.0,0.0,0.0,0.0,-1.0,-15.89698207042999,0.0,0.4399592628,5.0331864664,1.0117915870999998
501,501,501.0,501.0,501.0,501.0,501.0,501.0,501.0,501.0,501.0,1.0,0.1,-0.1720629307,-2.4176352764,-13.051547190112643,0.4399592628,0.9637340997,4.5932272036,1.0117915870999998
502,502,502.0,502.0,502.0,502.0,502.0,502.0,502.0,502.0,502.0,2.0,0.2,-0.4652671223,-3.4295858038,3.4735009969668127,1.4036933625,1.0078671567,3.6294931039,1.0117915870999998
503,503,503.0,503.0,503.0,503.0,503.0,503.0,503.0,503.0,503.0,3.0,0.3,-0.7748327628,-2.7726700636,14.479740261255673,2.4115605192,0.5816301399000001,2.6216259472,1.0117915870999998
504,504,504.0,504.0,504.0,504.0,504.0,504.0,504.0,504.0,504.0,4.0,0.4,-0.9686427686,-1.1308860316,16.130913919706742,2.9931906591,0.2607828378999999,2.0399958073,1.0117915870999998
505,505,505.0,505.0,505.0,505.0,505.0,505.0,505.0,505.0,505.0,5.0,0.5,-0.9982289953,0.5117915871,-14.447798226778213,3.253973497,0.2251450214999999,1.7792129694,1.0117915870999998
506,506,506.0,506.0,506.0,506.0,506.0,506.0,506.0,506.0,506.0,6.0,0.6,-1.019415542,-0.9118016889,-1.816714124300887,3.4791185185,0.2068426696999998,1.5540679479,1.0117915870999998
507,507,507.0,507.0,507.0,507.0,507.0,507.0,507.0,507.0,507.0,7.0,0.7,-1.1149720726,-0.9979165708,-11.277796662636238,3.6859611882,0.4349396785999997,1.3472252782000005,1.0117915870999998
508,508,508.0,508.0,508.0,508.0,508.0,508.0,508.0,508.0,508.0,8.0,0.8,-1.2644914432,-1.9761768664,15.295435121771677,4.1209008668,0.4479889556000005,0.9122855996000006,1.0117915870999998
509,509,509.0,509.0,509.0,509.0,509.0,509.0,509.0,509.0,509.0,9.0,0.9,-1.3785591129,-0.3325656846,-15.895009776300595,4.5688898224,0.464296644,0.464296644,1.0117915870999998
510,510,510.0,510.0,510.0,510.0,510.0,510.0,510.0,510.0,510.0,0.0,0.0,0.0,-1.0,-11.675625949201178,0.0,0.307361046,13.1247003638,-2.5
511,511,511.0,511.0,511.0,511.0,511.0,511.0,511.0,511.0,511.0,1.0,0.1,-0.1516424669,-2.015920128,-10.924328727091472,0.307361046,0.6719945080999999,12.8173393178,-2.795920128
512,512,512.0,512.0,512.0,512.0,512.0,512.0,512.0,512.0,512.0,2.0,0.2,-0.3963281685,-2.8636672991,5.159199369343476,0.9793555541,0.6592419251,12.1453448097,-3.0836672991
513,513,513.0,513.0,513.0,513.0,513.0,513.0,513.0,513.0,513.0,3.0,0.3,-0.6438851435,-2.1001903872,-10.425230150180926,1.6385974792,0.7446789050000002,11.4861028846,-1.9201903872
514,514,514.0,514.0,514.0,514.0,514.0,514.0,514.0,514.0,514.0,4.0,0.4,-0.8941758872,-2.8924226585,-18.484277799620827,2.3832763842,1.6333475818999998,10.7414239796,-2.4724226585
515,515,515.0,515.0,515.0,515.0,515.0,515.0,515.0,515.0,515.0,5.0,0.5,-1.2588424528,-4.3761838728,-0.8386477018466323,4.0166239661,1.9876813147,9.1080763977,-3.8761838728
516,516,516.0,516.0,516.0,516.0,516.0,516.0,516.0,516.0,516.0,6.0,0.6,-1.6793487245,-4.0395423713,11.576033331820843,6.0043052808,1.5093301079000003,7.120395083000001,-3.6195423713
517,517,517.0,517.0,517.0,517.0,517.0,517.0,517.0,517.0,517.0,7.0,0.7,-2.0077641825,-2.5535235802,-7.6994913612211935,7.5136353887,1.2772657577999995,5.611064975100001,-2.3735235802
518,518,518.0,518.0,518.0,518.0,518.0,518.0,518.0,518.0,518.0,8.0,0.8,-2.2880094056,-3.0432274932,-6.27665439012922,8.7909011465,1.643130278900001,4.333799217300001,-3.2632274932
519,519,519.0,519.0,519.0,519.0,519.0,519.0,519.0,519.0,519.0,9.0,0.9,-2.6079730875,-3.3509292503,-19.29269655287303,10.4340314254,2.6906689384,2.6906689384,-4.1309292503
520,520,520.0,520.0,520.0,520.0,520.0,520.0,520.0,520.0,520.0,0.0,0.0,0.0,-1.0,-12.73521258937942,0.0,0.3379306219,9.3526724996,-2.5
521,521,521.0,521.0,521.0,521.0,521.0,521.0,521.0,521.0,521.0,1.0,0.1,-0.1567681302,-2.1167531287,19.12411492985482,0.3379306219,0.3408599458,9.0147418777,-2.8967531287000003
522,522,522.0,522.0,522.0,522.0,522.0,522.0,522.0,522.0,522.0,2.0,0.2,-0.2656924869,-0.0954172791,-6.413338317017811,0.6787905677,0.0475554058999999,8.6738819319,-0.3154172790999999
523,523,523.0,523.0,523.0,523.0,523.0,523.0,523.0,523.0,523.0,3.0,0.3,-0.3057966438,-0.6966469539,-1.2784548129475155,0.7263459736,0.0650863717999999,8.626326526,-0.5166469539
524,524,524.0,524.0,524.0,524.0,524.0,524.0,524.0,524.0,524.0,4.0,0.4,-0.3782757566,-0.7520133224,-11.645173258407048,0.7914323454,0.2592718868,8.5612401542,-0.3320133223999999
525,525,525.0,525.0,525.0,525.0,525.0,525.0,525.0,525.0,525.0,5.0,0.5,-0.5061717813,-1.7886346235,-9.813218657546802,1.0507042322,0.5643027277000001,8.3019682674,-1.2886346235
526,526,526.0,526.0,526.0,526.0,526.0,526.0,526.0,526.0,526.0,6.0,0.6,-0.7238535105,-2.55227476,-19.39141622539457,1.6150069599,1.4211655323,7.7376655397,-2.13227476
527,527,527.0,527.0,527.0,527.0,527.0,527.0,527.0,527.0,527.0,7.0,0.7,-1.0605389361,-4.154730957,-7.969668092774004,3.0361724922,2.0797893646000003,6.3165000074,-3.974730957
528,528,528.0,528.0,528.0,528.0,528.0,528.0,528.0,528.0,528.0,8.0,0.8,-1.4944664335,-4.5177702688,-2.195854474859125,5.1159618568,2.2399107739,4.2367106428,-4.7377702688
529,529,529.0,529.0,529.0,529.0,529.0,529.0,529.0,529.0,529.0,9.0,0.9,-1.9350117958,-4.2968103541,3.745600478625612,7.3558726307,1.9967998689,1.9967998689,-5.0768103541
530,530,530.0,530.0,530.0,530.0,530.0,530.0,530.0,530.0,530.0,0.0,0.0,0.0,-1.0,10.33571556412014,0.0,0.0836254944,2.7760454657,2.2936614772
531,531,531.0,531.0,531.0,531.0,531.0,531.0,531.0,531.0,531.0,1.0,0.1,-0.0451644047,0.0787359611,3.957470543618968,0.0836254944,0.0161891212999999,2.6924199713,2.2936614772
532,532,532.0,532.0,532.0,532.0,532.0,532.0,532.0,532.0,532.0,2.0,0.2,-0.0185277476,0.4478463584,1.4714610483237005,0.0998146157,0.0259224299999999,2.67623085,2.2936614772
533,533,533.0,533.0,533.0,533.0,533.0,533.0,533.0,533.0,533.0,3.0,0.3,0.0312084884,0.5452562273,10.257059245718237,0.1257370457,0.1633937749,2.65030842,2.2936614772
534,534,534.0,534.0,534.0,534.0,534.0,534.0,534.0,534.0,534.0,4.0,0.4,0.1327141396,1.4694565006,-14.505401837770384,0.2891308206,0.1762877954,2.4869146451,2.2936614772
535,535,535.0,535.0,535.0,535.0,535.0,535.0,535.0,535.0,535.0,5.0,0.5,0.202382729,-0.0507522726,10.728651276716882,0.465418616,0.0932191835,2.3106268497,2.2936614772
536,536,536.0,536.0,536.0,536.0,536.0,536.0,536.0,536.0,536.0,6.0,0.6,0.2494519772,0.9750436068,12.940018146532068,0.5586377995,0.3462597194,2.2174076662,2.2936614772
537,537,537.0,537.0,537.0,537.0,537.0,537.0,537.0,537.0,537.0,7.0,0.7,0.4048359215,2.1136614772,-10.668924541778813,0.9048975189,0.3170095090999999,1.8711479468000003,2.2936614772
538,538,538.0,538.0,538.0,538.0,538.0,538.0,538.0,538.0,538.0,8.0,0.8,0.5543673674,0.8972375771,15.83280612627906,1.221907028,0.4436244119000001,1.5541384377000005,2.2936614772
539,539,539.0,539.0,539.0,539.0,539.0,539.0,539.0,539.0,539.0,9.0,0.9,0.7163406467,2.3185449104,16.134544213780224,1.6655314399,1.1105140258,1.1105140258,2.2936614772
540,540,540.0,540.0,540.0,540.0,540.0,540.0,540.0,540.0,540.0,0.0,0.0,0.0,-1.0,-2.9803632874777755,0.0,0.1251979635,6.7065658665,-2.5
541,541,541.0,541.0,541.0,541.0,541.0,541.0,541.0,541.0,541.0,1.0,0.1,-0.1095798726,-1.1884564562,-19.05066287257491,0.1251979635,0.6311021778,6.581367903,-1.9684564562
542,542,542.0,542.0,542.0,542.0,542.0,542.0,542.0,542.0,542.0,2.0,0.2,-0.3148324803,-2.8882701357,7.440458916232355,0.7563001413,0.6263398996999999,5.9502657252,-3.1082701357
543,543,543.0,543.0,543.0,543.0,543.0,543.0,543.0,543.0,543.0,3.0,0.3,-0.5536952378,-1.9053614866,-18.85292682382935,1.382640041,0.98844241,5.323925825500001,-1.7253614866
544,544,544.0,544.0,544.0,544.0,544.0,544.0,544.0,544.0,544.0,4.0,0.4,-0.8262138338,-3.518135573,10.167427294482051,2.371082451,0.9782497991,4.335483415500001,-3.098135573
545,545,545.0,545.0,545.0,545.0,545.0,545.0,545.0,545.0,545.0,5.0,0.5,-1.1118246216,-2.2157820557,-4.208774505997873,3.3493322501,0.6944984223000006,3.3572336164000003,-1.7157820557
546,546,546.0,546.0,546.0,546.0,546.0,546.0,546.0,546.0,546.0,6.0,0.6,-1.3430437575,-2.4054403704,-3.7419798224912384,4.0438306724,0.8325487544999994,2.6627351941,-1.9854403704
547,547,547.0,547.0,547.0,547.0,547.0,547.0,547.0,547.0,547.0,7.0,0.7,-1.5900531767,-2.5326289334,5.003453807776502,4.8763794269,0.7777562527000006,1.8301864396000005,-2.3526289334
548,548,548.0,548.0,548.0,548.0,548.0,548.0,548.0,548.0,548.0,8.0,0.8,-1.8068610213,-1.8154757081,12.049789590072074,5.6541356796,0.5698564274999995,1.0524301868999997,-2.0354757081
549,549,549.0,549.0,549.0,549.0,549.0,549.0,549.0,549.0,549.0,9.0,0.9,-1.9213364885,-0.4960212819,13.704071914773197,6.2239921071,0.4825737594000001,0.4825737594000001,-1.2760212819000003
550,550,550.0,550.0,550.0,550.0,550.0,550.0,550.0,550.0,550.0,0.0,0.0,0.0,-1.0,-6.924182090783342,0.0,0.1926424173,9.258742803400002,-2.5
551,551,551.0,551.0,551.0,551.0,551.0,551.0,551.0,551.0,551.0,1.0,0.1,-0.1286577498,-1.5637604593,-14.772665261168363,0.1926424173,0.6131042685,9.066100386100002,-2.3437604593000003
552,552,552.0,552.0,552.0,552.0,552.0,552.0,552.0,552.0,552.0,2.0,0.2,-0.3489307465,-2.8207539887,14.91057700996422,0.8057466858,0.5418184026999999,8.452996117600001,-3.0407539887
553,553,553.0,553.0,553.0,553.0,553.0,553.0,553.0,553.0,553.0,3.0,0.3,-0.5452322903,-1.1333947439,-18.69351596440389,1.3475650885,0.6312446331000001,7.911177714900001,-0.9533947439
554,554,554.0,554.0,554.0,554.0,554.0,554.0,554.0,554.0,554.0,4.0,0.4,-0.7435172892,-2.8044613415,-2.0878099973118225,1.9788097216,0.8479286467,7.279933081800001,-2.3844613415
555,555,555.0,555.0,555.0,555.0,555.0,555.0,555.0,555.0,555.0,5.0,0.5,-1.0204967233,-2.736262907,-1.0171071674563628,2.8267383683,0.8385221654000001,6.432004435100001,-2.236262907
556,556,556.0,556.0,556.0,556.0,556.0,556.0,556.0,556.0,556.0,6.0,0.6,-1.2858074249,-2.5726629222,2.658845488564225,3.6652605337,0.7417624770999995,5.593482269700001,-2.1526629222
557,557,557.0,557.0,557.0,557.0,557.0,557.0,557.0,557.0,557.0,7.0,0.7,-1.517766819,-2.0748189793,-9.64102785889259,4.4070230108,0.9139882985000004,4.851719792600001,-1.8948189793
558,558,558.0,558.0,558.0,558.0,558.0,558.0,558.0,558.0,558.0,8.0,0.8,-1.7618496016,-2.7948389826,-17.23750509065095,5.3210113093,1.7563598440999997,3.9377314941,-3.0148389826
559,559,559.0,559.0,559.0,559.0,559.0,559.0,559.0,559.0,559.0,9.0,0.9,-2.1111987249,-4.1692403683,-1.7435116087897562,7.0773711534,2.181371650000001,2.181371650000001,-4.9492403683
560,560,560.0,560.0,560.0,560.0,560.0,560.0,560.0,560.0,560.0,0.0,0.0,0.0,-1.0,-1.1299175418130467,0.0,0.1022370445,3.9842339936000006,3.9494716711
561,561,561.0,561.0,561.0,561.0,561.0,561.0,561.0,561.0,561.0,1.0,0.1,-0.1006284693,-1.0123632849,18.584461988411164,0.1022370445,0.2035126464,3.881996949100001,3.9494716711
562,562,562.0,562.0,562.0,562.0,562.0,562.0,562.0,562.0,562.0,2.0,0.2,-0.1070667599,0.8525212046,11.021090311615763,0.3057496909,0.2496620044,3.6784843027000007,3.9494716711
563,563,563.0,563.0,563.0,563.0,563.0,563.0,563.0,563.0,563.0,3.0,0.3,0.0273749772,1.8201884986,5.239678589016062,0.5554116953,0.4107366191,3.4288222983000005,3.9494716711
564,564,564.0,564.0,564.0,564.0,564.0,564.0,564.0,564.0,564.0,4.0,0.4,0.2259353434,2.1455959913,15.847154404801245,0.9661483144,0.9417396289,3.0180856792000004,3.9494716711
565,565,565.0,565.0,565.0,565.0,565.0,565.0,565.0,565.0,565.0,5.0,0.5,0.5067751041,3.4494716711,-19.78758829399876,1.9078879433,0.8188689245999998,2.0763460503,3.9494716711
566,566,566.0,566.0,566.0,566.0,566.0,566.0,566.0,566.0,566.0,6.0,0.6,0.7393149177,1.2381730281,-7.117353567755554,2.7267568679,0.1622429781000001,1.2574771257000004,3.9494716711
567,567,567.0,567.0,567.0,567.0,567.0,567.0,567.0,567.0,567.0,7.0,0.7,0.8227130241,0.4430395649,-15.80520380670206,2.888999846,0.2235813770999999,1.0952341476000005,3.9494716711
568,568,568.0,568.0,568.0,568.0,568.0,568.0,568.0,568.0,568.0,8.0,0.8,0.7884174377,-1.1031852293,-9.815773864430074,3.1125812231,0.3382699317000002,0.8716527705000003,3.9494716711
569,569,569.0,569.0,569.0,569.0,569.0,569.0,569.0,569.0,569.0,9.0,0.9,0.6359529381,-1.9322981162,-7.146465272450397,3.4508511548,0.5333828388000001,0.5333828388000001,3.9494716711
570,570,570.0,570.0,570.0,570.0,570.0,570.0,570.0,570.0,570.0,0.0,0.0,0.0,-1.0,-5.161677795848224,0.0,0.1593875059,10.3160652101,-2.5
571,571,571.0,571.0,571.0,571.0,571.0,571.0,571.0,571.0,571.0,1.0,0.1,-0.1201317803,-1.3960359993,7.971795616863066,0.1593875059,0.1304249096999999,10.156677704200002,-2.1760359993
572,572,572.0,572.0,572.0,572.0,572.0,572.0,572.0,572.0,572.0,2.0,0.2,-0.2144192649,-0.504568953,-14.786859882221696,0.2898124156,0.2746625941,10.0262527945,-0.724568953
573,573,573.0,573.0,573.0,573.0,573.0,573.0,573.0,573.0,573.0,3.0,0.3,-0.3339655638,-1.8637086424,-16.904428146587044,0.5644750097,0.8523869564,9.7515902004,-1.6837086424
574,574,574.0,574.0,574.0,574.0,574.0,574.0,574.0,574.0,574.0,4.0,0.4,-0.5930946637,-3.2950223571,-13.89810034499268,1.4168619661,1.6163940323,8.899203244,-2.8750223571
575,575,575.0,575.0,575.0,575.0,575.0,575.0,575.0,575.0,575.0,5.0,0.5,-0.9738880653,-4.30403899,8.586495343937152,3.0332559984,1.5415685552,7.2828092117,-3.80403899
576,576,576.0,576.0,576.0,576.0,576.0,576.0,576.0,576.0,576.0,6.0,0.6,-1.3419350496,-3.0773424713,6.352679217856469,4.5748245536,0.9337039805999998,5.7412406565,-2.6573424713
577,577,577.0,577.0,577.0,577.0,577.0,577.0,577.0,577.0,577.0,7.0,0.7,-1.6040526602,-2.1799569389,-13.04357868692362,5.5085285342,1.1260758386000005,4.8075366759,-1.9999569389
578,578,578.0,578.0,578.0,578.0,578.0,578.0,578.0,578.0,578.0,8.0,0.8,-1.8746003113,-3.2137671565,-7.790251701706818,6.6346043728,1.6302125935999996,3.6814608373,-3.4337671565
579,579,579.0,579.0,579.0,579.0,579.0,579.0,579.0,579.0,579.0,9.0,0.9,-2.218115221,-3.649277417,-6.847769531421889,8.2648169664,2.0512482437,2.0512482437,-4.429277417
580,580,580.0,580.0,580.0,580.0,580.0,580.0,580.0,580.0,580.0,0.0,0.0,0.0,-1.0,0.3375962099991803,0.0,0.0879712762,8.232561527899998,-2.5
581,581,581.0,581.0,581.0,581.0,581.0,581.0,581.0,581.0,581.0,1.0,0.1,-0.0935294931,-0.8727108859,-17.426511317327858,0.0879712762,0.4555035884999999,8.144590251699999,-1.6527108859000004
582,582,582.0,582.0,582.0,582.0,582.0,582.0,582.0,582.0,582.0,2.0,0.2,-0.2608782365,-2.4480132743,-19.233716401581503,0.5434748647,1.2867387076,7.689086663199999,-2.6680132743
583,583,583.0,583.0,583.0,583.0,583.0,583.0,583.0,583.0,583.0,3.0,0.3,-0.5868790491,-4.0453841018,10.320069122026368,1.8302135723,1.2509670805000002,6.4023479556,-3.8653841018
584,584,584.0,584.0,584.0,584.0,584.0,584.0,584.0,584.0,584.0,4.0,0.4,-0.9219257606,-2.6783304781,-18.913586393980232,3.0811806528,1.5165975013000002,5.151380875099999,-2.2583304781
585,585,585.0,585.0,585.0,585.0,585.0,585.0,585.0,585.0,585.0,5.0,0.5,-1.2682955083,-4.2233193698,16.92527898650514,4.5977781541,1.4108490346,3.6347833738,-3.7233193698
586,586,586.0,586.0,586.0,586.0,586.0,586.0,586.0,586.0,586.0,6.0,0.6,-1.5883230325,-2.2107639469,4.370302646266964,6.0086271887,0.6562242862999996,2.2239343391999995,-1.7907639469000003
587,587,587.0,587.0,587.0,587.0,587.0,587.0,587.0,587.0,587.0,7.0,0.7,-1.7775642024,-1.5844925125,4.477856542771402,6.664851475,0.5207757970999998,1.5677100529,-1.4044925124999998
588,588,588.0,588.0,588.0,588.0,588.0,588.0,588.0,588.0,588.0,8.0,0.8,-1.9066872722,-1.0075837883,-1.6285418792984814,7.1856272721,0.4925330470000002,1.0469342558,-1.2275837883000005
589,589,589.0,589.0,589.0,589.0,589.0,589.0,589.0,589.0,589.0,9.0,0.9,-2.0104471623,-1.0666780862,14.916019145208608,7.6781603191,0.5544012087999999,0.5544012087999999,-1.8466780862000003
590,590,590.0,590.0,590.0,590.0,590.0,590.0,590.0,590.0,590.0,0.0,0.0,0.0,-1.0,19.87526838371225,0.0,0.2304350563,7.837319953999999,4.4652857136
591,591,591.0,591.0,591.0,591.0,591.0,591.0,591.0,591.0,591.0,1.0,0.1,0.0009824,0.9865444384,19.77722528926328,0.2304350563,0.5824730585,7.606884897699999,4.4652857136
592,592,592.0,592.0,592.0,592.0,592.0,592.0,592.0,592.0,592.0,2.0,0.2,0.1905352197,2.7747141476,18.648301447656262,0.8129081148,1.4615407411,7.024411839199999,4.4652857136
593,593,593.0,593.0,593.0,593.0,593.0,593.0,593.0,593.0,593.0,3.0,0.3,0.5447937985,4.2852857136,-16.217002648910444,2.2744488559,1.3015036095,5.5628710981,4.4652857136
594,594,594.0,594.0,594.0,594.0,594.0,594.0,594.0,594.0,594.0,4.0,0.4,0.8741442304,2.3342350168,-18.95118665864973,3.5759524654,0.4755359693000005,4.2613674886,4.4652857136
595,595,595.0,595.0,595.0,595.0,595.0,595.0,595.0,595.0,595.0,5.0,0.5,1.0046012687,0.3086593126,-6.951952359880185,4.0514884347,0.1299735269999997,3.7858315193,4.4652857136
596,596,596.0,596.0,596.0,596.0,596.0,596.0,596.0,596.0,596.0,6.0,0.6,1.0003445394,-0.3822791941,-9.202606230842228,4.1814619617,0.2071947701000001,3.6558579923,4.4652857136
597,597,597.0,597.0,597.0,597.0,597.0,597.0,597.0,597.0,597.0,7.0,0.7,0.919448956,-1.2216442338,-19.521496222550752,4.3886567318,0.7287418375999994,3.4486632221999995,4.4652857136
598,598,598.0,598.0,598.0,598.0,598.0,598.0,598.0,598.0,598.0,8.0,0.8,0.7087605202,-2.9631054202,-8.357084466443695,5.1173985694,1.1078847899,2.7199213846,4.4652857136
599,599,599.0,599.0,599.0,599.0,599.0,599.0,599.0,599.0,599.0,9.0,0.9,0.386358314,-3.4764116607,-12.33474500665006,6.2252833593,1.6120365947000002,1.6120365947000002,4.4652857136
600,600,600.0,600.0,600.0,600.0,600.0,600.0,600.0,600.0,0.0,,0.0,0.0,-1.0,-12.82945966635888,0.0,0.3407377743,1.2127623869,-2.5
601,601,601.0,601.0,601.0,601.0,601.0,601.0,601.0,601.0,1.0,,0.1,-0.1572240427,-2.1257219239,14.77863360236184,0.3407377743,0.307565484,0.8720246126,-2.9057219239000003
602,602,602.0,602.0,602.0,602.0,602.0,602.0,602.0,602.0,2.0,,0.2,-0.2880228034,-0.517059803,0.0370730310550755,0.6483032583,0.0338742717,0.5644591285999999,-0.737059803
603,603,603.0,603.0,603.0,603.0,603.0,603.0,603.0,603.0,3.0,,0.3,-0.3370483059,-0.4643269974,-0.5328789585080715,0.68217753,0.0350172451999999,0.5305848568999999,-0.2843269974
604,604,604.0,604.0,604.0,604.0,604.0,604.0,604.0,604.0,4.0,,0.4,-0.3838125383,-0.4708506608,-2.0634455076715827,0.7171947752,0.0491690800999999,0.4955676116999999,-0.0508506607999999
605,605,605.0,605.0,605.0,605.0,605.0,605.0,605.0,605.0,5.0,,0.5,-0.4386016719,-0.622406078,0.0669162420876627,0.7663638553,0.05672568,0.4463985316,-0.122406078
606,606,606.0,606.0,606.0,606.0,606.0,606.0,606.0,606.0,6.0,,0.6,-0.4975079905,-0.5568081352,-1.52857488125273,0.8230895353,0.0654954873000001,0.3896728516,-0.1368081352
607,607,607.0,607.0,607.0,607.0,607.0,607.0,607.0,607.0,7.0,,0.7,-0.5578893628,-0.649284251,-1.2415437765379342,0.8885850226,0.0817615637999999,0.3241773642999999,-0.4692842509999998
608,608,608.0,608.0,608.0,608.0,608.0,608.0,608.0,608.0,8.0,,0.8,-0.6256824068,-0.7056455847,-2.1325141711432494,0.9703465864,0.1064840711999999,0.2424158004999999,-0.9256455847000002
609,609,609.0,609.0,609.0,609.0,609.0,609.0,609.0,609.0,9.0,,0.9,-0.7031491493,-0.8414302593,-1.7617411747034324,1.0768306576,0.1359317292999999,0.1359317292999999,-1.6214302593000005
610,610,610.0,610.0,610.0,610.0,610.0,610.0,610.0,610.0,0.0,,0.0,0.0,-1.0,-12.96045973206222,0.0,0.3446635085,2.2825571652,-2.5
611,611,611.0,611.0,611.0,611.0,611.0,611.0,611.0,611.0,1.0,,0.1,-0.1578577448,-2.1381882285,15.73340365076797,0.3446635085,0.3157866725,1.9378936567,-2.9181882285
612,612,612.0,612.0,612.0,612.0,612.0,612.0,612.0,612.0,2.0,,0.2,-0.2852242094,-0.4374813987,-19.372140858109702,0.660450181,0.4094456182,1.6221069842000002,-0.6574813987
613,613,613.0,613.0,613.0,613.0,613.0,613.0,613.0,613.0,3.0,,0.3,-0.4205671591,-2.2393525348,16.011449713389204,1.0698957992,0.3627644680999999,1.212661366,-2.0593525348000004
614,614,614.0,614.0,614.0,614.0,614.0,614.0,614.0,614.0,4.0,,0.4,-0.5562156631,-0.5025590595,-2.898687621476639,1.4326602673,0.0771711824000001,0.8498968979000001,-0.0825590594999999
615,615,615.0,615.0,615.0,615.0,615.0,615.0,615.0,615.0,5.0,,0.5,-0.6180619491,-0.7305815356,-1.362275051012665,1.5098314497,0.1019246824999999,0.7727257155,-0.2305815356
616,616,616.0,616.0,616.0,616.0,616.0,616.0,616.0,616.0,6.0,,0.6,-0.694175355,-0.7906956349,-1.967809103979013,1.6117561322,0.1280653959,0.670801033,-0.3706956349
617,617,617.0,617.0,617.0,617.0,617.0,617.0,617.0,617.0,7.0,,0.7,-0.778938649,-0.9027132512,-1.0448582863719318,1.7398215281,0.1513018846,0.5427356371000001,-0.7227132511999999
618,618,618.0,618.0,618.0,618.0,618.0,618.0,618.0,618.0,8.0,,0.8,-0.8698974135,-0.9162403154,-3.005009358105374,1.8911234127,0.1928935494000001,0.3914337525,-1.1362403154000005
619,619,619.0,619.0,619.0,619.0,619.0,619.0,619.0,619.0,9.0,,0.9,-0.9716255071,-1.1150131576,2.2535346013275483,2.0840169621,0.1985402030999998,0.1985402030999998,-1.8950131576
620,620,620.0,620.0,620.0,620.0,620.0,620.0,620.0,620.0,0.0,,0.0,0.0,-1.0,-12.654795973369366,0.0,0.3355467869,2.1785808557,-2.5
621,621,621.0,621.0,621.0,621.0,621.0,621.0,621.0,621.0,1.0,,0.1,-0.1563791215,-2.1091004759,14.975342268960812,0.3355467869,0.3042929568999999,1.8430340688,-2.8891004759000003
622,622,622.0,622.0,622.0,622.0,622.0,622.0,622.0,622.0,2.0,,0.2,-0.2846445802,-0.4833007903,-17.925687271619093,0.6398397438,0.3712505226000001,1.5387411118999998,-0.7033007902999999
623,623,623.0,623.0,623.0,623.0,623.0,623.0,623.0,623.0,3.0,,0.3,-0.4173507695,-2.1431633281,15.040465752496797,1.0110902664,0.3323048250999998,1.1674905892999998,-1.9631633281
624,624,624.0,624.0,624.0,624.0,624.0,624.0,624.0,624.0,4.0,,0.4,-0.5485427156,-0.5079248068,-3.782795433391021,1.3433950915,0.0859600237,0.8351857642,-0.0879248067999999
625,625,625.0,625.0,625.0,625.0,625.0,625.0,625.0,625.0,5.0,,0.5,-0.6151767495,-0.8195703162,-0.3753129016017025,1.4293551152,0.106792309,0.7492257405,-0.3195703162
626,626,626.0,626.0,626.0,626.0,626.0,626.0,626.0,626.0,6.0,,0.6,-0.6949850635,-0.7772932923,-1.5093220083487733,1.5361474242,0.1213135684999999,0.6424334315,-0.3572932922999999
627,627,627.0,627.0,627.0,627.0,627.0,627.0,627.0,627.0,7.0,,0.7,-0.7762549759,-0.8469555808,-0.6570006743461838,1.6574609927,0.1374251971,0.521119863,-0.6669555807999998
628,628,628.0,628.0,628.0,628.0,628.0,628.0,628.0,628.0,8.0,,0.8,-0.8600319144,-0.8288787097,-3.6168893434021294,1.7948861898,0.1821704339000001,0.3836946659,-1.0488787097000003
629,629,629.0,629.0,629.0,629.0,629.0,629.0,629.0,629.0,9.0,,0.9,-0.9564065837,-1.0941929747,0.9447383720637104,1.9770566237,0.2015242319999999,0.2015242319999999,-1.8741929747000003
630,630,630.0,630.0,630.0,630.0,630.0,630.0,630.0,630.0,0.0,,0.0,0.0,-1.0,-11.97104881589758,0.0,0.3157012875,2.2986725773,-2.5
631,631,631.0,631.0,631.0,631.0,631.0,631.0,631.0,631.0,1.0,,0.1,-0.1530715508,-2.0440333308,15.372867743093726,0.3157012875,0.2906876873,1.9829712898,-2.8240333308000003
632,632,632.0,632.0,632.0,632.0,632.0,632.0,632.0,632.0,2.0,,0.2,-0.2732220551,-0.3865960522,-20.5303046715152,0.6063889748,0.4373475051,1.6922836025,-0.6065960522
633,633,633.0,633.0,633.0,633.0,633.0,633.0,633.0,633.0,3.0,,0.3,-0.4093251724,-2.3035234021,16.217982871786564,1.0437364799,0.3801282283,1.2549360974,-2.1235234021
634,634,634.0,634.0,634.0,634.0,634.0,634.0,634.0,634.0,4.0,,0.4,-0.5500812538,-0.5409690335,-1.7394941596518187,1.4238647082,0.0710584035999999,0.8748078691000001,-0.1209690334999999
635,635,635.0,635.0,635.0,635.0,635.0,635.0,635.0,635.0,5.0,,0.5,-0.6099758444,-0.6550238589,-2.851306603765569,1.4949231118,0.1041998569,0.8037494655000001,-0.1550238589
636,636,636.0,636.0,636.0,636.0,636.0,636.0,636.0,636.0,6.0,,0.6,-0.6861025966,-0.864027767,0.030870494928848,1.5991229687,0.1204563599000001,0.6995496086000002,-0.4440277669999999
637,637,637.0,637.0,637.0,637.0,637.0,637.0,637.0,637.0,7.0,,0.7,-0.7681768425,-0.7788664716,-3.9747366379885154,1.7195793286,0.1618632663999999,0.5790932487,-0.5988664715999998
638,638,638.0,638.0,638.0,638.0,638.0,638.0,638.0,638.0,8.0,,0.8,-0.8615232896,-1.0829936883,0.2563870182266603,1.881442595,0.1873769789999999,0.4172299823000001,-1.3029936883000002
639,639,639.0,639.0,639.0,639.0,639.0,639.0,639.0,639.0,9.0,,0.9,-0.963343855,-0.955534421,-3.7506996100874246,2.068819574,0.2298530033000001,0.2298530033000001,-1.735534421
640,640,640.0,640.0,640.0,640.0,640.0,640.0,640.0,640.0,0.0,,0.0,0.0,-1.0,-11.32079992230199,0.0,0.2975306365,2.2077292073,-2.5
641,641,641.0,641.0,641.0,641.0,641.0,641.0,641.0,641.0,1.0,,0.1,-0.1499260251,-1.9821539671,14.479719066355026,0.2975306365,0.2709573928,1.9101985708,-2.7621539671
642,642,642.0,642.0,642.0,642.0,642.0,642.0,642.0,642.0,2.0,,0.2,-0.2685084629,-0.4155996227,-20.177611246604982,0.5684880293,0.4316526161999999,1.6392411779999998,-0.6355996227
643,643,643.0,643.0,643.0,643.0,643.0,643.0,643.0,643.0,3.0,,0.3,-0.4056654744,-2.2962037359,16.775137821467258,1.0001406455,0.3809542954,1.2075885618,-2.1162037359
644,644,644.0,644.0,644.0,644.0,644.0,644.0,644.0,644.0,4.0,,0.4,-0.5430298053,-0.4813256229,-3.438331851606929,1.3810949409,0.0782971287,0.8266342663999999,-0.0613256228999999
645,645,645.0,645.0,645.0,645.0,645.0,645.0,645.0,645.0,5.0,,0.5,-0.6054662579,-0.7627223553,-0.8502282602074558,1.4593920696,0.1006754815999999,0.7483371376999999,-0.2627223553
646,646,646.0,646.0,646.0,646.0,646.0,646.0,646.0,646.0,6.0,,0.6,-0.6821616851,-0.7710497541,-1.3387409943523534,1.5600675512,0.1168136807999999,0.6476616560999999,-0.3510497540999999
647,647,647.0,647.0,647.0,647.0,647.0,647.0,647.0,647.0,7.0,,0.7,-0.7620122461,-0.8250732927,-1.396684912551062,1.676881232,0.1384499369,0.5308479752999999,-0.6450732926999998
648,648,648.0,648.0,648.0,648.0,648.0,648.0,648.0,648.0,8.0,,0.8,-0.8472840942,-0.8794699358,-3.62601195264614,1.8153311689,0.1899418352000002,0.3923980383999998,-1.0994699358000002
649,649,649.0,649.0,649.0,649.0,649.0,649.0,649.0,649.0,9.0,,0.9,-0.9485172814,-1.1408379439,1.7705192030981047,2.0052730041,0.2024562031999996,0.2024562031999996,-1.9208379439000005
650,650,650.0,650.0,650.0,650.0,650.0,650.0,650.0,650.0,0.0,,0.0,0.0,-1.0,-11.049396793220437,0.0,0.2901491052,1.9817876967,-2.5
651,651,651.0,651.0,651.0,651.0,651.0,651.0,651.0,651.0,1.0,,0.1,-0.1486131348,-1.9563265445,13.24454486717028,0.2901491052,0.2592699623,1.6916385915,-2.7363265445
652,652,652.0,652.0,652.0,652.0,652.0,652.0,652.0,652.0,2.0,,0.2,-0.2707128222,-0.5097723704,-16.51614336306034,0.5494190675,0.3311308822,1.4323686292,-0.7297723704
653,653,653.0,653.0,653.0,653.0,653.0,653.0,653.0,653.0,3.0,,0.3,-0.3991195617,-2.0329799672,14.629911151884164,0.8805499497,0.3010665746000001,1.101237747,-1.8529799672
654,654,654.0,654.0,654.0,654.0,654.0,654.0,654.0,654.0,4.0,,0.4,-0.5218121982,-0.4472962155,-3.269316138257002,1.1816165243,0.0701735776999998,0.8001711724,-0.0272962154999999
655,655,655.0,655.0,655.0,655.0,655.0,655.0,655.0,655.0,5.0,,0.5,-0.5801927676,-0.71584726,-1.8278528954020687,1.251790102,0.0992157343999999,0.7299975947000001,-0.2158472599999999
656,656,656.0,656.0,656.0,656.0,656.0,656.0,656.0,656.0,6.0,,0.6,-0.6571563559,-0.8216689611,-1.2034186282077797,1.3510058364,0.1202189340000001,0.6307818603000002,-0.4016689610999999
657,657,657.0,657.0,657.0,657.0,657.0,657.0,657.0,657.0,7.0,,0.7,-0.7411695994,-0.8579975805,-0.7006522953060998,1.4712247704,0.1340615678999999,0.5105629263,-0.6779975804999998
658,658,658.0,658.0,658.0,658.0,658.0,658.0,658.0,658.0,8.0,,0.8,-0.8262083918,-0.8430240177,-3.8662557023004167,1.6052863383,0.1823711915999999,0.3765013584000001,-1.0630240177
659,659,659.0,659.0,659.0,659.0,659.0,659.0,659.0,659.0,9.0,,0.9,-0.9251354652,-1.1307225144,1.9942907028056769,1.7876575299,0.1941301668000001,0.1941301668000001,-1.9107225144
660,660,660.0,660.0,660.0,660.0,660.0,660.0,660.0,0.0,,,0.0,0.0,-1.0,18.37292452548519,0.0,0.1975349331,2.2539839317,1.3557916285
661,661,661.0,661.0,661.0,661.0,661.0,661.0,661.0,1.0,,,0.1,-0.006285065,0.8435775175,-19.34181978740982,0.1975349331,0.2195693097999999,2.0564489986,1.3557916285
662,662,662.0,662.0,662.0,662.0,662.0,662.0,662.0,2.0,,,0.2,-0.0195725214,-1.0773170048,17.906674808976263,0.4171042429,0.1902335002,1.8368796888,1.3557916285
663,663,663.0,663.0,663.0,663.0,663.0,663.0,663.0,3.0,,,0.3,-0.0354707212,0.7292486759,-19.940749533799416,0.6073377431,0.2384979706,1.6466461886,1.3557916285
664,664,664.0,664.0,664.0,664.0,664.0,664.0,664.0,4.0,,,0.4,-0.0625352664,-1.2377617323,20.761991600501645,0.8458357137,0.2558563358,1.408148218,1.3557916285
665,665,665.0,665.0,665.0,665.0,665.0,665.0,665.0,5.0,,,0.5,-0.0798894672,0.8557916285,-20.1595200609939,1.1016920495,0.2396290090999999,1.1522918822,1.3557916285
666,666,666.0,666.0,666.0,666.0,666.0,666.0,666.0,6.0,,,0.6,-0.0959701378,-1.1440797069,17.55521156760619,1.3413210586,0.1877312549000001,0.9126628731000002,1.3557916285
667,667,667.0,667.0,667.0,667.0,667.0,667.0,667.0,7.0,,,0.7,-0.1199218759,0.6353931879,-19.63706910530352,1.5290523135,0.2372214531999998,0.7249316182000001,1.3557916285
668,668,668.0,668.0,668.0,668.0,668.0,668.0,668.0,8.0,,,0.8,-0.1544489249,-1.2937866736,19.16226155741273,1.7662737667,0.2278968803000001,0.4877101650000002,1.3557916285
669,669,669.0,669.0,669.0,669.0,669.0,669.0,669.0,9.0,,,0.9,-0.1848732163,0.6528637735,-20.45237907726392,1.994170647,0.2598132847000001,0.2598132847000001,1.3557916285
670,670,670.0,670.0,670.0,670.0,670.0,670.0,670.0,0.0,,,0.0,0.0,-1.0,17.888770533100132,0.0,0.1877113449,2.2458040984,1.3261997538
671,671,671.0,671.0,671.0,671.0,671.0,671.0,671.0,1.0,,,0.1,-0.0086271202,0.7975041735,-19.893728404753567,0.1877113449,0.2343303392,2.0580927535,1.3261997538
672,672,672.0,672.0,672.0,672.0,672.0,672.0,672.0,2.0,,,0.2,-0.0289688481,-1.171526939,20.62014815332118,0.4220416841,0.2500835794,1.8237624143,1.3261997538
673,673,673.0,673.0,673.0,673.0,673.0,673.0,673.0,3.0,,,0.3,-0.0407061075,0.9022251356,-20.16003922163624,0.6721252635,0.2381434396999999,1.5736788349,1.3261997538
674,674,674.0,674.0,674.0,674.0,674.0,674.0,674.0,4.0,,,0.4,-0.0523705605,-1.1021143335,19.16125011253776,0.9102687032,0.2166054041999999,1.3355353952,1.3261997538
675,675,675.0,675.0,675.0,675.0,675.0,675.0,675.0,5.0,,,0.5,-0.0645596365,0.8261997538,-19.457144506811733,1.1268741074,0.2230592874000001,1.118929991,1.3261997538
676,676,676.0,676.0,676.0,676.0,676.0,676.0,676.0,6.0,,,0.6,-0.0800586628,-1.1040156707,17.453019289864457,1.3499333948,0.1836569186999999,0.8958707035999998,1.3261997538
677,677,677.0,677.0,677.0,677.0,677.0,677.0,677.0,7.0,,,0.7,-0.1006921208,0.6619197164,-19.76339965610054,1.5335903135,0.2384432892000001,0.7122137848999999,1.3261997538
678,678,678.0,678.0,678.0,678.0,678.0,678.0,678.0,8.0,,,0.8,-0.1333059508,-1.2818064193,20.754706567475,1.7720336027,0.2593002228999999,0.4737704956999997,1.3261997538
679,679,679.0,679.0,679.0,679.0,679.0,679.0,679.0,9.0,,,0.9,-0.1548868357,0.8152451224,-19.00608362415678,2.0313338256,0.2144702727999998,0.2144702727999998,1.3261997538
680,680,680.0,680.0,680.0,680.0,680.0,680.0,680.0,0.0,,,0.0,0.0,-1.0,17.248066450238365,0.0,0.1752949826,2.2358089586,1.2401543446
681,681,681.0,681.0,681.0,681.0,681.0,681.0,681.0,1.0,,,0.1,-0.0117264735,0.7365331185,-20.22090813464285,0.1752949826,0.2452911947999999,2.060513976,1.2401543446
682,682,682.0,682.0,682.0,682.0,682.0,682.0,682.0,2.0,,,0.2,-0.0394530614,-1.2578311071,20.13937927001068,0.4205861774,0.2427715124,1.8152227812,1.2401543446
683,683,683.0,683.0,683.0,683.0,683.0,683.0,683.0,3.0,,,0.3,-0.0617289309,0.7783826894,-19.243347979629394,0.6633576898,0.2193313477,1.5724512688,1.2401543446
684,684,684.0,684.0,684.0,684.0,684.0,684.0,684.0,4.0,,,0.4,-0.0807441317,-1.1269369077,18.49307734345165,0.8826890375,0.2043198923,1.3531199210999998,1.2401543446
685,685,685.0,685.0,685.0,685.0,685.0,685.0,685.0,5.0,,,0.5,-0.0985276496,0.7401543446,-20.434739965811247,1.0870089298,0.2516299798999999,1.1488000287999998,1.2401543446
686,686,686.0,686.0,686.0,686.0,686.0,686.0,686.0,6.0,,,0.6,-0.1269440183,-1.2749032833,19.7981605971624,1.3386389097,0.2384831037999999,0.8971700488999999,1.2401543446
687,687,687.0,687.0,687.0,687.0,687.0,687.0,687.0,7.0,,,0.7,-0.1524952451,0.7304640032,-19.65880282547652,1.5771220135,0.2333821310000001,0.6586869450999999,1.2401543446
688,688,688.0,688.0,688.0,688.0,688.0,688.0,688.0,8.0,,,0.8,-0.1780802522,-1.2098312723,17.09726982915195,1.8105041445,0.1863352841999999,0.4253048140999997,1.2401543446
689,689,689.0,689.0,689.0,689.0,689.0,689.0,689.0,9.0,,,0.9,-0.2105043654,0.5323198238,-19.30426526294715,1.9968394287,0.2389695298999998,0.2389695298999998,1.2401543446
690,690,690.0,690.0,690.0,690.0,690.0,690.0,690.0,0.0,,,0.0,0.0,-1.0,16.92921285362296,0.0,0.1693637662,2.2568600537000005,1.1462763749
691,691,691.0,691.0,691.0,691.0,691.0,691.0,691.0,1.0,,,0.1,-0.0132689026,0.7061901879,-20.5909714630948,0.1693637662,0.2567488589,2.0874962875000005,1.1462763749
692,692,692.0,692.0,692.0,692.0,692.0,692.0,692.0,2.0,,,0.2,-0.0456731529,-1.320502708,19.96950422765545,0.4261126251,0.2426438577,1.8307474286000005,1.1462763749
693,693,693.0,693.0,693.0,693.0,693.0,693.0,693.0,3.0,,,0.3,-0.0747347726,0.7055093344,-19.093051628944185,0.6687564828,0.2187352163,1.5881035709000002,1.1462763749
694,694,694.0,694.0,694.0,694.0,694.0,694.0,694.0,4.0,,,0.4,-0.0999577445,-1.1785728566,17.99754790234065,0.8874916991,0.1976432228999999,1.3693683546000002,1.1462763749
695,695,695.0,695.0,695.0,695.0,695.0,695.0,695.0,5.0,,,0.5,-0.1250521857,0.6462763749,-19.76145067721207,1.085134922,0.2399074235,1.1717251317,1.1462763749
696,696,696.0,696.0,696.0,696.0,696.0,696.0,696.0,6.0,,,0.6,-0.1591452488,-1.2957756298,20.144160436595698,1.3250423455,0.2478579312,0.9318177082,1.1462763749
697,697,697.0,697.0,697.0,697.0,697.0,697.0,697.0,7.0,,,0.7,-0.1850089721,0.7445041371,-19.798410924111938,1.5729002767,0.2373359916999999,0.6839597770000001,1.1462763749
698,698,698.0,698.0,698.0,698.0,698.0,698.0,698.0,8.0,,,0.8,-0.2099332264,-1.2104127009,16.326660417746368,1.8102362684,0.1754712220000001,0.4466237853000001,1.1462763749
699,699,699.0,699.0,699.0,699.0,699.0,699.0,699.0,9.0,,,0.9,-0.2461405249,0.4584606393,-20.166905204953977,1.9857074904,0.2711525633,0.2711525633,1.1462763749
700,700,700.0,700.0,700.0,700.0,700.0,700.0,700.0,0.0,,,0.0,0.0,-1.0,17.867258101077365,0.0,0.1872835984,2.3797356912,1.1305092145
701,701,701.0,701.0,701.0,701.0,701.0,701.0,701.0,1.0,,,0.1,-0.0087311846,0.7954569947,-20.13403460736913,0.1872835984,0.2404595467,2.1924520928,1.1305092145
702,702,702.0,702.0,702.0,702.0,702.0,702.0,702.0,2.0,,,0.2,-0.030430189,-1.1962474616,20.87799048801544,0.4277431451,0.256664667,1.9519925461,1.1305092145
703,703,703.0,703.0,703.0,703.0,703.0,703.0,703.0,3.0,,,0.3,-0.0432726261,0.9043940243,-19.34797099662413,0.6844078121,0.218789185,1.6953278791000002,1.1305092145
704,704,704.0,704.0,704.0,704.0,704.0,704.0,704.0,4.0,,,0.4,-0.0508023684,-1.0228733331,16.351419222626916,0.9031969971,0.1603375787999998,1.4765386941,1.1305092145
705,705,705.0,705.0,705.0,705.0,705.0,705.0,705.0,5.0,,,0.5,-0.0690429937,0.6305092145,-20.71847115263937,1.0635345759,0.2657389955,1.3162011153000002,1.1305092145
706,706,706.0,706.0,706.0,706.0,706.0,706.0,706.0,6.0,,,0.6,-0.1092660093,-1.4011148852,19.57371307935045,1.3292735714,0.2418293388000001,1.0504621198,1.1305092145
707,707,707.0,707.0,707.0,707.0,707.0,707.0,707.0,7.0,,,0.7,-0.1479136018,0.5949040153,-20.95897691193157,1.5711029102,0.2771161155999999,0.808632781,1.1305092145
708,708,708.0,708.0,708.0,708.0,708.0,708.0,708.0,8.0,,,0.8,-0.1926882319,-1.4562190458,19.75408881756806,1.8482190258,0.2529276759999999,0.5315166654000001,1.1305092145
709,709,709.0,709.0,709.0,709.0,709.0,709.0,709.0,9.0,,,0.9,-0.2357071432,0.5622087472,-20.790709575937058,2.1011467018,0.2785889894000002,0.2785889894000002,1.1305092145
710,710,710.0,710.0,710.0,710.0,710.0,710.0,710.0,0.0,,,0.0,0.0,-1.0,17.64055063615184,0.0,0.182822083,2.1513832053,1.1899982484
711,711,711.0,711.0,711.0,711.0,711.0,711.0,711.0,1.0,,,0.1,-0.0098278634,0.773882927,-19.070348894898807,0.182822083,0.2150221443,1.9685611223,1.1899982484
712,712,712.0,712.0,712.0,712.0,712.0,712.0,712.0,2.0,,,0.2,-0.0284344211,-1.1145454047,19.618171215316792,0.3978442273,0.2263772455999999,1.753538978,1.1899982484
713,713,713.0,713.0,713.0,713.0,713.0,713.0,713.0,3.0,,,0.3,-0.0395961518,0.8584334474,-19.274033127146485,0.6242214729,0.2177531778,1.5271617324000002,1.1899982484
714,714,714.0,714.0,714.0,714.0,714.0,714.0,714.0,4.0,,,0.4,-0.0511419537,-1.0574240633,17.305069553427053,0.8419746507,0.1785916106999999,1.3094085546,1.1899982484
715,715,715.0,715.0,715.0,715.0,715.0,715.0,715.0,5.0,,,0.5,-0.0680573101,0.6899982484,-20.50734076838814,1.0205662614,0.2559079298,1.1308169439000002,1.1899982484
716,716,716.0,716.0,716.0,716.0,716.0,716.0,716.0,6.0,,,0.6,-0.1015978688,-1.3271952697,20.533628322589287,1.2764741912,0.2559151477000001,0.8749090141000002,1.1899982484
717,717,717.0,717.0,717.0,717.0,717.0,717.0,717.0,7.0,,,0.7,-0.1285675115,0.7531372052,-19.031184908897018,1.5323893389,0.2163079884999998,0.6189938664000001,1.1899982484
718,718,718.0,718.0,718.0,718.0,718.0,718.0,718.0,8.0,,,0.8,-0.1489588275,-1.1295899697,15.895729943248902,1.7486973274,0.160745289,0.4026858779000002,1.1899982484
719,719,719.0,719.0,719.0,719.0,719.0,719.0,719.0,9.0,,,0.9,-0.1795593123,0.4905835094,-19.330825413744847,1.9094426164,0.2419405889000001,0.2419405889000001,1.1899982484
720,720,720.0,720.0,720.0,720.0,720.0,720.0,0.0,,,,0.0,0.0,-1.0,4.666771748715362,0.0,0.0662124118,1.5784934067000005,0.15676696
721,721,721.0,721.0,721.0,721.0,721.0,721.0,1.0,,,,0.1,-0.0725874605,-0.4607353647,-4.098081293543976,0.0662124118,0.0509976555,1.5122809949000002,0.15676696
722,722,722.0,722.0,722.0,722.0,722.0,722.0,2.0,,,,0.2,-0.1362563574,-0.8068745971,2.3656547961110084,0.1172100673,0.0492263582,1.4612833394000002,0.15676696
723,723,723.0,723.0,723.0,723.0,723.0,723.0,3.0,,,,0.3,-0.2015969671,-0.5049685078,-4.943304884993038,0.1664364255,0.0710187786,1.4120569812,0.15676696
724,724,724.0,724.0,724.0,724.0,724.0,724.0,4.0,,,,0.4,-0.2735639084,-0.927332055,5.210573965821621,0.2374552041,0.0658010414,1.3410382026,0.15676696
725,725,725.0,725.0,725.0,725.0,725.0,725.0,5.0,,,,0.5,-0.3366055268,-0.34323304,-6.88710499111821,0.3032562455,0.0837951376999999,1.2752371612,0.15676696
726,726,726.0,726.0,726.0,726.0,726.0,726.0,6.0,,,,0.6,-0.4025842684,-0.9659647975,8.086293215273162,0.3870513832,0.0858105183,1.1914420235,0.15676696
727,727,727.0,727.0,727.0,727.0,727.0,727.0,7.0,,,,0.7,-0.4553911982,-0.1045285461,-19.91956761159687,0.4728619015,0.3654198374,1.1056315052,0.15676696
728,728,728.0,728.0,728.0,728.0,728.0,728.0,8.0,,,,0.8,-0.561697677,-1.9901788285,20.928801012720584,0.8382817389,0.3753467703000001,0.7402116678,0.15676696
729,729,729.0,729.0,729.0,729.0,729.0,729.0,9.0,,,,0.9,-0.649846886,0.1908504817,-20.85460015839765,1.2136285092,0.3648648974999999,0.3648648974999999,0.15676696
730,730,730.0,730.0,730.0,730.0,730.0,730.0,0.0,,,,0.0,0.0,-1.0,5.271392255841675,0.0,0.065589465,2.0607737201,0.2852233932
731,731,731.0,731.0,731.0,731.0,731.0,731.0,1.0,,,,0.1,-0.0696626521,-0.4031981224,-5.220830040592999,0.065589465,0.0568485641,1.9951842551,0.2852233932
732,732,732.0,732.0,732.0,732.0,732.0,732.0,2.0,,,,0.2,-0.1332873638,-0.8616564146,3.540994373984561,0.1224380291,0.0527090974,1.938335691,0.2852233932
733,733,733.0,733.0,733.0,733.0,733.0,733.0,3.0,,,,0.3,-0.1981555466,-0.4426887945,-6.281366801820767,0.1751471265,0.0802058629,1.8856265936,0.2852233932
734,734,734.0,734.0,734.0,734.0,734.0,734.0,4.0,,,,0.4,-0.2706685503,-0.998312471,7.235342351257762,0.2553529894,0.0767599894,1.8054207307,0.2852233932
735,735,735.0,735.0,735.0,735.0,735.0,735.0,5.0,,,,0.5,-0.3306701793,-0.2147766068,-19.3104124506762,0.3321129788,0.3575667942,1.7286607413,0.2852233932
736,736,736.0,736.0,736.0,736.0,736.0,736.0,6.0,,,,0.6,-0.44452141,-2.0319666212,19.07685763829276,0.689679773,0.3440497446,1.3710939471,0.2852233932
737,737,737.0,737.0,737.0,737.0,737.0,737.0,7.0,,,,0.7,-0.5456058767,-0.0231963907,-19.699666863035205,1.0337295176,0.3519045119999999,1.0270442024999995,0.2852233932
738,738,738.0,738.0,738.0,738.0,738.0,738.0,8.0,,,,0.8,-0.643108722,-1.8956602317,19.83808396576217,1.3856340296,0.353125345,0.6751396904999998,0.2852233932
739,739,739.0,739.0,739.0,739.0,739.0,739.0,9.0,,,,0.9,-0.7275395548,0.1725789977,-19.01627560627987,1.7387593746,0.3220143454999997,0.3220143454999997,0.2852233932
740,740,740.0,740.0,740.0,740.0,740.0,740.0,0.0,,,,0.0,0.0,-1.0,4.776732746856304,0.0,0.0660550556,1.5733828447999998,0.2080557331999999
741,741,741.0,741.0,741.0,741.0,741.0,741.0,1.0,,,,0.1,-0.072055529,-0.4502711964,-4.740179685044173,0.0660550556,0.0569597818,1.5073277892,0.2080557331999999
742,742,742.0,742.0,742.0,742.0,742.0,742.0,2.0,,,,0.2,-0.1378347252,-0.8585099686,4.349490965434839,0.1230148374,0.051298463,1.4503680073999998,0.2080557331999999
743,743,743.0,743.0,743.0,743.0,743.0,743.0,3.0,,,,0.3,-0.1984924476,-0.3629031496,-6.753330393130257,0.1743133004,0.0762408256999999,1.3990695444,0.2080557331999999
744,744,744.0,744.0,744.0,744.0,744.0,744.0,4.0,,,,0.4,-0.2656959049,-0.9710327317,6.165053937703304,0.2505541261,0.0712058151,1.3228287187,0.2080557331999999
745,745,745.0,745.0,745.0,745.0,745.0,745.0,5.0,,,,0.5,-0.3282789761,-0.2919442668,-6.577550475419375,0.3217599412,0.0726331551,1.2516229036,0.2080557331999999
746,746,746.0,746.0,746.0,746.0,746.0,746.0,6.0,,,,0.6,-0.3878795087,-0.8900987817,6.720442629508122,0.3943930963,0.0718591310999999,1.1789897484999998,0.2080557331999999
747,747,747.0,747.0,747.0,747.0,747.0,747.0,7.0,,,,0.7,-0.4400740243,-0.1658600031,-19.82574714652582,0.4662522274,0.3736196192,1.1071306174,0.2080557331999999
748,748,748.0,748.0,748.0,748.0,748.0,748.0,8.0,,,,0.8,-0.5517631049,-2.0367456372,20.97287829340721,0.8398718466,0.3832437194999999,0.7335109982,0.2080557331999999
749,749,749.0,749.0,749.0,749.0,749.0,749.0,9.0,,,,0.9,-0.6441305114,0.1529095987,-20.22945652394849,1.2231155661,0.3502672787000001,0.3502672787000001,0.2080557331999999
750,750,750.0,750.0,750.0,750.0,750.0,750.0,0.0,,,,0.0,0.0,-1.0,3.818245146919249,0.0,0.0680851057,1.4870254098000002,0.1626236256
751,751,751.0,751.0,751.0,751.0,751.0,751.0,1.0,,,,0.1,-0.0766921369,-0.5414833484,-3.632274358359362,0.0680851057,0.0562888169,1.4189403041000002,0.1626236256
752,752,752.0,752.0,752.0,752.0,752.0,752.0,2.0,,,,0.2,-0.1457919211,-0.8356110001,3.830631507704094,0.1243739226,0.0494463751999999,1.3626514872000002,0.1626236256
753,753,753.0,753.0,753.0,753.0,753.0,753.0,3.0,,,,0.3,-0.2067804591,-0.3915593112,-5.096009017700187,0.1738202978,0.0584963564,1.313205112,0.1626236256
754,754,754.0,754.0,754.0,754.0,754.0,754.0,4.0,,,,0.4,-0.2686936851,-0.839246987,4.4345756316992295,0.2323166542,0.0552066576,1.2547087556,0.1626236256
755,755,755.0,755.0,755.0,755.0,755.0,755.0,5.0,,,,0.5,-0.3271067346,-0.3373763744,-6.133298550903279,0.2875233118,0.0720260704999999,1.199502098,0.1626236256
756,756,756.0,756.0,756.0,756.0,756.0,756.0,6.0,,,,0.6,-0.3888816626,-0.8889313015,6.860737849636291,0.3595493823,0.0722145636,1.1274760275,0.1626236256
757,757,757.0,757.0,757.0,757.0,757.0,757.0,7.0,,,,0.7,-0.4402864108,-0.1514527683,-19.642105055190708,0.4317639459,0.3644208669,1.0552614639,0.1626236256
758,758,758.0,758.0,758.0,758.0,758.0,758.0,8.0,,,,0.8,-0.5497161111,-2.0062335735,20.279535839067147,0.7961848128,0.3670083881999999,0.690840597,0.1626236256
759,759,759.0,759.0,759.0,759.0,759.0,759.0,9.0,,,,0.9,-0.642533898,0.1145377973,-19.18173265910241,1.163193201,0.3238322088000001,0.3238322088000001,0.1626236256
760,760,760.0,760.0,760.0,760.0,760.0,760.0,0.0,,,,0.0,0.0,-1.0,4.791317868887619,0.0,0.0660356602,2.0740941598,0.2835043476000002
761,761,761.0,761.0,761.0,761.0,761.0,761.0,1.0,,,,0.1,-0.0719849746,-0.4488832385,-5.057031701620086,0.0660356602,0.0605971718,2.0080584996,0.2835043476000002
762,762,762.0,762.0,762.0,762.0,762.0,762.0,2.0,,,,0.2,-0.139164835,-0.8874065483,4.316209888694602,0.126632832,0.0548665255,1.9474613278,0.2835043476000002
763,763,763.0,763.0,763.0,763.0,763.0,763.0,3.0,,,,0.3,-0.2027334249,-0.3922169695,-5.293004572723695,0.1814993575,0.0607593196,1.8925948023,0.2835043476000002
764,764,764.0,764.0,764.0,764.0,764.0,764.0,4.0,,,,0.4,-0.265662184,-0.8585886677,5.371576019606326,0.2422586771,0.0573386560999999,1.8318354827,0.2835043476000002
765,765,765.0,765.0,765.0,765.0,765.0,765.0,5.0,,,,0.5,-0.3213831743,-0.2657100754,-19.418353371433938,0.2995973332,0.3718551007,1.7744968266,0.2835043476000002
766,766,766.0,766.0,766.0,766.0,766.0,766.0,6.0,,,,0.6,-0.440603517,-2.0883250699,20.9441459010418,0.6714524339,0.3801020214,1.4026417259,0.2835043476000002
767,767,767.0,767.0,767.0,767.0,767.0,767.0,7.0,,,,0.7,-0.5380183444,0.1035043476,-20.607097502037224,1.0515544553,0.3575605315999999,1.0225397045,0.2835043476000002
768,768,768.0,768.0,768.0,768.0,768.0,768.0,8.0,,,,0.8,-0.6278537337,-1.8673700132,19.57796494707072,1.4091149869,0.3424063153000001,0.6649791729000001,0.2835043476000002
769,769,769.0,769.0,769.0,769.0,769.0,769.0,9.0,,,,0.9,-0.7108507008,0.1734234485,-19.12320298484326,1.7515213022,0.3225728576,0.3225728576,0.2835043476000002
770,770,770.0,770.0,770.0,770.0,770.0,770.0,0.0,,,,0.0,0.0,-1.0,3.885077816968636,0.0,0.0678952929,2.2987934331,0.2690875667
771,771,771.0,771.0,771.0,771.0,771.0,771.0,1.0,,,,0.1,-0.0763688394,-0.5351233789,-4.407572221605254,0.0678952929,0.0642792554,2.2308981402000003,0.2690875667
772,772,772.0,772.0,772.0,772.0,772.0,772.0,2.0,,,,0.2,-0.1486138317,-0.9036356088,5.338259313984425,0.1321745483,0.0567943244,2.1666188848000005,0.2690875667
773,773,773.0,773.0,773.0,773.0,773.0,773.0,3.0,,,,0.3,-0.208782741,-0.3096407681,-7.361736692645655,0.1889688727,0.078794282,2.1098245604000003,0.2690875667
774,774,774.0,774.0,774.0,774.0,774.0,774.0,4.0,,,,0.4,-0.2738607502,-0.9807364281,6.89866287562719,0.2677631547,0.0740754886,2.0310302784000003,0.2690875667
775,775,775.0,775.0,775.0,775.0,775.0,775.0,5.0,,,,0.5,-0.3338184574,-0.2309124333,-20.25490901355229,0.3418386433,0.3936869232,1.9569547898,0.2690875667
776,776,776.0,776.0,776.0,776.0,776.0,776.0,6.0,,,,0.6,-0.4537741393,-2.1364476528,19.965287115191376,0.7355255665,0.3777046454999999,1.5632678666000002,0.2690875667
777,777,777.0,777.0,777.0,777.0,777.0,777.0,7.0,,,,0.7,-0.5605035862,-0.0331894944,-20.95823994916833,1.113230212,0.3975944761000001,1.1855632211000002,0.2690875667
778,778,778.0,778.0,778.0,778.0,778.0,778.0,8.0,,,,0.8,-0.6650457458,-2.0244713298,19.83588883398828,1.5108246881,0.3797766975999999,0.7879687450000001,0.2690875667
779,779,779.0,779.0,779.0,779.0,779.0,779.0,9.0,,,,0.9,-0.7617451955,0.0558170034,-20.95711958237357,1.8906013857,0.4081920474000002,0.4081920474000002,0.2690875667
780,780,780.0,780.0,780.0,780.0,780.0,0.0,,,,,0.0,0.0,-1.0,3.666979568124152,0.0,0.0685412263,3.7125544516,0.4048163243
781,781,781.0,781.0,781.0,781.0,781.0,1.0,,,,,0.1,-0.0774238669,-0.5558781762,-20.539815719746368,0.0685412263,0.4749977622,3.6440132253,0.4048163243
782,782,782.0,782.0,782.0,782.0,782.0,2.0,,,,,0.2,-0.2296823391,-2.4576012761,20.30022409673224,0.5435389885,0.4393128437,3.1690154631,0.4048163243
783,783,783.0,783.0,783.0,783.0,783.0,3.0,,,,,0.3,-0.3653533564,-0.2919078491,-20.02436426446826,0.9828518322,0.4023435498,2.7297026194,0.4048163243
784,784,784.0,784.0,784.0,784.0,784.0,4.0,,,,,0.4,-0.4899982762,-2.1696993557,19.62999992692263,1.385195382,0.3846929461999999,2.3273590696,0.4048163243
785,785,785.0,785.0,785.0,785.0,785.0,5.0,,,,,0.5,-0.6015139636,-0.0951836757,-20.845892519455685,1.7698883282,0.4116090153999998,1.9426661234,0.4048163243
786,786,786.0,786.0,786.0,786.0,786.0,6.0,,,,,0.6,-0.7114121844,-2.0698747068,19.32924341772211,2.1814973436,0.3893767466,1.5310571080000002,0.4048163243
787,787,787.0,787.0,787.0,787.0,787.0,7.0,,,,,0.7,-0.8148831967,-0.0334793527,-19.03948850302288,2.5708740902,0.3712055488000003,1.1416803614000002,0.4048163243
788,788,788.0,788.0,788.0,788.0,788.0,8.0,,,,,0.8,-0.9101711364,-1.8421402634,19.822773016545742,2.942079639,0.3885258703000001,0.7704748125999998,0.4048163243
789,789,789.0,789.0,789.0,789.0,789.0,9.0,,,,,0.9,-0.9895829202,0.2195488221,-19.711320374190294,3.3306055093,0.3819489422999997,0.3819489422999997,0.4048163243
790,790,790.0,790.0,790.0,790.0,790.0,0.0,,,,,0.0,0.0,-1.0,2.79357356817518,0.0,0.071901157,3.700380450900001,0.479827672
791,791,791.0,791.0,791.0,791.0,791.0,1.0,,,,,0.1,-0.0816489007,-0.6389937425,-19.46823829224533,0.071901157,0.4587445932,3.6284792939,0.479827672
792,792,792.0,792.0,792.0,792.0,792.0,2.0,,,,,0.2,-0.236633191,-2.4308332814,20.591723755172307,0.5306457502,0.4359268987,3.1697347007000003,0.479827672
793,793,793.0,793.0,793.0,793.0,793.0,3.0,,,,,0.3,-0.3683467912,-0.2399473057,-20.86897200437487,0.9665726489,0.4203644172999999,2.7338078020000003,0.479827672
794,794,794.0,794.0,794.0,794.0,794.0,4.0,,,,,0.4,-0.4921326472,-2.2030586501,20.73543524800705,1.3869370662,0.4062670546,2.3134433847,0.479827672
795,795,795.0,795.0,795.0,795.0,795.0,5.0,,,,,0.5,-0.6014754445,-0.020172328,-19.900401691737475,1.7932041208,0.3646217177999999,1.9071763301,0.479827672
796,796,796.0,796.0,796.0,796.0,796.0,6.0,,,,,0.6,-0.6996616439,-1.9120262978,18.736105792794824,2.1578258386,0.3491736680000001,1.5425546123,0.479827672
797,797,797.0,797.0,797.0,797.0,797.0,7.0,,,,,0.7,-0.7909806394,0.052903277,-20.62457019915496,2.5069995066,0.4023339828999996,1.1933809443,0.479827672
798,798,798.0,798.0,798.0,798.0,798.0,8.0,,,,,0.8,-0.8857158781,-1.9148185043,19.307608143671423,2.9093334895,0.3890077106,0.7910469614000002,0.479827672
799,799,799.0,799.0,799.0,799.0,799.0,9.0,,,,,0.9,-0.974535978,0.10476241,-19.866378565080044,3.2983412001,0.4020392508000001,0.4020392508000001,0.479827672
800,800,800.0,800.0,800.0,800.0,800.0,0.0,,,,,0.0,0.0,-1.0,3.9494147350321898,0.0,0.0677194034,3.6218891603,0.3472936287
801,801,801.0,801.0,801.0,801.0,801.0,1.0,,,,,0.1,-0.0760576149,-0.5290009116,-19.89944182179353,0.0677194034,0.4432106845,3.5541697569,0.3472936287
802,802,802.0,802.0,802.0,802.0,802.0,2.0,,,,,0.2,-0.2226606209,-2.3723420878,20.27396812099417,0.5109300879,0.4166593366,3.1109590724,0.3472936287
803,803,803.0,803.0,803.0,803.0,803.0,3.0,,,,,0.3,-0.3503451647,-0.2172607319,-19.03666151616289,0.9275894245,0.3505396646999998,2.6942997358,0.3472936287
804,804,804.0,804.0,804.0,804.0,804.0,4.0,,,,,0.4,-0.4631085054,-2.0081635428,17.489596215515057,1.2781290892,0.3234255469,2.3437600711,0.3472936287
805,805,805.0,805.0,805.0,805.0,805.0,5.0,,,,,0.5,-0.5696060554,-0.1527063713,-20.82278166723828,1.6015546361,0.4193189638999999,2.0203345242,0.3472936287
806,806,806.0,806.0,806.0,806.0,806.0,6.0,,,,,0.6,-0.68486632,-2.1197242734,20.430630224431223,2.0208736,0.4099067285000002,1.6010155603,0.3472936287
807,807,807.0,807.0,807.0,807.0,807.0,7.0,,,,,0.7,-0.7877532765,0.0262257056,-19.916746346213387,2.4307803285,0.3835550982,1.1911088317999998,0.3472936287
808,808,808.0,808.0,808.0,808.0,808.0,8.0,,,,,0.8,-0.8816032335,-1.871598972,20.51850947301158,2.8143354267,0.3986913000999998,0.8075537335999998,0.3472936287
809,809,809.0,809.0,809.0,809.0,809.0,9.0,,,,,0.9,-0.9604528162,0.2591015579,-20.955611736157376,3.2130267268,0.4088624334999999,0.4088624334999999,0.3472936287
810,810,810.0,810.0,810.0,810.0,810.0,0.0,,,,,0.0,0.0,-1.0,2.918869690520873,0.0,0.0713432637,3.659874896,0.4949455208
811,811,811.0,811.0,811.0,811.0,811.0,1.0,,,,,0.1,-0.081042791,-0.62707024,-20.224620775704587,0.0713432637,0.4838801697,3.5885316323,0.4949455208
812,812,812.0,812.0,812.0,812.0,812.0,2.0,,,,,0.2,-0.2385513497,-2.4920237588,20.46641798611464,0.5552234334,0.4508245884,3.1046514626,0.4949455208
813,813,813.0,813.0,813.0,813.0,813.0,3.0,,,,,0.3,-0.37669415,-0.3072391599,-19.190254381393533,1.0060480218,0.3780481452999999,2.6538268742,0.4949455208
814,814,814.0,814.0,814.0,814.0,814.0,4.0,,,,,0.4,-0.498763099,-2.104195649,19.954276390386088,1.3840961671,0.3757359488,2.2757787289,0.4949455208
815,815,815.0,815.0,815.0,815.0,815.0,5.0,,,,,0.5,-0.6024766299,-0.0050544792,-20.70356141631988,1.7598321159,0.388501857,1.9000427801,0.4949455208
816,816,816.0,816.0,816.0,816.0,816.0,6.0,,,,,0.6,-0.7031093964,-1.9747778543,20.07188975447974,2.1483339729,0.3793649393999998,1.5115409230999997,0.4949455208
817,817,817.0,817.0,817.0,817.0,817.0,7.0,,,,,0.7,-0.793938254,0.1232399788,-19.778807291245386,2.5276989123,0.3632885011,1.1321759836999998,0.4949455208
818,818,818.0,818.0,818.0,818.0,818.0,8.0,,,,,0.8,-0.877888738,-1.7706902664,18.13660800689373,2.8909874134,0.3469116432999999,0.7688874825999998,0.4949455208
819,819,819.0,819.0,819.0,819.0,819.0,9.0,,,,,0.9,-0.95865784,0.1237396364,-20.687316860313,3.2378990567,0.4219758392999999,0.4219758392999999,0.4949455208
820,820,820.0,820.0,820.0,820.0,820.0,0.0,,,,,0.0,0.0,-1.0,3.318907743010091,0.0,0.0697320678,3.6297132095,0.4345180609
821,821,821.0,821.0,821.0,821.0,821.0,1.0,,,,,0.1,-0.0791076359,-0.5890015898,-19.6895187593365,0.0697320678,0.4524209823,3.5599811417,0.4345180609
822,822,822.0,822.0,822.0,822.0,822.0,2.0,,,,,0.2,-0.2304049716,-2.40665613,20.2874413602473,0.5221530501,0.4259579292,3.1075601594,0.4345180609
823,823,823.0,823.0,823.0,823.0,823.0,3.0,,,,,0.3,-0.3612897527,-0.2470272129,-20.56725243539892,0.9481109793,0.4106260681,2.6816022302,0.4345180609
824,824,824.0,824.0,824.0,824.0,824.0,4.0,,,,,0.4,-0.4842898272,-2.180752382,20.04721148349793,1.3587370474,0.3915894722999999,2.2709761621,0.4345180609
825,825,825.0,825.0,825.0,825.0,825.0,5.0,,,,,0.5,-0.5948391217,-0.0654819391,-19.07239405794666,1.7503265197,0.3458024022000001,1.8793866898,0.4345180609
826,826,826.0,826.0,826.0,826.0,826.0,6.0,,,,,0.6,-0.6933315636,-1.874228903,18.02784134699181,2.0961289219,0.332497284,1.5335842876,0.4345180609
827,827,827.0,827.0,827.0,827.0,827.0,7.0,,,,,0.7,-0.7844798402,0.0197035083,-20.76143134277748,2.4286262059,0.4121200369999998,1.2010870036,0.4345180609
828,828,828.0,828.0,828.0,828.0,828.0,8.0,,,,,0.8,-0.8830365014,-1.9578829648,20.693173052697425,2.8407462429,0.4163485034,0.7889669666000003,0.4345180609
829,829,829.0,829.0,829.0,829.0,829.0,9.0,,,,,0.9,-0.9692521705,0.1976500096,-19.42827348587667,3.2570947463,0.3726184632000002,0.3726184632000002,0.4345180609
830,830,830.0,830.0,830.0,830.0,830.0,0.0,,,,,0.0,0.0,-1.0,3.6007646859295788,0.0,0.068752649,3.4533020148,0.4920517384
831,831,831.0,831.0,831.0,831.0,831.0,1.0,,,,,0.1,-0.077744176,-0.5621793554,-19.05542304632849,0.068752649,0.4216088613,3.3845493658000003,0.4920517384
832,832,832.0,832.0,832.0,832.0,832.0,2.0,,,,,0.2,-0.2234216524,-2.3220441836,20.389331811959305,0.4903615103,0.4057408972,2.9629405045,0.4920517384
833,833,833.0,833.0,833.0,833.0,833.0,3.0,,,,,0.3,-0.3457616553,-0.1607709995,-20.755561116164422,0.8961024075,0.3963884528,2.5571996073000003,0.4920517384
834,834,834.0,834.0,834.0,834.0,834.0,4.0,,,,,0.4,-0.4614643532,-2.1206244132,20.080077714538213,1.2924908603,0.3766844871999999,2.1608111545,0.4920517384
835,835,835.0,835.0,835.0,835.0,835.0,5.0,,,,,0.5,-0.5661327334,-0.0079482616,-19.05697503877819,1.6691753475,0.3311325655999999,1.7841266673000002,0.4920517384
836,836,836.0,836.0,836.0,836.0,836.0,6.0,,,,,0.6,-0.6590755041,-1.8207029948,15.122573393884906,2.0003079131,0.288519591,1.4529941017000003,0.4920517384
837,837,837.0,837.0,837.0,837.0,837.0,7.0,,,,,0.7,-0.7591841072,-0.2083370523,-18.17091446806823,2.2888275041,0.3693952219,1.1644745107000003,0.4920517384
838,838,838.0,838.0,838.0,838.0,838.0,8.0,,,,,0.8,-0.8669103118,-1.9177022945,20.570852061039464,2.658222726,0.4044557607999999,0.7950792888000002,0.4920517384
839,839,839.0,839.0,839.0,839.0,839.0,9.0,,,,,0.9,-0.9498940026,0.2223666024,-20.26432268643231,3.0626784868,0.3906235280000003,0.3906235280000003,0.4920517384
840,840,840.0,840.0,840.0,840.0,0.0,,,,,,0.0,0.0,-1.0,-5.562378189426947,0.0,0.1665059213,1.4981663498,-2.5
841,841,841.0,841.0,841.0,841.0,1.0,,,,,,0.1,-0.1220701354,-1.4341676835,4.378324197923798,0.1665059213,0.1485829525,1.3316604285,-2.2141676835000004
842,842,842.0,842.0,842.0,842.0,2.0,,,,,,0.2,-0.2373694994,-0.8810358997,-5.53882905613217,0.3150888738,0.147831944,1.183077476,-1.1010358996999998
843,843,843.0,843.0,843.0,843.0,3.0,,,,,,0.3,-0.3480047781,-1.3242835267,3.9258828667295145,0.4629208178,0.1408973476,1.035245532,-1.1442835267
844,844,844.0,844.0,844.0,844.0,4.0,,,,,,0.4,-0.4550359532,-0.8246640649,-4.482091931389874,0.6038181654,0.1366774617999999,0.8943481844,-0.4046640648999999
845,845,845.0,845.0,845.0,845.0,5.0,,,,,,0.5,-0.555194873,-1.1727143382,3.922676178821491,0.7404956272,0.1321844853,0.7576707226,-0.6727143382
846,846,846.0,846.0,846.0,846.0,6.0,,,,,,0.6,-0.6478178779,-0.6878237154,-5.208815359007831,0.8726801125,0.1449041851,0.6254862373,-0.2678237153999999
847,847,847.0,847.0,847.0,847.0,7.0,,,,,,0.7,-0.7384701897,-1.1180529396,3.40065967801084,1.0175842976,0.1502376997999999,0.4805820521999999,-0.9380529396
848,848,848.0,848.0,848.0,848.0,8.0,,,,,,0.8,-0.828416802,-0.6880403595,-4.493770676698162,1.1678219974,0.1628328357000001,0.3303443524,-0.9080403595000002
849,849,849.0,849.0,849.0,849.0,9.0,,,,,,0.9,-0.9156307702,-1.0502034589,3.872557993407279,1.3306548331,0.1675115166999998,0.1675115166999998,-1.8302034589
850,850,850.0,850.0,850.0,850.0,0.0,,,,,,0.0,0.0,-1.0,-4.049414940227044,0.0,0.1409910317,1.4789988127000002,-2.5
851,851,851.0,851.0,851.0,851.0,1.0,,,,,,0.1,-0.1147512999,-1.2901901942,2.3142042883766125,0.1409910317,0.1312762536,1.3380077810000002,-2.0701901942000003
852,852,852.0,852.0,852.0,852.0,2.0,,,,,,0.2,-0.2263343643,-0.9471867009,-4.800338074570544,0.2722672853,0.1490870336,1.2067315274,-1.1671867009
853,853,853.0,853.0,853.0,853.0,3.0,,,,,,0.3,-0.3396923451,-1.3138625275,4.941269324390955,0.4213543189,0.1331344098999999,1.0576444938,-1.1338625275
854,854,854.0,854.0,854.0,854.0,4.0,,,,,,0.4,-0.4408199738,-0.7186079664,-6.160039033772885,0.5544887288,0.1412677813999999,0.9245100839,-0.2986079664
855,855,855.0,855.0,855.0,855.0,5.0,,,,,,0.5,-0.5390032545,-1.2364285891,2.887323776671918,0.6957565102,0.1483660524,0.7832423025,-0.7364285891
856,856,856.0,856.0,856.0,856.0,6.0,,,,,,0.6,-0.6426979213,-0.8440015446,-3.0800161064316978,0.8441225626,0.1432665312,0.6348762501,-0.4240015445999999
857,857,857.0,857.0,857.0,857.0,7.0,,,,,,0.7,-0.7379145372,-1.0567865393,2.5283558385954947,0.9873890938,0.143873435,0.4916097189,-0.8767865392999998
858,858,858.0,858.0,858.0,858.0,8.0,,,,,,0.8,-0.8262504086,-0.7156150841,-4.814401460822984,1.1312625288,0.1719089187,0.3477362839,-0.9356150841000002
859,859,859.0,859.0,859.0,859.0,9.0,,,,,,0.9,-0.9176394811,-1.1056661577,4.269845907232429,1.3031714475,0.1758273651999999,0.1758273651999999,-1.8856661577
860,860,860.0,860.0,860.0,860.0,0.0,,,,,,0.0,0.0,-1.0,-5.659047745383732,0.0,0.1682622002,1.4995510398,-2.5
861,861,861.0,861.0,861.0,861.0,1.0,,,,,,0.1,-0.1225377665,-1.443367008,4.7317179288394025,0.1682622002,0.148615195,1.3312888396,-2.2233670080000003
862,862,862.0,862.0,862.0,862.0,2.0,,,,,,0.2,-0.2370030501,-0.8557299315,-5.49088298169644,0.3168773952,0.141678572,1.1826736446,-1.0757299315
863,863,863.0,863.0,863.0,863.0,3.0,,,,,,0.3,-0.3449982124,-1.2968230674,3.305517867051408,0.4585559672,0.1387359900999999,1.0409950726,-1.1168230674
864,864,864.0,864.0,864.0,864.0,4.0,,,,,,0.4,-0.452417146,-0.8588523471,-4.509029480100356,0.5972919573,0.1436006359,0.9022590825,-0.4388523471
865,865,865.0,865.0,865.0,865.0,5.0,,,,,,0.5,-0.5559598189,-1.2062126222,3.052875868987996,0.7408925932,0.1432805575,0.7586584466,-0.7062126222
866,866,866.0,866.0,866.0,866.0,6.0,,,,,,0.6,-0.6559782183,-0.8009066359,-3.5180424116912725,0.8841731507,0.1428061367,0.6153778891,-0.3809066358999999
867,867,867.0,867.0,867.0,867.0,7.0,,,,,,0.7,-0.7492128367,-1.0594762587,2.075987676772669,1.0269792874,0.1489100647999999,0.4725717523999999,-0.8794762586999998
868,868,868.0,868.0,868.0,868.0,8.0,,,,,,0.8,-0.8399929764,-0.7610973513,-2.73842270423851,1.1758893522,0.1551700538,0.3236616876,-0.9810973513000002
869,869,869.0,869.0,869.0,869.0,9.0,,,,,,0.9,-0.9256678395,-0.9492647586,0.9369661742872952,1.331059406,0.1684916337999999,0.1684916337999999,-1.7292647586000005
870,870,870.0,870.0,870.0,870.0,0.0,,,,,,0.0,0.0,-1.0,-4.969152645626556,0.0,0.1560597908,1.4580796392000002,-2.5
871,871,871.0,871.0,871.0,871.0,1.0,,,,,,0.1,-0.1192004555,-1.3777148091,4.748351395525014,0.1560597908,0.1343130258,1.3020198484,-2.1577148091
872,872,872.0,872.0,872.0,872.0,2.0,,,,,,0.2,-0.2273376433,-0.7947424817,-6.1481204407684,0.2903728166,0.1397904131999999,1.1677068226,-1.0147424817
873,873,873.0,873.0,873.0,873.0,3.0,,,,,,0.3,-0.332708411,-1.3041837581,4.213804319416542,0.4301632298,0.1339843196,1.0279164094,-1.1241837581
874,874,874.0,874.0,874.0,874.0,4.0,,,,,,0.4,-0.4364340383,-0.7790776988,-5.094002427251506,0.5641475494,0.135308223,0.8939320897999999,-0.3590776987999999
875,875,875.0,875.0,875.0,875.0,5.0,,,,,,0.5,-0.5352149233,-1.1896970566,2.188208329436467,0.6994557724,0.1433886834,0.7586238667999999,-0.6896970566
876,876,876.0,876.0,876.0,876.0,6.0,,,,,,0.6,-0.6378444199,-0.868246727,-1.8089968616173075,0.8428444558,0.1318879322999999,0.6152351833999999,-0.448246727
877,877,877.0,877.0,877.0,877.0,7.0,,,,,,0.7,-0.7292196495,-0.9577711836,-0.2038890923859244,0.9747323881,0.1452139995,0.4833472511,-0.7777711835999999
878,878,878.0,878.0,878.0,878.0,8.0,,,,,,0.8,-0.8213500434,-0.886029699,-1.989414852313258,1.1199463876,0.1656400312999999,0.3381332515999999,-1.106029699
879,879,879.0,879.0,879.0,879.0,9.0,,,,,,0.9,-0.9152901879,-0.9910310397,1.1177989253276632,1.2855864189,0.1724932203,0.1724932203,-1.7710310397000002
880,880,880.0,880.0,880.0,880.0,0.0,,,,,,0.0,0.0,-1.0,-4.7607807473992345,0.0,0.1525258294,1.4379348992000005,-2.5
881,881,881.0,881.0,881.0,881.0,1.0,,,,,,0.1,-0.1181924734,-1.3578856014,4.01417274924686,0.1525258294,0.1340452294,1.2854090698000002,-2.1378856014000003
882,882,882.0,882.0,882.0,882.0,2.0,,,,,,0.2,-0.2279941904,-0.8466666094,-5.533074763409648,0.2865710588,0.1399981605999999,1.1513638404000002,-1.0666666094
883,883,883.0,883.0,883.0,883.0,3.0,,,,,,0.3,-0.3353309619,-1.2926373143,3.651949587391959,0.4265692194,0.1349422669,1.0113656798,-1.1126373143
884,884,884.0,884.0,884.0,884.0,4.0,,,,,,0.4,-0.4406757267,-0.8220975907,-4.0520021992798245,0.5615114863,0.1285114548999999,0.8764234129,-0.4020975906999999
885,885,885.0,885.0,885.0,885.0,5.0,,,,,,0.5,-0.5385098823,-1.129463655,1.829295249895776,0.6900229412,0.1345325058000001,0.7479119580000001,-0.6294636549999999
886,886,886.0,886.0,886.0,886.0,6.0,,,,,,0.6,-0.6371436518,-0.8479003606,-3.4058682234419084,0.824555447,0.1475252473999999,0.6133794522,-0.4279003605999999
887,887,887.0,887.0,887.0,887.0,7.0,,,,,,0.7,-0.7343076081,-1.0913232266,2.8614486498161087,0.9720806944,0.1475822209999999,0.4658542048,-0.9113232265999998
888,888,888.0,888.0,888.0,888.0,8.0,,,,,,0.8,-0.8243187689,-0.7151672008,-3.56014619838476,1.1196629154,0.1545044652,0.3182719838000001,-0.9351672008000002
889,889,889.0,889.0,889.0,889.0,9.0,,,,,,0.9,-0.9095978782,-0.9859027113,2.1336280951565696,1.2741673806,0.1637675186,0.1637675186,-1.7659027113000003
890,890,890.0,890.0,890.0,890.0,0.0,,,,,,0.0,0.0,-1.0,-4.518070187361846,0.0,0.1484981617,1.4620576873,-2.5
891,891,891.0,891.0,891.0,891.0,1.0,,,,,,0.1,-0.1170183807,-1.334788638,2.317702168965738,0.1484981617,0.141086281,1.3135595256,-2.1147886380000003
892,892,892.0,892.0,892.0,892.0,2.0,,,,,,0.2,-0.2328286249,-0.9872081769,-3.68958672068478,0.2895844427,0.140652279,1.1724732446,-1.2072081769
893,893,893.0,893.0,893.0,893.0,3.0,,,,,,0.3,-0.3446219881,-1.2443734858,3.198337998174141,0.4302367217,0.1286418309999999,1.0318209656,-1.0643734858
894,894,894.0,894.0,894.0,894.0,4.0,,,,,,0.4,-0.4475681594,-0.8215935146,-4.797584008336579,0.5588785527,0.1401055148,0.9031791346,-0.4015935145999999
895,895,895.0,895.0,895.0,895.0,5.0,,,,,,0.5,-0.548961044,-1.1999590309,3.2460221643938008,0.6989840675,0.1400506753,0.7630736198,-0.6999590308999999
896,896,896.0,896.0,896.0,896.0,6.0,,,,,,0.6,-0.6474499928,-0.7768678657,-4.31165318099549,0.8390347428,0.1480481956999999,0.6230229445,-0.3568678656999999
897,897,897.0,897.0,897.0,897.0,7.0,,,,,,0.7,-0.7422360489,-1.1132471277,3.810506358162836,0.9870829385,0.1481226384,0.4749747488,-0.9332471276999998
898,898,898.0,898.0,898.0,898.0,8.0,,,,,,0.8,-0.8297426983,-0.6446898425,-4.619779566177877,1.1352055769,0.15740006,0.3268521103999999,-0.8646898425000002
899,899,899.0,899.0,899.0,899.0,9.0,,,,,,0.9,-0.9134402708,-1.0229702266,2.374849573309881,1.2926056369,0.1694520503999999,0.1694520503999999,-1.8029702266000005
900,900,900.0,900.0,900.0,0.0,,,,,,,0.0,0.0,-1.0,9.572497814485562,0.0,0.0782486396,0.0975722969,0.3729710702
901,901,901.0,901.0,901.0,1.0,,,,,,,0.1,-0.0488564081,0.0061061896,-0.4824196159400746,0.0782486396,0.0004086006999999,0.0193236572999999,0.3729710702
902,902,902.0,902.0,902.0,2.0,,,,,,,0.2,-0.0506089877,-0.0403831924,-1.4110937948049098,0.0786572403,0.0025774996,0.0189150565999999,0.3729710702
903,903,903.0,903.0,903.0,3.0,,,,,,,0.3,-0.061278011,-0.1708235486,0.3863099826049432,0.0812347399,0.0026445407999999,0.0163375569999999,0.3729710702
904,904,904.0,904.0,904.0,4.0,,,,,,,0.4,-0.0756652693,-0.117805292,-0.2147295435798264,0.0838792807,0.0021932281,0.0136930161999999,0.3729710702
905,905,905.0,905.0,905.0,5.0,,,,,,,0.5,-0.0879145859,-0.1270289298,0.1287023337276371,0.0860725088,0.0022097489,0.0114997880999999,0.3729710702
906,906,906.0,906.0,906.0,6.0,,,,,,,0.6,-0.0993804244,-0.1026928579,0.7005753692181622,0.0882822577,0.0017672962999999,0.0092900391999999,0.3729710702
907,907,907.0,907.0,907.0,7.0,,,,,,,0.7,-0.1057640462,-0.0262516992,-0.153876503298977,0.090049554,0.0012693154999999,0.0075227428999999,0.3729710702
908,908,908.0,908.0,908.0,8.0,,,,,,,0.8,-0.1090065223,-0.0383968735,-1.2354336851087742,0.0913188695,0.0030734523,0.0062534273999999,0.3729710702
909,909,909.0,909.0,909.0,9.0,,,,,,,0.9,-0.1186367816,-0.1523099827,0.5061962791163932,0.0943923218,0.0031799750999999,0.0031799750999999,0.3729710702
910,910,910.0,910.0,910.0,0.0,,,,,,,0.0,0.0,-1.0,9.547100226218417,0.0,0.0780859359,0.5993819834999999,0.5394320613
911,911,911.0,911.0,911.0,1.0,,,,,,,0.1,-0.0489792669,0.0036892895,-0.8618696532549326,0.0780859359,0.000825722,0.5212960475999999,0.5394320613
912,912,912.0,912.0,912.0,2.0,,,,,,,0.2,-0.0527974403,-0.0786795024,0.8991859493356826,0.0789116579,0.0008789572999999,0.5204703256,0.5394320613
913,913,913.0,913.0,913.0,3.0,,,,,,,0.3,-0.0559350401,0.0143766923,0.2670185539077996,0.0797906152,0.0004116569,0.5195913683,0.5394320613
914,914,914.0,914.0,914.0,4.0,,,,,,,0.4,-0.0532752861,0.0384187937,0.0490656419184372,0.0802022721,0.0004164851,0.5191797114,0.5394320613
915,915,915.0,915.0,915.0,5.0,,,,,,,0.5,-0.0493819895,0.0394320613,0.7835399075800453,0.0806187572,0.0011315873,0.5187632262999999,0.5394320613
916,916,916.0,916.0,916.0,6.0,,,,,,,0.6,-0.0418392308,0.1102432933,0.0450209285716209,0.0817503445,0.0012818207999999,0.517631639,0.5394320613
917,917,917.0,917.0,917.0,7.0,,,,,,,0.7,-0.0311304016,0.104036557,1.002081209389878,0.0830321653,0.0027995975,0.5163498182,0.5394320613
918,918,918.0,918.0,918.0,8.0,,,,,,,0.8,-0.0163825329,0.1894968092,-19.73463849738422,0.0858317628,0.2848476209,0.5135502207,0.5394320613
919,919,919.0,919.0,919.0,9.0,,,,,,,0.9,-0.0938142206,-1.7065353528,16.233598510232312,0.3706793837,0.2287025998,0.2287025998,0.5394320613
920,920,920.0,920.0,920.0,0.0,,,,,,,0.0,0.0,-1.0,10.933439678796054,0.0,0.0884955127,0.6328702122999998,0.5406556800000001
921,921,921.0,921.0,921.0,1.0,,,,,,,0.1,-0.0422729641,0.135616932,1.0114602355467286,0.0884955127,0.0038561218,0.5443746995999998,0.5406556800000001
922,922,922.0,922.0,922.0,2.0,,,,,,,0.2,-0.0244745261,0.2189645176,-19.4122342440228,0.0923516345,0.271141399,0.5405185777999999,0.5406556800000001
923,923,923.0,923.0,923.0,3.0,,,,,,,0.3,-0.0975423856,-1.6491910473,16.948945824804646,0.3634930335,0.2282046254,0.2693771787999999,0.5406556800000001
924,924,924.0,924.0,924.0,4.0,,,,,,,0.4,-0.1724945305,0.12065568,-1.3890210397204703,0.5916976589,0.0042178469999999,0.0411725533999999,0.5406556800000001
925,925,925.0,925.0,925.0,5.0,,,,,,,0.5,-0.1677316877,-0.0230092668,-0.0798988612461728,0.5959155059,0.0029251129999999,0.0369547063999999,0.5406556800000001
926,926,926.0,926.0,926.0,6.0,,,,,,,0.6,-0.1703077801,-0.0284230604,-1.2013546632419925,0.5988406189,0.0045662063,0.0340295934,0.5406556800000001
927,927,927.0,927.0,927.0,7.0,,,,,,,0.7,-0.1788240348,-0.1400422721,-0.9489230771376768,0.6034068252,0.0072147881999999,0.0294633870999999,0.5406556800000001
928,928,928.0,928.0,928.0,8.0,,,,,,,0.8,-0.1967410962,-0.2170175184,-0.919529761903482,0.6106216134,0.0111233329,0.0222485988999999,0.5406556800000001
929,929,929.0,929.0,929.0,9.0,,,,,,,0.9,-0.2218406032,-0.2838709876,0.905573014293812,0.6217449463,0.0111252659999999,0.0111252659999999,0.5406556800000001
930,930,930.0,930.0,930.0,0.0,,,,,,,0.0,0.0,-1.0,10.365237978245975,0.0,0.0838524349,0.5963789966999999,0.6638134934000001
931,931,931.0,931.0,931.0,1.0,,,,,,,0.1,-0.0450215925,0.0815453903,0.0127918029133862,0.0838524349,0.000781365,0.5125265618,0.6638134934000001
932,932,932.0,932.0,932.0,2.0,,,,,,,0.2,-0.0371995976,0.0750025757,0.8793232909652118,0.0846337999,0.0018373391999999,0.5117451968,0.6638134934000001
933,933,933.0,933.0,933.0,3.0,,,,,,,0.3,-0.0258084958,0.151543803,1.1211436887401844,0.0864711391,0.0046687092,0.5099078576,0.6638134934000001
934,934,934.0,934.0,934.0,4.0,,,,,,,0.4,-0.0059638173,0.2438134934,-19.562570291983192,0.0911398483,0.272085946,0.5052391484000001,0.6638134934000001
935,935,935.0,935.0,935.0,5.0,,,,,,,0.5,-0.0773942146,-1.6410131385,16.42140449091769,0.3632257943,0.2200645233,0.2331532024,0.6638134934000001
936,936,936.0,936.0,936.0,6.0,,,,,,,0.6,-0.1541201178,0.0778532138,-0.4883376595323341,0.5832903176,0.0026828120999999,0.0130886791,0.6638134934000001
937,937,937.0,937.0,937.0,7.0,,,,,,,0.7,-0.1490737035,0.0239730335,-0.3706494051782898,0.5859731297,0.0022886143999999,0.010405867,0.6638134934000001
938,938,938.0,938.0,938.0,8.0,,,,,,,0.8,-0.1485853019,-0.0135803086,-0.3316932128741001,0.5882617441,0.0023900692999999,0.0081172526,0.6638134934000001
939,939,939.0,939.0,939.0,9.0,,,,,,,0.9,-0.1514821826,-0.0438527491,-1.7286019566263082,0.5906518134,0.0057271833000001,0.0057271833000001,0.6638134934000001
940,940,940.0,940.0,940.0,0.0,,,,,,,0.0,0.0,-1.0,9.838176535030252,0.0,0.0800132795,0.6276078886,0.6285636636
941,941,941.0,941.0,941.0,1.0,,,,,,,0.1,-0.0475712091,0.0313888626,0.6458742278872249,0.0800132795,0.0008133855999999,0.5475946091,0.6285636636
942,942,942.0,942.0,942.0,2.0,,,,,,,0.2,-0.0414598076,0.0898648839,0.5623075086080527,0.0808266651,0.0015776722999999,0.5467812235,0.6285636636
943,943,943.0,943.0,943.0,3.0,,,,,,,0.3,-0.0301880171,0.1348238442,0.2783016909486557,0.0824043374,0.0021055794999999,0.5452035512,0.6285636636
944,944,944.0,944.0,944.0,4.0,,,,,,,0.4,-0.0160116494,0.1484776456,-0.1137141619816572,0.0845099169,0.0018653658999999,0.5430979717,0.6285636636
945,945,945.0,945.0,945.0,5.0,,,,,,,0.5,-0.0024321802,0.1235267603,1.017122777954744,0.0863752828,0.0033632132,0.5412326058,0.6285636636
946,946,946.0,946.0,946.0,6.0,,,,,,,0.6,0.0142431943,0.2085636636,-20.20033268776431,0.089738496,0.296155963,0.5378693926,0.6285636636
947,947,947.0,947.0,947.0,7.0,,,,,,,0.7,-0.0636267994,-1.7335996115,16.692166897849745,0.385894459,0.2373850765,0.2417134296,0.6285636636
948,948,948.0,948.0,948.0,8.0,,,,,,,0.8,-0.1478536441,0.0198439229,0.0287925322870601,0.6232795355,0.0021979557999999,0.0043283531,0.6285636636
949,949,949.0,949.0,949.0,9.0,,,,,,,0.9,-0.1458260334,0.0206955655,-0.0728100009033583,0.6254774913,0.0021303973,0.0021303973,0.6285636636
950,950,950.0,950.0,950.0,0.0,,,,,,,0.0,0.0,-1.0,10.95369312053635,0.0,0.0886706608,0.6671527712000002,0.4743769436
951,951,951.0,951.0,951.0,1.0,,,,,,,0.1,-0.0421749898,0.1375443018,0.3955273731899607,0.0886706608,0.0024574927,0.5784821104000002,0.4743769436
952,952,952.0,952.0,952.0,2.0,,,,,,,0.2,-0.0271725852,0.1620946346,1.3648415738250257,0.0911281535,0.0059262087999999,0.5760246177000001,0.4743769436
953,953,953.0,953.0,953.0,3.0,,,,,,,0.3,-0.0051449881,0.2765511948,-20.632097962444,0.0970543623,0.2999486444,0.5700984089000001,0.4743769436
954,954,954.0,954.0,954.0,4.0,,,,,,,0.4,-0.0786337458,-1.7131698437,16.020131607036486,0.3970030067,0.2271117578,0.2701497645,0.4743769436
955,955,955.0,955.0,955.0,5.0,,,,,,,0.5,-0.1641673724,-0.0256230564,-1.7688878528347034,0.6241147645,0.0058355826999999,0.0430380067,0.4743769436
956,956,956.0,956.0,956.0,6.0,,,,,,,0.6,-0.1751625855,-0.1915166285,-0.5149158620587937,0.6299503472,0.0078679956,0.037202424,0.4743769436
957,957,957.0,957.0,957.0,7.0,,,,,,,0.7,-0.1958785466,-0.2222922537,0.2708730172309705,0.6378183428,0.0082474678999999,0.0293344284,0.4743769436
958,958,958.0,958.0,958.0,8.0,,,,,,,0.8,-0.2157221618,-0.1753613368,-0.8130387321953119,0.6460658107,0.009703844,0.0210869605,0.4743769436
959,959,959.0,959.0,959.0,9.0,,,,,,,0.9,-0.2363425722,-0.2360447996,-0.0830913365027918,0.6557696547,0.0113831165,0.0113831165,0.4743769436
960,960,960.0,960.0,0.0,,,,,,,,0.0,0.0,-1.0,5.723486947471205,0.0,0.0655106538,0.4692076691,0.0317741832999999
961,961,961.0,961.0,1.0,,,,,,,,0.1,-0.067475681,-0.3601756243,-3.1797732826425245,0.0655106538,0.0311455511999999,0.4036970153000001,0.0317741832999999
962,962,962.0,962.0,2.0,,,,,,,,0.2,-0.1171328173,-0.6284958162,1.3718999585370142,0.096656205,0.0316513261999999,0.3725514641,0.0317741832999999
963,963,963.0,963.0,3.0,,,,,,,,0.3,-0.1703056457,-0.438132992,-2.0715207887216107,0.1283075312,0.0329106151,0.3409001379,0.0317741832999999
964,964,964.0,964.0,4.0,,,,,,,,0.4,-0.2220203241,-0.5935703924,0.7235918763207472,0.1612181463,0.0347183584,0.3079895228,0.0317741832999999
965,965,965.0,965.0,5.0,,,,,,,,0.5,-0.2750057122,-0.4682258167,-0.702311998742013,0.1959365047,0.0321948255999999,0.2732711644,0.0317741832999999
966,966,966.0,966.0,6.0,,,,,,,,0.6,-0.3229606109,-0.4905021178,0.1750016742645304,0.2281313303,0.0330706451,0.2410763388,0.0317741832999999
967,967,967.0,967.0,7.0,,,,,,,,0.7,-0.3687915856,-0.4271709758,-3.9116086483936137,0.2612019754,0.0597522732999999,0.2080056937,0.0317741832999999
968,968,968.0,968.0,8.0,,,,,,,,0.8,-0.4283643684,-0.7587590578,2.6110107628775827,0.3209542487,0.0610233418,0.1482534204,0.0317741832999999
969,969,969.0,969.0,9.0,,,,,,,,0.9,-0.4879393597,-0.4380829902,-5.238930575835506,0.3819775905,0.0872300785999999,0.0872300785999999,0.0317741832999999
970,970,970.0,970.0,0.0,,,,,,,,0.0,0.0,-1.0,5.34057222062357,0.0,0.0655559606,0.4966872955,0.0886568658999999
971,971,971.0,971.0,1.0,,,,,,,,0.1,-0.0693279997,-0.3966147783,-3.10258929143396,0.0655559606,0.0340912360999999,0.4311313349,0.0886568658999999
972,972,972.0,972.0,2.0,,,,,,,,0.2,-0.1220794092,-0.6541222979,1.7386870273455093,0.0996471967,0.0332289993,0.3970400988,0.0886568658999999
973,973,973.0,973.0,3.0,,,,,,,,0.3,-0.1759166183,-0.4264163861,-1.676039789993256,0.132876196,0.0292167549,0.3638110995,0.0886568658999999
974,974,974.0,974.0,4.0,,,,,,,,0.4,-0.224603221,-0.5453337623,0.8626834459116417,0.1620929509,0.0295441617999999,0.3345943446,0.0886568658999999
975,975,975.0,975.0,5.0,,,,,,,,0.5,-0.2723255047,-0.4113431341,-3.643266333697391,0.1916371127,0.048567564,0.3050501828,0.0886568658999999
976,976,976.0,976.0,6.0,,,,,,,,0.6,-0.3290939855,-0.7189012866,3.3288654670736832,0.2402046767,0.0470123214,0.2564826188,0.0886568658999999
977,977,977.0,977.0,7.0,,,,,,,,0.7,-0.3814034214,-0.333705304,-5.217127156473506,0.2872169981,0.0644045158,0.2094702974,0.0886568658999999
978,978,978.0,978.0,8.0,,,,,,,,0.8,-0.4383970933,-0.7984243478,5.235832816364825,0.3516215139,0.0640823622999999,0.1450657816,0.0886568658999999
979,979,979.0,979.0,9.0,,,,,,,,0.9,-0.4890493121,-0.2241888473,-6.728545006083259,0.4157038762,0.0809834193,0.0809834193,0.0886568658999999
980,980,980.0,980.0,0.0,,,,,,,,0.0,0.0,-1.0,5.751636996312079,0.0,0.0655166992,0.5112133757,0.0440681795
981,981,981.0,981.0,1.0,,,,,,,,0.1,-0.0673395074,-0.357496793,-4.120924444174282,0.0655166992,0.0395297049,0.4456966765,0.0440681795
982,982,982.0,982.0,2.0,,,,,,,,0.2,-0.1212944597,-0.7156342851,0.7942716235729435,0.1050464041,0.0442052616,0.4061669716,0.0440681795
983,983,983.0,983.0,3.0,,,,,,,,0.3,-0.1855538393,-0.5719477432,0.3100204753559132,0.1492516657,0.0326688624999999,0.36196171,0.0440681795
984,984,984.0,984.0,4.0,,,,,,,,0.4,-0.2384821556,-0.4880173793,-0.1508517828963076,0.1819205282,0.0291712151,0.3292928475,0.0440681795
985,985,985.0,985.0,5.0,,,,,,,,0.5,-0.2856528926,-0.4559318205,-0.058896698010131,0.2110917433,0.0285769547,0.3001216324,0.0440681795
986,986,986.0,986.0,6.0,,,,,,,,0.6,-0.3293255364,-0.4181488466,-4.656904157475453,0.239668698,0.0638239475999999,0.2715446777,0.0440681795
987,987,987.0,987.0,7.0,,,,,,,,0.7,-0.3916449221,-0.8215198766,3.5954679519577994,0.3034926456,0.0630241487,0.2077207301,0.0440681795
988,988,988.0,988.0,8.0,,,,,,,,0.8,-0.4524301487,-0.4011878549,-4.615668839952564,0.3665167943,0.0716106818,0.1446965814,0.0440681795
989,989,989.0,989.0,9.0,,,,,,,,0.9,-0.5129360479,-0.8022488396,5.913108968228448,0.4381274761,0.0730858996,0.0730858996,0.0440681795
990,990,990.0,990.0,0.0,,,,,,,,0.0,0.0,-1.0,5.850902288771877,0.0,0.0655482607,0.4553001873,-2.5
991,991,991.0,991.0,1.0,,,,,,,,0.1,-0.0668593197,-0.3480504514,-2.758821693028284,0.0655482607,0.0266315071,0.3897519265999999,-1.1280504514000005
992,992,992.0,992.0,2.0,,,,,,,,0.2,-0.1133262753,-0.5774656652,-0.1474501773130319,0.0921797678,0.0330406131999999,0.3631204194999999,-0.7974656652
993,993,993.0,993.0,3.0,,,,,,,,0.3,-0.1689927452,-0.536544213,0.0440611745379497,0.125220381,0.0296984671999999,0.3300798063,-0.356544213
994,994,994.0,994.0,4.0,,,,,,,,0.4,-0.2198385293,-0.4812923114,-1.7051721554907306,0.1549188482,0.0368512159,0.3003813391,-0.0612923113999999
995,995,995.0,995.0,5.0,,,,,,,,0.5,-0.273888164,-0.5977598922,0.061575535573392,0.1917700641,0.0412445464,0.2635301232,-0.0977598922
996,996,996.0,996.0,6.0,,,,,,,,0.6,-0.3304746676,-0.5350158351,1.4117906893747654,0.2330146105,0.0332691115,0.2222855768,-0.1150158350999999
997,997,997.0,997.0,7.0,,,,,,,,0.7,-0.3745588147,-0.3497526191,-4.100352154004661,0.266283722,0.0535599172999999,0.1890164653,-0.1697526190999998
998,998,998.0,998.0,8.0,,,,,,,,0.8,-0.4276772128,-0.7066694364,3.429913264063772,0.3198436393,0.0536760513,0.135456548,-0.9266694364000002
999,999,999.0,999.0,9.0,,,,,,,,0.9,-0.4783338444,-0.3130214784,-6.109163824766035,0.3735196906,0.0817804966999999,0.0817804966999999,-1.0930214784000003
1000,1000,1000.0,1000.0,0.0,,,,,,,,0.0,0.0,-1.0,4.5729205760508105,0.0,0.066362178,0.517426121,0.0488073069
1001,1001,1001.0,1001.0,1.0,,,,,,,,0.1,-0.0730414578,-0.4696664846,-1.4387362389377818,0.066362178,0.0287724949,0.4510639429999999,0.0488073069
1002,1002,1002.0,1002.0,2.0,,,,,,,,0.2,-0.1246957823,-0.561885784,0.1661516179961437,0.0951346729,0.030113161,0.4222914480999999,0.0488073069
1003,1003,1003.0,1003.0,3.0,,,,,,,,0.3,-0.177362534,-0.4926038705,-0.910675756695238,0.1252478339,0.0308571212,0.3921782870999999,0.0488073069
1004,1004,1004.0,1004.0,4.0,,,,,,,,0.4,-0.2286449993,-0.5323889809,-1.4223479002061896,0.1561049551,0.0408021294,0.3613211658999999,0.0488073069
1005,1005,1005.0,1005.0,5.0,,,,,,,,0.5,-0.2861890127,-0.6170797575,1.966782525412572,0.1969070845,0.0364605393999999,0.3205190364999999,0.0488073069
1006,1006,1006.0,1006.0,6.0,,,,,,,,0.6,-0.3353978245,-0.3711926931,-4.95938766680651,0.2333676239,0.0621609361,0.2840584971,0.0488073069
1007,1007,1007.0,1007.0,7.0,,,,,,,,0.7,-0.3947120127,-0.8078172717,3.7391123264840873,0.29552856,0.0614319878999999,0.2218975609999999,0.0488073069
1008,1008,1008.0,1008.0,8.0,,,,,,,,0.8,-0.4534983928,-0.3751196589,-5.597621778621738,0.3569605479,0.0802779268,0.1604655730999999,0.0488073069
1009,1009,1009.0,1009.0,9.0,,,,,,,,0.9,-0.5162737133,-0.8721065162,5.476697060893857,0.4372384747,0.0801876462999999,0.0801876462999999,0.0488073069
1010,1010,1010.0,1010.0,0.0,,,,,,,,0.0,0.0,-1.0,5.804890615419494,0.0,0.0655316467,0.5583197167,0.0655280244
1011,1011,1011.0,1011.0,1.0,,,,,,,,0.1,-0.0670818974,-0.3524290411,-4.478609319080298,0.0655316467,0.0426485345,0.49278807,0.0655280244
1012,1012,1012.0,1012.0,2.0,,,,,,,,0.2,-0.1222848604,-0.74508701,1.0112205350473558,0.1081801812,0.0468120479999999,0.4501395355,0.0655280244
1013,1013,1013.0,1013.0,3.0,,,,,,,,0.3,-0.1882975652,-0.5779522516,-0.7631427096331307,0.1549922292,0.0394996719,0.4033274875,0.0655280244
1014,1014,1014.0,1014.0,4.0,,,,,,,,0.4,-0.2469885472,-0.5955755406,1.0973534220242958,0.1944919011,0.0347360066999999,0.3638278156,0.0655280244
1015,1015,1015.0,1015.0,5.0,,,,,,,,0.5,-0.29835677,-0.4344719756,-4.719230560811369,0.2292279078,0.0644348509999999,0.3290918089,0.0655280244
1016,1016,1016.0,1016.0,6.0,,,,,,,,0.6,-0.3625311372,-0.8422206645,5.389630733798355,0.2936627588,0.0622859005,0.2646569579,0.0655280244
1017,1017,1017.0,1017.0,7.0,,,,,,,,0.7,-0.4166071805,-0.2491815478,-5.369661259338573,0.3559486593,0.0602360054999999,0.2023710574,0.0655280244
1018,1018,1018.0,1018.0,8.0,,,,,,,,0.8,-0.4662952376,-0.7364596166,3.4488686993309816,0.4161846648,0.0604419508,0.1421350519,0.0655280244
1019,1019,1019.0,1019.0,9.0,,,,,,,,0.9,-0.5196950962,-0.3381728881,-5.521975341100591,0.4766266156,0.0816931011,0.0816931011,0.0655280244
1020,1020,1020.0,0.0,,,,,,,,,0.0,0.0,-1.0,13.24077804097256,0.0,0.1127229606,2.088326446,0.5642803041
1021,1021,1021.0,1.0,,,,,,,,,0.1,-0.0311114039,0.355189208,-20.643685897280783,0.1127229606,0.2902607577,1.9756034854,0.5642803041
1022,1022,1022.0,2.0,,,,,,,,,0.2,-0.097172823,-1.6431179626,16.20663013992813,0.4029837183,0.2184676922999999,1.6853427277,0.5642803041
1023,1023,1023.0,3.0,,,,,,,,,0.3,-0.1751379289,0.0555101573,-19.858323303216345,0.6214514106,0.3137763508,1.4668750354,0.5642803041
1024,1024,1024.0,4.0,,,,,,,,,0.4,-0.2659184459,-1.839541656,18.166451332295235,0.9352277614,0.2818626111,1.1530986846,0.5642803041
1025,1025,1025.0,5.0,,,,,,,,,0.5,-0.3530952728,0.0642803041,-20.84918907495506,1.2170903725,0.3549194808,0.8712360735,0.5642803041
1026,1026,1026.0,6.0,,,,,,,,,0.6,-0.4478344308,-1.9258994454,19.20842201495908,1.5720098533,0.3258831391000001,0.5163165927,0.5642803041
1027,1027,1027.0,7.0,,,,,,,,,0.7,-0.5381888443,0.0852971696,-7.292720612821508,1.8978929924,0.0678826649999999,0.1904334535999998,0.5642803041
1028,1028,1028.0,8.0,,,,,,,,,0.8,-0.5653496938,-0.6168140423,3.710145615801493,1.9657756574,0.0596288552000001,0.1225507885999999,0.5642803041
1029,1029,1029.0,9.0,,,,,,,,,0.9,-0.6061001194,-0.205049055,-3.99617522940005,2.0254045126,0.0629219333999997,0.0629219333999997,0.5642803041
1030,1030,1030.0,0.0,,,,,,,,,0.0,0.0,-1.0,12.35514113085292,0.0,0.1024038369,2.0339952567000004,0.5461387315
1031,1031,1031.0,1.0,,,,,,,,,0.1,-0.0353955999,0.270909713,-19.72801704289492,0.1024038369,0.2736309774,1.9315914198,0.5461387315
1032,1032,1032.0,2.0,,,,,,,,,0.2,-0.1050477985,-1.6322397927,16.07611450851303,0.3760348143,0.2155860671,1.6579604424,0.5461387315
1033,1033,1033.0,3.0,,,,,,,,,0.3,-0.1826090687,0.0529329283,-19.97717433916124,0.5916208814,0.3183161422999999,1.4423743753,0.5461387315
1034,1034,1034.0,4.0,,,,,,,,,0.4,-0.274209774,-1.8531838003,18.105527701276888,0.9099370237,0.2840172516000001,1.124058233,0.5461387315
1035,1035,1035.0,5.0,,,,,,,,,0.5,-0.3629795356,0.0461387315,-20.5542984887858,1.1939542753,0.3492016727,0.8400409813999998,0.5461387315
1036,1036,1036.0,6.0,,,,,,,,,0.6,-0.4580185772,-1.9142520758,18.861312508884616,1.543155948,0.3202254907999999,0.4908393086999998,0.5461387315
1037,1037,1037.0,7.0,,,,,,,,,0.7,-0.5489437109,0.0628043087,-6.312429345553721,1.8633814388,0.0599573866999998,0.1706138178999998,0.5461387315
1038,1038,1038.0,8.0,,,,,,,,,0.8,-0.5735029175,-0.5438794192,3.2674072979024995,1.9233388255,0.0547155545999999,0.1106564312,0.5461387315
1039,1039,1039.0,9.0,,,,,,,,,0.9,-0.6094543759,-0.181187231,-3.277921014559975,1.9780543801,0.0559408766,0.0559408766,0.5461387315
1040,1040,1040.0,0.0,,,,,,,,,0.0,0.0,-1.0,11.964883685262697,0.0,0.0982599826,0.795256963,0.4839534572
1041,1041,1041.0,1.0,,,,,,,,,0.1,-0.0372834383,0.2337718069,-19.002958946122124,0.0982599826,0.2573991372999999,0.6969969804,0.4839534572
1042,1042,1042.0,2.0,,,,,,,,,0.2,-0.1069623539,-1.5968451722,14.18704832767685,0.3556591199,0.1915328685999999,0.4395978431,0.4839534572
1043,1043,1043.0,3.0,,,,,,,,,0.3,-0.1902935833,-0.0948091101,-6.36968321706256,0.5471919885,0.043351372,0.2480649745000001,0.4839534572
1044,1044,1044.0,4.0,,,,,,,,,0.4,-0.2301286754,-0.6919423396,6.4105950647333465,0.5905433605,0.0429103395,0.2047136025,0.4839534572
1045,1045,1045.0,5.0,,,,,,,,,0.5,-0.2649649658,-0.0160465428,-5.73238823532176,0.6334537,0.0350284179,0.161803263,0.4839534572
1046,1046,1046.0,6.0,,,,,,,,,0.6,-0.2942219494,-0.5600283827,2.836729377067125,0.6684821179,0.0305956307999999,0.1267748451,0.4839534572
1047,1047,1047.0,7.0,,,,,,,,,0.7,-0.3337932388,-0.2367841556,-1.981554258061592,0.6990777487,0.0246604364,0.0961792143000001,0.4839534572
1048,1048,1048.0,8.0,,,,,,,,,0.8,-0.3659118526,-0.4028209676,-0.8305655900744855,0.7237381851,0.0332680831999999,0.0715187779,0.4839534572
1049,1049,1049.0,9.0,,,,,,,,,0.9,-0.4082627502,-0.443526629,-0.4302686835631308,0.7570062683,0.0382506947,0.0382506947,0.4839534572
1050,1050,1050.0,0.0,,,,,,,,,0.0,0.0,-1.0,11.703827951146724,0.0,0.0956257372,1.46195842,0.5052447274
1051,1051,1051.0,1.0,,,,,,,,,0.1,-0.0385462741,0.2089290692,-20.04874599974749,0.0956257372,0.2918152933,1.3663326828,0.5052447274
1052,1052,1052.0,2.0,,,,,,,,,0.2,-0.1156482065,-1.7188435984,15.225269564207178,0.3874410305,0.2215212143,1.0745173895,0.5052447274
1053,1053,1053.0,3.0,,,,,,,,,0.3,-0.2055668111,-0.1063980373,-6.302635240221806,0.6089622448,0.0441511834999999,0.8529961751999999,0.5052447274
1054,1054,1054.0,4.0,,,,,,,,,0.4,-0.2461803145,-0.696048058,6.673367308061843,0.6531134283,0.0451443942,0.8088449917,0.5052447274
1055,1055,1055.0,5.0,,,,,,,,,0.5,-0.2801363691,0.0052447274,-19.377565834868204,0.6982578225,0.3128008657000001,0.7637005975,0.5052447274
1056,1056,1056.0,6.0,,,,,,,,,0.6,-0.3733746498,-1.8392735753,17.983019559997096,1.0110586882,0.2876780639999998,0.4508997317999998,0.5052447274
1057,1057,1057.0,7.0,,,,,,,,,0.7,-0.4614133026,0.0470670334,-6.832049858838391,1.2987367522,0.0571917995999999,0.1632216678,0.5052447274
1058,1058,1058.0,8.0,,,,,,,,,0.8,-0.4899837559,-0.6075674991,5.994767302096039,1.3559285518,0.0555454252,0.1060298682,0.5052447274
1059,1059,1059.0,9.0,,,,,,,,,0.9,-0.5188024538,0.020727929,-5.414156772237661,1.411473977,0.0504844429999999,0.0504844429999999,0.5052447274
1060,1060,1060.0,0.0,,,,,,,,,0.0,0.0,-1.0,12.008435104174664,0.0,0.0987101933,1.0003534104,0.2637290556
1061,1061,1061.0,1.0,,,,,,,,,0.1,-0.0370727619,0.2379162723,-20.444497874741025,0.0987101933,0.2998183082,0.9016432171,0.2637290556
1062,1062,1062.0,2.0,,,,,,,,,0.2,-0.1133306072,-1.7302756699,15.708593430681422,0.3985285015,0.2279580069999999,0.6018249089000001,0.2637290556
1063,1063,1063.0,3.0,,,,,,,,,0.3,-0.2019990778,-0.0707478562,-5.392179785395841,0.6264865085,0.0320406731,0.3738669019,0.2637290556
1064,1064,1064.0,4.0,,,,,,,,,0.4,-0.2348158595,-0.5771490531,3.004911380623077,0.6585271816,0.0284559248,0.3418262288,0.2637290556
1065,1065,1065.0,5.0,,,,,,,,,0.5,-0.27520283,-0.2362709444,-8.878423834994013,0.6869831064,0.0969638017999999,0.313370304,0.2637290556
1066,1066,1066.0,6.0,,,,,,,,,0.6,-0.3406356194,-1.0586805386,7.890628371599571,0.7839469082,0.0907307364999999,0.2164065022,0.2637290556
1067,1067,1067.0,7.0,,,,,,,,,0.7,-0.4032121263,-0.2070411945,-2.821007703869706,0.8746776447,0.0330853236,0.1256757657,0.2637290556
1068,1068,1068.0,8.0,,,,,,,,,0.8,-0.4365606066,-0.4557934846,0.2745941096100475,0.9077629683,0.0387633185999999,0.0925904421,0.2637290556
1069,1069,1069.0,9.0,,,,,,,,,0.9,-0.478607027,-0.3862876532,-2.670716093940274,0.9465262869,0.0538271235,0.0538271235,0.2637290556
1070,1070,1070.0,0.0,,,,,,,,,0.0,0.0,-1.0,12.570896578861726,0.0,0.1048006834,1.4004703231,0.4395297608
1071,1071,1071.0,1.0,,,,,,,,,0.1,-0.0343519006,0.2914415585,-20.61933796961908,0.1048006834,0.2977639289,1.2956696397,0.4395297608
1072,1072,1072.0,2.0,,,,,,,,,0.2,-0.106361928,-1.698482211,16.379074603888775,0.4025646123,0.2293739233,0.9979057108,0.4395297608
1073,1073,1073.0,3.0,,,,,,,,,0.3,-0.1887614531,0.0218247744,-19.078194971423738,0.6319385356,0.2957554163,0.7685317875,0.4395297608
1074,1074,1074.0,4.0,,,,,,,,,0.4,-0.2789737512,-1.7957824246,16.43945391434189,0.9276939519,0.2552705303,0.4727763711999999,0.4395297608
1075,1075,1075.0,5.0,,,,,,,,,0.5,-0.3703405452,-0.0604702392,-4.389498058537727,1.1829644822,0.0328125713,0.2175058408999999,0.4395297608
1076,1076,1076.0,6.0,,,,,,,,,0.6,-0.3973284795,-0.4724321107,-0.3975409303876374,1.2157770535,0.039786769,0.1846932695999998,0.4395297608
1077,1077,1077.0,7.0,,,,,,,,,0.7,-0.4442095792,-0.4653051041,-0.4880144454702289,1.2555638225,0.0437487369999998,0.1449065005999998,0.4395297608
1078,1078,1078.0,8.0,,,,,,,,,0.8,-0.4908498725,-0.4674662553,0.5168857786990222,1.2993125595,0.0441268965000001,0.1011577636,0.4395297608
1079,1079,1079.0,9.0,,,,,,,,,0.9,-0.5328348696,-0.3737926803,-2.5031894101310903,1.343439456,0.0570308670999999,0.0570308670999999,0.4395297608
1080,1080,0.0,,,,,,,,,,0.0,0.0,-1.0,6.058539843728435,0.0,0.0656659616,1.1180411873,-2.5
1081,1081,1.0,,,,,,,,,,0.1,-0.0658548905,-0.3282911251,-8.597817307995875,0.0656659616,0.0961283052,1.0523752257,-1.1082911251000005
1082,1082,2.0,,,,,,,,,,0.2,-0.1386871385,-1.1152406079,6.182993793327396,0.1617942668,0.0846104392,0.9562469205,-1.3352406079
1083,1083,3.0,,,,,,,,,,0.3,-0.2149065938,-0.4207217733,-6.075075367223086,0.246404706,0.0751144423,0.8716364813,-0.2407217733
1084,1084,4.0,,,,,,,,,,0.4,-0.2843311515,-0.9588047523,1.6840895353220575,0.3215191483,0.0818090819999999,0.7965220390000001,-0.5388047522999999
1085,1085,5.0,,,,,,,,,,0.5,-0.3674269291,-0.7073000212,-3.3363287540961366,0.4033282303,0.0923505652,0.7147129570000001,-0.2073000212
1086,1086,6.0,,,,,,,,,,0.6,-0.4508746403,-0.9574851854,-0.2096321649165318,0.4956787955,0.1097695417,0.6223623918000001,-0.5374851854
1087,1087,7.0,,,,,,,,,,0.7,-0.5430054786,-0.8863175635,-2.69423165703646,0.6054483372,0.1336198545,0.5125928501,-0.7063175634999999
1088,1088,8.0,,,,,,,,,,0.8,-0.6403828021,-1.0583634058,-2.1770916603701567,0.7390681917,0.1746484582999999,0.3789729956,-1.2783634058000002
1089,1089,9.0,,,,,,,,,,0.9,-0.7516308346,-1.1648245393,-1.340847784294628,0.91371665,0.2043245373,0.2043245373,-1.9448245393000003
1090,1090,0.0,,,,,,,,,,0.0,0.0,-1.0,5.61020833321858,0.0,0.0654993027,1.1672574713,-2.5
1091,1091,1.0,,,,,,,,,,0.1,-0.068023657,-0.3709555097,-9.467886174608498,0.0654993027,0.1179226618999999,1.1017581686,-1.1509555097000002
1092,1092,2.0,,,,,,,,,,0.2,-0.1491248405,-1.2366429437,5.866112753132708,0.1834219646,0.1048098383,0.9838355067,-1.4566429437
1093,1093,3.0,,,,,,,,,,0.3,-0.2384301364,-0.5607263725,-2.6868266138936785,0.2882318029,0.0553061333,0.8790256684,-0.3807263725000001
1094,1094,4.0,,,,,,,,,,0.4,-0.3047876299,-0.7630515403,-0.8213958695949346,0.3435379362,0.0708114478999999,0.8237195351,-0.3430515402999999
1095,1095,5.0,,,,,,,,,,0.5,-0.3813749566,-0.7686038005,-1.3615854169609034,0.4143493841,0.082278285,0.7529080871999999,-0.2686038005
1096,1096,6.0,,,,,,,,,,0.6,-0.4611038346,-0.8250334642,-2.320387286912908,0.4966276691,0.1089365235,0.6706298021999999,-0.4050334641999999
1097,1097,7.0,,,,,,,,,,0.7,-0.5508407717,-0.9673352558,-2.4011664528220105,0.6055641926,0.1467865754999999,0.5616932786999999,-0.7873352557999999
1098,1098,8.0,,,,,,,,,,0.8,-0.6545102778,-1.1037823951,-1.89582665244428,0.7523507681,0.1829422865,0.4149067031999999,-1.3237823951000005
1099,1099,9.0,,,,,,,,,,0.9,-0.7687199635,-1.1791553746,-2.840289423621984,0.9352930546,0.2319644166999999,0.2319644166999999,-1.9591553746000003
1100,1100,0.0,,,,,,,,,,0.0,0.0,-1.0,6.11919635712596,0.0,0.0657135055,1.2378041360000005,-2.5
1101,1101,1.0,,,,,,,,,,0.1,-0.0655614696,-0.3225188947,-9.95461120698834,0.0657135055,0.1197158588,1.1720906305000005,-1.1025188947000002
1102,1102,2.0,,,,,,,,,,0.2,-0.1444078108,-1.2391336742,6.778035673536943,0.1854293643,0.1040922927999999,1.0523747717000005,-1.4591336742
1103,1103,3.0,,,,,,,,,,0.3,-0.2295387839,-0.4761991337,-4.687160681083855,0.2895216571,0.0653581232,0.9482824789000002,-0.2961991337
1104,1104,4.0,,,,,,,,,,0.4,-0.297528881,-0.8769251048,-0.1920126020196932,0.3548797803,0.0828894382,0.8829243557000002,-0.4569251047999999
1105,1105,5.0,,,,,,,,,,0.5,-0.3819081726,-0.8117470734,-2.302630349733245,0.4377692185,0.0990617475,0.8000349175000001,-0.3117470733999999
1106,1106,6.0,,,,,,,,,,0.6,-0.47029493,-0.9536233509,-0.8843588360468635,0.536830966,0.1175868394999999,0.70097317,-0.5336233509
1107,1107,7.0,,,,,,,,,,0.7,-0.5653222039,-0.9470319606,-3.122795639850964,0.6544178055,0.1540272885,0.5833863305000001,-0.7670319605999998
1108,1108,8.0,,,,,,,,,,0.8,-0.6705504307,-1.1540832978,-1.9584425129525795,0.808445094,0.1976350373000001,0.4293590420000001,-1.3740832978000002
1109,1109,9.0,,,,,,,,,,0.9,-0.7898497794,-1.2306282004,-1.730368939704733,1.0060801313,0.2317240046999999,0.2317240046999999,-2.0106282004
1110,1110,0.0,,,,,,,,,,0.0,0.0,-1.0,5.547528167571607,0.0,0.0655019546,1.1252686337999998,-2.5
1111,1111,1.0,,,,,,,,,,0.1,-0.0683268671,-0.3769203161,-8.870841268789665,0.0655019546,0.1079259852,1.0597666791999998,-1.1569203161000003
1112,1112,2.0,,,,,,,,,,0.2,-0.1471075488,-1.1852237614,5.4939973923469205,0.1734279398,0.0966682423999999,0.9518406939999998,-1.4052237614
1113,1113,3.0,,,,,,,,,,0.3,-0.23331974,-0.5496118308,-3.168101249070009,0.2700961822,0.0583346284,0.8551724515999999,-0.3696118308
1114,1114,4.0,,,,,,,,,,0.4,-0.3009476693,-0.7987940265,0.1289830099750122,0.3284308106,0.0684767611,0.7968378231999999,-0.3787940264999999
1115,1115,5.0,,,,,,,,,,0.5,-0.3763390183,-0.7105043764,-2.1563679841590107,0.3969075717,0.0806008495999999,0.7283610620999998,-0.2105043763999999
1116,1116,6.0,,,,,,,,,,0.6,-0.4543836499,-0.8480965433,-2.1299332628503747,0.4775084213,0.1101780072999999,0.6477602124999999,-0.4280965432999999
1117,1117,7.0,,,,,,,,,,0.7,-0.5453940302,-0.9700794893,-2.3762186225503203,0.5876864286,0.146371386,0.5375822052,-0.7900794892999998
1118,1118,8.0,,,,,,,,,,0.8,-0.6492040092,-1.1038913726,-1.6179763224927632,0.7340578146,0.178580789,0.3912108192,-1.3238913726
1119,1119,9.0,,,,,,,,,,0.9,-0.7620799883,-1.1528130257,-2.037310725986292,0.9126386036,0.2126300301999999,0.2126300301999999,-1.9328130257
1120,1120,0.0,,,,,,,,,,0.0,0.0,-1.0,6.223850638826532,0.0,0.0658095591,1.2633077755,-2.5
1121,1121,1.0,,,,,,,,,,0.1,-0.0650552144,-0.3125597217,-11.438417050564984,0.0658095591,0.1481765002,1.1974982164,-1.0925597217000005
1122,1122,2.0,,,,,,,,,,0.2,-0.1501316059,-1.3713250353,6.754450750299522,0.2139860593,0.1277931919,1.0493217162,-1.5913250353
1123,1123,3.0,,,,,,,,,,0.3,-0.2479563375,-0.5980552286,-1.0884952112670707,0.3417792512,0.0470688675999999,0.9215285243,-0.4180552286000001
1124,1124,4.0,,,,,,,,,,0.4,-0.310134322,-0.6447267653,-2.8954871752792988,0.3888481188,0.0733870864,0.8744596566999999,-0.2247267652999999
1125,1125,5.0,,,,,,,,,,0.5,-0.3854948953,-0.8589149095,-1.49364404396802,0.4622352052,0.0987989782,0.8010725702999999,-0.3589149095
1126,1126,6.0,,,,,,,,,,0.6,-0.4744568357,-0.9193173735,-2.2526946920669224,0.5610341834,0.1268524499,0.7022735921,-0.4993173734999999
1127,1127,7.0,,,,,,,,,,0.7,-0.5728386249,-1.0462050535,-1.908373573017408,0.6878866333,0.1595877708999999,0.5754211422,-0.8662050534999999
1128,1128,8.0,,,,,,,,,,0.8,-0.6816297966,-1.1282512391,-1.6409486810286025,0.8474744042,0.189024168,0.4158333713,-1.3482512391
1129,1129,9.0,,,,,,,,,,0.9,-0.7969350455,-1.1770408583,-2.215533318125012,1.0364985722,0.2268092032999999,0.2268092032999999,-1.9570408583000003
1130,1130,0.0,,,,,,,,,,0.0,0.0,-1.0,6.322714862473866,0.0,0.0659165849,1.2562213002,-2.5
1131,1131,1.0,,,,,,,,,,0.1,-0.0645769668,-0.3031515469,-11.095394864659522,0.0659165849,0.1394455472999999,1.1903047153,-1.0831515469000004
1132,1132,2.0,,,,,,,,,,0.2,-0.1470987103,-1.3301692899,7.588473591403922,0.2053621322,0.119599465,1.050859168,-1.5501692899
1133,1133,3.0,,,,,,,,,,0.3,-0.2369724352,-0.4814482058,-5.083746074346049,0.3249615972,0.0713473592,0.931259703,-0.3014482058
1134,1134,4.0,,,,,,,,,,0.4,-0.3073803306,-0.9194149179,1.0259939911983424,0.3963089564,0.0812444054,0.8599123437999999,-0.4994149178999999
1135,1135,5.0,,,,,,,,,,0.5,-0.3899110483,-0.7342848011,-2.0138833079999947,0.4775533618,0.0839743539,0.7786679383999999,-0.2342848011
1136,1136,6.0,,,,,,,,,,0.6,-0.4695294184,-0.8560547618,-2.183427379366868,0.5615277157,0.1137464300999999,0.6946935845,-0.4360547617999999
1137,1137,7.0,,,,,,,,,,0.7,-0.5615558856,-0.9823710325,-2.522921739797708,0.6752741458,0.1527565382,0.5809471544,-0.8023710324999999
1138,1138,8.0,,,,,,,,,,0.8,-0.6672452083,-1.1289738838,-2.465615531989423,0.828030684,0.1984579530999999,0.4281906162,-1.3489738838000005
1139,1139,9.0,,,,,,,,,,0.9,-0.786608427,-1.2561722183,-1.1728269969587506,1.0264886371,0.2297326631,0.2297326631,-2.0361722183
1140,0,,,,,,,,,,,0.0,0.0,-1.0,9.564406314895615,0.0,0.0781966899,0.1114834743,0.6426006353
1141,1,,,,,,,,,,,0.1,-0.0488955501,0.0053361816,-1.3801868360641647,0.0781966899,0.0017369943999999,0.0332867843999999,0.6426006353
1142,2,,,,,,,,,,,0.2,-0.0550642875,-0.1265137646,2.278288951697491,0.0799336843,0.0033724668999999,0.0315497899999999,0.6426006353
1143,3,,,,,,,,,,,0.3,-0.0560826265,0.1023334695,-2.228093639346871,0.0833061512,0.0032029728,0.0281773231,0.6426006353
1144,4,,,,,,,,,,,0.4,-0.0571224762,-0.1194360447,2.634131605651396,0.086509124,0.0044045326999999,0.0249743502999999,0.6426006353
1145,5,,,,,,,,,,,0.5,-0.0557459956,0.1426006353,-3.560809774319529,0.0909136567,0.0078069206999999,0.0205698175999999,0.6426006353
1146,6,,,,,,,,,,,0.6,-0.0594008764,-0.2098254614,2.3843579494549303,0.0987205774,0.0044937793,0.0127628969,0.6426006353
1147,7,,,,,,,,,,,0.7,-0.0678343078,0.037043765,-0.608995302270027,0.1032143567,0.0006697108,0.0082691176,0.6426006353
1148,8,,,,,,,,,,,0.8,-0.0672550437,-0.0244350293,-1.4997833453028244,0.1038840675,0.0027097761999999,0.0075994068,0.6426006353
1149,9,,,,,,,,,,,0.9,-0.0768354253,-0.1648329823,2.6680310490888584,0.1065938437,0.0048896306,0.0048896306,0.6426006353
1150,0,,,,,,,,,,,0.0,0.0,-1.0,9.722324332849206,0.0,0.0792297292,0.0991035152,0.4428927806
1151,1,,,,,,,,,,,0.1,-0.0481316346,0.0203640679,-2.4541471486453137,0.0792297292,0.0047226323999999,0.019873786,0.4428927806
1152,2,,,,,,,,,,,0.2,-0.0580654735,-0.2151168081,1.6612178212747075,0.0839523616,0.0036259784,0.0151511536,0.4428927806
1153,3,,,,,,,,,,,0.3,-0.0705006061,-0.0365598934,0.5881880110827202,0.08757834,0.0007150806,0.0115251752,0.4428927806
1154,4,,,,,,,,,,,0.4,-0.071134479,0.0228927806,-1.999135885673866,0.0882934206,0.0034055395999999,0.0108100946,0.4428927806
1155,5,,,,,,,,,,,0.5,-0.0786265964,-0.1695286905,1.7890013031400764,0.0916989602,0.0031539165,0.007404555,0.4428927806
1156,6,,,,,,,,,,,0.6,-0.0861052745,0.0168501179,-0.4615268015170144,0.0948528767,0.0008680172,0.0042506385,0.4428927806
1157,7,,,,,,,,,,,0.7,-0.0867343713,-0.0286734655,-0.3749156431400091,0.0957208939,0.0010732425999999,0.0033826212999999,0.4428927806
1158,8,,,,,,,,,,,0.8,-0.0912765168,-0.0616228842,0.5433698228325288,0.0967941365,0.0011518542999999,0.0023093787,0.4428927806
1159,9,,,,,,,,,,,0.9,-0.0945121951,-0.0040502237,-0.5254618847780426,0.0979459908,0.0011575244,0.0011575244,0.4428927806
1160,0,,,,,,,,,,,0.0,0.0,-1.0,10.316279845567774,0.0,0.0834768616,0.12486651,0.4364857131
1161,1,,,,,,,,,,,0.1,-0.0452584234,0.076886408,-2.1751022774249167,0.0834768616,0.0030543737,0.0413896484,0.4364857131
1162,2,,,,,,,,,,,0.2,-0.0484635723,-0.1374186709,2.2050626107356512,0.0865312353,0.0031688282,0.0383352747,0.4364857131
1163,3,,,,,,,,,,,0.3,-0.0508738755,0.0854978934,-3.8099640930644014,0.0897000635,0.0097437984999999,0.0351664465,0.4364857131
1164,4,,,,,,,,,,,0.4,-0.0611680617,-0.2852043298,2.044388244119319,0.099443862,0.0059910357,0.025422648,0.4364857131
1165,5,,,,,,,,,,,0.5,-0.0784192801,-0.0635142869,0.6494736906213416,0.1054348977,0.0009808716999999,0.0194316122999999,0.4364857131
1166,6,,,,,,,,,,,0.6,-0.0813218974,0.0043356994,-1.4440432160686536,0.1064157694,0.0023298208,0.0184507406,0.4364857131
1167,7,,,,,,,,,,,0.7,-0.0878947466,-0.133495773,2.429745190633029,0.1087455902,0.0042739111,0.0161209197999999,0.4364857131
1168,8,,,,,,,,,,,0.8,-0.0888448544,0.1104288539,-3.147215137503925,0.1130195013,0.0067615821999999,0.0118470086999999,0.4364857131
1169,9,,,,,,,,,,,0.9,-0.0935605141,-0.1995770001,2.4775117876010446,0.1197810835,0.0050854265,0.0050854265,0.4364857131
1170,0,,,,,,,,,,,0.0,0.0,-1.0,10.055408674674226,0.0,0.0815411025,0.1208012167,0.4864016137
1171,1,,,,,,,,,,,0.1,-0.0465203664,0.0520612338,-2.818521899712273,0.0815411025,0.0055841132999999,0.0392601142,0.4864016137
1172,2,,,,,,,,,,,0.2,-0.0552004138,-0.2211109087,2.736613780434676,0.0871252158,0.0053918939,0.0336760009,0.4864016137
1173,3,,,,,,,,,,,0.3,-0.0630037833,0.0603538389,-2.941464299532203,0.0925171097,0.0061475423999999,0.028284107,0.4864016137
1174,4,,,,,,,,,,,0.4,-0.0714894491,-0.2253069253,1.9993956704307736,0.0986646521,0.0043852915999999,0.0221365646,0.4864016137
1175,5,,,,,,,,,,,0.5,-0.083258421,-0.0135983863,-0.6072910160247231,0.1030499437,0.0011112334,0.017751273,0.4864016137
1176,6,,,,,,,,,,,0.6,-0.0874900994,-0.0700958096,1.329530450352547,0.1041611771,0.0018195362999999,0.0166400396,0.4864016137
1177,7,,,,,,,,,,,0.7,-0.0877291631,0.0630962991,-2.926102556150105,0.1059807134,0.0064200216,0.0148205033,0.4864016137
1178,8,,,,,,,,,,,0.8,-0.0958795382,-0.2213635813,2.786788719388415,0.112400735,0.006183484,0.0084004817,0.4864016137
1179,9,,,,,,,,,,,0.9,-0.1034642368,0.0648999892,-1.410852319791047,0.118584219,0.0022169977,0.0022169977,0.4864016137
1180,0,,,,,,,,,,,0.0,0.0,-1.0,10.621567056246931,0.0,0.0858821973,0.1210235629,0.5864408736
1181,1,,,,,,,,,,,0.1,-0.0437816216,0.1059383272,-3.658060541055069,0.0858821973,0.0085392062999999,0.0351413656,0.5864408736
1182,2,,,,,,,,,,,0.2,-0.0513958065,-0.252253542,2.993032330456357,0.0944214036,0.0065276096,0.0266021593,0.5864408736
1183,3,,,,,,,,,,,0.3,-0.0609224122,0.0565762968,-1.6236069010295453,0.1009490132,0.0019620627999999,0.0200745497,0.5864408736
1184,4,,,,,,,,,,,0.4,-0.0633925306,-0.1033142749,1.8906948148970224,0.102911076,0.0025191688999999,0.0181124869,0.5864408736
1185,5,,,,,,,,,,,0.5,-0.0640781976,0.0864408736,-2.2598016724985848,0.1054302449,0.0034464074,0.015593318,0.5864408736
1186,6,,,,,,,,,,,0.6,-0.0667838256,-0.1368336657,1.5273165688804844,0.1088766523,0.0021957325,0.0121469106,0.5864408736
1187,7,,,,,,,,,,,0.7,-0.0724169921,0.0215311577,-1.9909216881089156,0.1110723848,0.0034195233999999,0.0099511781,0.5864408736
1188,8,,,,,,,,,,,0.8,-0.0799989544,-0.1699790488,1.7267409039657051,0.1144919082,0.0031045909999999,0.0065316547,0.5864408736
1189,9,,,,,,,,,,,0.9,-0.0878216909,0.0105177781,-1.852265943996356,0.1175964992,0.0034270637,0.0034270637,0.5864408736
1190,0,,,,,,,,,,,0.0,0.0,-1.0,9.300197567074957,0.0,0.0765586653,0.1101240947,0.4894916519
1191,1,,,,,,,,,,,0.1,-0.0501736383,-0.019806605,0.4722814162074265,0.0765586653,0.000385088,0.0335654294,0.4894916519
1192,2,,,,,,,,,,,0.2,-0.0497738974,0.0270217957,-2.0817144301325223,0.0769437533,0.0033339232999999,0.0331803413999999,0.4894916519
1193,3,,,,,,,,,,,0.3,-0.0572725543,-0.1736509904,2.3813722794077408,0.0802776766,0.0039610025,0.0298464180999999,0.4894916519
1194,4,,,,,,,,,,,0.4,-0.0622779687,0.0694916519,-2.723257806118961,0.0842386791,0.0051286169999999,0.0258854155999999,0.4894916519
1195,5,,,,,,,,,,,0.5,-0.0688384996,-0.1962735977,2.376735796061358,0.0893672961,0.0043948231,0.0207567986,0.4894916519
1196,6,,,,,,,,,,,0.6,-0.0760191675,0.0485806497,-2.3407040099449734,0.0937621192,0.0042200398,0.0163619755,0.4894916519
1197,7,,,,,,,,,,,0.7,-0.0827190054,-0.1787899133,2.3005015835763496,0.097982159,0.0042244607999999,0.0121419356999999,0.4894916519
1198,8,,,,,,,,,,,0.8,-0.0886046335,0.0571458731,-1.9660127428209977,0.1022066198,0.0032001628,0.0079174748999999,0.4894916519
1199,9,,,,,,,,,,,0.9,-0.0926769137,-0.135383121,2.5551684856458388,0.1054067826,0.0047173120999999,0.0047173120999999,0.4894916519
